/*--------------------------------*- C++ -*----------------------------------*\
| =========                 |                                                 |
| \\      /  F ield         | OpenFOAM: The Open Source CFD Toolbox           |
|  \\    /   O peration     | Version:  v2012                                 |
|   \\  /    A nd           | Website:  www.openfoam.com                      |
|    \\/     M anipulation  |                                                 |
\*---------------------------------------------------------------------------*/
FoamFile
{
    version     2.0;
    format      ascii;
    class       surfaceScalarField;
    location    "700";
    object      meshPhi;
}
// * * * * * * * * * * * * * * * * * * * * * * * * * * * * * * * * * * * * * //

dimensions      [0 3 -1 0 0 0 0];
oriented        oriented;


internalField   nonuniform List<scalar> 
20580
(
0
0
0
0
0
0
0
0
0
0
0
0
0
0
0
0
0
0
0
0
0
0
0
-2.28585e-16
2.16513e-16
0
0
0
0
0
0
0
0
0
0
0
0
7.41494e-13
-2.04634e-12
0
0
0
0
0
0
0
5.93569e-12
-6.47263e-12
-7.4332e-13
0
0
0
0
0
0
0
0
3.69117e-17
-6.42491e-17
0
0
0
0
0
0
0
0
0
0
0
0
0
0
0
0
0
0
0
0
0
0
0
0
0
0
0
0
0
-2.62804e-16
-5.56334e-16
0
0
0
0
0
0
0
0
0
0
0
0
0
0
0
0
0
0
0
0
0
0
0
0
0
0
7.09725e-19
-6.36352e-18
0
0
-6.78353e-08
-6.87208e-08
0
0
0
0
0
0
0
0
0
0
0
0
0
0
0
0
0
-1.11292e-14
4.91049e-15
1.45059e-12
4.18684e-13
-3.67163e-12
0
0
0
0
0
0
0
0
-5.2144e-13
0
-2.97866e-13
0
0
0
0
0
0
0
0
0
-1.7974e-12
-1.81323e-13
0
0
0
0
0
0
0
0
0
0
0
0
0
1.51792e-15
-1.08452e-15
-1.62483e-13
-2.97464e-12
-5.23767e-17
2.99459e-16
0
0
0
0
0
0
7.13428e-16
0
8.01344e-17
0
0
0
0
0
0
1.61168e-12
-3.53617e-12
0
0
0
0
0
0
1.45515e-12
1.69484e-16
0
0
0
0
0
0
0
0
0
0
0
8.85654e-16
-1.46161e-17
0
0
-7.20201e-13
-2.19451e-13
0
-3.80918e-13
0
-1.83724e-16
0
1.59883e-16
0
0
2.49154e-13
-1.63833e-12
5.05428e-13
0
0
0
0
0
0
0
0
0
-1.36602e-08
-5.14977e-08
7.59697e-17
0
0
0
0
0
0
0
0
0
0
0
0
0
9.9024e-13
5.34875e-13
-3.01958e-12
0
0
0
0
0
-2.56102e-15
-1.50061e-16
0
0
0
0
0
0
0
0
0
0
0
0
0
0
0
0
1.91464e-16
0
0
0
0
0
0
0
0
0
0
0
0
0
0
0
0
0
0
0
0
0
0
0
0
0
0
0
0
0
0
0
0
0
0
0
0
0
0
0
0
0
0
0
0
0
0
0
0
0
0
0
0
0
0
0
0
0
0
0
0
0
0
0
0
0
0
0
0
0
0
0
0
4.6478e-16
0
0
0
3.01841e-15
4.41019e-16
0
0
0
-4.62083e-16
0
0
0
0
0
0
-4.18054e-17
6.99942e-16
9.49831e-16
3.80025e-16
0
0
0
0
0
0
0
0
0
0
0
0
0
0
0
0
0
0
0
0
0
0
0
0
0
0
0
0
0
0
0
0
0
0
0
0
0
0
0
0
0
0
0
0
0
0
0
0
0
0
-1.45605e-12
0
0
0
0
0
-7.28003e-13
0
0
0
0
0
0
0
0
0
0
0
0
0
0
0
0
0
0
0
0
0
0
0
0
0
0
0
0
0
0
0
0
0
0
0
0
0
0
0
0
-6.06854e-08
-5.81148e-08
0
0
0
0
1.74099e-15
0
1.79414e-16
0
0
0
0
0
0
2.31604e-16
0
0
0
-8.5428e-14
-3.23844e-12
0
0
0
0
0
0
0
0
0
0
0
0
0
0
0
-5.59474e-16
2.26327e-15
0
0
0
0
0
0
0
0
0
0
0
0
0
0
0
0
0
0
0
0
0
0
0
0
0
0
0
0
0
0
0
0
0
0
3.74381e-16
0
0
0
0
0
0
0
0
0
1.20724e-14
0
-2.35306e-17
-2.16727e-16
0
0
0
0
-2.75364e-17
-9.17523e-12
0
0
0
0
0
3.73001e-13
-2.9743e-12
-6.08179e-16
-5.42857e-17
0
0
0
0
0
0
0
0
0
0
-9.46556e-16
0
0
0
0
3.59954e-16
-2.50477e-16
0
-1.6074e-15
0
0
0
0
0
-1.42473e-16
-1.72033e-17
0
0
0
0
0
0
0
0
0
0
0
0
0
0
-9.93733e-13
-1.84253e-13
0
0
0
0
0
0
0
-1.50663e-16
-2.45479e-17
0
-3.30235e-16
0
0
0
-7.0923e-16
-3.57729e-16
0
0
0
0
-9.528e-14
-2.08193e-13
0
0
0
0
0
0
0
0
0
0
0
0
2.04636e-16
0
-4.48924e-16
0
0
0
0
0
0
0
0
0
0
0
0
0
0
0
0
0
0
0
0
0
0
-7.5061e-17
0
0
0
0
0
0
0
0
0
0
8.99776e-15
-2.55782e-15
0
0
0
1.89861e-12
-7.06924e-12
5.21061e-13
0
0
0
0
0
0
0
0
0
0
0
0
0
0
0
0
0
1.05939e-12
4.09627e-13
-2.92001e-12
0
0
0
0
0
0
0
0
0
0
0
0
0
0
0
0
0
0
0
0
0
0
0
0
0
0
0
0
0
0
0
-3.66394e-15
-2.40758e-15
-1.15905e-16
0
0
0
-4.11352e-17
0
0
0
0
0
0
0
0
0
0
0
1.57676e-12
-3.43899e-12
2.16009e-13
0
0
0
0
-5.57154e-17
0
-4.55597e-13
-9.91984e-14
0
0
0
0
0
0
0
0
0
0
0
0
0
0
0
-3.83553e-13
0
0
0
0
0
0
0
0
0
0
0
0
0
0
0
0
0
-7.58262e-16
9.88389e-17
-2.27373e-16
0
0
0
0
0
0
0
0
0
0
0
0
8.57531e-08
1.70609e-08
0
-3.5469e-17
5.8099e-19
0
0
0
0
0
0
0
0
0
0
-4.11971e-16
-6.0072e-13
0
0
0
0
0
0
0
0
0
0
0
0
0
-2.44728e-16
0
0
-2.59615e-16
0
0
0
0
0
0
0
-2.80392e-14
-1.65578e-12
0
0
0
0
0
0
0
0
0
0
0
0
0
0
0
-6.83848e-17
0
0
0
0
0
0
0
0
0
0
0
0
0
0
0
0
0
0
0
0
0
0
0
0
0
0
0
0
0
0
0
-9.02215e-13
0
0
0
0
0
0
0
0
0
0
0
0
0
-5.60628e-13
-5.42039e-13
0
0
0
0
0
0
7.74581e-12
9.14354e-08
0
0
0
0
0
0
0
0
0
0
0
0
0
0
0
0
0
0
0
0
0
0
0
0
0
0
0
0
0
0
0
0
0
0
0
0
0
0
0
0
0
-1.64686e-12
-2.39881e-13
0
0
0
0
0
0
0
0
0
0
0
0
0
0
0
0
4.33678e-17
-2.54679e-16
0
0
0
0
-5.86205e-16
3.91074e-14
-3.19173e-12
-1.26856e-15
-7.62115e-16
0
0
0
0
0
0
0
0
0
0
0
0
-8.47916e-08
-4.37829e-08
0
0
0
0
0
0
0
0
0
0
0
0
-2.51345e-13
0
0
0
0
-4.15302e-13
-8.30027e-13
0
0
0
1.43287e-15
-1.80766e-16
0
0
0
0
0
0
0
0
0
0
0
-1.38455e-12
1.5394e-13
0
0
0
0
0
0
0
0
0
0
0
0
0
0
0
0
0
0
0
0
0
0
0
0
0
0
0
0
0
0
0
0
0
0
0
0
0
0
0
0
0
0
0
0
0
0
0
0
0
0
0
0
0
0
0
0
0
0
0
0
0
0
0
0
9.8115e-16
5.22079e-16
0
0
0
0
0
0
0
0
0
0
0
0
0
0
0
0
0
0
0
0
0
0
0
0
0
0
0
0
0
0
1.00147e-11
1.61413e-07
-1.24695e-07
0
0
0
0
0
0
0
0
0
0
0
0
0
0
0
0
0
0
0
0
0
0
0
0
0
0
0
0
0
0
0
0
0
0
0
0
0
0
0
0
0
0
0
0
0
0
0
0
0
0
0
0
0
0
0
7.64963e-13
1.09075e-12
-3.7033e-12
0
0
0
0
9.97272e-13
-2.93619e-12
4.64172e-13
0
0
-9.45834e-18
-1.58479e-16
0
0
0
0
0
0
0
0
0
0
0
0
0
0
0
0
0
0
0
0
0
0
0
2.4491e-15
-3.38523e-15
0
0
0
0
0
0
0
0
0
0
0
0
0
0
0
0
0
0
0
0
0
0
4.10575e-17
-2.71452e-17
0
0
0
0
0
0
0
0
0
0
0
0
0
0
0
0
0
0
0
0
0
0
0
0
0
0
-9.97031e-13
2.79224e-16
-6.67917e-13
0
0
0
0
0
0
0
0
0
0
0
0
0
0
0
0
0
0
0
0
0
0
0
0
0
0
0
0
0
0
0
0
0
-7.38057e-14
0
2.27221e-13
0
0
0
0
0
0
0
0
0
0
0
0
0
0
0
0
0
0
0
0
0
0
0
0
0
0
0
0
0
0
0
0
0
0
0
0
0
0
0
0
0
-6.4262e-13
0
0
0
0
7.94183e-13
3.48884e-12
0
0
0
0
0
0
0
0
0
0
0
0
0
0
0
0
0
0
0
0
0
0
0
0
0
0
0
0
0
0
-3.99496e-16
0
0
0
0
0
0
0
0
0
0
0
0
0
0
0
0
0
0
0
0
0
0
0
0
5.32341e-08
3.57328e-12
0
0
0
0
0
0
0
0
5.52045e-12
3.20616e-12
-7.63862e-16
0
1.43346e-15
0
0
0
0
0
0
0
0
1.00968e-15
-2.73304e-15
1.43758e-15
0
0
0
0
0
0
0
0
0
0
0
0
0
0
0
0
0
0
0
0
0
0
1.69925e-13
0
0
0
-7.54106e-17
0
0
0
0
0
0
0
0
0
0
0
0
0
0
0
0
0
0
0
0
0
0
0
0
-1.2803e-12
-8.89805e-13
0
0
0
0
0
0
-1.12294e-12
2.81068e-16
0
0
0
7.97469e-16
0
0
0
0
0
0
0
0
0
0
0
0
0
0
0
0
0
0
-8.2428e-13
0
0
0
0
0
0
0
0
0
0
0
4.36122e-13
-3.04661e-12
1.13459e-12
0
0
0
0
-5.76978e-17
2.57518e-18
0
0
0
0
0
0
0
0
8.41169e-13
-4.37292e-12
0
0
0
0
0
0
0
0
0
0
0
0
0
0
0
0
0
0
0
0
-4.84582e-17
0
1.87014e-16
0
0
0
0
0
0
0
0
0
0
0
0
0
7.8592e-16
0
3.73527e-15
-2.82398e-16
0
0
0
0
0
0
0
0
0
0
0
0
0
0
0
0
0
0
0
0
0
0
0
0
0
0
0
0
0
0
0
0
0
0
0
0
0
0
0
0
0
0
0
0
0
0
-1.73045e-12
3.19722e-13
0
0
0
0
0
0
0
0
0
0
0
1.22965e-12
-3.38137e-12
0
0
0
0
0
0
-2.44429e-17
-6.66002e-13
0
0
0
0
0
0
0
0
0
0
0
0
0
0
0
0
0
0
0
0
0
0
1.67869e-15
2.87402e-15
0
0
0
0
0
0
0
0
0
0
0
0
0
0
0
0
-7.64937e-13
0
0
0
0
8.03797e-17
0
0
0
0
0
0
0
0
0
0
0
0
0
0
0
0
0
0
0
0
0
0
0
0
0
0
0
0
0
0
0
0
0
0
0
0
0
0
0
0
0
0
0
0
0
0
0
0
0
0
0
0
0
0
0
0
0
0
0
0
0
0
0
0
0
0
0
0
0
0
0
0
-1.74835e-12
-1.06688e-12
0
0
0
0
0
0
0
0
0
0
0
0
0
0
0
0
0
0
0
0
0
0
0
0
0
0
0
0
0
0
0
0
0
0
0
0
0
0
0
0
0
0
0
0
0
0
0
0
0
0
0
0
0
0
0
0
0
0
0
0
0
0
0
0
0
0
0
0
0
0
0
3.19097e-16
0
0
0
0
0
0
0
0
0
0
0
0
0
0
0
0
0
0
0
0
0
0
0
0
0
0
0
0
0
0
0
0
0
0
0
-1.9333e-17
0
-1.47104e-16
0
0
0
0
0
0
0
0
0
0
0
0
0
0
-2.52105e-16
0
-4.70082e-14
0
0
0
0
0
0
0
0
0
0
0
6.78541e-13
-4.83995e-12
-1.04185e-14
5.28452e-16
0
0
0
0
0
0
0
0
0
0
-1.93168e-12
0
0
0
0
0
0
0
0
0
0
0
0
0
0
0
0
0
0
0
0
0
0
0
0
0
0
0
0
0
0
0
0
0
0
0
0
0
0
0
0
0
0
0
0
0
0
0
0
0
0
0
0
0
0
0
0
1.38413e-13
-5.68036e-13
8.26787e-14
0
0
0
0
0
0
0
0
0
0
0
0
0
0
0
0
0
0
0
3.00874e-16
-1.01785e-15
-1.00453e-15
-1.85645e-17
0
0
0
0
0
0
0
0
0
0
0
0
0
0
0
0
0
0
0
0
0
0
0
0
0
0
0
0
0
0
0
0
0
0
0
0
0
0
0
0
0
0
-4.16815e-17
0
0
0
0
0
0
0
0
0
0
-8.99153e-13
0
0
5.3299e-08
0
0
0
0
0
0
0
0
0
0
1.14568e-12
7.0482e-13
-3.70037e-12
-1.9777e-17
0
0
0
0
1.20815e-16
-4.15298e-17
0
0
1.09503e-16
-2.47908e-16
0
2.48051e-16
-2.90455e-17
0
0
0
7.1634e-17
0
0
0
0
0
0
3.25441e-16
0
0
0
0
0
0
0
0
0
0
0
0
0
0
0
0
0
0
0
0
0
0
0
0
0
0
-1.74607e-12
0
0
0
0
7.45095e-12
8.59241e-08
0
0
0
0
0
0
0
0
0
0
0
0
0
0
0
0
0
-1.91748e-12
-2.00053e-12
0
-3.36476e-16
5.45907e-16
0
0
0
0
0
0
0
0
0
0
0
0
0
0
0
7.18813e-13
1.02935e-12
-3.49159e-12
-4.75218e-13
-4.33743e-13
0
0
0
0
0
0
0
0
0
0
0
0
0
0
0
0
0
0
0
0
0
0
0
0
0
0
0
0
0
0
0
0
0
2.15058e-17
0
0
0
0
0
0
0
0
0
0
0
0
0
0
0
0
0
0
0
0
0
0
0
0
0
0
0
0
0
0
0
0
0
0
0
0
0
-1.99674e-16
1.71014e-16
0
0
0
0
0
0
1.43383e-08
3.1441e-12
5.20251e-08
0
1.76639e-17
-7.68691e-19
-1.26569e-15
-8.42036e-17
-2.32663e-16
0
0
0
0
0
0
2.9181e-17
0
-8.94696e-16
0
0
0
4.80267e-15
0
0
0
0
0
0
0
0
1.11628e-12
-7.7772e-12
0
0
0
0
0
0
0
0
0
0
0
0
0
0
0
0
0
0
0
0
0
0
-2.58212e-12
3.11313e-13
0
0
0
4.10167e-16
1.23436e-16
0
0
0
0
0
0
0
0
-5.13648e-12
0
0
0
0
0
0
0
0
0
0
-5.41925e-13
-4.0645e-13
0
0
0
0
0
0
0
0
0
0
0
0
0
0
0
0
0
0
0
0
0
0
0
0
0
0
0
0
0
-2.13913e-15
0
-1.48564e-15
0
0
0
0
0
0
0
0
0
0
0
0
0
0
0
0
-7.14256e-14
0
0
0
0
0
-8.11354e-13
-8.22468e-13
7.88725e-17
0
1.92277e-16
0
0
0
0
0
0
0
0
0
0
0
0
0
0
0
0
0
0
0
0
0
0
-3.11784e-18
0
-3.99415e-19
5.92343e-12
6.00565e-08
0
0
0
0
0
0
0
0
0
0
0
0
0
0
0
0
0
0
0
0
0
0
0
0
0
0
0
0
4.10743e-16
2.40027e-15
0
0
-4.86349e-16
-1.03657e-30
0
0
0
0
0
-7.3437e-17
0
0
0
0
0
0
0
0
0
0
-1.11318e-18
-3.02871e-17
0
0
0
0
0
0
0
0
0
0
0
0
0
2.18623e-16
9.75045e-16
0
0
0
0
0
0
0
0
0
0
0
0
0
0
0
0
0
0
0
0
0
2.07618e-30
-1.72312e-16
0
0
0
0
-1.09115e-15
-4.70848e-16
-7.55347e-17
0
0
0
0
0
-7.57181e-13
-1.13789e-12
0
0
0
5.02729e-18
0
0
0
0
0
0
-2.18522e-08
0
0
0
0
0
0
0
0
0
0
0
0
0
0
0
0
0
0
0
-9.29573e-18
0
0
0
0
0
0
-1.48675e-15
3.03837e-15
0
0
0
0
-3.00084e-12
2.8028e-16
0
0
0
0
0
-3.83365e-18
-2.97325e-18
0
0
0
0
0
-7.89423e-08
0
0
0
4.55527e-16
0
0
0
0
0
0
0
0
0
0
0
0
0
0
0
0
0
0
0
0
0
6.68232e-13
9.22187e-13
-3.16749e-12
0
0
0
0
0
0
0
0
0
0
-4.18272e-18
0
-2.94371e-18
0
0
0
0
0
0
0
0
0
0
0
0
0
0
0
0
0
0
0
0
0
0
0
0
0
0
0
0
0
0
0
0
0
0
6.2192e-13
-2.34062e-12
0
0
0
-1.91961e-16
3.51179e-16
0
0
0
0
0
0
0
0
0
0
0
0
0
0
0
0
0
0
3.57452e-18
0
0
0
0
0
0
0
-6.43752e-15
0
-2.91816e-17
0
0
0
0
0
0
0
0
0
0
0
0
0
0
0
0
0
0
0
0
0
0
0
0
0
0
0
0
0
0
1.36661e-16
-1.00461e-12
0
0
0
0
0
0
0
0
-2.41455e-15
-1.70846e-15
-2.99e-16
0
0
0
0
0
0
0
-1.17965e-14
0
0
0
-2.65805e-15
-2.77543e-15
0
0
0
0
0
0
0
0
2.0528e-15
3.87668e-16
0
0
0
0
0
0
0
0
0
0
0
0
0
0
0
0
0
0
0
0
0
0
0
0
0
0
0
0
0
0
0
0
0
0
0
0
0
0
0
0
0
0
0
0
0
0
0
0
0
0
0
0
0
0
0
0
0
0
-1.68494e-12
0
0
0
0
0
4.73135e-08
4.3472e-12
0
0
0
0
0
0
0
0
0
0
0
0
0
0
0
0
-9.25961e-13
0
0
0
0
0
0
0
6.3481e-17
0
0
0
0
0
0
0
0
0
0
0
-7.05804e-17
0
0
0
0
0
0
0
0
0
0
0
0
0
0
0
0
0
0
0
0
0
0
0
0
0
0
0
0
0
0
0
0
0
0
0
0
0
0
0
0
1.26115e-08
0
0
0
0
-3.07902e-17
0
2.27967e-15
0
0
0
0
0
0
-7.49804e-17
0
0
0
0
0
0
0
0
0
0
0
0
0
0
0
0
0
0
0
0
0
0
4.37575e-12
8.65512e-08
9.7916e-13
-3.47247e-12
0
0
0
0
-1.46988e-16
0
0
-5.83394e-19
0
0
4.16586e-18
-2.08714e-17
0
0
0
0
0
0
0
0
0
0
0
0
0
0
0
0
0
0
0
0
0
0
0
0
0
0
0
0
0
0
0
0
0
0
0
0
0
0
0
0
0
0
0
0
0
0
0
0
0
0
0
0
0
0
0
0
0
0
0
0
0
0
0
0
0
0
0
0
0
1.37184e-16
-6.88807e-15
1.12299e-15
0
0
0
0
0
0
0
0
0
0
0
0
0
0
0
0
0
0
0
0
0
0
0
0
0
0
0
0
0
0
0
0
0
0
0
0
0
0
0
0
0
0
0
0
0
0
0
0
0
0
0
0
0
0
0
0
0
0
0
0
0
0
0
0
0
0
0
0
0
0
0
0
0
0
0
0
0
0
0
0
0
0
0
0
0
0
0
0
0
0
0
6.11404e-13
-3.00042e-12
0
0
0
0
0
0
0
0
0
0
0
0
0
0
0
0
0
0
0
0
0
0
0
0
0
0
0
0
0
0
0
0
0
0
0
0
0
0
0
0
0
0
0
0
0
0
0
0
-1.37942e-16
2.42242e-15
-8.53058e-16
0
0
0
0
-5.94446e-13
-2.82309e-13
0
6.06676e-16
1.10913e-15
0
0
0
0
1.0525e-18
-4.75447e-18
1.45174e-18
0
0
0
0
0
0
0
0
0
-1.26879e-15
-1.32288e-18
0
0
5.9701e-16
0
0
0
0
0
0
0
0
0
0
-1.21767e-12
0
0
0
0
0
0
0
0
0
0
0
0
0
0
0
0
0
0
0
0
0
2.42688e-15
0
0
0
0
0
0
0
0
0
0
0
0
0
0
0
0
0
0
0
0
4.37308e-16
3.13904e-15
0
0
0
0
0
0
0
0
0
0
-8.17916e-13
0
0
0
0
0
0
0
0
0
6.55909e-17
-1.3052e-31
0
0
0
0
0
0
0
0
0
0
0
0
0
0
0
0
0
0
0
0
0
0
0
0
8.30907e-18
0
0
0
0
0
0
0
0
2.12236e-15
0
0
0
-9.73949e-13
-5.647e-13
0
0
0
0
0
0
0
0
0
0
0
0
0
0
0
-3.54266e-18
0
0
0
0
0
0
-1.07582e-12
0
0
0
0
0
0
0
0
0
0
0
0
0
0
0
0
0
0
0
0
0
0
0
0
0
0
0
-1.8566e-16
-3.17973e-15
0
0
0
0
0
0
0
0
0
-8.48382e-16
6.5818e-16
0
0
0
0
0
0
0
-5.0316e-16
0
1.19146e-15
0
0
0
0
0
0
2.25492e-15
0
0
0
0
0
0
0
0
0
0
-7.7705e-31
0
0
0
0
0
0
0
0
0
0
0
0
0
0
8.36221e-16
0
0
0
0
0
0
0
0
0
0
0
0
0
0
0
5.09993e-15
4.97973e-16
0
0
0
0
0
0
0
0
0
0
0
0
0
0
0
7.07783e-17
0
0
0
0
0
0
-4.91762e-13
0
-7.58939e-13
0
0
0
0
0
0
0
0
0
0
0
0
0
0
0
0
0
0
0
0
0
0
0
0
0
0
0
0
0
0
0
0
0
0
0
0
0
0
0
0
0
0
0
0
0
0
0
0
0
0
0
0
0
0
1.38e-16
-8.76711e-13
0
0
0
0
0
0
0
0
0
4.47211e-16
0
0
0
0
1.62304e-16
0
9.91634e-16
0
0
0
0
0
0
0
0
-7.41401e-16
0
0
0
0
0
0
0
0
0
0
0
0
0
0
0
0
0
0
0
0
0
0
0
0
0
0
0
0
0
0
7.52673e-17
1.2031e-16
0
0
0
0
0
0
0
-3.63168e-15
1.77387e-15
0
0
0
0
0
0
0
0
0
0
0
0
0
0
0
0
0
0
0
0
0
-9.7466e-13
-2.01746e-17
0
0
0
0
0
0
0
0
1.28481e-16
0
-1.84236e-16
0
0
0
0
0
0
-7.01101e-17
0
0
0
0
0
0
0
0
0
0
0
0
0
0
0
0
0
0
0
0
0
0
0
0
0
0
0
0
0
-1.56157e-15
0
0
0
0
-9.50249e-18
0
1.34718e-16
0
0
0
0
0
0
0
0
0
1.84731e-16
5.79431e-19
0
0
0
0
0
0
0
0
0
0
0
0
0
0
5.08071e-17
0
0
0
-1.98802e-15
0
1.61042e-15
0
0
0
0
0
0
0
0
2.68362e-16
0
0
0
0
0
0
0
0
0
-5.76333e-16
-1.55844e-16
0
0
0
0
-2.91007e-16
-1.15052e-16
0
0
0
0
0
0
0
0
0
0
6.97841e-17
0
0
0
0
0
0
1.46279e-16
0
0
0
0
0
0
0
0
0
0
0
0
0
0
0
0
0
0
0
0
-1.68703e-15
0
-1.58043e-15
0
0
0
0
0
-4.22295e-12
0
0
0
5.02622e-16
0
0
0
0
0
0
1.02483e-15
5.85911e-16
-1.42812e-14
-3.2218e-16
2.78697e-15
0
0
0
0
0
0
0
0
0
0
0
0
0
0
0
0
0
0
0
0
0
0
0
0
0
0
0
0
0
6.87382e-15
-2.74827e-16
0
0
0
0
0
0
0
0
0
0
0
0
0
0
0
0
0
1.07465e-15
0
0
0
0
0
0
0
0
0
0
0
0
0
0
0
0
0
0
0
-8.29959e-13
0
0
0
0
0
0
0
0
0
0
0
0
0
-2.15852e-15
0
0
0
0
0
0
0
0
0
1.67455e-16
0
0
2.44566e-15
-1.06579e-12
0
0
1.42879e-16
0
0
0
0
0
0
0
0
0
0
0
0
0
0
0
0
0
0
0
-4.78324e-13
-6.98945e-13
0
0
0
0
0
0
0
0
0
0
0
0
0
0
0
0
0
0
0
0
0
0
0
0
0
0
0
0
0
0
0
0
0
0
0
1.25977e-15
0
-4.03707e-16
0
0
0
0
0
1.06291e-16
-5.42497e-16
0
0
0
0
0
0
0
0
0
0
0
0
0
0
0
0
0
0
0
0
0
0
0
0
7.05498e-16
1.16618e-15
0
0
0
0
0
0
0
0
0
0
0
0
0
0
0
0
0
0
0
0
0
0
0
0
0
0
0
0
0
0
0
-1.06488e-12
0
0
0
0
0
0
0
0
0
0
-7.08129e-13
0
0
0
0
0
0
0
0
0
0
0
0
0
0
0
0
0
0
0
0
3.44829e-16
0
0
0
0
0
0
0
0
0
0
0
0
0
0
0
0
-8.02527e-13
0
0
0
0
0
0
0
0
0
0
0
0
0
0
0
0
0
0
8.43782e-13
7.30575e-13
0
0
0
0
0
0
0
0
0
0
0
0
0
0
0
0
0
0
0
0
0
0
0
0
0
0
0
0
0
-7.65105e-13
0
0
0
0
0
0
0
0
0
0
0
0
0
0
0
0
0
0
0
0
0
0
0
0
0
0
0
0
0
0
0
0
0
0
0
0
0
0
0
0
0
0
0
0
0
0
0
0
0
0
0
0
0
0
0
0
0
0
0
0
0
0
0
0
0
0
0
0
0
0
0
0
0
0
0
0
0
0
0
0
0
0
0
0
0
0
0
0
-1.40695e-14
1.6792e-14
0
0
0
0
0
0
0
0
0
0
0
0
0
0
0
0
0
0
0
0
0
0
0
0
0
0
0
0
0
0
0
0
0
0
0
0
0
0
0
0
0
0
0
0
0
0
0
0
0
-3.61051e-16
0
0
0
2.567e-18
-1.43791e-18
1.17059e-17
0
0
0
0
0
0
0
0
0
0
0
0
0
0
0
0
0
-5.43107e-17
0
0
0
0
0
0
0
0
0
0
0
0
0
0
0
0
0
-6.02643e-16
1.73467e-16
0
0
0
0
0
0
0
0
0
0
0
0
0
0
0
0
0
1.885e-16
0
0
0
0
0
0
0
0
0
8.46431e-17
0
0
0
0
0
0
0
0
0
0
0
0
0
0
0
0
0
0
0
0
0
0
0
0
0
0
0
0
0
0
0
0
0
-2.06415e-12
-1.47305e-12
0
0
0
0
0
0
0
0
0
0
0
-3.74167e-14
1.9162e-12
-3.89791e-12
0
0
0
0
0
0
0
0
0
0
0
6.17864e-13
-1.78469e-12
0
2.08264e-16
-1.73505e-16
0
0
0
0
0
0
0
0
0
0
0
0
0
0
2.57405e-15
0
0
0
0
0
0
0
0
-5.02252e-19
0
0
0
0
0
0
0
0
0
0
0
0
0
0
0
0
0
0
0
0
0
0
0
0
0
0
0
-3.3915e-16
0
0
0
0
0
0
0
0
0
0
0
0
0
0
0
0
0
0
0
0
0
0
0
0
0
0
0
0
0
0
0
-7.89629e-19
0
0
0
0
0
0
0
0
0
0
0
0
0
0
-1.43114e-16
0
0
0
0
0
0
0
0
0
0
0
0
0
0
0
0
0
0
0
0
0
0
0
0
0
0
0
0
0
0
0
0
0
0
0
0
0
0
0
0
0
4.85587e-16
0
0
0
0
0
0
0
0
0
0
0
0
0
0
0
0
0
0
0
0
-1.08894e-15
1.93336e-16
0
0
0
0
0
0
0
0
0
0
0
-3.91575e-16
0
0
0
0
0
0
0
0
0
0
0
0
-2.22798e-16
0
0
0
0
0
0
0
0
0
0
0
0
0
0
0
0
0
0
0
0
0
0
0
0
0
0
0
0
0
0
0
0
0
0
0
0
0
0
0
0
0
0
0
0
0
0
0
0
0
0
0
0
0
0
0
0
0
0
0
0
-5.89143e-16
1.07518e-16
0
0
0
0
0
0
0
0
0
0
0
0
0
0
0
0
0
0
0
0
-1.24751e-16
0
0
0
0
0
0
0
3.0879e-15
0
0
0
0
0
0
0
0
0
0
0
0
0
0
0
0
0
-1.03615e-16
2.49947e-16
0
0
0
0
0
0
0
0
0
0
0
0
0
0
0
0
0
0
0
0
0
0
0
0
0
0
0
0
0
-1.34895e-16
0
2.32646e-16
0
0
0
0
5.61279e-16
-1.66111e-16
0
0
0
0
0
0
0
0
3.5783e-16
-8.99153e-17
0
0
0
0
0
0
0
0
0
0
0
0
0
0
0
0
0
0
0
-2.30703e-16
-9.64686e-16
0
0
0
0
0
0
0
0
0
0
0
0
0
0
0
0
0
0
0
0
0
0
0
0
0
0
0
0
0
0
0
0
0
0
0
0
0
0
0
0
0
0
0
0
0
0
0
0
0
0
0
0
0
0
0
0
0
0
0
1.05735e-15
0
0
0
0
0
0
0
0
0
0
0
0
0
0
0
0
0
0
0
0
0
0
0
0
0
-1.86391e-16
3.41222e-16
0
0
0
0
0
0
0
0
0
0
0
0
0
0
0
0
0
0
0
0
0
0
0
0
0
0
0
0
0
0
0
0
0
0
0
0
0
0
0
0
0
0
0
0
0
0
0
0
0
0
0
0
0
0
0
0
0
0
0
0
0
0
0
0
0
0
0
0
0
0
0
0
0
0
0
0
0
0
0
0
0
0
0
0
0
0
1.78676e-16
4.00229e-12
0
0
3.10361e-17
-1.42598e-17
0
0
0
0
0
0
0
0
0
0
0
0
0
0
0
0
0
0
0
0
0
5.01454e-16
2.28136e-17
6.49844e-16
0
0
0
0
0
0
-1.6516e-15
0
0
0
0
0
0
0
0
0
0
0
0
0
0
0
0
0
0
0
0
0
0
0
0
0
0
0
0
0
0
0
0
0
0
0
0
0
7.87218e-17
3.85663e-16
0
0
0
0
0
1.34858e-17
-1.27824e-18
0
0
0
0
0
0
0
0
0
0
0
0
0
0
0
0
0
0
0
0
0
0
0
0
0
3.71271e-16
-1.03202e-30
0
0
0
0
0
0
0
0
-5.17528e-31
0
0
0
0
0
0
0
0
0
0
0
0
0
0
0
0
0
0
0
-2.35366e-15
-2.92901e-15
0
0
0
0
0
0
0
0
0
0
0
0
-5.73411e-17
1.27313e-15
0
0
-5.13458e-16
1.47113e-14
0
0
0
0
0
0
0
0
0
0
0
0
0
0
0
0
0
0
8.43435e-15
0
0
0
0
0
0
0
0
0
0
0
0
0
0
0
0
0
-2.91406e-12
0
0
0
0
0
0
0
0
0
0
0
0
0
1.5541e-30
0
0
-5.28475e-17
0
0
0
0
0
0
0
0
0
0
0
0
0
0
0
0
0
0
0
0
0
0
0
0
0
0
0
0
0
0
0
0
0
0
0
0
0
0
0
0
0
0
0
0
0
0
0
0
0
0
0
0
0
0
-6.14077e-15
8.30465e-17
0
0
0
0
0
0
7.65686e-17
-2.05688e-16
0
0
0
0
0
0
0
0
0
0
0
0
0
0
0
0
0
0
0
0
0
0
0
0
0
0
0
0
0
0
0
3.2312e-16
0
-5.77896e-17
0
0
0
0
0
0
0
0
0
0
0
0
0
0
0
-5.7808e-13
0
0
0
0
0
2.92429e-15
0
0
0
0
0
0
0
0
0
0
0
0
0
0
0
0
0
0
4.35067e-17
0
0
0
0
0
1.66952e-17
1.33556e-31
0
0
0
0
0
0
0
0
0
0
0
0
0
0
0
0
0
3.08461e-16
0
0
0
0
0
0
0
0
0
0
0
0
0
0
0
0
0
0
0
0
0
0
0
0
0
0
0
0
0
0
0
0
-1.73837e-16
0
0
0
0
0
0
0
0
0
0
0
0
0
0
0
0
0
0
0
0
0
0
0
0
0
0
0
0
0
9.70013e-19
3.42098e-18
0
0
0
0
0
0
0
0
-1.06251e-15
0
0
0
0
0
0
0
0
0
0
0
0
0
0
0
0
0
0
0
0
0
0
0
-6.45915e-08
-4.63814e-08
0
0
0
0
0
0
0
0
0
0
0
0
0
0
0
0
0
0
0
0
0
0
-6.12393e-12
0
0
0
0
0
-4.90392e-16
-4.17169e-16
0
0
0
-4.00456e-12
2.69709e-12
0
0
0
0
0
0
3.64048e-16
0
0
0
0
0
0
0
0
0
0
0
0
0
0
0
0
0
0
0
0
0
0
0
0
0
0
0
0
0
0
0
1.00118e-15
0
0
0
0
0
0
0
0
0
0
0
0
0
0
0
0
0
0
0
0
0
0
0
0
0
0
0
0
0
0
0
0
0
0
0
0
0
0
0
0
0
0
3.1152e-18
-4.46759e-16
0
0
0
0
0
0
0
0
0
0
0
0
0
0
0
0
0
0
0
0
0
0
0
0
0
0
0
0
0
-6.71019e-15
0
1.39081e-14
0
0
0
0
0
0
0
0
0
0
0
0
0
0
0
0
-2.13461e-16
0
0
0
0
0
0
0
1.06844e-15
0
0
0
0
0
0
0
0
0
0
0
0
0
0
0
2.23087e-16
0
0
-9.87906e-13
0
0
0
3.58928e-16
0
0
0
0
0
0
0
0
0
0
0
0
0
0
0
-5.37684e-17
0
0
0
0
0
0
0
0
0
0
0
0
0
0
4.35418e-17
0
0
0
0
0
0
0
0
0
0
0
-1.19894e-12
4.95762e-14
0
0
0
0
-1.62695e-15
0
0
0
0
0
0
0
0
0
0
0
0
0
0
0
0
0
0
0
1.33973e-15
-4.15236e-30
3.96968e-16
0
0
0
0
0
0
0
0
0
0
0
0
0
0
0
0
0
0
0
0
0
0
0
0
0
0
0
0
0
0
0
0
0
0
0
0
0
0
0
0
0
0
0
0
0
8.60215e-16
2.59096e-31
0
0
0
4.59377e-16
-1.2175e-16
0
0
0
0
0
0
0
0
0
0
0
0
0
0
0
0
0
0
0
0
0
0
0
2.73609e-17
-2.99835e-16
0
0
0
0
0
1.02159e-12
-3.77363e-12
0
0
0
0
0
0
0
0
0
0
0
0
0
0
0
0
0
0
0
0
0
0
0
0
0
-1.66038e-16
-1.0123e-12
0
0
0
0
0
-2.51199e-16
0
0
0
0
0
0
0
0
2.26195e-14
0
0
0
0
0
0
0
0
0
0
0
0
0
0
0
0
0
0
0
0
0
0
2.83859e-17
0
1.24438e-16
0
0
0
0
0
0
0
0
0
0
0
0
0
0
0
0
0
0
0
0
-5.40665e-17
6.95512e-18
0
0
0
0
0
0
0
0
0
0
0
0
0
0
0
0
7.50649e-17
0
0
0
0
0
0
0
0
0
0
-1.28778e-15
-2.68462e-16
0
0
0
0
0
0
0
0
-6.52612e-17
0
0
0
0
0
0
0
0
0
0
0
0
0
0
0
0
0
0
0
0
0
0
0
0
0
0
0
0
0
0
0
0
0
0
0
0
0
0
0
0
3.11213e-16
0
0
0
0
0
0
0
0
0
0
0
0
0
0
0
0
0
0
0
0
0
0
0
0
0
0
0
0
8.46873e-18
0
4.14254e-17
0
0
0
0
0
0
0
0
4.22787e-16
2.21811e-17
0
0
0
0
0
0
0
0
0
0
0
0
0
9.15012e-16
8.53792e-16
0
0
0
0
0
0
0
0
0
0
0
0
0
0
0
0
0
0
0
0
0
0
0
0
0
0
0
0
0
-3.67574e-17
0
0
0
0
0
0
0
0
0
2.24358e-16
0
3.96771e-08
0
0
0
0
0
0
0
0
0
0
0
0
0
0
1.47971e-15
0
0
0
0
0
0
0
0
0
0
0
0
0
0
0
0
0
0
0
0
0
0
0
0
0
0
0
0
-4.2022e-17
-2.12003e-16
0
0
0
0
0
0
0
0
0
0
0
0
3.54003e-18
0
0
5.07369e-17
0
2.14822e-15
4.30324e-16
-8.00918e-17
6.49663e-17
0
0
0
0
0
0
0
0
0
0
0
0
0
0
0
0
0
0
0
0
0
0
0
0
-7.57178e-15
-5.85127e-16
1.86662e-14
0
0
0
0
0
0
0
0
-9.81179e-15
0
0
0
0
0
0
0
0
0
0
0
0
0
1.97292e-16
2.68717e-16
3.33548e-16
0
0
0
0
0
0
0
0
0
0
0
0
0
0
0
0
0
0
0
0
0
0
0
0
0
0
1.26539e-17
-4.32435e-17
0
0
0
0
0
0
0
0
0
0
0
7.1035e-17
-5.84579e-16
7.35637e-18
0
0
0
0
0
0
0
0
0
0
0
0
0
0
0
0
0
0
0
0
0
0
0
-1.25492e-14
0
0
0
0
0
-3.79756e-15
0
-5.80082e-15
0
0
0
0
0
0
0
0
0
0
0
0
0
0
0
0
0
0
0
0
0
0
-1.66743e-15
0
0
0
0
0
0
0
0
0
0
0
0
0
0
0
0
0
0
0
0
0
0
0
0
0
4.09281e-16
6.1677e-16
0
0
0
0
0
0
0
0
0
0
0
-1.7918e-17
0
0
-2.42769e-15
0
0
0
0
0
0
0
0
0
0
0
1.66251e-15
0
0
0
0
0
0
0
0
0
0
0
0
0
0
0
0
0
0
0
0
0
0
0
0
0
0
0
0
0
0
0
0
0
1.59158e-15
0
0
0
0
-7.46284e-10
4.27753e-08
0
0
0
0
0
0
0
0
0
0
0
0
0
0
1.57891e-16
2.20677e-15
0
0
0
0
0
0
0
0
0
0
0
0
0
-1.06421e-15
9.32032e-16
0
0
5.44134e-16
0
0
0
0
0
0
0
0
0
0
0
0
0
0
0
0
0
0
0
0
0
0
0
0
0
1.38675e-15
-3.50427e-15
0
-2.90126e-15
0
2.93313e-15
0
0
0
0
0
0
0
0
0
0
0
0
0
-9.81652e-16
0
0
0
0
0
0
0
-9.43742e-17
0
0
0
2.83709e-15
0
0
0
0
0
0
1.65234e-15
-3.13149e-16
0
0
0
0
0
0
0
0
0
0
0
0
3.94891e-15
0
0
0
0
0
0
0
0
0
0
0
0
0
0
0
0
0
0
0
0
0
0
0
0
0
0
0
0
0
-2.12779e-12
0
0
-7.83448e-13
0
0
0
0
0
0
0
0
0
0
0
5.90127e-17
0
0
0
0
0
0
0
0
0
0
0
0
0
0
0
0
0
0
0
0
0
0
0
0
0
0
0
0
0
0
0
0
0
0
0
0
0
0
0
0
0
0
0
0
0
0
0
0
0
0
0
0
0
0
0
0
0
0
0
0
0
0
0
0
0
0
0
0
0
0
0
0
0
0
0
6.2164e-30
0
0
0
0
0
0
0
0
0
0
0
0
0
0
0
0
0
0
0
0
0
0
0
0
0
0
7.19511e-15
1.6876e-14
0
0
0
0
0
0
0
0
0
0
0
0
0
0
0
0
0
0
0
0
0
0
0
0
0
0
0
0
0
0
0
0
0
0
0
0
0
2.17237e-15
0
0
0
0
0
0
0
0
0
0
0
0
0
0
0
0
9.11044e-18
0
2.09599e-15
1.51974e-16
0
0
0
0
0
0
0
0
0
0
0
0
0
0
0
0
0
0
0
0
0
0
0
0
0
0
0
0
0
0
0
0
0
0
0
0
0
0
0
0
0
0
0
0
0
0
0
0
0
0
0
0
0
0
0
0
0
0
0
0
0
0
0
0
3.66311e-16
-4.38965e-15
0
0
0
0
0
0
0
0
0
0
0
4.95687e-15
0
0
0
0
0
0
0
0
0
0
0
0
0
-1.91574e-16
0
0
0
0
1.30253e-16
8.807e-18
0
0
0
0
0
0
0
0
0
0
0
0
0
0
0
0
0
0
1.93039e-16
0
0
0
0
0
0
0
0
0
0
0
0
0
0
0
0
0
0
0
0
0
0
0
0
0
0
0
0
0
0
0
0
0
0
0
0
0
0
0
0
0
0
0
0
0
0
0
0
0
0
0
0
0
0
0
0
0
0
0
0
0
0
0
0
0
0
0
0
0
0
0
0
0
0
0
0
0
0
0
0
0
0
2.41014e-16
-3.20031e-16
0
0
0
0
0
0
0
-1.23444e-12
0
0
0
0
0
0
0
0
0
0
0
0
0
0
0
0
0
0
3.25678e-16
0
0
0
0
0
0
0
0
0
0
0
0
0
0
0
0
0
0
0
0
0
0
0
0
0
0
0
0
0
0
0
0
0
0
0
0
0
0
0
0
0
0
0
0
0
3.97886e-13
-2.85645e-12
0
0
0
0
0
0
0
0
0
0
0
0
0
0
0
0
0
0
0
0
0
0
0
0
0
0
0
0
0
0
8.84454e-13
0
0
0
0
-7.46306e-13
0
-4.45027e-13
0
0
0
0
0
0
0
0
0
8.15903e-30
-4.92674e-15
0
0
0
0
0
0
0
0
0
0
0
0
0
0
0
0
0
0
0
0
0
0
0
0
0
0
0
0
-7.15761e-16
1.43953e-16
-1.10005e-15
0
0
0
0
0
0
0
0
0
0
0
0
0
0
0
0
0
8.7864e-16
2.74216e-15
-9.68107e-16
0
0
0
0
0
0
0
0
0
0
0
0
0
0
0
0
0
9.5591e-15
0
0
0
0
-2.07301e-15
0
0
0
0
0
0
0
0
0
0
0
0
0
0
0
0
0
-6.6991e-16
2.04749e-17
0
0
0
0
0
0
0
0
0
0
0
-2.74538e-15
3.03785e-15
0
0
0
0
0
0
0
0
0
0
0
0
0
0
0
0
0
0
0
0
0
0
1.27669e-15
3.20851e-17
0
0
3.695e-18
-3.84456e-15
-6.65535e-17
0
0
3.81253e-17
3.14982e-15
0
0
0
0
0
0
0
0
0
0
0
0
0
0
0
0
0
0
0
0
0
0
0
0
0
0
2.5403e-16
-1.52349e-16
0
0
0
0
0
0
0
0
-3.13728e-15
0
0
0
0
-9.45091e-16
0
-4.30745e-15
1.23001e-15
0
0
0
0
0
0
0
0
0
0
3.11832e-15
0
2.45188e-15
0
0
0
0
0
0
0
0
0
0
0
0
0
0
0
0
0
0
0
0
0
0
0
0
0
0
0
0
0
0
0
0
0
0
0
0
0
0
0
0
0
0
0
0
0
0
0
0
0
0
0
0
0
0
0
0
0
0
0
0
0
0
0
2.19018e-14
5.88537e-16
0
0
0
0
0
0
0
0
0
0
0
0
0
0
0
0
0
0
0
0
0
0
0
0
0
0
0
0
0
-1.18599e-16
0
0
0
1.55017e-16
-7.14027e-16
0
0
0
0
0
0
0
0
0
0
0
0
0
0
0
0
0
0
0
0
0
0
0
0
0
0
0
0
0
0
0
0
0
0
0
0
0
0
-1.5961e-16
0
8.62309e-15
2.14122e-17
0
0
0
0
0
0
0
0
0
0
0
0
0
0
0
0
0
0
-1.4538e-17
0
0
0
0
0
0
0
0
0
0
0
0
0
0
0
0
0
0
0
0
0
0
0
0
0
0
0
0
0
0
0
0
0
0
0
0
0
0
0
0
0
8.59131e-18
0
0
0
0
0
0
0
0
0
0
0
0
0
0
0
0
0
0
0
0
0
0
0
0
0
0
0
0
0
0
-2.99819e-16
-4.62798e-16
4.78052e-18
0
0
0
0
0
0
0
0
0
0
0
0
-1.34344e-17
0
0
0
0
0
0
0
0
0
0
0
0
0
0
0
0
0
0
0
0
0
0
0
0
-3.8505e-16
1.31442e-15
0
0
0
0
0
0
0
0
0
0
1.07155e-16
-2.49781e-16
-5.26972e-17
-1.42914e-16
0
0
0
0
0
0
0
0
0
0
0
0
0
0
0
0
0
0
0
0
0
0
0
0
8.99797e-17
0
9.05879e-17
0
0
0
0
0
0
0
0
0
0
0
0
0
0
7.23417e-15
8.24403e-15
0
0
0
0
0
0
0
0
0
0
0
0
0
0
0
0
0
0
0
0
0
0
0
-2.80887e-15
-2.929e-16
5.08802e-16
0
0
0
0
0
0
0
0
0
0
0
0
0
0
0
0
0
0
0
0
0
0
0
0
0
0
0
0
0
0
0
0
0
0
0
0
0
0
0
0
0
0
0
0
0
0
0
0
0
0
0
0
0
0
0
0
0
0
0
7.89061e-16
-4.99123e-18
0
0
0
0
0
0
0
0
0
0
0
0
0
0
0
0
0
0
0
0
0
0
0
0
0
0
0
0
0
0
0
0
0
0
0
0
0
0
0
0
0
0
0
0
0
0
0
0
0
0
0
0
0
0
0
2.26996e-16
-1.08997e-16
0
0
0
0
0
0
0
0
0
0
0
0
0
0
0
0
0
0
0
0
0
0
-3.12412e-16
0
0
0
0
0
0
0
0
0
0
0
0
0
0
0
0
0
0
0
0
0
0
0
0
0
0
0
0
0
0
0
0
0
0
0
0
0
0
0
0
0
0
0
0
0
0
0
0
0
0
0
0
-1.14194e-14
7.18945e-16
0
0
0
0
0
0
0
0
0
0
0
0
0
0
3.25793e-16
-1.1206e-15
3.23164e-16
0
0
0
0
0
0
0
0
0
0
0
0
0
0
0
0
0
0
0
0
0
0
0
0
0
0
0
0
0
0
0
0
0
7.72509e-17
0
-3.23072e-15
0
0
0
0
0
0
0
0
0
0
0
0
0
0
0
0
0
0
0
0
0
0
0
0
0
0
0
0
-4.9264e-14
1.05592e-15
0
0
0
0
0
0
-9.70263e-18
-3.40944e-16
0
0
0
-1.14431e-15
0
0
0
0
0
0
0
0
0
0
0
0
0
0
0
0
-4.73724e-16
0
0
0
0
0
8.32313e-16
0
0
0
0
1.00083e-15
0
0
0
0
0
0
0
0
0
0
0
0
0
0
0
0
0
0
3.5254e-18
-2.14001e-18
0
0
0
0
0
0
0
0
0
0
0
0
0
2.32597e-15
0
0
0
0
0
0
0
0
0
0
0
0
0
0
0
0
0
0
0
0
0
0
0
0
0
0
0
0
0
0
0
0
0
0
0
0
0
0
0
0
0
0
0
0
0
0
0
0
0
0
0
0
1.43891e-14
-1.15605e-15
0
0
0
0
0
0
0
0
0
0
0
0
0
0
0
0
0
0
0
0
0
0
0
0
0
0
0
0
0
0
0
0
0
0
0
0
0
0
0
0
0
0
0
0
0
0
0
0
0
0
7.00887e-15
0
0
0
0
0
0
0
0
0
0
0
0
0
0
0
0
0
0
0
0
8.61316e-17
0
0
0
0
0
0
0
0
0
0
0
0
0
0
0
0
0
0
0
0
0
0
0
0
0
0
0
0
0
0
0
0
0
0
0
0
0
0
0
0
0
0
0
0
0
0
0
0
0
0
0
0
-3.57272e-16
0
0
0
0
0
0
0
0
0
0
0
0
0
0
0
0
0
0
0
0
1.23465e-16
-1.37788e-16
0
0
0
-1.91241e-16
0
0
0
0
0
0
0
0
0
0
0
0
0
0
0
0
0
0
0
0
0
0
0
0
-2.80126e-16
0
0
0
0
1.65791e-29
1.48462e-14
0
0
0
0
0
0
0
0
0
0
0
0
0
0
0
0
0
0
0
0
0
0
0
0
0
0
5.38802e-15
0
0
0
0
0
0
0
0
0
0
0
0
0
0
0
2.50253e-18
-4.88585e-19
0
0
0
0
0
0
0
0
0
0
0
0
0
0
0
0
0
0
0
0
0
3.4505e-16
0
0
0
0
0
0
0
0
0
0
0
0
0
3.68442e-16
0
0
0
0
0
0
0
0
0
0
0
0
0
0
0
0
0
0
0
0
0
0
0
0
0
0
0
0
0
0
0
0
0
1.25495e-17
0
0
0
0
0
0
0
0
0
0
0
0
0
0
0
0
0
0
0
0
1.64852e-17
0
0
0
0
0
0
0
0
0
0
0
1.62813e-16
3.46578e-16
0
0
0
0
0
0
0
0
0
0
0
0
0
0
0
0
0
0
0
0
0
0
0
0
0
0
0
0
0
0
0
0
-1.63971e-18
-7.3907e-17
0
0
0
0
0
0
0
0
0
0
0
0
0
0
0
0
0
0
-1.37299e-16
0
0
0
0
0
0
0
0
0
0
0
0
0
0
0
0
0
0
0
0
0
0
0
0
0
0
0
0
0
0
0
0
0
0
0
0
0
0
0
0
0
0
0
0
0
0
0
0
0
0
0
0
0
0
0
0
0
0
0
0
0
0
0
0
0
0
0
0
0
0
9.38266e-16
0
0
0
0
0
0
0
0
0
0
0
0
0
0
0
0
0
0
0
0
0
0
0
0
-9.94671e-13
0
0
0
0
0
0
0
0
0
0
0
0
0
0
0
0
0
0
0
0
0
0
0
0
0
0
0
0
0
0
0
0
0
5.94662e-16
0
0
0
0
0
0
0
0
0
0
0
0
0
0
0
0
0
0
0
0
0
0
0
0
0
0
0
0
0
0
0
0
0
0
0
0
0
0
0
0
0
0
0
0
0
0
0
0
0
0
0
0
0
0
0
0
0
0
0
0
0
0
0
0
0
0
0
0
0
-2.08754e-15
1.9553e-15
0
0
0
0
0
0
0
0
0
0
0
0
0
0
0
0
6.30198e-17
0
-4.22055e-15
0
0
0
0
0
0
0
0
0
4.45514e-15
0
0
0
0
0
0
0
0
0
0
0
0
0
0
-1.86266e-17
7.76991e-18
0
0
0
0
0
0
0
0
0
0
2.01757e-16
2.36826e-16
0
0
0
0
0
0
0
0
0
0
0
0
0
0
0
0
0
0
0
0
0
0
0
0
0
0
0
0
0
0
0
0
0
0
0
0
0
-5.17142e-08
0
0
0
0
0
0
0
0
0
0
0
0
0
0
0
0
0
0
2.77029e-15
0
0
0
0
0
0
-1.27349e-15
0
0
0
0
0
0
0
0
0
0
1.30154e-14
-1.71301e-15
0
0
-1.17197e-17
0
0
0
0
0
0
0
0
0
0
0
0
0
0
0
0
-2.3404e-12
-2.06328e-17
0
0
0
0
0
0
0
0
0
0
0
0
0
-9.15619e-17
0
0
0
0
0
0
0
0
0
0
0
0
0
0
0
0
0
0
0
0
0
0
0
0
0
0
0
0
0
0
0
0
0
0
0
0
0
0
0
0
0
0
0
0
0
0
0
0
0
0
0
0
0
0
0
0
0
0
0
0
0
0
0
0
0
0
0
0
0
0
0
0
0
0
0
8.02093e-17
0
0
0
0
0
0
0
0
0
0
0
0
0
0
0
0
-4.79341e-16
0
0
0
4.69065e-17
0
0
0
0
0
0
0
0
0
0
0
0
0
0
0
0
0
0
0
0
0
0
0
0
0
0
0
0
0
0
4.00212e-13
-8.88898e-13
0
0
0
0
0
0
0
0
0
-9.0338e-16
0
0
0
0
0
0
0
0
0
0
7.60905e-18
0
0
0
4.30586e-15
0
0
0
0
0
0
0
0
0
0
0
0
0
0
0
-9.73024e-18
3.34796e-16
0
0
0
0
0
0
0
0
0
0
0
0
-1.25213e-14
0
0
0
0
0
0
0
0
0
0
0
0
0
0
0
0
0
0
0
0
0
0
0
0
0
0
0
0
0
0
0
0
0
0
0
0
0
0
0
0
0
0
0
0
0
0
0
0
0
0
0
0
-2.14556e-16
0
0
0
0
0
0
-1.55078e-17
-3.24839e-18
0
0
0
0
0
0
0
0
0
0
0
0
0
0
-2.50641e-15
0
0
0
0
0
0
9.20104e-15
0
0
0
0
0
0
0
0
0
0
0
0
0
0
0
0
0
0
0
0
0
0
0
0
0
0
0
0
0
0
0
0
0
0
0
0
0
0
0
0
0
0
0
0
0
0
0
0
0
0
0
0
0
0
0
0
0
0
0
0
0
0
0
0
0
0
0
0
0
0
0
0
0
0
0
0
0
0
0
0
0
0
0
0
0
0
0
0
0
0
0
0
0
0
0
0
0
0
0
0
0
0
0
0
0
0
0
0
0
0
0
0
0
0
0
0
0
0
0
0
0
0
1.55036e-16
-1.51146e-15
0
0
0
0
0
0
0
1.83347e-16
0
0
0
0
0
0
0
0
0
0
0
0
0
0
3.15938e-15
-2.10232e-15
0
0
0
0
0
0
0
0
0
0
0
-4.07852e-16
0
0
0
0
0
0
0
0
0
0
0
0
0
0
-2.52711e-14
0
0
0
0
0
0
0
0
0
0
0
0
0
0
0
0
0
7.00536e-16
0
0
0
0
0
0
0
0
0
0
0
0
0
0
0
0
0
0
0
0
3.16797e-14
0
0
0
0
0
0
0
0
0
0
0
1.26943e-16
0
0
0
0
0
0
0
0
0
0
0
0
0
0
0
0
0
0
0
0
0
0
0
0
0
0
0
0
0
0
0
0
0
0
0
0
0
0
0
0
0
0
0
0
0
0
0
0
0
0
0
0
0
0
0
0
0
0
0
0
-2.2883e-16
0
-6.57168e-16
0
0
0
0
0
0
0
0
0
0
0
7.55312e-15
0
0
0
0
0
0
0
0
0
0
0
0
0
0
0
-2.30291e-16
0
0
0
0
0
0
0
0
0
0
0
-9.28821e-13
0
3.83039e-18
0
0
0
0
0
0
0
0
0
0
0
0
0
0
0
0
-5.05439e-16
-9.30273e-16
0
0
0
0
0
0
0
0
0
0
0
-2.9715e-12
0
0
0
0
0
0
0
0
0
0
0
0
0
0
0
0
0
0
0
0
0
4.57961e-15
7.22494e-15
0
0
0
0
0
0
0
0
0
0
0
0
0
0
0
0
0
0
0
0
0
0
0
0
0
0
0
0
0
0
0
0
0
0
0
0
0
0
0
0
0
0
0
0
0
0
0
0
0
0
0
0
0
0
0
0
0
0
0
0
0
0
0
0
0
0
-8.48288e-17
6.32418e-17
0
0
0
0
0
0
0
0
0
0
0
0
0
0
0
0
0
0
0
-1.45894e-15
0
0
0
0
0
0
0
0
-9.05959e-15
0
0
0
0
0
0
0
0
0
0
0
0
0
0
0
0
0
0
0
0
0
0
0
0
0
0
0
0
0
0
0
0
0
0
0
0
0
-1.72015e-12
-5.52753e-13
0
0
0
0
0
0
0
0
0
0
0
0
0
0
0
0
0
0
0
0
0
0
0
0
0
0
0
0
0
0
0
0
0
0
0
0
0
0
0
0
0
0
0
0
0
-7.43167e-18
0
0
0
0
0
0
0
0
3.44084e-16
0
9.51156e-16
0
0
0
0
0
0
0
0
0
0
0
0
0
0
0
0
0
0
0
0
0
0
0
3.047e-16
0
0
0
0
0
0
0
0
0
0
0
0
0
0
0
0
0
0
0
0
0
0
0
0
0
0
0
0
0
0
0
0
0
0
0
0
0
0
0
0
0
0
0
0
0
0
0
0
0
0
0
0
0
0
0
0
0
0
0
0
0
0
0
0
0
0
0
0
0
0
0
0
0
0
0
0
0
0
0
0
0
0
6.71289e-17
-3.51859e-16
0
0
0
0
-7.57334e-16
0
0
0
0
0
0
0
0
0
0
0
0
0
0
1.29831e-14
-1.86573e-14
0
0
0
0
0
0
0
0
0
0
0
0
0
0
0
0
0
0
0
0
0
0
0
0
0
0
0
0
0
0
0
0
0
0
0
0
0
2.91639e-16
0
0
0
0
0
0
0
0
0
0
0
0
0
0
0
0
0
0
0
0
0
0
0
0
0
0
0
0
0
0
0
0
0
0
0
0
0
0
0
0
0
0
0
0
0
0
0
0
0
0
0
0
0
0
0
0
0
0
0
0
0
0
0
0
0
0
0
0
0
0
0
0
0
0
0
0
0
0
0
0
0
0
0
0
0
0
0
0
0
0
0
0
0
0
0
0
0
0
0
0
0
0
0
0
0
0
0
0
0
0
0
0
0
0
0
0
0
0
0
0
0
0
0
0
0
0
0
0
0
0
0
0
0
0
0
0
-8.22231e-17
-4.83642e-17
0
0
0
0
0
0
0
0
0
0
0
0
0
0
0
0
0
0
0
0
0
0
0
0
0
0
0
0
0
0
0
0
0
0
0
0
0
0
0
0
0
0
0
0
3.09236e-16
-9.53396e-17
0
0
0
0
0
0
0
0
0
0
0
0
0
0
0
0
0
0
0
0
0
0
0
0
0
0
0
0
0
0
0
0
0
4.41031e-17
0
0
0
0
0
0
0
0
0
0
3.56663e-16
0
0
0
0
0
0
-4.75263e-17
-2.78119e-17
0
0
0
0
0
0
0
0
0
0
0
0
0
0
0
0
0
0
0
0
0
0
0
0
0
0
0
0
0
0
0
0
0
0
0
0
0
0
0
0
0
0
0
0
0
0
0
0
0
0
0
0
0
0
0
0
0
0
0
0
0
0
0
0
0
0
0
0
0
0
0
0
0
0
0
0
0
0
4.25814e-17
0
0
0
0
0
0
0
0
0
0
0
0
0
0
0
0
0
0
0
0
0
0
0
0
0
0
0
0
0
0
0
0
0
0
0
0
0
0
0
0
0
0
-9.88152e-13
0
0
1.6009e-17
0
0
0
0
0
0
0
0
0
0
0
0
0
0
0
0
0
0
0
0
0
0
0
0
0
0
0
0
0
0
0
0
-3.42521e-16
0
0
0
0
0
0
0
0
0
0
0
9.77413e-18
0
0
0
0
0
4.60167e-15
2.30591e-15
0
0
1.33447e-16
4.68267e-17
0
0
0
0
0
0
0
0
0
0
0
0
0
0
0
0
0
0
0
0
0
0
0
0
0
0
0
0
0
0
0
0
0
0
0
0
0
0
0
-3.36802e-15
6.69136e-16
0
0
0
0
0
0
0
0
0
0
0
0
0
0
0
-2.18775e-18
1.92766e-17
0
0
0
0
0
0
0
0
0
0
0
0
1.63982e-16
0
0
0
0
0
0
0
0
0
0
0
0
0
0
0
0
0
0
0
0
-2.1531e-16
0
0
0
0
0
-3.70104e-16
-7.21559e-16
0
0
0
0
0
0
0
0
0
0
0
0
0
0
0
0
0
0
0
0
-1.21749e-16
-1.37762e-17
0
0
0
0
0
0
0
0
0
0
0
0
0
3.35694e-16
0
0
0
0
0
0
0
0
0
0
0
0
0
0
0
0
0
0
0
0
-3.73676e-16
0
-7.88964e-17
4.45767e-16
0
0
0
0
0
0
0
0
0
0
0
0
0
0
0
0
0
0
0
0
0
0
0
0
0
0
0
0
0
0
0
0
0
0
0
0
7.0494e-17
0
0
0
0
0
0
0
0
0
0
0
0
0
0
0
0
0
0
0
0
0
0
0
0
0
0
0
0
0
0
0
0
0
0
0
0
0
0
0
0
0
0
0
0
0
0
0
0
0
0
0
0
0
0
0
0
0
0
0
0
0
0
0
0
0
0
0
0
0
0
0
0
-4.98398e-17
1.49503e-16
0
0
0
0
0
0
0
0
0
0
0
0
0
0
0
0
-5.50654e-16
0
0
0
0
0
0
0
0
0
0
0
6.47452e-16
-4.924e-16
0
0
0
0
0
0
0
-7.93011e-17
3.91556e-16
0
0
0
1.26267e-16
-5.02441e-16
0
0
0
0
0
0
0
0
0
0
0
0
0
0
0
0
0
0
0
0
0
0
0
0
0
0
0
0
0
0
0
0
0
0
0
0
0
0
0
0
0
0
0
0
0
-6.74874e-17
1.62498e-16
0
0
0
0
0
0
0
0
0
0
0
0
0
0
0
1.56245e-16
0
-2.58388e-16
0
0
0
0
0
0
0
0
0
0
0
0
0
0
0
0
0
0
7.34863e-16
-3.46061e-16
0
0
0
0
0
0
0
0
0
0
0
0
0
0
0
0
0
0
0
0
0
-8.54756e-30
0
0
-4.61676e-16
0
0
0
-5.17907e-31
0
0
0
0
0
0
0
0
0
0
0
0
0
0
0
0
0
0
0
0
0
0
0
0
0
0
0
0
0
0
0
0
0
0
0
0
0
0
0
0
0
0
0
0
0
0
0
0
0
0
0
0
0
0
0
0
0
0
0
0
0
0
0
0
0
0
0
0
0
0
0
0
0
0
0
0
0
0
0
0
0
0
0
0
0
0
0
0
0
0
0
0
0
0
0
0
0
0
0
0
0
0
0
0
0
0
0
0
0
0
0
-2.01932e-16
2.14466e-15
0
0
0
0
0
0
0
-1.17112e-14
0
0
0
0
0
0
0
0
0
0
0
0
0
0
0
0
0
0
0
0
0
0
0
0
0
0
0
0
0
0
0
0
0
0
0
0
0
0
0
0
7.0661e-17
3.61452e-16
-3.96374e-16
0
1.73507e-17
0
0
0
0
0
0
0
0
0
0
0
0
0
0
0
0
0
0
0
0
0
0
0
0
0
0
0
0
-2.14097e-16
3.7877e-16
0
0
0
0
0
0
0
0
0
0
0
0
0
0
0
0
0
0
0
0
0
0
0
0
0
0
0
0
0
0
0
0
0
0
0
0
0
0
0
0
0
0
0
0
0
0
0
0
0
0
0
0
0
0
0
-2.24304e-17
0
0
0
0
0
0
0
0
0
0
1.70623e-17
0
0
0
0
0
0
0
0
0
0
0
0
0
0
0
0
0
0
0
0
0
0
0
0
0
0
0
0
0
0
0
0
0
0
0
0
0
0
0
0
0
0
0
0
0
0
0
0
0
0
0
0
0
0
0
0
0
0
0
0
0
0
0
0
0
0
0
0
0
0
0
0
0
0
2.51002e-16
-1.04416e-30
0
0
0
0
0
0
0
0
0
0
0
0
0
0
-3.91613e-16
0
0
0
0
0
0
0
0
0
0
0
0
0
0
0
0
0
0
0
0
0
0
0
0
0
0
0
0
0
0
0
0
0
0
0
0
0
0
0
0
0
0
0
0
0
0
0
0
0
0
0
0
0
0
0
0
0
0
0
0
-9.41776e-17
1.18445e-16
0
0
0
0
0
0
0
0
0
0
0
0
0
0
0
0
0
0
0
0
0
0
0
0
0
0
0
0
0
-4.74917e-16
0
0
0
0
6.29249e-18
-3.50291e-17
0
-6.40147e-18
3.73866e-17
0
0
0
0
0
0
0
0
0
0
0
0
0
0
4.38321e-16
9.98022e-16
0
0
1.82622e-16
-2.35242e-17
2.39966e-18
0
0
0
0
-1.95355e-18
0
0
0
0
0
0
0
0
0
0
0
0
-2.6104e-31
4.50392e-16
0
0
0
0
0
3.29162e-15
-5.1385e-15
0
0
0
0
0
0
0
0
0
0
0
0
0
0
0
0
0
0
0
0
0
0
0
0
0
0
0
0
0
0
0
0
0
0
0
0
0
0
0
0
0
0
0
0
0
0
0
0
0
0
0
0
0
0
0
0
0
0
0
0
0
0
0
0
0
0
0
0
0
0
0
0
0
0
0
0
0
0
0
5.245e-17
0
0
0
0
0
0
0
0
0
0
0
0
0
0
0
0
0
0
0
0
0
0
0
0
0
0
0
0
0
0
0
0
0
0
0
0
0
0
0
0
0
0
0
0
0
0
0
0
0
-3.1375e-12
0
0
0
0
0
0
0
0
0
0
0
0
0
0
0
0
0
0
0
0
0
-3.30547e-16
3.71713e-16
0
0
0
0
0
0
0
0
0
0
7.03427e-17
-8.13207e-17
0
0
0
0
0
0
0
0
0
0
0
0
0
0
0
0
0
0
0
6.80558e-17
0
0
5.85014e-16
0
0
0
0
0
0
0
0
0
0
0
0
0
0
0
0
0
0
0
0
0
0
0
0
0
0
0
0
0
0
0
0
0
0
0
1.97412e-15
0
0
0
0
0
0
0
0
0
0
0
0
0
0
0
0
0
0
0
0
-5.70403e-17
-4.53454e-16
0
0
0
0
0
0
0
0
0
0
0
0
0
0
0
0
0
0
0
0
0
0
0
0
0
0
0
0
0
0
0
0
0
0
0
0
0
0
0
0
0
0
0
0
0
0
0
0
0
0
0
0
0
0
0
0
0
0
0
0
0
0
0
0
0
0
0
0
0
0
0
0
0
0
0
0
0
0
0
0
0
0
0
0
0
0
0
0
0
0
0
0
0
-1.57586e-15
0
0
0
0
0
0
0
0
0
0
0
0
0
0
0
0
0
0
0
0
0
0
0
0
0
0
0
0
0
0
0
0
0
0
0
0
0
0
0
0
0
0
0
0
0
0
0
0
0
0
0
0
0
0
0
0
0
0
0
0
0
0
0
0
0
0
0
0
0
0
0
0
0
0
0
0
0
0
0
0
0
0
0
0
0
0
0
0
0
0
0
0
0
0
0
0
0
0
0
0
0
0
0
0
0
0
0
0
0
0
0
0
0
0
0
0
0
0
0
0
0
0
0
0
0
0
0
0
0
0
0
0
0
0
0
0
0
0
0
0
0
0
0
0
0
0
0
0
0
0
0
0
0
0
0
0
0
0
0
0
0
0
0
0
0
0
0
0
0
0
0
0
0
0
0
0
-1.5541e-30
0
0
7.44181e-16
0
0
0
0
0
0
0
0
0
0
0
0
0
0
0
0
0
0
0
0
0
0
2.54939e-16
-3.80883e-17
0
0
0
0
0
0
2.04922e-18
0
0
0
0
0
0
0
0
0
0
0
0
0
0
0
0
0
0
0
0
0
0
0
0
0
0
0
0
0
0
0
0
-2.64731e-16
0
0
0
0
0
0
0
0
0
0
0
0
0
0
0
0
0
0
0
0
0
0
0
0
0
0
0
0
0
0
0
0
0
0
0
-1.46959e-16
7.65812e-16
0
0
0
0
0
0
0
0
0
0
0
0
0
0
0
0
0
0
0
0
0
0
0
0
0
0
0
0
0
0
0
0
0
0
0
0
0
0
0
0
0
0
0
0
0
0
0
0
0
0
0
0
0
0
0
0
0
0
0
0
0
0
0
0
0
0
0
0
0
0
0
0
0
0
-8.1053e-17
0
0
0
0
0
0
0
-4.90169e-16
-3.60065e-17
0
0
0
0
0
0
0
0
0
0
0
0
0
0
0
0
0
0
0
0
-8.93706e-16
0
0
0
0
0
0
0
0
0
0
0
0
0
0
0
0
3.25531e-16
-7.24927e-17
0
0
0
0
0
0
0
0
0
0
0
0
-2.35595e-12
0
0
0
0
0
0
0
0
0
0
0
0
0
0
0
0
0
0
0
0
0
2.31169e-16
0
0
0
0
0
0
0
0
0
0
0
0
0
0
0
0
0
0
0
0
0
0
0
0
0
0
-7.5063e-16
0
0
0
0
0
0
0
0
0
0
0
0
0
0
6.61012e-15
0
0
0
0
0
0
0
0
0
0
0
0
0
0
0
0
0
0
0
0
0
0
0
0
0
0
0
0
0
0
0
0
0
0
0
0
0
0
0
0
0
0
0
0
0
0
0
0
0
0
0
0
0
0
0
0
0
0
0
0
0
0
0
0
0
0
0
0
0
0
0
0
0
0
0
0
0
0
0
0
0
0
-1.17104e-17
0
-5.4078e-17
0
0
0
0
0
0
0
0
0
0
0
0
0
0
0
0
6.82047e-15
0
0
2.99768e-16
-4.42116e-15
0
0
0
0
0
0
0
0
0
0
0
0
0
0
0
0
0
0
0
0
0
0
0
0
0
0
0
0
0
0
0
0
0
0
0
0
0
0
0
0
0
0
0
0
0
0
0
0
0
0
0
0
0
0
0
0
0
0
0
0
0
0
0
0
0
0
0
0
0
0
0
0
0
0
0
0
0
0
0
0
0
0
0
0
0
0
0
0
0
2.78936e-17
0
0
0
0
0
0
0
0
0
0
0
0
0
0
0
0
0
0
0
0
0
0
0
0
0
0
0
0
0
0
0
0
0
0
0
0
0
0
0
0
0
0
0
0
0
0
0
0
0
0
0
0
0
0
0
0
0
0
0
0
0
0
0
0
0
0
0
0
1.90817e-16
-4.28362e-16
0
0
0
0
0
0
0
0
0
0
0
2.6069e-16
0
0
0
0
0
0
0
-2.11427e-17
0
0
0
0
0
0
0
0
0
0
0
0
0
0
0
0
-6.38542e-16
0
0
0
0
0
0
0
0
0
0
0
0
0
0
0
0
0
0
0
0
0
0
0
0
0
0
0
0
-2.10615e-17
0
0
0
0
0
0
0
0
0
0
0
0
0
0
0
0
0
0
0
0
0
0
0
0
0
0
0
0
0
0
0
0
0
-1.37888e-14
0
0
6.47664e-15
8.75371e-16
0
0
0
0
0
0
1.07946e-14
0
0
0
0
0
0
-5.68722e-17
0
0
0
0
0
0
0
0
0
0
-6.72819e-16
0
0
0
0
0
0
0
0
0
2.07316e-15
8.25345e-16
0
0
0
0
0
0
0
0
0
0
0
0
0
0
0
0
0
0
0
0
0
0
0
0
0
0
0
0
0
0
0
0
0
0
0
0
0
0
0
0
0
0
0
0
0
0
0
0
0
3.27047e-15
0
0
0
0
0
0
6.76624e-18
0
0
0
0
0
0
0
0
0
0
0
0
0
0
-3.77447e-15
0
0
0
0
0
0
-6.54874e-15
0
0
0
0
0
0
0
0
0
0
0
5.84721e-15
0
0
0
0
0
0
0
-5.30175e-31
-1.99918e-16
0
0
0
0
0
0
0
0
0
0
0
0
0
0
0
0
0
0
0
0
0
0
0
0
0
0
0
0
0
0
0
0
0
0
0
0
0
0
0
0
0
-2.1358e-16
-7.45975e-18
1.2621e-15
0
0
0
1.75909e-13
-3.339e-12
0
0
0
0
0
0
0
0
0
0
0
0
0
0
0
0
0
0
0
0
0
0
0
0
0
0
0
0
0
0
0
0
0
-1.03809e-30
0
0
0
0
0
0
0
0
0
0
5.04932e-17
0
0
0
0
0
0
0
0
5.35737e-16
6.13936e-15
0
0
0
0
0
0
0
0
0
0
0
0
0
0
0
0
0
0
0
0
0
0
0
0
0
0
0
0
0
0
0
0
0
-2.21739e-17
0
0
0
0
0
0
0
0
0
0
0
0
0
0
0
0
0
0
0
0
0
0
-2.89852e-16
0
0
0
0
0
0
0
0
0
0
0
0
0
0
0
0
0
0
0
0
2.50221e-16
0
0
0
0
-4.43977e-16
0
0
0
0
6.25414e-17
0
0
0
0
0
0
0
0
0
0
0
0
0
-6.09779e-14
-3.55543e-14
0
0
0
0
0
0
0
0
0
0
0
0
0
0
0
0
0
0
0
0
0
0
0
0
0
0
0
0
0
0
0
0
0
0
0
0
0
0
0
0
0
0
0
0
0
0
-8.57188e-13
0
0
0
0
0
0
0
0
0
0
0
0
0
0
0
0
0
0
0
0
0
0
0
1.356e-17
0
0
-5.34917e-16
0
0
0
0
0
0
0
0
0
0
0
0
0
0
0
0
0
0
0
0
0
1.50789e-15
0
0
0
0
0
0
0
0
0
0
4.5588e-16
0
0
0
0
0
0
0
0
0
-5.18034e-31
0
0
0
2.25202e-15
5.70601e-16
0
-8.4811e-16
0
0
0
0
0
0
0
0
0
0
0
0
0
0
0
0
0
0
7.88731e-17
0
0
0
0
0
0
0
0
0
0
0
0
-1.93698e-16
0
0
0
0
0
0
0
0
0
0
0
0
0
0
0
0
2.6167e-16
0
2.70117e-16
0
0
0
0
0
0
0
0
0
0
0
0
0
7.76239e-17
8.09451e-18
0
0
0
0
0
-5.38599e-16
-6.31219e-15
0
0
0
0
0
0
0
0
0
0
0
0
0
0
0
0
0
0
-4.7661e-19
-3.50629e-16
-1.3162e-16
0
1.47077e-16
0
0
0
-1.79187e-17
0
0
0
0
0
0
0
-8.98319e-17
0
9.08703e-17
0
0
0
0
0
0
0
0
0
0
0
0
0
0
0
0
0
0
0
3.87114e-16
0
0
0
0
0
0
0
0
0
0
0
0
0
0
0
0
0
0
0
0
0
0
0
0
0
-8.75329e-17
0
0
0
0
0
0
0
0
0
0
0
0
0
0
1.13447e-15
0
0
0
0
0
0
0
0
0
0
0
0
0
0
0
0
0
0
0
0
0
0
0
0
0
0
0
1.25325e-15
0
0
0
0
0
0
0
0
0
0
0
0
0
-3.1471e-15
0
0
-1.16228e-16
0
0
0
0
0
0
0
0
0
0
0
0
0
0
0
0
0
0
0
-4.72819e-16
0
0
2.66568e-14
-1.28752e-12
0
0
0
0
0
0
0
0
0
0
0
0
0
0
0
0
0
0
0
0
0
0
0
0
1.25034e-15
0
0
0
0
0
0
0
0
0
0
0
0
0
0
0
0
0
0
0
-1.2615e-16
0
0
0
0
0
0
0
0
0
0
0
0
0
0
0
0
0
0
0
0
0
0
0
0
3.04808e-16
0
0
0
0
0
0
0
0
0
0
0
0
0
0
0
0
0
0
0
0
0
1.50955e-15
9.20176e-17
0
3.02472e-15
0
8.76051e-16
0
0
0
0
0
0
0
0
0
0
0
0
0
0
0
0
0
0
0
0
0
0
-2.8345e-14
0
-3.17391e-16
2.75096e-17
0
0
0
0
0
0
0
0
0
0
0
0
0
0
0
0
0
0
0
0
0
0
0
0
0
0
0
0
0
0
0
0
0
0
0
0
0
0
0
0
8.405e-16
0
0
0
0
0
0
0
0
0
0
0
0
0
0
0
0
0
0
0
0
0
0
0
0
0
0
0
0
0
0
0
0
0
0
0
0
0
2.53607e-16
0
0
0
0
0
0
0
0
0
-1.69721e-12
0
0
0
0
0
0
0
0
0
0
0
0
0
-1.24977e-15
0
0
0
0
0
0
0
0
0
0
0
0
0
0
-2.01401e-16
0
-2.97503e-18
0
0
0
0
0
0
0
0
0
0
0
0
0
0
0
0
0
0
0
0
0
0
0
0
-1.49472e-16
-6.99503e-19
0
0
0
0
0
0
0
0
-1.96575e-12
0
-6.73675e-15
0
-4.0574e-16
-7.05019e-19
0
0
0
0
0
0
0
0
0
0
0
0
0
0
0
0
0
0
0
0
0
0
0
-1.97496e-12
2.85149e-13
0
0
0
0
0
0
0
0
0
0
0
0
0
0
0
0
0
0
0
0
0
0
0
0
-8.69192e-16
9.11682e-16
0
0
0
0
0
0
9.22014e-16
0
0
0
0
0
0
0
0
8.80288e-18
0
0
0
0
0
0
0
0
0
-3.62768e-17
0
0
0
-1.23121e-15
0
0
0
0
0
0
0
0
0
0
5.05892e-34
0
0
0
0
0
0
0
0
0
0
0
0
0
0
0
0
0
0
0
0
0
0
0
0
0
0
0
0
0
0
0
0
-3.55775e-12
7.799e-13
0
0
0
0
0
0
0
0
0
0
0
0
0
0
0
0
0
0
0
0
0
0
0
0
0
0
0
0
0
0
0
0
0
0
0
0
0
0
0
0
0
0
0
0
0
0
0
-6.01684e-13
0
0
0
0
0
0
0
0
0
0
0
0
0
0
0
0
0
0
0
0
0
4.69452e-17
0
0
0
0
0
0
0
0
0
0
0
0
0
0
0
0
0
0
0
0
0
0
0
0
0
0
0
0
0
0
0
0
0
0
0
0
0
0
0
0
0
0
0
0
0
0
0
0
0
0
0
0
-1.60212e-16
0
5.16941e-17
0
0
0
0
0
0
0
0
0
0
0
0
0
0
0
0
0
0
0
0
0
0
0
0
0
0
0
0
0
0
0
0
0
0
-2.22566e-15
0
0
0
0
0
0
0
0
0
0
0
0
0
-2.23351e-15
0
0
0
0
0
0
0
0
0
0
0
0
0
0
0
4.46429e-17
0
0
0
0
0
0
3.41207e-16
0
0
0
-1.82129e-15
0
0
0
0
0
0
0
0
0
0
0
0
0
0
0
0
0
0
0
0
0
0
0
0
0
0
0
0
0
0
0
0
0
0
0
0
0
0
0
9.99469e-19
0
0
0
0
0
0
0
0
-2.14415e-12
0
0
0
0
0
0
0
0
0
0
0
0
0
0
0
0
0
0
0
0
0
-2.1569e-12
0
0
0
0
0
0
0
0
0
0
0
0
0
0
0
0
0
0
0
0
0
0
0
0
0
0
0
0
0
0
0
0
0
0
0
0
0
0
0
0
0
0
0
0
0
0
0
0
0
0
0
0
0
0
0
0
0
0
0
0
0
0
0
0
0
0
0
0
0
0
0
0
0
0
0
0
0
0
0
0
0
0
0
0
0
0
0
0
0
0
0
0
0
0
0
0
0
0
0
0
0
0
0
0
0
0
0
0
0
0
0
0
0
0
0
0
0
0
0
0
0
0
0
0
0
0
0
0
0
0
0
0
0
0
0
0
0
0
-8.15409e-12
0
0
0
0
0
0
0
0
0
0
0
0
0
0
0
0
0
0
0
0
0
-3.95788e-18
0
0
-3.46707e-16
0
0
0
0
0
0
0
0
0
0
0
0
0
0
0
0
0
0
0
0
0
0
0
0
0
0
0
0
0
0
-7.19671e-13
-8.15264e-13
0
0
0
0
0
0
0
0
0
0
0
0
0
0
0
0
0
0
0
0
0
0
0
0
0
0
0
0
0
0
0
0
0
0
0
0
0
0
0
0
0
0
0
0
0
0
0
0
0
0
0
0
0
0
0
0
0
0
0
0
0
0
0
0
0
0
0
0
0
0
0
0
0
0
0
0
0
0
0
0
0
0
0
0
0
0
0
0
0
0
0
0
0
0
0
0
0
0
0
0
0
0
0
0
0
0
0
0
0
0
0
0
0
0
0
0
0
0
0
0
0
0
0
0
0
0
0
0
0
0
0
0
0
0
0
0
0
0
0
0
0
0
0
0
0
0
0
0
0
0
0
0
0
0
0
0
0
0
0
0
0
0
0
0
0
0
0
0
0
0
0
0
0
0
0
0
0
0
0
0
0
0
0
0
0
0
0
0
0
0
0
0
0
0
0
0
0
0
0
0
0
-2.54219e-12
4.70056e-13
0
0
0
0
2.25761e-15
0
0
0
-2.51869e-15
0
0
0
0
0
0
0
0
0
0
0
-8.94848e-08
-7.21748e-08
-1.06925e-07
-6.7323e-08
4.0102e-08
-8.57866e-09
-7.38095e-09
-5.6602e-09
-4.14984e-08
1.93027e-09
-3.63397e-08
-6.26771e-08
-3.02537e-08
-4.72102e-08
-9.14596e-08
-5.99355e-08
-7.86846e-08
-6.26953e-08
-1.09919e-08
-4.6378e-08
-1.09443e-07
-8.77814e-08
-1.07918e-07
-7.6543e-08
-6.79786e-08
-3.51136e-08
-1.80889e-08
7.99038e-09
-3.22649e-08
-6.33711e-08
-1.92306e-08
-2.66883e-08
1.51302e-08
-2.28522e-08
2.13628e-08
2.57766e-08
-1.69877e-08
3.5366e-08
-1.39414e-08
4.22997e-09
5.03364e-08
9.13016e-09
5.81473e-08
6.3249e-08
1.42033e-08
3.64025e-08
5.41438e-08
7.84709e-08
2.79216e-08
8.5071e-08
9.84974e-08
2.45306e-08
0
0
0
0
0
0
0
0
0
0
0
0
0
0
0
0
0
0
0
0
0
0
0
0
0
0
0
3.69343e-16
0
-7.40849e-16
0
0
0
0
0
0
0
0
0
0
0
0
0
0
0
0
0
0
0
0
0
0
0
0
0
0
0
0
0
0
0
0
0
0
0
0
0
0
0
0
0
0
0
0
-7.59786e-09
3.66743e-08
0
0
2.43157e-08
7.35436e-08
5.07134e-08
6.40067e-09
1.36735e-08
6.12386e-08
5.95233e-08
1.02974e-08
0
0
0
0
0
0
3.38197e-08
8.68584e-08
6.44646e-08
1.54926e-08
4.11322e-09
4.79799e-08
4.26948e-08
4.35969e-09
4.43299e-08
-1.04187e-08
0
0
-1.18564e-08
3.10285e-08
-1.72743e-08
2.35245e-08
2.20747e-08
-2.09175e-08
0
0
7.40679e-09
5.73326e-08
0
0
-3.52175e-08
8.41942e-09
1.55494e-08
-2.45595e-08
-2.31718e-08
1.92431e-08
0
0
0
0
0
0
0
0
0
2.63261e-08
-1.51208e-08
0
0
-4.40349e-08
-5.66955e-09
0
0
0
-2.78507e-08
1.37495e-08
0
0
0
0
0
0
0
0
0
0
0
0
-3.82465e-08
1.25752e-09
0
-4.75251e-08
-1.23525e-08
9.08843e-16
0
0
0
0
0
0
0
0
0
0
0
0
0
0
0
0
0
-5.31872e-08
-1.94102e-08
0
0
0
-7.31869e-09
3.41278e-08
0
2.7928e-08
6.74704e-08
0
0
0
5.30537e-08
6.59766e-09
1.21016e-08
6.02654e-08
0
7.36671e-08
1.11222e-08
0
0
0
0
0
0
0
0
0
0
0
0
0
0
-2.91609e-08
-6.12232e-08
0
0
0
0
0
0
0
0
2.64821e-08
0
0
3.22727e-08
8.58668e-08
0
0
0
0
5.51707e-09
4.43709e-08
0
0
0
-3.11114e-08
-6.93993e-08
-6.48245e-08
-3.06558e-08
0
0
4.44268e-08
-7.85513e-09
0
0
0
0
0
0
0
0
0
0
0
0
0
6.06358e-08
7.0603e-08
0
0
0
0
-1.16961e-08
2.83861e-08
-1.88832e-08
2.25881e-08
0
0
0
0
0
0
0
0
0
0
-3.65704e-08
7.32858e-09
0
0
0
1.7082e-08
-2.35498e-08
-1.23372e-16
0
0
0
0
-2.03827e-08
-5.97985e-08
0
0
0
0
-8.64818e-08
-1.8824e-08
0
5.77846e-16
0
0
0
0
0
0
0
-4.5204e-08
-7.04344e-09
0
0
-2.89547e-08
1.23105e-08
0
0
0
0
0
0
0
0
0
0
0
0
0
0
0
0
0
0
0
0
0
0
0
0
0
0
0
0
0
0
0
0
0
5.18287e-31
0
-2.21507e-08
-5.55398e-08
0
0
0
0
0
0
0
0
0
0
0
0
0
0
0
3.34379e-14
0
0
0
0
0
-3.94139e-08
-1.18016e-10
-3.59813e-18
-4.98087e-08
0
0
0
0
0
0
0
0
0
0
0
0
0
0
0
0
0
0
0
0
1.8929e-16
0
0
0
0
0
0
0
0
0
0
0
0
0
0
0
-5.4897e-08
-2.02347e-08
0
0
0
0
0
0
0
0
0
0
0
0
0
0
0
0
0
0
0
0
0
0
0
-5.74964e-08
-9.13551e-08
-2.67815e-08
-6.10568e-08
0
0
0
0
0
0
0
0
0
0
0
0
0
0
0
0
0
0
0
0
0
0
0
0
0
0
-2.96986e-08
-6.82971e-08
0
0
0
0
0
0
0
0
0
0
0
0
0
0
0
0
0
0
0
0
0
0
0
0
0
0
0
1.01721e-15
0
-8.89443e-16
0
0
0
0
0
0
0
-6.48323e-08
-9.42056e-08
-9.13996e-08
-6.25722e-08
-1.20681e-15
1.87386e-15
0
0
0
0
0
0
0
0
0
0
0
0
0
0
0
0
0
0
0
0
0
0
0
0
0
0
0
0
0
0
0
0
0
0
0
0
0
0
0
0
0
0
3.63467e-15
0
0
0
0
0
0
0
0
0
0
0
0
0
0
-6.84604e-08
0
0
0
0
0
0
0
-7.81876e-08
-8.62285e-08
0
0
0
0
0
0
0
0
0
0
0
0
0
0
0
0
1.17299e-17
2.53856e-16
0
0
0
0
0
0
0
0
-4.01684e-18
-1.3512e-17
0
0
0
0
0
0
0
0
0
0
0
0
0
0
0
0
0
0
0
0
0
0
0
0
0
0
0
-3.48296e-08
0
0
0
0
0
0
0
0
0
-8.23508e-15
0
0
0
0
0
0
0
0
0
0
0
0
0
0
0
0
0
0
0
0
0
0
0
0
0
0
0
0
0
0
0
0
0
0
0
0
0
0
0
0
0
0
0
0
0
0
0
0
-8.10524e-08
-1.00934e-07
0
0
0
0
0
0
0
0
0
0
0
0
0
0
0
0
0
0
0
0
0
0
0
0
0
0
0
0
0
0
-4.4427e-08
0
0
0
0
0
0
0
0
0
0
0
0
0
0
0
0
0
0
0
0
0
1.29852e-16
0
0
0
0
0
0
0
0
0
0
0
0
0
0
0
0
0
0
0
-5.04561e-18
0
0
0
0
0
0
0
0
0
0
0
-1.14318e-07
-7.26288e-08
0
0
0
0
0
0
0
0
0
0
0
0
0
0
0
0
0
0
0
0
0
0
0
0
0
0
0
0
0
0
0
0
0
0
0
0
0
0
0
0
0
0
0
0
0
0
0
0
0
0
0
0
0
0
0
0
0
0
0
0
0
0
0
0
0
0
0
0
4.35012e-16
0
7.04572e-09
5.5147e-08
-5.57279e-08
-9.05533e-08
0
0
0
0
-2.93628e-16
0
0
0
0
0
0
0
0
0
0
-9.10953e-17
0
0
0
0
0
-8.2401e-08
-1.12229e-07
0
0
0
0
0
0
0
0
0
0
0
0
0
0
0
0
0
0
0
0
0
0
0
0
0
0
0
0
5.73026e-15
-7.45375e-15
0
0
0
0
0
0
0
0
0
0
0
0
0
0
0
0
0
0
0
0
0
0
0
0
0
0
0
0
0
0
0
0
0
0
7.99945e-16
3.08132e-15
0
0
0
0
0
0
2.86688e-17
-4.43089e-16
3.45728e-16
0
0
0
0
0
0
0
0
0
0
0
0
0
0
0
0
0
0
0
0
0
0
0
0
0
-5.51966e-15
0
0
0
0
0
0
0
0
0
0
0
0
0
0
0
0
0
0
0
0
0
0
0
0
0
0
0
0
0
0
0
0
0
-2.64246e-17
0
0
0
0
0
0
0
0
0
0
0
0
0
2.56308e-16
-6.15897e-16
0
0
0
0
0
0
0
0
0
0
0
0
0
0
0
0
0
0
0
0
0
0
0
0
0
0
0
0
0
0
0
0
0
0
0
0
-6.01917e-08
-9.62874e-08
0
0
0
0
0
0
0
0
0
0
0
0
0
0
0
0
0
0
0
0
0
0
0
0
0
0
0
0
0
0
0
0
0
0
0
0
0
-2.13665e-15
1.57468e-15
0
0
0
0
0
0
0
0
0
-5.21037e-15
0
0
0
0
0
-4.53484e-12
0
0
0
0
0
0
0
0
0
0
0
0
0
0
0
0
0
0
0
0
0
-2.46587e-17
-4.42918e-17
0
0
0
0
0
0
0
0
0
0
0
0
0
-3.77962e-17
0
0
0
0
0
0
0
0
0
0
0
0
0
0
0
0
0
0
0
0
0
2.40987e-17
0
0
0
0
0
0
0
0
0
0
0
0
0
0
0
0
0
0
0
0
0
0
0
0
0
0
0
0
0
0
0
0
0
0
0
0
0
0
0
0
0
0
0
0
0
0
0
0
0
0
0
0
0
0
0
0
0
0
0
2.80647e-16
0
0
0
0
0
0
0
0
0
0
0
0
0
0
0
0
0
0
0
0
0
0
0
0
0
-9.71625e-08
-6.95247e-08
2.3661e-16
0
0
0
0
0
0
0
0
0
0
0
0
0
0
0
0
0
0
0
0
0
0
0
0
0
0
0
0
0
0
0
-8.45735e-16
5.16793e-16
0
0
0
1.68741e-15
-4.38178e-17
3.55935e-19
0
0
0
0
0
0
0
0
0
0
0
0
0
-8.10759e-08
-1.10996e-07
0
0
0
0
0
0
0
0
0
0
0
0
0
0
0
0
0
0
0
0
0
0
0
0
0
0
0
0
0
0
0
0
0
0
0
0
0
0
0
0
0
0
-7.6568e-17
4.60784e-17
0
0
0
0
0
0
0
-1.93529e-15
-7.36845e-16
0
0
0
0
0
0
0
0
0
0
0
0
0
0
0
0
0
0
0
0
0
0
0
0
0
0
6.06595e-16
0
0
0
0
0
0
0
0
0
0
0
0
0
0
0
0
0
-3.45115e-12
7.57601e-13
0
0
0
0
0
0
0
0
0
0
0
0
0
0
0
0
0
0
0
0
0
0
0
0
0
0
0
0
0
0
0
0
0
0
0
0
0
0
0
0
0
0
0
0
0
0
0
0
0
0
0
0
0
0
0
0
0
0
0
0
0
0
0
0
0
0
0
0
0
0
0
0
0
0
0
0
0
0
0
0
0
0
0
0
0
0
0
-9.68597e-08
-8.28234e-08
0
0
0
0
0
3.88968e-16
1.17256e-15
0
0
0
0
0
0
0
0
0
0
0
0
0
0
0
0
0
0
0
0
0
0
0
0
0
0
0
0
0
0
0
0
0
0
0
0
0
0
0
-1.08465e-07
-9.13323e-08
0
0
0
0
0
0
0
0
0
0
0
0
0
0
0
0
0
0
0
0
0
0
-1.78481e-15
0
0
0
0
0
0
0
0
0
0
0
0
0
0
0
0
0
0
0
0
0
0
0
0
0
0
0
0
0
0
0
0
0
0
0
0
0
0
0
0
0
0
0
0
0
0
0
0
0
0
0
0
1.32442e-16
7.34276e-16
0
0
0
0
0
0
7.31528e-17
0
0
0
0
0
0
0
0
0
0
0
0
0
0
0
0
0
0
0
0
0
0
0
0
0
0
0
0
0
0
0
0
0
0
0
0
0
0
0
0
3.3242e-15
0
0
0
0
0
-1.16401e-16
0
0
0
-2.64914e-13
0
0
0
0
0
0
0
0
0
-1.07542e-07
-8.20334e-08
0
0
0
0
0
0
0
0
0
0
0
0
0
0
0
0
0
0
0
0
0
3.30549e-16
0
0
0
0
0
0
0
0
0
0
0
0
0
0
0
0
0
0
0
0
0
0
0
0
0
0
0
0
0
0
0
0
0
0
0
0
-1.69646e-16
0
0
0
0
0
0
0
0
0
0
0
0
0
0
0
0
0
0
5.23143e-17
4.18609e-16
0
0
0
0
0
0
0
0
0
0
0
0
0
0
0
0
0
0
0
0
0
0
0
0
0
0
0
0
0
0
0
0
0
0
0
0
0
0
0
-4.37076e-16
-7.73712e-16
0
0
0
0
0
0
0
0
0
0
0
0
0
0
3.29496e-16
0
0
0
0
0
0
0
0
0
0
0
0
0
0
0
0
0
0
0
0
0
0
0
0
0
0
0
0
0
0
0
0
0
0
0
0
0
0
0
1.26866e-15
0
0
0
0
0
0
0
0
0
0
0
0
0
0
0
0
0
0
0
0
0
0
0
-7.01011e-17
0
-1.17624e-16
0
0
0
0
0
0
0
0
0
0
0
0
0
0
0
0
0
0
0
0
0
0
0
0
0
0
0
0
0
0
0
0
4.22327e-16
0
2.6104e-31
0
0
0
0
0
0
0
0
0
0
0
0
0
0
0
0
0
0
0
0
0
0
0
0
0
0
0
0
0
0
0
0
0
0
0
0
0
0
0
0
0
0
0
0
0
0
-4.7729e-16
0
0
0
0
0
0
0
0
0
0
0
0
0
0
0
0
0
0
0
0
0
0
0
0
0
0
0
0
0
0
0
0
0
0
0
0
0
1.03489e-16
0
0
0
0
0
0
0
0
0
0
0
0
0
0
0
0
0
-7.05661e-18
0
0
0
0
0
1.73118e-16
0
0
0
0
-6.02838e-16
0
0
0
0
0
0
0
0
0
0
0
0
0
0
0
0
0
0
0
0
0
0
0
0
0
-4.09862e-16
1.20489e-16
1.88703e-16
0
0
0
0
0
0
0
0
0
0
0
0
0
0
0
0
0
0
0
0
0
0
0
0
0
0
0
0
0
0
0
0
0
0
0
0
0
0
0
0
0
0
0
0
0
0
2.75942e-16
0
0
0
0
0
0
0
0
0
0
0
0
0
0
0
0
0
0
0
0
0
0
0
0
0
0
0
0
0
0
0
0
0
0
1.01703e-16
9.58807e-17
0
0
0
0
0
0
0
0
0
0
0
0
0
0
0
0
0
0
0
0
0
0
2.38549e-12
0
2.36684e-12
2.28927e-12
0
0
1.15011e-12
2.02251e-12
2.51838e-12
0
0
0
0
0
0
0
0
0
0
0
0
0
0
0
6.4013e-17
0
0
0
0
0
2.66729e-12
0
0
0
0
0
0
0
0
0
0
2.78547e-12
2.87027e-12
-8.61733e-17
2.3432e-16
0
2.99716e-17
0
0
0
0
0
0
0
0
0
0
0
0
0
0
0
0
0
2.62119e-17
0
0
0
0
2.71766e-12
0
0
3.21419e-12
0
-2.8482e-15
0
0
0
0
0
0
0
0
0
0
0
0
0
0
0
0
0
0
0
0
0
0
0
0
0
0
0
0
2.86717e-12
3.01875e-12
0
0
0
-6.00917e-16
0
0
0
2.92631e-12
0
0
0
0
0
0
0
0
0
-4.46866e-09
-4.01684e-08
0
0
0
0
0
-6.65514e-17
0
0
0
0
3.38729e-12
-1.01178e-33
0
0
0
0
0
0
0
0
0
0
0
0
0
0
0
0
0
0
0
0
0
0
0
0
0
0
0
4.31376e-17
-5.33958e-16
0
0
0
3.17803e-12
3.57249e-12
0
0
0
0
0
0
0
0
0
0
0
0
0
0
0
0
0
0
0
0
0
0
0
0
0
0
0
0
0
0
0
0
0
0
0
-2.13786e-15
-1.71496e-15
0
1.44925e-12
0
0
0
0
0
0
0
2.83725e-12
0
0
0
0
2.55847e-12
2.35785e-12
1.89562e-12
0
0
0
0
0
6.11446e-15
0
0
0
0
0
0
0
0
0
0
0
0
0
0
0
0
4.23473e-16
0
0
0
0
0
0
0
0
0
0
0
0
0
1.50551e-12
0
0
-1.58373e-16
0
0
4.00867e-12
0
0
0
0
0
0
0
0
0
0
0
0
0
0
0
0
0
0
0
0
0
0
0
0
0
0
0
-1.57738e-16
0
2.64751e-12
2.63151e-12
0
0
0
0
0
0
0
0
0
0
0
0
0
0
2.69196e-12
2.72317e-12
0
0
0
3.16368e-12
-5.59812e-16
8.74402e-16
0
0
0
0
8.21959e-17
0
0
0
0
0
0
0
0
0
0
0
0
0
0
5.44132e-16
7.34386e-16
-3.63216e-16
-9.67278e-08
-7.53957e-08
0
0
0
0
0
0
0
0
0
0
0
0
0
0
0
0
0
0
0
0
0
0
0
0
-7.97991e-13
-7.34804e-13
3.82173e-12
3.28223e-12
0
0
0
0
0
0
0
0
0
0
0
-3.28831e-16
-3.70003e-12
-6.31612e-12
0
0
0
0
0
0
0
-8.64688e-09
-4.61842e-08
0
0
0
0
0
0
3.02198e-12
0
0
0
0
0
0
0
0
0
0
0
0
0
2.06997e-15
0
0
0
0
0
0
0
0
0
0
-2.63359e-16
0
0
0
6.20735e-12
-1.15071e-15
0
-6.8003e-16
0
0
0
0
2.79003e-12
0
0
0
0
0
0
0
0
0
0
0
0
0
0
0
0
0
0
0
0
0
0
0
0
0
0
0
2.85761e-12
0
0
0
0
3.03535e-33
0
0
0
0
0
2.3429e-12
0
0
0
0
0
0
0
0
0
0
0
0
0
0
0
0
0
0
0
-3.0961e-12
0
0
4.60256e-16
0
5.27275e-16
0
4.78976e-12
0
0
0
0
0
-2.25485e-16
-8.9536e-16
0
0
0
0
0
0
0
0
0
0
0
0
0
0
0
-5.09117e-17
0
2.52372e-12
0
0
3.10492e-12
0
0
0
0
-9.52997e-08
-4.57772e-08
0
0
0
0
0
0
0
0
0
0
0
0
0
0
0
0
0
0
0
0
0
0
0
0
0
1.77398e-16
0
0
0
0
0
0
0
0
-8.31215e-16
0
0
7.96155e-16
6.51214e-16
0
0
0
0
0
0
0
0
0
0
0
0
0
0
0
0
0
0
0
0
0
0
0
4.89311e-12
0
0
0
0
0
0
0
0
0
0
0
0
0
0
0
0
0
0
0
0
0
0
0
0
2.64762e-15
0
0
0
0
0
0
3.80451e-16
0
0
0
0
0
0
0
0
0
1.30728e-16
0
0
0
0
0
0
0
0
0
0
0
1.98631e-16
-2.29163e-17
0
0
0
0
0
0
3.39675e-16
0
0
0
0
0
0
0
0
0
0
0
0
0
0
-1.10738e-07
-9.15914e-08
0
0
0
0
0
0
0
0
0
0
0
0
0
0
0
0
0
0
0
0
0
0
0
0
0
0
0
0
0
0
0
0
0
0
0
0
0
0
0
0
0
0
2.88905e-12
0
0
0
0
0
0
0
0
0
0
0
0
0
0
0
0
0
0
-6.66849e-17
1.10787e-16
2.31555e-16
0
0
-3.11036e-13
0
0
0
0
0
0
0
0
0
0
0
0
0
5.26375e-13
7.41686e-13
0
0
0
0
0
0
0
0
0
0
0
0
0
0
0
0
0
0
0
0
0
0
0
0
0
0
0
0
0
0
0
0
0
0
0
0
0
0
0
6.23619e-16
0
0
0
0
0
0
0
0
0
5.64358e-16
0
0
0
0
0
0
0
0
0
0
0
0
-1.08702e-15
-7.36359e-16
2.61685e-19
0
0
0
0
0
0
0
0
0
0
0
0
0
0
0
0
0
0
0
0
0
0
0
0
0
0
0
0
0
0
0
0
0
0
0
0
0
0
0
0
0
0
-5.34922e-17
0
0
0
0
0
0
0
0
0
0
0
0
-3.74164e-16
0
0
0
0
0
0
0
0
0
0
0
0
0
0
0
7.26367e-12
7.9698e-17
1.03459e-16
0
0
0
-2.51005e-16
-5.7046e-16
0
0
0
0
0
0
0
0
0
0
0
0
0
0
0
0
0
0
0
0
0
0
2.81587e-17
0
0
0
0
0
0
1.43609e-15
0
0
-1.25999e-15
-2.33513e-15
0
0
0
0
0
0
0
0
0
0
0
0
0
0
0
0
0
0
9.99691e-16
-2.48983e-16
0
0
0
0
1.18355e-15
0
0
0
0
0
0
0
0
0
0
0
9.60722e-17
0
0
0
0
0
0
0
0
0
0
0
0
0
0
0
0
0
0
0
0
0
0
1.06652e-16
-1.92721e-16
0
0
0
0
0
0
0
0
0
0
0
-6.35663e-16
0
0
0
0
0
0
0
0
0
0
0
0
0
0
0
0
0
0
0
0
-1.69568e-16
0
0
0
0
0
0
-1.21254e-15
0
0
2.5133e-16
0
0
1.96591e-16
-5.57176e-16
0
0
0
0
0
0
0
0
0
0
0
0
0
0
0
0
0
0
0
0
0
0
0
0
0
0
0
0
0
0
0
-1.45226e-15
0
0
0
2.65001e-09
0
0
0
0
0
0
0
0
0
0
0
0
0
0
0
0
0
0
0
6.28417e-16
-5.63184e-16
0
0
0
0
0
0
0
-3.56121e-15
0
0
0
0
-6.68208e-16
0
0
0
0
0
0
0
0
3.65277e-16
0
0
0
0
0
-3.4468e-15
0
0
0
0
0
0
5.91331e-13
-3.26284e-16
-1.32707e-16
0
0
0
0
0
0
0
0
0
0
0
0
0
0
0
0
0
0
0
0
0
0
0
0
0
0
0
0
0
0
0
0
0
0
-6.51106e-17
-2.87211e-16
0
0
-8.35501e-08
0
0
0
0
0
0
0
7.07938e-15
0
0
0
0
0
0
0
0
-2.58005e-31
-2.82275e-16
6.7075e-12
0
0
0
0
0
0
3.62456e-12
0
0
0
0
2.83056e-15
0
0
-4.69484e-16
0
0
0
0
0
0
0
0
0
0
0
0
0
0
0
0
0
0
-3.63399e-17
-8.29478e-16
0
0
0
0
0
0
0
0
0
0
0
-1.5764e-15
0
0
0
0
0
0
0
0
4.53032e-17
1.03657e-30
0
0
0
0
0
0
3.205e-08
0
0
0
0
0
7.67126e-13
0
0
0
0
0
0
0
0
0
0
-3.77869e-16
0
0
0
0
0
0
0
0
0
0
0
0
0
0
0
0
0
0
0
0
0
0
0
0
-2.1915e-15
0
0
0
0
0
-4.19583e-08
0
0
7.7883e-16
0
0
0
0
0
0
0
0
0
0
0
0
0
0
0
0
0
0
0
0
0
0
0
0
0
0
0
0
0
0
0
0
0
0
0
0
0
0
0
0
0
0
0
0
0
0
0
0
0
0
0
0
0
0
0
0
0
0
0
0
0
-1.9713e-15
0
0
0
-1.45884e-16
0
-1.63835e-15
0
0
0
0
0
0
0
0
0
0
0
0
0
0
0
0
0
0
0
1.84018e-15
4.15125e-15
0
0
0
0
0
0
0
0
0
-1.10949e-16
0
0
0
0
0
0
0
0
0
0
0
0
0
0
0
0
0
0
0
0
0
0
0
0
0
0
0
0
0
0
0
0
0
0
0
0
0
0
0
0
0
0
0
0
0
0
0
0
0
0
0
0
0
0
0
0
0
0
0
0
0
-2.10433e-17
0
0
3.20237e-12
0
0
0
0
0
0
0
0
0
0
0
0
0
0
0
0
0
0
0
0
0
0
0
2.833e-16
0
0
-1.39542e-16
2.85748e-17
0
-8.17213e-13
0
0
0
0
0
0
0
0
0
9.91547e-13
7.09969e-13
0
0
0
0
0
0
0
0
1.76389e-14
-2.5252e-12
0
0
0
0
0
0
0
0
0
0
0
-2.67179e-16
0
0
0
0
6.06149e-13
0
0
0
0
0
0
0
0
0
0
0
0
0
0
0
0
0
0
0
0
0
0
0
0
0
0
0
0
0
0
0
0
0
0
0
0
0
0
-2.92291e-16
0
0
-2.0696e-16
4.63013e-16
0
-2.5761e-19
0
0
0
0
0
0
0
0
0
0
0
0
0
0
1.13564e-12
0
0
0
0
-5.37142e-16
-5.69249e-09
2.35668e-12
0
0
0
0
0
0
0
0
0
0
0
0
0
0
0
0
3.58683e-16
0
0
0
0
0
0
3.00745e-18
0
0
0
0
0
0
0
0
0
1.18146e-16
0
0
0
0
0
0
0
0
0
0
0
0
0
0
0
0
0
0
0
0
0
0
0
0
0
0
-3.21595e-15
2.06107e-16
0
0
0
0
0
0
0
0
0
0
3.74493e-08
0
1.85473e-07
0
0
0
0
0
-1.73346e-16
-7.23259e-17
0
0
0
0
0
0
0
0
3.79406e-08
1.93817e-12
0
0
-2.02738e-12
5.79696e-13
0
0
0
0
0
0
0
0
0
0
0
0
0
0
-4.86425e-16
0
0
0
0
0
0
0
0
0
5.19045e-31
-6.52396e-17
0
0
0
0
4.84146e-16
-5.37551e-16
0
0
0
0
0
1.00434e-17
0
0
0
0
2.99399e-16
0
0
0
0
0
0
0
0
0
0
0
0
0
0
0
0
0
0
0
0
0
5.29573e-16
0
0
0
0
-4.43286e-16
9.28667e-16
0
0
0
0
0
0
0
0
0
0
0
0
-1.52456e-15
0
0
0
0
0
2.28329e-16
-2.07921e-16
0
0
0
0
0
0
-4.27284e-16
0
0
0
0
0
0
0
0
0
0
0
0
0
0
0
0
1.87526e-14
0
-2.01649e-15
-2.27447e-15
0
0
0
0
0
0
0
0
0
1.36052e-12
1.03052e-12
0
0
0
0
0
0
0
0
0
0
0
0
0
0
0
0
0
0
0
0
0
0
0
0
0
-5.07114e-16
8.53558e-08
0
0
1.33306e-11
0
0
0
0
0
0
0
0
0
0
0
4.17338e-16
0
0
0
0
0
0
0
0
0
0
0
0
0
0
0
0
0
0
0
0
0
0
0
0
0
0
2.88751e-12
2.93633e-08
2.32202e-12
0
0
0
0
0
0
0
0
0
0
0
0
-8.01576e-17
7.80636e-17
0
0
0
0
0
0
0
0
0
0
0
0
0
0
0
0
0
0
0
0
0
0
0
0
0
0
0
0
0
0
0
0
0
0
0
0
-5.16483e-16
0
1.55946e-17
0
0
0
0
0
0
0
0
0
0
0
0
0
0
0
0
0
0
0
0
0
0
0
0
0
0
0
0
0
0
0
0
0
0
0
0
0
0
0
-2.69081e-12
0
0
0
-4.43646e-12
1.57002e-15
0
0
0
0
0
3.36141e-12
3.85873e-08
0
0
0
0
-3.24537e-17
0
0
0
0
-1.56561e-12
0
0
0
0
0
0
0
0
0
0
0
0
0
0
0
0
0
7.46353e-08
4.90495e-12
-3.60623e-19
0
0
0
0
0
0
0
0
0
0
0
0
0
0
0
0
0
0
0
0
6.26193e-13
0
0
0
-2.52895e-14
1.36312e-15
0
0
0
3.46799e-16
0
-2.40853e-12
0
0
0
0
0
0
1.79131e-16
0
0
0
0
0
0
0
0
0
0
0
0
0
0
0
0
0
0
0
0
0
0
0
0
8.75992e-18
0
0
0
0
0
0
0
0
0
-8.58334e-13
0
0
0
0
0
0
0
-7.6967e-08
-3.14821e-08
0
-6.42609e-17
0
0
0
0
-1.63608e-16
0
0
0
0
0
3.96471e-14
-3.72078e-12
0
0
-5.8744e-08
0
0
0
0
0
0
0
0
0
0
0
0
0
0
0
0
0
0
0
0
0
0
0
0
0
0
0
0
-3.4318e-08
0
0
-1.91208e-12
2.97035e-13
0
0
0
0
0
0
0
0
0
0
0
0
0
0
0
-4.5006e-16
0
0
0
0
0
0
0
0
0
0
0
0
3.82074e-08
0
0
0
0
0
0
0
-2.41842e-12
0
0
0
0
0
0
0
0
0
0
0
0
0
0
0
0
0
2.38163e-15
0
0
0
0
0
0
0
1.25823e-11
0
0
0
0
0
0
0
0
0
0
0
0
0
0
0
0
0
0
0
0
0
0
0
0
5.52575e-16
4.28475e-16
0
0
0
0
0
0
0
7.92222e-17
0
0
0
0
0
0
0
0
0
0
0
0
0
0
0
0
0
0
0
0
0
0
0
0
0
0
0
0
0
0
0
0
0
0
0
0
0
0
-7.74114e-08
2.09359e-12
0
0
-5.34113e-18
0
0
-2.38406e-17
-4.69136e-17
0
0
0
0
0
0
0
0
0
0
0
0
0
0
0
0
0
0
0
0
6.78966e-13
4.88838e-13
0
0
0
0
0
0
0
0
0
0
0
0
0
0
0
0
-3.19163e-12
0
0
0
0
0
0
0
0
-5.0121e-12
3.27535e-12
9.87428e-17
0
0
0
-2.26324e-08
0
0
1.02816e-08
0
3.85454e-09
2.94509e-12
0
0
2.43272e-18
0
0
0
0
0
0
0
0
0
0
0
8.6085e-09
3.28641e-18
3.07803e-15
0
0
0
0
0
0
-5.49834e-16
0
0
0
0
0
0
0
0
0
6.40738e-08
0
-5.69407e-17
0
0
0
0
0
0
0
0
0
-1.37198e-12
0
0
0
0
0
0
0
0
0
0
0
0
0
0
0
0
0
0
0
0
0
-5.69246e-16
0
0
0
0
0
0
0
0
8.11623e-17
0
0
2.84889e-16
-2.68557e-17
0
0
4.22026e-15
0
0
0
0
0
0
0
0
0
0
0
-7.11082e-13
0
0
0
0
0
0
0
1.90712e-12
2.10743e-08
0
0
0
0
0
1.47845e-17
0
0
0
0
0
0
0
0
0
0
0
-7.03581e-08
0
0
0
0
0
0
0
0
0
0
0
0
0
0
0
0
-1.20064e-08
0
0
0
0
0
0
0
0
0
0
0
0
0
0
0
0
0
0
0
0
-3.25903e-16
-1.96151e-17
0
0
0
0
0
0
0
0
0
0
0
0
0
0
0
0
0
0
0
0
0
0
0
0
0
0
0
0
0
0
8.16704e-13
0
0
0
9.70524e-18
-5.80749e-16
0
0
0
0
0
0
5.93266e-16
0
0
0
0
0
0
0
0
0
0
0
-1.74002e-16
0
0
0
2.65658e-12
-8.28872e-09
0
0
0
0
0
0
-2.75481e-16
0
0
0
0
0
0
0
0
0
0
0
0
0
0
0
0
0
0
0
0
0
0
0
0
0
0
0
0
0
0
0
0
0
0
0
0
0
0
0
0
0
0
0
0
0
0
0
0
0
0
0
0
0
-5.91769e-16
0
0
0
0
0
0
0
0
0
0
0
0
2.99894e-15
0
0
0
0
0
0
0
0
0
0
0
0
0
0
1.85096e-16
0
0
0
0
0
0
0
0
0
0
0
0
0
2.3151e-16
0
0
0
0
0
0
0
0
0
0
0
0
0
0
0
0
0
0
0
0
0
0
0
0
0
0
0
0
0
9.08774e-08
0
0
0
0
0
0
0
0
0
0
0
0
0
0
0
0
0
0
0
0
0
0
0
0
0
0
2.04792e-16
0
0
0
0
6.51164e-13
0
0
0
0
0
0
0
0
0
0
0
0
0
0
1.02146e-16
0
0
0
0
0
4.61388e-13
0
0
0
0
0
5.08929e-08
2.45952e-12
7.36532e-08
-7.79639e-15
0
0
0
0
0
0
0
0
0
0
8.75194e-17
3.09459e-17
0
0
0
7.83876e-08
0
0
0
0
0
0
0
0
0
0
0
0
0
0
0
0
0
0
0
0
0
0
0
-2.47324e-15
0
0
0
0
0
0
-7.96418e-08
0
0
0
0
0
-7.74005e-13
-2.84232e-08
0
0
0
0
0
-5.78967e-08
0
0
0
-8.87133e-17
-2.69715e-08
0
0
0
0
9.32422e-13
6.65677e-13
-5.92788e-08
0
0
0
0
0
0
0
0
4.17166e-13
5.0699e-13
0
0
0
2.87521e-09
0
0
-1.06787e-15
0
0
0
0
-6.41772e-16
0
0
0
0
0
0
0
0
-1.62134e-16
0
0
0
0
0
1.95021e-12
9.27691e-08
0
0
0
0
7.90449e-08
0
0
0
0
0
0
0
0
0
0
0
0
9.69852e-08
0
0
0
-1.97027e-11
1.13412e-12
0
0
0
0
0
0
0
0
0
0
0
0
0
0
0
0
0
0
0
0
0
0
0
0
0
0
0
0
0
6.56489e-13
6.02419e-13
0
-1.46428e-17
5.37569e-16
0
0
0
0
0
0
0
0
-2.213e-16
-1.61485e-15
0
0
0
6.14419e-13
0
0
0
0
0
0
-5.87575e-17
0
0
0
0
0
0
3.31543e-17
0
0
0
0
0
0
0
0
-1.18688e-16
2.81236e-17
0
0
0
0
0
0
0
0
7.5922e-17
-4.66889e-18
0
0
0
0
0
0
0
0
0
0
6.91667e-13
0
0
0
-7.65595e-13
0
-5.61342e-13
0
0
0
0
0
0
0
0
0
0
0
0
0
0
0
-5.8431e-13
0
0
0
0
0
0
0
0
0
0
0
0
-2.47158e-16
6.9562e-17
0
0
0
0
0
0
0
1.48874e-12
1.97201e-12
0
0
0
0
0
0
0
0
0
0
0
0
0
0
0
3.44577e-16
0
0
0
0
0
0
0
0
0
0
0
0
0
0
0
0
0
0
0
7.98348e-08
0
0
0
0
0
0
0
0
0
0
2.29192e-16
0
0
0
0
1.32008e-16
0
0
0
-7.73058e-17
0
0
0
0
0
-1.23872e-07
0
0
0
0
0
0
0
0
0
0
0
0
-6.81713e-17
0
0
0
0
0
0
0
0
0
0
0
0
0
0
0
0
0
0
0
0
0
0
0
0
-5.49411e-13
0
0
0
0
0
0
0
0
0
0
0
0
0
0
0
0
0
0
0
0
0
0
3.05637e-08
0
0
0
0
0
0
0
0
0
0
0
0
0
0
0
0
0
0
0
0
0
0
0
-8.09428e-33
4.01756e-15
6.83315e-16
0
0
0
0
-9.06593e-13
0
-7.78132e-13
0
0
-5.06348e-16
2.11027e-15
0
0
8.54601e-13
0
0
0
0
0
0
0
-6.30847e-13
0
0
0
-1.42912e-17
0
0
0
0
0
0
0
0
0
-7.14089e-17
0
0
0
0
0
0
0
2.23212e-12
0
0
0
0
0
0
0
0
-1.03374e-16
2.10826e-16
0
7.288e-17
0
0
0
0
0
0
0
0
0
0
0
0
0
0
0
0
0
0
0
0
0
0
0
0
0
0
0
0
0
0
0
0
0
2.60865e-12
2.99427e-08
0
0
0
0
-1.32254e-12
0
-9.31413e-16
9.2834e-15
0
0
0
0
0
0
0
0
0
0
0
0
0
4.47565e-13
4.68985e-13
0
0
6.12249e-18
0
0
-3.9607e-17
0
0
0
0
0
0
0
0
0
0
0
0
0
0
0
0
0
0
0
0
0
0
0
-7.02821e-16
0
0
0
0
0
0
0
0
0
0
0
0
0
0
0
0
0
0
0
0
0
0
0
0
0
0
0
3.75296e-13
0
-7.80547e-17
0
0
0
0
0
0
0
0
0
0
0
0
0
0
0
0
0
0
0
-5.93077e-17
0
1.75514e-16
-7.77919e-13
-1.6751e-11
0
0
0
8.70222e-16
0
0
0
0
0
0
0
0
0
0
1.67335e-16
-8.47494e-13
0
0
0
0
0
0
0
0
0
0
0
0
0
0
0
0
0
0
0
0
0
7.09782e-13
1.7907e-16
-3.72937e-13
0
0
0
1.67722e-16
0
2.87613e-16
0
0
0
0
0
0
0
1.00012e-16
-7.89109e-13
0
0
0
0
0
0
0
0
0
0
0
0
-6.13236e-15
0
1.73313e-18
0
-7.38735e-13
5.34284e-13
0
0
0
0
0
0
0
0
0
0
0
0
0
0
0
0
0
0
0
0
0
0
0
5.32428e-13
-7.12046e-17
0
0
0
0
0
0
-5.57563e-17
0
0
0
0
0
0
0
0
0
0
0
0
1.0232e-07
0
0
3.02952e-16
0
0
0
0
0
0
0
0
0
0
0
0
0
0
0
0
0
0
0
0
0
0
0
0
0
7.18304e-17
0
0
0
0
0
0
0
0
0
0
0
0
0
0
0
0
0
0
0
0
0
0
0
0
0
0
0
0
0
8.01131e-13
0
0
0
-7.85394e-19
-7.44056e-13
0
0
0
0
0
0
0
0
0
0
0
0
0
-1.55162e-15
0
0
0
0
0
0
0
0
0
-1.27206e-16
0
0
0
0
0
0
0
0
0
0
0
0
7.37029e-16
0
0
0
0
0
0
0
0
0
-1.08825e-16
-7.80039e-13
0
0
0
0
0
1.41844e-15
0
0
-2.70025e-16
0
0
5.69979e-13
0
0
0
4.10791e-17
0
-2.0154e-16
0
0
0
0
0
0
0
0
0
4.93922e-13
0
0
0
0
0
0
0
-1.64665e-15
0
0
3.21287e-18
0
0
0
0
-1.56059e-16
0
0
0
0
0
0
-8.14068e-13
0
5.56056e-17
0
0
0
0
0
0
6.67279e-13
0
-6.10984e-13
0
0
0
0
0
0
0
0
5.7194e-16
1.57679e-15
0
0
0
0
0
0
0
0
0
0
0
0
0
0
0
4.28678e-13
0
0
0
0
0
0
0
0
6.1574e-13
0
0
0
0
0
0
0
0
0
0
0
0
0
0
0
-1.13337e-17
0
0
0
0
0
0
0
-9.36325e-16
0
0
0
2.04346e-12
0
0
0
0
0
2.45843e-16
0
0
0
0
0
0
0
0
0
0
0
0
0
0
0
0
0
0
9.41424e-16
0
0
0
0
0
0
0
0
0
0
-1.1953e-16
0
0
0
0
0
6.07006e-13
0
0
0
0
0
0
0
0
-2.78297e-12
0
0
0
0
0
-6.52719e-13
0
-6.37983e-13
0
8.9548e-16
0
0
0
0
-2.53675e-17
0
0
3.79419e-34
0
0
0
0
0
0
0
0
0
0
0
0
0
0
0
0
0
-8.64766e-13
0
4.46256e-13
0
0
0
0
1.45861e-16
0
6.76795e-13
-2.02636e-13
0
0
0
5.96927e-16
6.80728e-13
0
-8.8025e-13
0
0
0
0
0
0
0
0
0
0
0
0
0
0
0
0
0
-7.3857e-13
0
0
0
0
0
0
0
0
0
0
0
0
0
0
0
0
0
0
0
0
0
0
0
0
0
0
0
0
0
-5.30633e-13
0
0
0
-7.73496e-17
0
0
0
0
6.15494e-13
0
0
0
0
0
0
0
0
0
0
0
-7.20745e-13
0
0
0
-7.121e-16
0
0
0
0
0
0
0
0
0
0
0
-6.34765e-13
0
0
0
0
0
0
0
-1.00422e-14
0
0
0
0
0
0
0
0
0
0
0
0
0
0
0
0
0
0
0
0
0
0
0
0
0
0
0
0
0
0
0
0
0
0
7.0726e-08
0
0
4.13356e-16
0
0
0
0
0
0
0
0
0
0
0
0
0
0
0
0
0
5.72285e-13
0
0
0
0
0
0
0
0
0
0
0
0
0
0
0
0
0
0
0
0
0
0
0
0
5.98227e-13
5.8087e-13
0
-6.96219e-13
1.15715e-16
0
0
0
0
0
0
0
4.14749e-16
0
0
0
0
0
-6.54014e-17
0
0
0
0
0
0
0
0
0
0
0
0
0
-6.13314e-13
0
0
0
0
6.27546e-13
0
6.57645e-15
0
0
0
0
0
0
0
0
0
0
2.26924e-16
0
0
0
0
0
4.45993e-17
0
-3.13038e-16
-4.61647e-08
0
-2.51697e-16
0
0
0
0
0
0
0
0
-3.05473e-16
9.60496e-16
0
0
0
0
0
3.91843e-13
1.71701e-16
0
0
0
0
0
0
0
0
0
0
0
3.86015e-16
1.13665e-12
0
0
0
0
3.533e-16
0
0
0
0
0
0
0
0
-8.01414e-16
-5.67729e-13
1.41691e-16
-3.72442e-17
0
0
0
0
0
0
0
0
5.15629e-13
0
0
2.07011e-30
0
0
0
0
1.34387e-14
0
0
0
0
-6.80903e-13
0
-1.03054e-16
0
2.38961e-16
0
0
0
0
0
0
0
0
-5.70492e-13
0
0
5.69918e-13
0
0
0
0
0
-5.4001e-13
0
0
0
0
0
0
0
-5.75121e-17
9.8735e-16
7.68686e-16
0
0
5.89214e-13
0
0
0
0
0
0
0
0
0
0
0
0
0
0
0
0
0
0
0
0
0
0
0
0
0
0
-9.51216e-16
0
2.90139e-17
0
0
0
0
0
0
0
0
-9.11406e-17
0
0
)
;

boundaryField
{
    frontback
    {
        type            empty;
        value           nonuniform List<scalar> 0();
    }
    topbottom
    {
        type            calculated;
        value           uniform 0;
    }
    outlet
    {
        type            calculated;
        value           nonuniform List<scalar> 0();
    }
    inlet
    {
        type            calculated;
        value           uniform 0;
    }
    walls
    {
        type            calculated;
        value           nonuniform List<scalar> 
135
(
2.72113e-07
1.29699e-07
2.36509e-07
-2.05992e-07
2.56854e-07
1.34785e-07
2.21251e-07
-8.39226e-08
3.22975e-07
3.48406e-07
-6.35777e-08
-8.90088e-08
9.40951e-08
6.8664e-08
1.85647e-07
2.77199e-07
3.0263e-07
2.51768e-07
2.31423e-07
1.1444e-07
3.94182e-07
3.68751e-07
2.05992e-07
1.39871e-07
4.83191e-08
1.65302e-07
2.2888e-08
2.54311e-09
-1.78018e-08
-4.32329e-08
-1.09354e-07
-1.34785e-07
-1.5513e-07
-1.80561e-07
-2.00906e-07
-2.26337e-07
-2.46682e-07
-5.84915e-08
-1.95819e-07
-1.1444e-07
-1.50043e-07
-1.39871e-07
-2.41595e-07
-1.60216e-07
-1.04267e-07
-9.40951e-08
-6.8664e-08
-3.81466e-08
-1.27155e-08
-2.54311e-09
-1.29699e-07
5.34053e-08
1.78018e-08
7.62933e-09
-2.2888e-08
9.91813e-08
2.79742e-08
7.37502e-08
1.19526e-07
1.44957e-07
-5.34053e-08
-1.90733e-07
-1.19526e-07
-1.44957e-07
-1.70388e-07
1.80561e-07
-2.11078e-07
-2.36509e-07
-9.91813e-08
2.00906e-07
1.90733e-07
-7.37502e-08
-2.6194e-07
-3.30604e-08
-7.62933e-09
5.84915e-08
1.27155e-08
1.60216e-07
2.11078e-07
1.04267e-07
3.30604e-08
1.5513e-07
7.88364e-08
1.24612e-07
1.50043e-07
2.97544e-07
1.75475e-07
1.95819e-07
3.17889e-07
3.07716e-07
2.16164e-07
3.28061e-07
2.41595e-07
3.63665e-07
2.6194e-07
3.73837e-07
-1.24612e-07
2.92458e-07
3.89096e-07
3.12802e-07
3.33147e-07
3.8401e-07
3.58578e-07
3.99268e-07
3.78923e-07
8.90088e-08
3.4332e-07
1.09354e-07
2.82285e-07
4.04354e-07
-2.31423e-07
-7.88364e-08
-4.83191e-08
6.35777e-08
2.46682e-07
3.81466e-08
2.26337e-07
-2.67027e-07
-2.21251e-07
8.39226e-08
-1.85647e-07
-2.16164e-07
-2.79742e-08
1.70388e-07
3.38234e-07
-1.65302e-07
4.32329e-08
2.87371e-07
2.67027e-07
-2.56854e-07
-1.75475e-07
-4.83191e-08
3.53492e-07
-2.51768e-07
-4.32329e-08
)
;
    }
    procBoundary0to1
    {
        type            processor;
        value           nonuniform List<scalar> 
104
(
0
0
0
0
0
0
0
0
2.43116e-13
0
0
0
0
0
0
0
0
0
0
0
0
0
0
0
0
0
0
0
0
0
0
0
0
0
0
0
0
0
0
0
0
0
0
0
0
0
0
0
0
0
0
0
0
0
0
0
0
0
9.50315e-16
0
0
0
0
0
0
0
0
-2.56472e-12
0
0
0
0
0
0
0
0
0
0
0
0
0
0
0
0
0
0
0
0
0
0
0
0
0
0
0
0
0
0
0
5.67611e-08
-1.87734e-16
0
0
0
)
;
    }
    procBoundary0to2
    {
        type            processor;
        value           nonuniform List<scalar> 
83
(
0
2.21723e-16
0
0
0
-3.51371e-12
0
0
0
5.58925e-17
0
0
2.64837e-15
-1.11028e-16
-1.31809e-16
-3.84024e-18
6.81228e-15
0
4.54688e-17
2.96607e-17
-2.92175e-16
0
1.02788e-16
0
0
8.98279e-15
-1.14878e-14
5.44827e-16
-1.3439e-16
-6.14718e-17
0
5.3031e-16
-5.97423e-17
8.72219e-17
-4.50518e-17
-1.08561e-16
-1.8608e-15
-5.18034e-31
-5.70493e-17
-6.25977e-17
7.08365e-17
-2.46557e-14
6.60808e-15
5.6228e-17
-5.87506e-16
0
0
2.02898e-14
-2.60889e-16
1.8126e-15
0
-4.15188e-15
7.6991e-15
0
0
2.36638e-16
0
0
4.19278e-16
0
-6.09984e-17
-6.16964e-18
1.45391e-07
-2.07459e-16
7.83133e-15
3.00221e-15
4.31817e-17
0
0
-6.84802e-17
-2.31764e-16
0
0
0
2.47977e-16
0
1.16186e-16
-1.28557e-16
0
0
6.93653e-15
0
-2.7142e-15
)
;
    }
}


// ************************************************************************* //
