/*--------------------------------*- C++ -*----------------------------------*\
| =========                 |                                                 |
| \\      /  F ield         | OpenFOAM: The Open Source CFD Toolbox           |
|  \\    /   O peration     | Version:  v2012                                 |
|   \\  /    A nd           | Website:  www.openfoam.com                      |
|    \\/     M anipulation  |                                                 |
\*---------------------------------------------------------------------------*/
FoamFile
{
    version     2.0;
    format      ascii;
    class       surfaceScalarField;
    location    "600";
    object      meshPhi;
}
// * * * * * * * * * * * * * * * * * * * * * * * * * * * * * * * * * * * * * //

dimensions      [0 3 -1 0 0 0 0];
oriented        oriented;


internalField   nonuniform List<scalar> 
20580
(
0
0
0
0
0
0
0
0
0
-2.11679e-16
1.67394e-17
0
0
0
0
0
0
0
0
0
0
0
0
0
0
0
7.2625e-15
3.40482e-15
0
0
0
0
0
0
0
0
0
1.94977e-13
-5.37662e-13
0
0
0
0
0
0
0
1.55967e-12
-1.70089e-12
-1.9526e-13
0
0
0
0
0
0
0
0
-3.22643e-15
-3.7144e-17
0
0
0
0
0
0
0
0
0
0
0
0
0
0
0
0
0
0
0
0
0
0
0
0
0
0
0
0
0
0
0
0
0
0
0
0
0
0
0
0
0
0
0
0
0
0
0
0
0
0
0
0
0
0
0
0
0
0
0
0
0
-1.83974e-08
-1.86376e-08
0
0
0
0
0
0
0
0
0
0
0
0
0
0
0
0
0
0
0
3.8108e-13
1.09694e-13
-9.65004e-13
0
0
0
0
0
0
0
0
-1.36882e-13
0
-7.80816e-14
0
0
0
0
0
0
0
0
0
-4.72238e-13
-4.76522e-14
0
0
0
0
0
0
0
0
0
0
0
0
0
0
0
-4.27366e-14
-7.81566e-13
3.02803e-17
2.56996e-15
0
0
0
0
0
0
0
0
0
0
0
0
0
0
0
4.23662e-13
-9.29252e-13
0
0
0
0
0
0
3.82631e-13
0
0
0
0
0
0
0
0
0
0
0
0
8.44799e-16
7.72538e-16
0
0
-1.89209e-13
-5.77156e-14
0
-1.00031e-13
0
0
0
0
0
0
6.54269e-14
-4.30628e-13
1.33097e-13
0
0
0
0
0
0
0
0
0
-3.70475e-09
-1.39666e-08
0
0
0
0
0
-1.233e-15
7.84728e-16
0
0
0
0
0
0
0
2.60205e-13
1.40437e-13
-7.93653e-13
0
0
0
0
0
0
0
0
8.24397e-16
-2.6644e-15
0
0
0
0
0
0
0
0
0
0
0
0
0
0
0
0
0
0
-5.25829e-15
0
-4.86187e-17
0
0
0
0
0
0
0
0
-1.04584e-15
0
9.08526e-16
0
0
0
0
0
0
0
0
0
5.19793e-16
-4.18463e-16
0
0
0
0
0
0
0
0
0
0
0
0
0
0
0
-1.3109e-15
-1.94795e-15
-7.68938e-16
0
0
0
0
0
0
0
0
0
0
0
0
0
0
0
0
0
0
0
0
0
0
0
0
0
-7.4872e-31
-8.97397e-17
3.24246e-16
0
0
0
0
0
0
0
0
0
0
0
0
0
0
0
0
0
0
0
0
0
0
0
0
0
0
0
0
0
0
0
0
0
0
0
0
0
7.29121e-16
3.275e-17
-2.88834e-15
1.36405e-15
0
0
0
0
0
0
0
0
0
0
0
0
0
0
0
0
0
0
0
0
0
0
0
0
0
0
-3.82584e-13
0
0
0
0
0
-1.91336e-13
0
0
-6.02303e-16
0
0
0
0
0
0
0
0
0
0
0
0
0
0
0
0
0
0
0
0
0
0
0
0
0
0
0
0
0
0
0
-1.58471e-15
0
0
0
0
0
-1.64583e-08
-1.57612e-08
0
0
0
0
8.36485e-16
-3.60618e-16
0
0
0
0
0
0
0
0
0
0
0
-2.23943e-14
-8.51093e-13
0
0
0
0
0
0
0
0
0
0
0
0
0
0
0
1.40821e-16
4.98172e-31
1.85119e-15
0
0
0
0
0
0
0
0
0
0
0
0
0
0
0
0
0
0
0
0
0
0
0
0
0
0
0
0
0
0
0
0
0
0
0
0
0
0
-1.24264e-15
1.22387e-15
0
0
0
0
0
0
0
0
0
0
0
-1.98993e-17
-2.41133e-12
0
0
0
0
0
9.77865e-14
-7.81588e-13
0
0
0
0
0
0
0
0
0
0
0
0
0
0
0
0
0
0
0
0
0
-6.33732e-15
0
0
0
0
1.37278e-16
3.31521e-17
0
0
0
0
0
0
0
0
0
0
0
0
0
0
-2.60952e-13
-4.83626e-14
0
0
0
0
0
0
0
0
0
0
0
0
0
0
7.41067e-16
0
0
0
0
0
-2.47979e-14
-5.487e-14
0
0
0
0
0
0
0
0
0
0
0
0
0
0
0
0
0
-9.06658e-18
0
0
0
0
0
0
0
0
0
0
0
0
0
0
0
0
0
0
0
0
0
0
0
0
0
0
0
0
0
0
0
0
0
0
0
5.01017e-13
-1.85779e-12
1.36188e-13
0
0
0
0
0
3.35411e-16
7.35975e-16
0
0
0
0
0
0
0
0
0
0
2.78556e-13
1.07711e-13
-7.67332e-13
0
0
0
0
0
0
0
0
0
0
0
0
0
0
0
0
0
0
0
0
0
0
0
0
0
0
0
0
0
0
0
0
0
0
0
0
0
-2.11389e-17
0
0
0
0
0
0
0
3.99318e-30
3.86257e-15
0
0
4.14789e-13
-9.03799e-13
5.66883e-14
0
0
0
-2.31478e-16
-5.36841e-17
0
-1.19542e-13
-2.603e-14
0
0
0
0
0
0
0
0
0
0
0
0
0
0
0
-1.00639e-13
0
0
0
0
0
0
0
0
0
0
0
0
0
0
0
0
0
0
0
0
0
0
0
0
0
0
0
0
0
-1.25284e-16
0
1.25288e-16
2.32569e-08
4.62705e-09
0
0
0
0
0
0
0
0
0
0
-1.7188e-15
0
1.7817e-15
0
-1.57933e-13
0
0
0
0
0
0
0
0
0
0
0
0
0
2.35805e-16
0
0
0
0
0
0
0
0
0
0
-7.15816e-15
-4.35e-13
-9.46351e-17
4.3078e-18
0
0
0
0
0
0
0
0
0
0
0
0
0
-1.64729e-17
0
0
0
0
0
0
0
0
0
0
0
0
0
0
0
0
0
0
0
0
0
0
0
0
0
0
0
0
0
0
0
-2.37242e-13
0
0
0
0
0
0
0
0
0
0
0
0
0
-1.47961e-13
-1.42287e-13
2.53804e-17
0
0
0
0
0
2.03542e-12
2.4798e-08
0
0
0
0
0
0
0
0
0
0
0
0
0
0
0
0
0
0
0
0
0
0
0
0
0
0
0
0
0
0
0
0
0
0
0
0
0
0
0
0
0
-4.33384e-13
-6.25555e-14
8.04786e-17
0
0
0
0
0
0
0
0
0
0
0
0
0
0
0
0
0
0
0
0
0
-1.0867e-17
1.02021e-14
-8.38905e-13
0
0
0
0
0
0
0
0
0
0
0
0
0
0
-2.29961e-08
-1.18742e-08
0
0
0
0
0
0
0
0
0
-4.6316e-17
0
4.58122e-17
-6.55147e-14
6.28962e-17
0
0
0
-1.088e-13
-2.18467e-13
0
0
0
5.61754e-16
-1.00687e-16
0
0
0
0
0
0
0
0
0
0
0
-3.6349e-13
4.015e-14
0
0
0
0
0
0
0
0
0
0
0
0
0
0
0
0
0
0
0
0
0
0
0
2.44533e-14
0
5.24902e-15
0
0
0
0
0
-2.409e-16
0
0
0
0
0
0
0
0
0
0
-5.79603e-15
-4.69135e-14
0
0
0
0
0
0
0
0
0
0
0
0
0
0
0
0
0
0
0
0
0
0
0
0
0
0
0
0
1.08318e-16
-1.38983e-16
0
0
0
0
0
0
0
0
0
2.00652e-16
-3.83728e-15
0
0
0
0
0
0
0
0
0
0
0
2.63193e-12
4.37765e-08
-3.38183e-08
0
0
0
0
0
0
0
0
0
0
0
0
0
0
0
0
0
0
0
0
2.33975e-32
5.19137e-16
0
0
0
0
0
0
0
0
0
-1.94773e-17
0
0
0
0
-3.35272e-15
5.49708e-15
0
0
0
0
0
0
0
0
0
0
0
0
0
0
0
0
0
2.00448e-13
2.85803e-13
-9.73103e-13
0
0
0
0
2.62337e-13
-7.71664e-13
1.21733e-13
0
0
0
0
0
0
0
0
0
0
0
0
0
0
1.51198e-14
0
0
0
0
0
0
0
0
0
0
0
0
0
0
0
0
0
0
0
0
0
0
0
0
0
0
0
0
0
0
0
0
0
0
0
0
0
0
0
0
0
0
0
0
0
0
0
0
0
0
0
0
0
0
0
0
0
0
0
0
0
0
0
0
-2.62015e-13
-1.3918e-16
-1.75495e-13
0
0
0
0
0
0
0
0
0
0
0
0
0
0
0
0
0
0
0
0
0
0
0
0
0
0
0
0
0
0
-8.4702e-18
1.34735e-17
0
-2.01931e-14
6.37761e-17
5.9913e-14
0
0
0
0
0
0
0
0
0
0
0
0
0
0
0
0
0
0
0
0
0
0
0
0
0
0
0
0
0
0
0
0
0
0
0
0
0
0
0
0
0
-1.68818e-13
0
0
0
0
2.09093e-13
9.16469e-13
0
0
0
0
0
0
0
0
0
0
0
0
0
0
7.50188e-16
4.94724e-17
0
0
0
0
0
0
0
0
0
0
0
0
0
0
0
0
0
0
0
0
0
0
0
0
0
0
0
0
0
0
0
0
0
0
0
0
0
0
0
1.44375e-08
9.39295e-13
0
0
0
0
0
0
0
0
1.45018e-12
8.42786e-13
0
0
0
0
0
0
0
0
0
0
0
0
0
0
0
0
0
0
0
0
0
0
0
0
0
0
0
0
0
0
0
0
0
0
0
-1.07487e-16
4.46443e-14
0
0
0
0
0
0
0
0
0
0
0
0
0
0
0
0
0
0
0
0
0
0
0
0
0
0
0
0
-3.36651e-13
-2.33521e-13
0
0
0
0
0
0
-2.94877e-13
0
0
0
0
0
0
0
0
0
0
0
0
0
0
0
0
0
0
0
-2.59268e-16
0
0
0
-2.17413e-13
0
0
0
0
0
0
0
0
0
0
0
1.15197e-13
-8.00725e-13
2.97643e-13
0
0
0
1.54602e-15
0
0
0
0
0
0
0
0
0
0
2.21229e-13
-1.14943e-12
0
0
0
0
0
0
0
0
0
0
0
0
0
0
0
0
0
0
0
0
0
0
0
0
0
0
0
0
0
0
0
0
0
0
0
0
0
0
0
0
0
0
0
0
0
0
0
0
0
0
0
0
0
0
0
0
0
0
0
0
0
0
0
0
0
0
0
0
0
0
0
0
0
0
0
0
0
0
0
0
0
0
0
0
0
0
-4.55311e-13
8.39712e-14
0
0
0
0
0
0
0
0
0
0
0
3.23211e-13
-8.88883e-13
0
0
0
0
0
0
0
-1.75e-13
0
0
0
0
0
0
0
0
0
0
0
0
0
0
0
0
9.49908e-16
0
9.94394e-31
0
0
0
0
0
1.19971e-14
8.69113e-16
0
0
0
0
0
0
0
0
0
0
0
0
0
1.24781e-16
-2.01001e-13
0
0
0
0
0
0
0
0
0
0
0
0
0
0
0
0
0
0
0
0
0
0
0
0
0
0
0
0
0
0
0
0
-6.65796e-16
0
0
0
0
0
0
0
0
0
0
0
0
0
1.09045e-15
0
-3.51246e-16
0
0
0
0
0
0
0
0
0
0
0
0
0
0
0
0
0
0
0
0
0
0
0
0
0
0
0
0
-4.59293e-13
-2.80942e-13
0
0
0
0
0
0
0
0
0
0
0
-3.85534e-16
0
0
0
0
0
0
0
0
0
0
0
0
0
0
0
0
0
0
0
0
0
0
-8.02764e-16
0
0
0
0
0
0
0
0
0
0
0
0
0
0
0
0
0
0
0
0
0
0
0
0
0
0
0
0
0
0
0
1.12978e-15
-1.60902e-15
0
0
0
0
0
0
0
0
0
0
0
0
0
0
0
0
0
0
0
0
0
0
0
0
0
0
0
0
0
0
0
0
0
0
0
0
0
0
0
2.58252e-16
-4.89413e-17
-5.06383e-16
0
0
0
1.21149e-15
0
-3.60246e-15
0
0
0
0
0
0
0
0
0
0
0
0
0
0
0
0
0
1.29346e-15
-2.82376e-15
0
0
0
1.7792e-13
-1.27215e-12
0
0
0
0
0
0
0
0
0
0
0
0
-5.07404e-13
0
0
0
0
0
0
0
0
0
-8.68956e-17
0
8.8324e-16
0
0
0
0
0
0
0
0
0
0
0
0
0
0
0
0
0
0
0
0
0
0
0
0
0
0
0
0
0
0
0
0
1.99478e-18
-4.46916e-16
-3.40335e-16
0
0
0
0
0
0
0
0
0
3.63337e-14
-1.49244e-13
2.1285e-14
0
0
0
0
0
0
0
0
0
0
3.16189e-16
0
0
0
0
0
0
0
0
7.52912e-17
-9.03872e-16
-4.9866e-31
0
0
0
0
0
0
0
0
0
0
-5.451e-16
0
0
0
0
0
0
1.84141e-16
0
-2.79138e-17
0
0
0
0
0
0
0
0
0
0
0
9.95236e-16
-4.8001e-17
0
0
0
0
0
0
0
0
0
0
-2.00809e-17
0
0
-5.13642e-18
1.25745e-17
0
0
0
0
0
2.01967e-16
-2.35973e-13
0
0
1.44551e-08
0
0
0
0
0
0
0
0
0
0
3.01961e-13
1.85706e-13
-9.72383e-13
0
0
0
0
0
0
0
0
0
0
0
0
0
0
0
0
0
0
0
0
0
0
3.6766e-16
0
0
0
0
0
0
0
0
0
-1.29942e-17
8.67379e-18
-8.92787e-21
0
0
0
0
0
0
0
0
0
0
5.87914e-16
0
0
0
0
0
-4.58785e-13
0
0
0
0
1.95856e-12
2.33033e-08
0
0
0
0
0
0
0
0
0
0
0
0
-2.26104e-15
0
3.1015e-15
0
0
-5.03437e-13
-5.26356e-13
0
0
0
0
0
0
0
0
0
0
0
0
0
0
0
0
0
0
1.88884e-13
2.70096e-13
-9.17338e-13
-1.25314e-13
-1.14036e-13
0
0
0
0
0
0
0
0
0
0
0
0
0
0
0
0
0
0
0
0
0
0
-2.3334e-15
0
0
0
0
0
0
0
0
0
0
0
0
0
0
0
0
0
0
0
0
0
0
0
0
0
0
-3.669e-18
-1.3248e-18
0
0
0
0
0
0
0
0
0
0
0
0
0
0
0
0
0
0
0
0
0
0
0
0
0
0
0
0
3.88865e-09
8.26134e-13
1.41096e-08
0
0
0
0
0
0
0
0
0
0
0
0
0
0
0
0
0
0
0
0
0
4.40145e-15
0
9.23101e-16
4.20999e-16
0
0
2.92406e-13
-2.04396e-12
0
0
0
0
0
0
0
0
0
0
0
-6.36855e-17
0
0
0
0
0
0
0
0
0
0
-6.7851e-13
8.18388e-14
0
0
0
0
0
0
0
0
0
0
-9.21692e-17
-5.64766e-16
0
-1.3502e-12
0
0
0
0
0
0
0
0
0
0
-1.42996e-13
-1.06523e-13
0
0
0
0
0
0
0
0
0
0
0
0
0
0
0
0
0
1.34002e-15
0
-1.20436e-15
0
0
0
0
0
0
0
0
0
-2.15182e-15
-4.11877e-16
0
0
0
-2.6663e-16
0
-1.09084e-15
0
0
0
0
0
0
0
0
0
0
0
-1.92234e-14
0
0
0
0
0
-2.13109e-13
-2.16206e-13
0
0
0
0
0
0
0
0
0
6.17568e-16
4.93324e-18
0
0
0
0
0
0
0
0
0
0
0
9.79611e-16
-2.37779e-15
0
-3.00416e-18
3.3522e-16
9.48349e-16
1.55663e-12
1.62878e-08
0
0
0
0
0
0
0
0
0
0
0
0
0
0
0
0
0
0
0
0
0
0
0
0
0
0
0
0
0
0
0
0
0
0
0
0
0
0
-1.60858e-32
-4.30831e-18
0
0
0
1.83094e-16
0
0
0
0
0
0
0
0
0
0
0
0
0
0
0
0
0
0
0
0
0
7.02174e-17
6.35692e-17
0
0
0
0
0
0
0
0
0
0
0
0
0
0
0
0
0
0
0
0
0
0
0
0
0
0
0
0
-3.02455e-16
9.7041e-17
0
0
0
0
0
-1.98511e-13
-2.98868e-13
0
0
0
0
0
0
0
0
0
0
-5.92646e-09
0
0
0
0
0
0
0
0
0
0
0
0
0
0
0
0
0
0
0
0
0
0
0
0
0
0
0
0
0
0
0
0
-7.88481e-13
0
0
0
0
0
0
3.69387e-18
-5.72972e-19
0
0
0
0
0
-2.14097e-08
0
0
0
-5.0126e-16
0
0
0
0
0
0
0
0
0
0
0
0
0
0
0
0
0
0
0
0
0
1.75806e-13
2.42026e-13
-8.32384e-13
6.87711e-16
-9.09713e-15
0
0
0
0
0
0
0
0
0
-3.29597e-16
9.07645e-17
0
0
0
0
0
0
0
0
0
0
0
0
0
0
0
0
0
1.20602e-15
0
1.41483e-15
0
0
0
0
0
0
0
0
0
0
0
0
0
0
1.63169e-13
-6.15077e-13
0
0
0
0
0
0
0
0
0
0
0
0
0
0
0
0
0
0
0
0
0
0
0
3.4442e-18
0
-9.80536e-17
-5.29786e-16
0
0
0
0
0
0
0
0
0
0
0
0
0
0
0
0
0
-1.65756e-14
1.85982e-15
0
0
0
0
0
0
0
0
0
0
-4.19983e-16
2.20455e-16
0
0
0
0
0
0
0
-2.63519e-13
0
0
0
0
0
0
0
0
0
0
0
-8.68365e-16
1.04576e-14
-1.23542e-14
0
0
0
0
0
0
0
0
0
0
0
0
0
0
0
0
-1.29178e-14
0
6.15966e-17
3.73534e-16
1.24039e-14
-9.19839e-16
0
0
0
0
0
0
0
0
0
0
0
0
0
0
0
0
0
0
0
0
0
0
0
0
0
0
0
0
0
0
0
0
-1.41291e-16
6.97118e-16
0
0
0
0
0
0
0
0
0
0
0
0
0
0
0
0
0
0
0
0
0
0
-4.42748e-13
0
0
0
0
0
1.28318e-08
1.1422e-12
0
0
0
0
0
0
0
0
0
0
0
0
0
0
0
0
-2.44124e-13
0
0
0
-2.84922e-16
-2.00721e-15
0
0
0
0
0
0
0
0
0
0
0
0
0
0
0
0
0
0
0
0
0
0
0
0
0
0
0
0
0
0
0
0
0
0
0
0
0
0
0
0
0
0
0
0
0
0
0
0
0
0
0
0
0
0
0
3.42034e-09
0
0
0
0
0
0
0
0
0
0
0
0
0
0
0
0
0
0
0
0
0
0
0
-2.52908e-15
0
0
0
0
0
0
0
0
0
0
0
0
1.14993e-12
2.34733e-08
2.57237e-13
-9.12574e-13
0
-4.23791e-16
4.9866e-31
0
0
0
0
0
0
0
0
0
0
0
0
0
0
0
0
0
0
0
0
0
0
0
0
0
0
0
0
0
0
0
0
0
0
0
0
0
0
0
0
0
0
0
0
0
0
0
0
0
0
0
0
0
0
0
0
0
0
0
0
0
0
0
0
0
0
0
0
0
8.22853e-15
0
0
0
0
0
0
0
0
0
0
0
0
0
0
0
0
0
0
0
0
0
0
0
0
0
0
0
0
0
5.68917e-16
3.9867e-16
0
0
0
0
0
0
0
0
0
0
0
0
0
0
0
0
0
0
0
0
0
0
0
0
0
0
0
0
0
0
0
0
0
0
0
0
0
0
0
0
0
0
0
0
0
0
0
0
0
0
0
0
0
0
0
0
0
0
0
0
0
0
0
0
0
0
0
0
0
0
0
1.60861e-13
-7.88592e-13
0
0
0
0
0
0
0
0
0
0
0
0
0
0
0
0
0
0
0
0
0
0
0
0
0
0
0
0
0
0
0
0
0
0
0
0
0
0
0
0
0
0
0
0
0
-1.81086e-15
4.15763e-15
0
1.32913e-16
0
0
0
0
0
1.35847e-16
-1.56268e-13
-7.42907e-14
0
0
0
0
0
0
0
0
0
0
0
0
0
0
0
0
0
0
0
-5.93118e-16
-2.54935e-18
0
0
0
0
0
0
-2.49317e-16
7.44513e-17
0
0
0
0
0
-3.19645e-13
0
0
0
0
0
0
1.45578e-15
-3.45721e-16
0
0
0
-4.53847e-17
2.87629e-16
0
0
0
0
0
0
0
0
0
0
0
0
0
0
0
0
0
0
0
0
0
4.1591e-15
0
0
0
0
0
0
0
0
0
0
0
-1.91569e-15
0
0
0
0
0
0
0
-2.14873e-13
0
0
0
0
0
0
0
0
0
0
0
0
0
0
0
0
0
3.65448e-15
-2.81524e-15
0
0
0
0
0
0
0
0
0
0
0
0
0
0
0
0
0
0
0
0
0
0
0
0
0
0
0
0
0
-2.5585e-13
-1.48345e-13
0
0
0
0
0
0
0
0
0
0
0
0
0
0
0
-3.4135e-18
0
0
0
0
0
0
-2.82573e-13
0
0
0
0
0
0
0
0
0
0
0
0
0
0
0
0
0
0
-6.77195e-16
0
0
0
0
0
0
0
1.48958e-15
1.78891e-16
0
0
0
0
0
0
0
0
0
0
0
0
0
0
0
0
0
0
0
0
0
0
0
0
0
-1.28658e-14
0
0
0
0
0
0
0
0
0
0
0
0
0
0
0
0
0
0
0
0
0
0
0
0
0
0
0
-7.4872e-31
-9.91139e-17
0
0
0
0
0
0
4.42589e-16
-1.59456e-15
0
0
0
0
0
0
0
5.35126e-17
8.24236e-16
-2.12853e-16
0
0
0
0
0
0
0
0
0
0
0
0
0
0
0
0
0
0
0
0
0
-1.28834e-13
0
-1.99066e-13
0
0
0
0
0
0
0
0
0
0
0
0
0
0
0
-1.6456e-16
0
0
0
0
0
0
0
0
0
0
0
0
0
0
0
0
0
0
0
-1.55582e-16
0
0
0
0
0
0
4.29741e-17
-3.04992e-16
0
0
0
0
0
0
0
0
0
0
0
-2.30443e-13
0
0
-2.33985e-16
0
0
0
0
0
0
0
0
0
0
0
0
0
0
0
0
0
0
0
0
0
0
0
0
0
0
0
0
0
0
0
0
0
0
0
0
0
0
0
0
0
0
0
0
0
0
0
0
0
0
0
0
0
0
0
0
0
0
0
0
0
0
0
0
0
0
0
0
0
0
0
0
0
0
0
0
0
0
5.47899e-17
0
0
0
0
0
0
-2.56536e-13
0
0
0
0
0
0
0
0
0
0
0
0
0
0
0
0
0
1.68136e-15
0
0
0
0
-6.77618e-15
1.00757e-14
0
0
0
0
0
0
0
0
0
0
0
0
0
0
0
7.30349e-16
3.48391e-16
0
0
0
0
0
0
0
0
0
0
0
0
0
0
0
0
0
0
0
0
0
0
0
0
-1.98773e-16
3.34985e-18
7.01957e-16
0
0
0
0
0
0
0
0
0
3.83855e-16
0
0
0
0
0
0
0
0
0
0
0
0
0
0
0
0
0
0
0
0
0
0
0
2.78673e-16
1.93311e-16
0
0
0
0
0
-5.50587e-16
0
-8.8138e-17
0
0
0
0
0
0
0
0
0
0
0
0
0
0
-5.00122e-31
0
0
0
0
0
0
0
0
0
0
0
0
0
0
0
0
0
0
0
0
0
0
0
0
0
0
0
0
0
0
0
0
1.18152e-16
0
-1.10972e-12
0
0
0
0
0
0
0
0
0
0
-3.63074e-19
0
0
0
0
0
0
0
0
0
0
0
0
0
0
0
0
0
0
0
0
0
0
0
0
0
0
0
0
0
0
0
0
0
-2.61364e-16
0
0
0
0
0
0
0
0
0
0
0
0
0
0
0
0
0
0
0
0
0
0
0
0
0
0
0
0
0
0
0
0
0
0
0
0
0
0
-2.18151e-13
0
0
0
0
0
0
0
0
0
0
0
0
0
0
0
0
0
0
0
0
0
0
0
-9.67535e-18
0
0
6.07159e-16
-2.80171e-13
0
0
0
0
0
0
0
0
0
0
0
0
0
0
0
0
0
0
0
0
0
0
-1.25852e-13
-1.83907e-13
0
0
0
0
0
0
0
0
0
0
0
0
0
0
0
0
0
0
0
0
0
0
0
0
0
0
0
0
0
0
0
0
0
0
0
0
0
0
0
0
0
0
0
0
0
0
0
0
0
0
0
-1.03639e-16
0
-1.29738e-16
0
0
0
0
0
0
0
0
0
0
0
0
0
0
0
0
0
0
0
0
0
0
0
0
0
0
0
0
0
0
0
0
0
0
0
0
0
0
0
0
0
0
0
0
0
0
0
0
-2.79997e-13
0
0
0
3.56747e-16
0
-1.079e-14
0
0
0
0
-1.86136e-13
0
0
0
0
0
0
0
0
0
0
0
0
0
0
0
0
0
0
0
-1.41599e-17
-4.91977e-18
0
0
0
0
0
0
0
0
0
0
0
0
0
0
0
3.22853e-16
-2.10792e-13
0
0
0
0
0
0
-2.16892e-14
0
0
0
0
0
0
0
0
0
0
0
2.21566e-13
1.92021e-13
0
0
0
0
0
0
0
0
0
0
0
0
0
0
0
0
0
0
0
0
0
0
0
0
0
0
0
0
0
-2.01492e-13
0
0
0
0
0
0
0
0
0
-8.08315e-16
0
0
0
0
0
0
0
0
0
0
0
0
0
0
0
0
0
0
0
0
0
0
0
0
0
0
0
0
8.00837e-16
-2.884e-17
0
0
0
0
0
0
0
0
0
0
0
0
0
0
0
0
0
0
0
0
0
0
0
0
0
0
1.85213e-15
-5.21715e-16
0
0
0
0
0
0
0
0
0
0
0
0
0
0
0
0
0
0
0
0
0
0
0
0
0
0
0
0
0
0
0
-4.17015e-16
0
1.62946e-15
0
0
1.23467e-16
0
2.70841e-16
0
0
0
0
0
0
0
0
0
0
0
0
0
0
0
0
0
0
0
0
0
0
0
0
0
0
0
0
0
0
0
0
0
0
0
0
3.21543e-17
4.15648e-18
-2.81978e-18
0
0
0
0
0
0
0
0
0
0
0
0
0
0
0
0
0
0
0
0
0
0
0
0
0
0
0
0
0
0
0
0
-2.0236e-16
2.57104e-15
0
-1.11133e-15
2.50714e-16
0
0
0
0
0
2.00049e-30
-2.2076e-15
0
0
0
0
0
0
0
0
0
0
0
0
0
0
0
0
0
0
0
0
0
0
0
0
6.59555e-16
-2.60501e-15
0
0
0
0
0
0
0
0
0
0
0
0
0
0
0
0
0
0
0
0
0
0
0
0
0
0
0
0
-5.42523e-13
-3.87505e-13
1.28611e-16
0
-1.77878e-17
0
0
0
0
0
0
0
0
-9.8811e-15
5.02826e-13
-1.02435e-12
0
0
0
0
0
0
0
0
0
0
0
1.62447e-13
-4.68761e-13
0
0
0
0
0
0
0
0
0
0
0
0
0
0
0
0
0
0
0
0
-4.7636e-16
-4.92323e-31
0
0
0
0
3.72389e-16
0
0
0
0
0
0
0
0
0
0
0
0
0
0
0
0
0
0
0
0
0
0
0
0
0
0
0
0
0
0
0
0
0
0
0
0
0
0
0
0
0
-2.45043e-16
5.90327e-17
1.56648e-15
9.64099e-15
0
0
0
0
0
0
0
0
0
0
0
0
0
0
1.08688e-19
0
0
0
0
0
0
0
0
0
1.07001e-16
-5.66528e-16
0
0
0
0
0
0
0
0
0
0
0
0
0
0
1.98879e-30
6.65462e-16
0
0
0
0
0
0
0
0
0
0
0
3.05168e-15
0
0
0
0
0
0
0
0
0
4.62607e-17
-1.57834e-17
0
0
0
0
0
0
0
0
0
0
0
0
0
0
0
0
0
0
0
0
0
0
0
0
0
0
0
0
0
0
0
0
0
0
0
0
0
0
0
0
0
0
0
0
0
0
0
0
0
0
0
0
0
0
0
0
0
0
0
0
0
0
0
0
0
0
0
0
0
0
-1.79857e-15
-7.22213e-16
0
0
0
0
0
0
0
0
0
0
-9.69776e-16
2.50061e-31
0
0
0
0
0
0
0
0
0
0
0
0
0
0
0
0
0
0
0
0
0
0
0
0
0
0
0
0
0
0
0
0
0
0
0
0
0
0
0
0
0
0
0
0
0
0
0
0
0
0
0
0
0
0
-1.5118e-15
0
0
0
0
0
0
0
0
0
0
0
0
0
0
0
0
0
0
0
0
0
0
0
0
0
0
0
0
0
0
0
0
0
0
0
0
0
0
0
0
0
0
0
0
0
0
0
0
0
0
0
0
0
0
0
0
-2.19783e-15
0
0
0
0
0
0
0
-1.37983e-16
0
-2.73227e-16
0
0
6.78994e-16
1.20308e-15
0
0
0
0
0
0
0
0
0
0
0
0
0
0
0
0
0
0
0
0
0
0
0
0
0
0
0
0
0
0
0
0
0
0
0
-1.53425e-15
-1.88719e-15
0
0
0
0
0
0
0
0
0
0
0
0
0
0
-6.94956e-16
4.83019e-16
0
0
0
0
0
0
0
0
0
0
0
0
0
0
0
0
0
0
0
0
0
0
0
0
-1.11457e-16
-1.12712e-16
0
0
0
0
0
0
0
0
0
0
0
0
0
0
0
0
0
0
0
1.13798e-15
0
1.40298e-15
0
0
-3.03597e-16
0
0
0
0
0
0
0
0
0
0
0
0
0
0
0
0
1.30974e-16
4.85611e-17
0
0
0
0
0
0
0
-3.21089e-16
1.05233e-16
0
0
0
0
0
0
0
0
0
0
0
0
0
0
5.50456e-17
0
0
0
0
0
0
0
0
0
0
0
0
0
0
2.36595e-16
0
0
0
0
0
0
0
0
0
0
0
0
0
0
0
0
0
0
0
0
0
0
0
0
0
0
0
0
4.60449e-16
0
0
-4.5909e-16
-5.20975e-16
0
0
-5.00122e-31
1.05165e-12
0
3.23294e-17
-5.98092e-17
0
0
0
0
0
0
0
0
0
0
0
0
0
0
0
0
0
0
0
0
0
1.26239e-16
0
-1.06231e-15
0
0
1.05947e-15
0
0
0
0
0
0
0
0
0
0
0
0
0
0
0
2.01163e-18
0
2.68591e-17
0
0
-3.33419e-14
-2.45691e-15
0
0
0
0
0
0
0
1.71347e-16
-6.89555e-16
0
0
0
0
0
0
0
0
0
0
0
0
0
0
0
0
0
0
1.16445e-16
1.23164e-18
0
0
0
0
0
0
0
0
0
0
0
0
0
0
0
0
0
0
0
0
0
0
0
0
0
0
0
0
0
0
0
0
0
0
0
0
0
0
0
0
0
-5.03047e-31
0
0
0
0
0
0
0
0
0
0
0
0
0
0
0
0
-2.34724e-17
0
0
0
0
0
0
0
0
2.04707e-15
0
0
0
0
0
0
0
1.99464e-30
0
0
0
0
0
0
0
0
0
0
0
0
0
0
0
0
0
0
-8.61958e-17
0
2.19209e-16
0
0
0
0
0
0
-6.7882e-16
0
0
0
0
0
0
0
-7.65764e-13
0
0
0
0
0
0
0
0
0
0
0
0
0
0
0
0
0
0
0
0
0
0
-1.76746e-15
0
0
0
0
0
0
3.98928e-30
2.85998e-16
0
0
0
0
0
0
0
0
0
0
0
0
0
0
0
0
0
0
0
0
1.76602e-16
1.75064e-15
0
0
0
0
0
0
0
0
9.97564e-15
-1.18875e-14
0
0
0
0
0
0
0
0
-1.06593e-16
-2.4288e-15
0
0
1.51737e-15
1.352e-15
-6.17674e-16
0
0
0
0
0
0
0
0
0
0
0
0
0
0
0
0
0
0
0
0
0
0
0
0
0
0
0
0
0
0
0
0
0
0
0
0
0
0
0
0
0
0
0
0
0
0
0
0
0
0
0
0
-1.52103e-13
0
0
0
0
0
0
0
0
0
0
0
-2.21292e-15
0
0
-2.09682e-16
6.64558e-16
0
0
0
0
0
0
0
0
0
0
0
0
0
0
0
0
0
0
0
0
0
0
0
0
0
0
0
0
0
0
0
0
0
0
0
0
0
0
0
0
0
0
0
0
0
0
0
0
0
-2.04216e-16
0
6.01736e-16
0
0
0
0
0
0
0
0
0
0
0
0
0
0
0
0
0
0
0
0
0
0
0
0
0
0
0
0
0
0
0
0
0
0
0
0
0
0
0
0
0
0
0
0
0
0
0
0
3.36896e-16
0
0
0
0
0
0
0
0
0
0
0
0
0
0
0
0
0
0
0
0
0
0
0
0
0
0
0
0
0
-1.75177e-08
-1.2579e-08
0
0
0
0
0
0
0
0
0
0
0
0
0
0
0
0
0
0
1.76221e-16
2.54467e-16
0
-1.38962e-15
-1.60935e-12
0
0
0
0
0
0
0
0
0
0
-1.05275e-12
7.08426e-13
0
0
3.4007e-17
0
0
0
0
-1.03256e-16
-8.03723e-18
0
0
0
0
0
0
0
0
0
0
0
0
0
0
0
0
0
0
0
0
0
0
0
-5.79979e-16
0
5.64806e-16
0
0
0
0
0
0
0
0
0
0
0
0
-6.39307e-15
2.62856e-16
0
0
0
0
0
0
0
0
0
0
0
-3.62152e-16
1.03537e-16
0
0
0
0
0
0
0
0
0
0
0
0
0
0
0
0
0
0
0
0
0
0
1.07662e-16
-3.62801e-16
0
0
0
0
0
0
0
0
1.28653e-15
0
0
0
0
0
0
0
0
0
0
0
0
-6.65693e-16
0
4.02437e-30
0
0
0
0
0
0
0
0
0
0
0
0
0
0
0
0
7.65804e-17
0
0
0
0
5.87654e-17
0
0
0
0
0
0
0
-4.55454e-16
0
0
0
0
0
0
0
0
0
0
0
0
0
-1.41679e-16
4.14952e-16
0
0
0
-2.59592e-13
0
0
0
0
0
0
0
0
0
0
0
0
0
0
0
0
0
0
0
0
8.9852e-17
0
0
0
0
0
0
0
0
0
0
0
0
0
0
0
0
0
0
0
0
0
0
0
0
0
-3.15267e-13
1.30476e-14
0
0
0
0
0
0
0
0
0
-2.99327e-16
0
-5.44438e-16
0
0
0
0
0
0
9.55226e-17
-5.26007e-16
0
0
0
0
0
-3.06714e-15
0
0
0
0
0
0
0
0
0
0
0
0
0
0
-9.48295e-16
0
0
0
0
0
0
0
0
0
0
0
0
0
0
0
0
0
0
-6.81114e-16
0
0
8.62862e-17
-2.81736e-16
0
0
0
0
0
0
0
0
-1.43171e-15
0
0
0
0
0
-6.58992e-17
-4.9566e-16
0
0
0
0
0
0
0
0
0
0
0
0
0
0
0
0
0
0
0
-2.09217e-17
-1.67114e-17
0
0
0
0
0
0
0
0
2.68348e-13
-9.91805e-13
0
-9.31286e-17
0
0
0
0
0
0
0
0
0
0
0
0
0
0
0
0
0
0
0
0
0
6.34563e-16
0
0
-2.66076e-13
0
0
0
0
3.98331e-15
-1.6136e-16
0
0
0
0
0
0
0
0
5.85195e-15
0
0
0
0
0
0
0
0
0
0
0
0
0
0
0
0
0
0
0
0
0
0
0
0
0
0
0
0
0
0
0
0
0
0
0
0
0
0
0
0
4.23385e-16
0
-2.00057e-16
0
0
0
0
0
-7.73464e-16
0
0
0
0
0
0
0
0
0
0
0
0
0
0
0
0
0
0
0
0
0
0
0
0
0
0
0
0
0
0
0
0
0
0
0
0
1.47917e-16
-8.07443e-16
0
0
0
0
0
0
0
0
0
0
0
0
2.57999e-15
0
0
0
0
0
0
0
0
1.16417e-15
3.55206e-15
0
0
0
0
0
0
0
0
0
0
0
0
0
0
-6.63895e-17
0
0
0
0
0
-2.85555e-16
0
0
0
0
0
0
0
0
0
0
0
0
0
0
0
0
0
0
0
0
0
0
0
0
0
0
0
0
0
0
0
0
0
0
0
3.0532e-18
0
0
0
0
0
0
0
0
0
0
0
0
0
0
0
0
0
0
0
0
0
0
0
0
0
0
0
0
0
0
0
0
-1.11495e-16
-2.03123e-15
0
-6.31929e-17
0
0
0
0
0
0
0
0
0
0
0
0
0
0
0
0
0
0
0
0
1.07607e-08
0
0
0
0
0
0
0
0
0
0
0
0
0
-1.57502e-15
3.028e-18
0
0
0
0
0
0
0
0
0
0
0
0
0
0
0
0
0
0
0
0
0
0
0
0
0
-9.91638e-16
0
0
0
0
0
0
0
0
0
0
0
0
0
0
0
0
0
0
0
0
0
0
0
0
0
0
0
0
0
0
0
0
0
0
0
0
0
0
0
0
0
0
0
0
0
0
-1.07404e-15
5.72775e-16
0
0
0
0
0
0
0
0
0
0
0
0
0
0
0
0
0
0
0
0
0
0
0
0
0
0
0
0
0
0
0
0
0
0
0
0
0
0
0
0
0
0
0
0
0
0
0
0
0
0
0
0
0
0
0
0
0
0
0
0
0
0
0
0
0
0
0
0
0
-7.14333e-16
2.83527e-17
0
0
-4.93662e-16
2.76902e-16
0
0
0
0
0
0
0
0
0
0
0
0
0
0
0
0
0
0
0
0
0
0
0
0
0
0
0
0
0
0
0
0
0
0
0
0
0
0
0
0
0
0
0
9.80921e-16
0
0
0
0
0
0
0
0
0
0
0
-8.58214e-16
0
2.08278e-15
0
0
0
0
0
0
0
0
0
0
0
0
0
0
0
0
0
0
0
0
0
0
0
0
0
0
0
0
-1.02748e-16
-1.51154e-16
0
0
0
0
0
0
0
0
0
0
0
0
0
0
0
-4.90189e-16
0
0
0
0
1.35549e-16
0
-1.18556e-16
0
0
0
-1.90275e-15
0
0
0
0
0
-8.6394e-17
0
0
0
0
0
0
0
0
0
0
0
0
0
0
0
0
0
0
0
-1.77406e-16
5.37623e-16
0
-2.02406e-10
1.1601e-08
0
0
0
0
0
0
0
0
0
0
0
0
0
0
0
0
0
0
0
0
0
0
0
0
0
0
0
0
0
0
0
0
0
0
0
0
0
0
0
0
0
0
0
0
0
0
0
0
0
0
0
0
0
0
0
0
0
0
0
0
0
0
0
0
0
0
0
0
0
0
0
0
0
0
-7.79917e-33
3.85507e-15
0
0
0
0
0
0
0
0
0
0
0
0
0
0
-1.01684e-16
-2.38591e-15
0
0
0
0
0
-2.51292e-15
0
0
0
0
0
0
0
0
0
0
0
0
0
0
0
0
3.07092e-32
0
0
0
0
0
0
0
0
0
0
7.61068e-16
6.24307e-16
0
0
0
0
0
0
0
0
0
0
0
0
0
0
-5.59532e-13
0
0
-2.0584e-13
0
0
0
0
0
0
-1.1319e-16
0
0
0
0
1.3508e-16
0
0
3.14401e-16
2.621e-16
0
0
0
0
0
0
1.56649e-15
0
0
0
0
0
0
0
0
0
0
0
0
0
0
0
0
0
0
0
0
0
0
0
0
0
0
0
0
0
0
0
0
0
0
0
0
0
0
0
0
0
0
0
0
0
0
0
0
0
0
0
0
0
0
0
0
-3.48678e-15
0
0
0
0
0
0
0
0
0
0
0
0
0
0
0
0
0
0
0
0
0
0
0
0
0
0
0
0
0
0
0
0
0
0
0
0
0
0
0
0
0
0
0
0
8.47035e-17
0
2.91832e-16
0
0
0
0
0
9.9318e-17
0
0
0
0
0
0
0
0
0
0
0
0
0
0
1.98879e-30
2.35486e-15
0
0
0
0
-2.14325e-15
0
0
0
0
0
0
0
0
0
0
0
0
0
0
0
0
0
0
0
0
0
0
0
0
0
0
0
0
0
0
0
0
0
0
0
0
0
0
0
0
0
0
0
0
0
0
0
0
0
0
0
0
0
0
0
0
0
0
0
0
0
0
0
0
0
0
0
0
0
0
0
0
0
0
0
0
0
0
0
0
0
0
0
0
2.94517e-16
-3.71506e-16
0
0
0
0
0
0
0
0
0
0
0
-4.43644e-15
0
0
0
0
0
0
0
0
0
0
0
0
0
0
0
0
0
0
0
0
0
0
0
0
0
0
0
0
0
0
0
0
-2.05594e-16
4.46493e-16
0
0
0
0
0
0
1.41033e-14
9.79467e-15
3.22142e-17
0
0
0
0
0
0
0
0
0
0
0
0
0
0
0
0
0
0
0
0
0
0
7.52097e-15
0
0
0
0
0
0
3.99234e-17
0
0
0
0
0
0
0
0
0
0
0
0
0
0
0
0
0
0
0
0
0
0
0
0
0
0
0
0
0
0
0
0
0
0
0
0
0
0
0
0
0
0
0
0
0
0
0
0
0
0
0
0
0
0
0
0
5.8378e-17
-3.24655e-13
0
0
0
0
0
0
0
0
0
0
0
0
0
0
0
4.3921e-17
9.15575e-17
0
0
0
0
0
0
0
0
0
0
0
0
0
0
0
0
0
0
0
0
0
0
0
0
0
0
0
0
0
0
0
0
0
0
0
0
5.49819e-16
0
0
0
0
0
0
0
0
2.70734e-17
0
1.05007e-13
-7.50877e-13
0
0
0
0
0
0
0
0
0
0
0
0
0
0
0
0
0
0
0
0
0
0
0
2.52498e-31
0
-2.50061e-31
-2.53101e-16
0
0
0
2.32137e-13
0
0
0
0
-1.96292e-13
0
-1.16881e-13
0
0
0
0
0
0
0
0
0
0
0
0
0
0
0
0
0
0
0
0
0
0
0
0
0
0
0
0
0
0
0
0
0
0
0
0
0
0
0
0
0
0
0
0
0
0
0
0
0
0
0
0
0
0
0
0
0
0
0
-1.69321e-16
0
0
0
0
0
0
0
0
0
0
0
0
0
0
0
0
0
0
0
0
0
0
0
0
0
0
0
0
0
0
0
0
0
0
0
0
0
0
0
0
0
-6.75449e-18
0
4.9321e-18
0
0
0
0
2.05421e-16
1.24571e-16
0
0
0
-3.79774e-17
0
0
0
0
8.40916e-15
1.15438e-15
0
0
0
0
0
0
0
0
0
0
0
0
0
0
0
0
0
0
0
0
0
0
-7.11739e-16
0
0
0
0
0
0
0
0
1.85568e-15
-1.14807e-16
0
0
0
0
0
0
0
0
-1.12045e-14
0
0
0
0
0
0
0
0
0
0
0
0
0
0
0
0
0
0
0
0
0
0
0
0
0
0
0
0
0
0
0
0
0
0
0
0
0
0
0
0
0
0
0
0
0
0
0
0
0
0
0
0
0
0
0
0
0
0
0
0
0
0
0
0
0
0
6.5461e-16
2.51216e-15
0
0
0
0
0
0
0
0
0
0
0
0
0
0
0
0
0
0
0
0
0
0
0
0
0
0
0
0
1.33102e-17
6.29099e-17
0
0
0
0
0
0
0
0
0
0
0
0
6.76122e-16
0
0
0
0
0
0
0
0
0
0
0
0
0
0
0
0
0
0
0
0
0
0
0
0
0
0
0
0
0
0
0
0
0
0
0
0
0
0
0
0
0
0
0
0
0
0
0
0
0
0
0
0
0
0
0
0
0
0
0
0
0
0
0
0
0
0
0
0
0
0
0
0
0
2.51523e-31
-1.14541e-16
0
0
0
0
0
0
0
0
0
0
0
0
0
0
0
0
0
0
0
0
0
0
0
0
0
0
0
0
0
0
0
1.07701e-15
0
0
0
0
0
0
0
0
0
0
0
0
0
0
0
0
0
0
0
0
0
0
0
2.51746e-16
0
0
0
0
0
0
-8.27809e-18
0
0
0
0
0
0
0
0
0
0
0
0
0
0
0
0
0
0
-6.87037e-16
0
0
0
0
0
0
0
0
0
0
0
0
1.39119e-16
-1.36882e-15
0
0
0
0
0
0
0
0
0
0
0
0
0
0
0
0
0
0
0
0
0
0
0
0
0
0
0
0
0
0
0
0
0
0
0
0
0
0
0
0
0
0
0
0
0
0
0
0
0
0
0
0
0
0
0
0
0
0
0
0
0
0
0
0
0
0
0
0
0
0
0
0
0
0
0
0
0
0
0
0
0
0
0
0
0
0
0
0
0
0
0
0
0
0
0
0
0
0
0
0
0
0
0
0
0
0
0
0
0
0
0
0
0
0
0
0
0
0
0
0
0
0
0
0
0
0
0
0
0
0
0
0
0
0
0
0
0
0
0
0
0
0
0
0
0
0
0
0
0
0
0
0
0
0
0
0
0
0
0
0
0
0
0
0
0
0
0
0
0
0
0
0
0
0
0
0
0
0
0
0
0
0
0
0
0
0
0
0
0
0
0
0
0
0
0
0
0
0
0
0
-4.49477e-16
0
0
0
0
0
0
0
0
0
0
0
0
0
0
0
0
0
0
0
0
0
0
0
0
0
0
0
0
0
0
0
0
0
0
0
0
0
0
0
-7.67745e-17
0
2.48533e-16
0
2.19681e-15
0
2.58892e-16
0
0
0
0
0
0
0
0
0
0
0
0
0
0
0
0
0
0
0
0
0
0
0
0
0
0
0
0
0
-1.70891e-16
-1.96844e-16
0
0
0
0
0
0
0
0
0
0
0
0
0
0
0
0
0
0
0
0
0
0
0
0
0
0
0
0
0
0
0
0
0
0
0
0
0
0
0
0
0
0
0
0
0
0
0
0
0
0
0
0
0
0
0
0
0
0
0
0
0
0
0
0
0
0
0
0
0
0
0
0
0
0
0
0
0
0
0
0
0
0
0
0
0
0
0
0
-1.18771e-15
0
0
0
-3.83874e-15
0
0
0
0
0
0
0
0
0
0
0
0
0
0
0
0
0
0
0
0
0
0
-1.98819e-16
2.1475e-17
4.93261e-19
0
0
0
0
0
0
0
0
0
0
0
0
0
0
0
0
0
0
0
0
0
0
-5.03047e-31
0
0
0
0
-4.23955e-17
0
0
0
0
0
0
0
0
0
0
0
0
0
0
0
0
0
0
0
0
0
0
0
0
0
0
0
0
0
0
0
0
0
0
3.73656e-17
-3.78033e-18
0
0
0
0
0
0
0
0
0
0
0
0
0
0
0
0
0
0
0
0
0
0
0
0
0
0
0
0
-2.32567e-15
6.66802e-15
0
0
0
0
0
0
0
0
0
0
0
0
-3.10153e-15
0
0
0
0
0
0
0
0
0
0
0
0
0
0
0
0
0
0
0
0
0
0
0
0
0
0
0
0
0
0
0
0
0
0
0
0
0
0
0
0
0
0
0
2.60352e-16
-1.38304e-15
0
0
0
0
0
0
0
0
0
0
0
0
0
0
0
0
0
0
0
0
0
0
0
0
0
0
0
0
0
0
0
0
0
0
0
0
-4.7704e-15
3.47249e-15
0
0
0
0
0
0
0
0
0
0
0
0
0
0
0
0
0
0
0
0
0
0
0
0
0
0
0
0
0
0
0
1.24299e-31
-1.10519e-17
0
0
0
0
0
0
0
-1.70965e-16
4.92978e-16
0
0
0
0
0
0
0
0
0
1.43826e-15
0
-1.18178e-15
0
0
0
0
0
0
0
0
0
0
0
0
0
0
0
0
0
0
1.07918e-14
0
0
0
0
0
0
0
0
0
0
-2.74389e-15
2.34971e-15
0
0
0
0
0
0
0
-1.92038e-15
0
0
0
0
0
0
0
0
0
0
0
0
0
0
0
0
-6.17896e-16
0
0
0
0
0
0
0
0
0
0
0
0
0
0
0
0
0
0
0
0
0
0
0
0
0
0
0
0
0
0
0
0
0
0
0
0
0
0
0
0
0
-1.51225e-14
0
0
0
0
0
0
0
0
0
0
0
0
-7.8111e-16
0
0
0
0
0
0
0
0
0
0
0
0
0
0
0
0
0
0
0
0
0
0
3.02651e-16
0
0
0
0
0
0
0
0
0
0
0
0
0
0
0
0
0
0
0
0
0
0
0
0
0
0
0
0
0
0
0
0
0
0
0
0
0
0
0
0
0
0
0
0
0
0
0
0
0
0
0
0
0
0
0
0
0
0
0
0
0
0
0
0
0
0
0
0
0
0
0
0
0
0
0
0
0
-1.89348e-16
-1.6684e-15
0
0
0
0
0
0
0
0
0
0
0
7.17542e-15
0
0
0
0
0
0
0
0
0
0
0
0
0
0
0
0
0
0
0
0
0
0
0
0
0
0
-7.38764e-18
0
0
0
0
0
0
0
0
3.26128e-15
0
0
0
0
0
0
0
0
0
0
0
0
0
0
0
0
0
0
0
0
0
0
0
0
0
0
0
0
0
0
0
-1.98771e-15
0
0
0
0
0
0
-6.49646e-16
0
0
0
0
0
0
0
0
0
0
0
0
0
0
0
0
0
0
0
0
0
0
0
0
0
0
0
0
0
0
0
0
0
0
0
0
0
0
0
0
0
0
0
0
0
0
0
0
0
0
1.54364e-15
-7.66827e-17
0
0
-1.67207e-14
-4.49335e-16
0
0
0
0
0
0
0
0
0
0
-2.61451e-13
-4.26412e-16
0
0
0
0
0
0
0
0
0
0
0
0
0
0
0
0
0
0
0
0
0
0
0
0
0
0
0
0
0
0
0
0
0
0
0
0
0
0
0
0
0
0
0
0
0
0
0
0
0
0
0
0
0
0
0
0
0
0
0
0
0
0
0
0
0
0
-1.57075e-16
0
1.0296e-15
0
0
0
0
0
0
0
0
0
0
0
0
0
0
0
0
0
0
0
0
0
0
0
0
0
0
0
0
0
0
0
0
0
0
0
0
0
0
0
0
0
0
0
0
5.11191e-16
0
0
0
0
0
0
0
0
0
0
0
0
0
0
0
0
0
0
0
0
0
0
0
0
0
0
0
0
0
0
0
0
0
-5.38424e-17
7.48662e-18
0
0
0
0
0
0
4.1143e-17
0
0
0
0
0
0
0
0
0
0
0
0
0
0
0
0
0
0
0
0
0
0
0
0
0
0
0
0
0
1.99756e-30
-4.73921e-16
0
0
0
0
0
0
0
0
0
0
0
-1.40253e-08
0
0
0
0
0
0
-1.1456e-15
0
0
0
-1.65727e-15
1.44162e-15
0
0
0
0
0
0
0
0
0
0
0
0
0
0
0
0
0
0
2.16523e-15
-1.35073e-15
0
0
0
0
0
0
0
0
-1.12924e-17
0
0
0
0
0
0
0
0
5.47516e-16
0
0
3.50746e-17
3.29651e-16
0
0
0
-6.14957e-13
-3.9761e-17
0
0
0
0
0
0
0
0
0
0
0
0
0
0
0
0
0
0
0
0
0
0
0
-4.64302e-15
0
0
0
-1.76929e-15
-1.88794e-16
0
0
0
0
0
0
0
0
0
0
0
0
0
0
0
0
0
0
0
0
0
0
0
0
0
0
0
0
0
0
0
0
0
0
0
0
0
0
0
0
0
0
0
0
0
0
0
5.3301e-16
0
0
0
0
0
0
0
0
0
0
0
0
0
0
0
0
0
0
0
0
0
0
0
0
0
0
0
0
0
0
0
0
0
0
0
0
0
0
0
0
0
0
0
0
0
0
0
0
0
0
0
0
0
0
0
0
0
0
0
0
0
0
-3.96428e-15
0
1.053e-13
-2.33597e-13
0
0
0
0
0
0
0
0
0
0
0
0
0
0
0
0
0
0
0
0
7.33163e-18
0
0
0
0
0
0
0
0
0
0
0
0
5.99399e-15
0
0
0
0
0
0
0
0
0
0
0
0
0
0
0
0
0
0
0
0
0
0
0
0
0
0
0
0
0
0
0
0
0
0
0
0
0
0
0
0
0
0
0
0
0
0
0
0
0
0
0
0
0
0
0
1.28312e-15
0
0
0
0
0
0
0
0
0
0
0
0
0
0
0
0
0
0
0
0
0
0
0
0
6.86543e-18
1.25199e-18
0
0
0
0
-1.0029e-15
0
0
0
2.78612e-15
0
2.33064e-15
0
0
0
1.6581e-16
0
0
0
0
0
0
0
0
0
0
0
0
0
0
0
0
0
0
0
0
0
0
0
0
0
0
0
0
0
0
0
0
0
0
0
0
0
0
0
-2.09326e-16
0
0
0
0
0
0
0
0
0
0
0
0
0
0
0
0
0
0
0
0
0
0
0
0
0
6.85874e-15
0
0
0
0
0
0
0
0
0
0
0
0
0
0
0
0
0
0
0
0
0
0
0
0
0
0
0
0
0
0
4.11753e-16
4.52165e-16
0
0
0
0
0
0
0
0
0
0
0
0
0
0
0
0
0
0
0
0
0
0
0
-4.02615e-17
-5.33753e-16
-4.49197e-16
-4.48169e-16
0
0
0
0
0
0
0
0
0
0
0
0
0
0
0
0
7.42295e-17
0
0
0
0
0
0
0
0
0
0
0
0
0
0
0
0
0
0
-1.86173e-16
0
0
0
0
0
0
-2.46403e-16
0
0
0
0
0
0
0
0
0
0
0
1.68221e-15
1.22364e-15
0
0
0
0
0
0
0
0
0
0
0
0
0
0
0
0
0
0
0
0
0
0
0
0
0
0
0
0
0
0
0
0
0
-2.60616e-16
0
0
0
0
0
0
0
0
0
0
0
0
0
0
0
0
0
1.25356e-16
0
0
0
0
0
0
0
0
0
0
0
0
0
0
0
0
0
-9.84518e-16
0
0
0
-6.91406e-16
2.90929e-15
0
0
0
0
0
0
0
0
0
0
0
0
0
0
0
0
0
0
-2.4933e-31
0
0
0
0
0
0
0
0
0
0
0
0
0
0
0
0
0
0
0
0
0
0
0
0
0
0
0
0
0
0
0
0
0
0
0
0
0
0
0
0
0
0
0
0
0
0
0
0
0
0
0
0
0
0
0
0
0
0
0
0
-2.4417e-13
0
6.15131e-19
0
0
0
0
0
0
0
0
0
0
0
0
0
0
0
0
0
0
0
0
0
0
0
0
0
0
0
0
0
-7.80863e-13
6.32005e-16
2.88544e-16
0
0
0
0
0
0
0
0
0
0
0
0
0
0
0
0
0
0
0
0
0
0
0
0
0
0
0
0
0
0
0
0
0
0
0
0
0
0
0
0
0
5.64804e-17
-1.03641e-16
0
0
0
0
0
0
0
0
0
0
0
0
0
0
0
0
0
0
0
0
0
0
0
0
0
0
0
0
0
0
0
0
0
0
0
0
0
0
0
0
0
0
0
-6.70219e-17
0
-1.05121e-16
0
0
0
0
0
0
0
0
0
0
0
0
0
0
-2.85974e-15
0
0
0
0
-7.02875e-16
8.74316e-15
0
0
0
0
0
0
0
0
0
0
0
0
0
0
0
0
0
0
0
0
0
0
0
-6.46817e-17
0
0
0
0
0
0
0
0
0
-1.48549e-16
1.84593e-16
0
0
0
0
0
0
0
0
0
0
-4.51847e-13
-1.45413e-13
0
0
0
0
0
0
0
0
0
0
0
0
0
0
0
0
0
0
0
0
0
0
0
0
0
0
0
0
0
0
0
0
0
0
0
0
0
0
0
0
0
0
0
0
0
-1.66373e-16
3.45788e-16
0
0
0
0
0
0
0
8.5602e-15
0
0
0
0
0
0
0
0
0
0
0
-2.54602e-15
3.67109e-15
0
0
0
1.21635e-14
0
0
0
0
0
0
0
0
0
0
0
0
0
0
0
0
0
0
0
0
0
0
0
0
0
0
0
0
0
0
0
0
0
0
0
0
0
0
0
0
0
0
0
0
0
0
0
0
0
0
0
0
0
0
0
0
0
0
0
0
0
0
0
0
0
0
0
0
0
0
0
0
0
0
0
0
-2.92955e-17
-4.41445e-17
2.65855e-16
-2.37891e-16
0
6.70324e-16
0
0
0
-1.09881e-14
0
0
0
0
1.07813e-15
0
-6.33533e-17
0
0
0
0
0
0
0
0
0
0
0
0
0
0
0
0
0
0
0
0
0
0
0
0
0
0
0
0
0
0
0
0
0
0
0
0
0
0
0
0
0
0
0
0
0
0
0
0
0
0
0
0
0
0
0
0
0
0
0
0
0
0
0
0
0
-6.79916e-16
0
0
0
0
0
0
0
0
0
0
0
0
0
0
0
0
0
0
0
0
0
0
0
0
0
0
0
0
0
0
0
0
0
0
0
0
0
0
0
0
0
0
0
0
0
0
0
0
0
0
0
0
0
0
0
0
0
0
0
0
0
0
0
0
0
0
0
0
0
0
0
0
0
0
0
0
0
0
0
0
0
0
0
0
0
0
0
0
0
0
0
0
0
0
0
0
0
0
0
0
0
0
0
0
0
0
0
0
0
0
0
0
0
0
0
0
0
0
0
0
0
0
0
0
0
0
0
0
0
-2.64085e-17
1.39803e-16
0
0
0
0
0
0
0
0
0
0
0
0
0
0
0
0
0
0
0
0
0
0
0
0
0
0
0
0
0
0
0
0
0
0
0
0
0
0
0
0
0
0
0
0
0
0
0
0
0
0
0
0
0
0
0
0
6.12551e-17
0
0
-6.36401e-17
0
0
0
0
0
0
0
0
0
0
0
0
0
0
0
0
0
0
0
0
0
0
0
0
0
0
0
0
0
0
0
0
0
0
0
0
0
0
0
0
0
0
0
0
0
0
0
0
0
4.26004e-16
-2.44934e-16
0
0
-7.77168e-17
-6.35216e-17
0
0
0
0
0
0
0
0
0
0
0
0
0
0
0
0
0
0
0
0
0
0
0
0
0
0
0
0
0
0
0
0
0
0
0
0
0
0
0
0
0
0
0
0
0
0
0
0
0
0
0
0
0
0
0
0
0
0
0
0
0
0
0
0
0
0
0
0
0
0
0
0
0
0
0
0
0
0
0
0
0
0
0
0
0
0
0
0
0
0
0
0
0
0
0
0
0
0
0
0
0
0
0
0
0
-2.60123e-13
2.21591e-16
0
0
0
0
0
0
0
0
0
0
0
0
0
0
0
0
0
0
0
0
0
0
0
0
0
0
0
0
0
7.30886e-16
-5.29223e-16
0
0
0
-4.70394e-16
0
0
0
0
0
0
0
0
0
0
0
0
0
0
0
0
0
0
0
0
0
0
0
0
0
0
0
0
0
0
0
0
0
0
0
0
0
0
0
0
0
0
0
0
0
0
0
0
0
0
0
0
0
0
0
0
0
0
0
0
-7.2606e-17
0
0
0
0
0
0
0
0
0
0
0
0
0
0
0
0
0
0
0
0
0
0
0
0
0
0
0
0
0
0
0
0
0
0
0
0
0
0
0
0
0
0
0
0
0
0
0
0
0
0
0
0
0
0
0
0
0
0
0
0
0
0
0
0
0
0
0
0
0
0
0
0
0
0
0
0
0
-9.52832e-17
0
0
0
0
0
0
0
0
0
0
0
0
0
0
0
0
0
0
0
0
0
0
0
0
0
0
0
0
0
0
0
0
0
1.99617e-16
-1.39532e-16
0
6.24645e-16
0
0
0
0
0
0
0
0
0
0
0
0
0
0
0
0
0
0
5.09794e-17
0
0
0
0
0
0
-4.73701e-16
0
0
0
0
0
0
0
0
0
0
0
0
0
0
0
0
3.51057e-16
0
0
0
0
0
0
0
0
0
0
0
0
0
0
0
0
0
0
0
0
0
0
0
0
0
0
0
0
0
0
0
0
0
0
0
0
0
0
0
0
0
0
0
0
0
0
0
0
0
0
0
0
0
0
0
0
0
0
0
0
0
0
0
0
0
0
0
0
0
0
0
0
0
0
0
0
0
0
0
0
0
0
0
0
0
0
0
0
0
0
0
0
0
0
0
0
0
0
0
0
0
0
0
0
0
0
0
0
0
0
0
0
0
0
0
0
0
0
0
0
0
0
0
0
0
0
0
0
0
0
0
0
0
0
0
0
0
0
0
0
0
0
0
0
0
0
0
0
0
0
0
0
0
0
0
0
0
0
-1.16988e-32
1.4867e-16
0
0
0
0
0
0
0
0
0
0
0
0
0
0
0
0
0
0
0
0
0
0
0
0
0
0
0
0
0
0
0
0
0
0
0
0
0
0
0
0
0
0
0
0
0
0
0
0
0
0
0
0
0
0
0
0
0
0
0
0
0
0
0
0
0
0
0
0
0
0
0
-1.52663e-15
0
0
0
0
0
0
0
0
0
0
0
0
0
0
0
0
0
0
0
0
0
0
0
0
0
0
0
0
0
0
0
0
0
0
0
0
-1.39539e-15
0
0
0
0
0
0
0
0
0
0
0
0
0
0
0
0
0
0
0
0
0
0
0
0
0
0
0
-4.67113e-16
-1.63955e-16
0
0
0
0
0
0
0
0
0
0
0
0
0
0
0
0
0
0
0
0
0
0
0
0
0
0
0
0
0
0
0
0
0
0
0
0
0
0
0
0
0
0
0
0
0
0
0
-1.14049e-15
4.35966e-16
0
0
0
0
0
0
0
0
0
0
0
0
0
0
0
0
0
0
0
0
0
0
0
0
0
0
0
0
0
0
0
0
0
0
0
0
0
0
0
0
0
0
0
0
0
0
0
0
0
0
0
0
0
0
0
0
0
2.28486e-16
-3.74666e-17
0
0
0
0
0
0
0
-5.03047e-31
0
0
0
0
0
0
0
0
0
0
0
0
0
0
0
0
0
0
0
0
0
0
0
0
0
0
0
0
0
9.11218e-18
-7.23692e-17
0
0
0
0
0
0
0
0
0
0
0
0
0
0
0
0
0
0
0
0
1.50908e-16
3.04671e-16
0
0
0
0
0
0
0
0
0
0
0
0
-1.63432e-16
0
0
0
0
0
2.1142e-15
0
0
0
0
0
0
0
0
0
0
0
0
0
0
0
0
0
0
0
0
0
0
0
0
0
0
0
0
0
0
0
0
-1.00609e-30
-5.41179e-16
0
0
0
0
0
0
0
0
0
8.98225e-15
0
0
0
0
0
0
0
0
0
0
0
0
0
0
0
0
0
0
0
0
0
0
0
0
0
0
0
0
0
0
0
0
0
0
0
0
0
0
0
0
0
0
0
0
0
0
0
0
0
0
0
0
0
0
0
0
0
0
0
0
0
0
0
0
0
0
0
0
0
0
0
0
0
0
0
0
0
0
0
0
0
0
0
0
0
0
0
0
0
0
0
0
0
0
0
0
0
0
0
0
0
0
0
0
0
0
0
0
0
0
0
0
0
0
0
0
0
0
-2.96816e-16
0
0
0
0
0
0
0
0
0
0
0
0
0
0
0
0
0
0
0
0
0
0
0
0
0
0
-5.58369e-18
-4.76658e-16
5.42598e-16
0
0
0
0
3.03154e-17
6.7504e-18
0
9.25211e-18
0
0
0
0
-5.05831e-16
0
0
0
0
0
0
0
0
0
0
0
0
0
0
0
0
0
0
0
0
0
0
0
0
0
0
0
0
0
-1.70957e-15
0
0
0
0
0
0
0
0
0
0
0
0
0
0
0
0
0
0
0
0
0
0
0
0
0
0
0
0
0
0
3.76104e-15
0
0
0
0
0
0
0
0
0
0
0
0
0
0
0
0
0
0
0
0
0
0
0
0
0
0
0
0
0
0
0
0
0
0
0
0
0
0
0
0
0
0
0
0
0
0
0
-6.97988e-17
-4.26515e-16
0
0
0
0
0
0
0
0
0
0
0
0
0
0
0
0
0
0
0
0
0
0
0
0
0
9.08672e-16
0
0
0
0
0
0
0
0
0
0
0
0
0
0
0
0
-1.44829e-16
1.19474e-16
0
0
0
0
0
-1.17811e-15
-9.06356e-16
0
0
0
0
0
3.42335e-16
0
0
0
0
0
-8.24566e-13
0
0
0
0
0
0
2.90642e-16
0
0
0
0
0
0
0
0
0
0
0
0
0
0
0
0
2.52017e-15
-1.95223e-16
0
0
0
0
0
0
0
0
0
0
0
0
0
0
0
0
0
0
0
0
0
0
0
0
0
0
0
0
0
0
0
0
0
0
0
0
0
0
0
0
0
0
0
0
0
0
8.86809e-16
0
0
0
0
0
0
0
0
0
0
0
0
0
0
-1.12262e-15
4.87009e-16
0
0
0
0
0
0
0
0
0
0
0
0
0
0
0
0
0
0
0
0
0
0
0
1.31964e-15
0
0
0
0
0
0
0
0
0
0
0
0
0
0
-4.70943e-16
0
0
0
0
0
0
0
0
0
0
0
0
0
0
0
0
0
-2.47428e-15
0
0
0
0
0
0
0
0
0
0
0
0
0
0
0
0
0
0
0
0
0
0
0
0
0
0
0
0
0
0
0
0
0
0
4.91405e-16
2.38005e-16
0
0
0
0
0
0
0
0
0
0
0
0
0
0
0
0
0
0
0
0
-6.79992e-16
0
0
0
0
0
0
0
0
0
0
0
0
0
0
0
0
0
0
0
0
0
0
0
0
0
0
0
0
0
0
0
0
0
0
0
0
0
0
0
0
0
0
0
0
0
0
0
0
0
0
0
0
0
0
0
0
0
0
0
0
0
0
0
0
0
0
0
0
0
0
-2.874e-15
0
-1.60582e-16
0
0
0
0
0
0
0
0
0
0
0
0
0
0
0
0
-6.13722e-16
0
0
0
0
0
0
0
0
0
0
0
0
0
0
0
0
0
0
0
0
0
0
0
0
0
0
0
0
0
0
0
0
0
0
0
0
0
0
0
0
0
0
0
0
0
0
0
6.67002e-15
0
8.39443e-16
0
0
0
0
0
0
0
0
0
0
0
0
0
0
0
0
-5.45199e-15
4.66205e-15
0
0
0
0
0
0
0
0
0
0
0
0
0
0
0
0
0
0
0
0
0
0
0
0
0
0
0
0
0
0
0
0
0
0
0
0
0
0
0
0
0
0
0
0
0
0
0
0
0
0
0
0
0
0
0
0
0
0
0
0
-1.57961e-17
3.91245e-17
0
0
0
0
0
0
0
0
0
0
0
0
0
0
6.00725e-18
-7.78931e-17
0
0
0
0
0
0
0
0
0
0
0
0
0
0
0
0
0
0
0
0
0
0
0
0
0
0
0
0
0
0
0
0
0
0
0
0
0
0
0
0
0
0
0
0
0
0
0
0
0
0
4.99391e-31
0
6.47222e-16
0
0
0
0
0
0
0
0
0
0
0
0
0
0
0
0
0
0
0
0
0
0
0
0
0
0
0
0
0
0
0
0
0
0
-1.97812e-15
-7.81599e-16
0
0
0
0
0
0
0
0
0
0
0
0
0
0
0
0
0
0
0
0
0
0
0
0
0
0
0
0
0
0
0
0
0
0
0
0
0
0
0
0
0
0
0
0
0
0
0
0
0
0
0
0
0
0
0
0
0
0
0
0
0
0
0
0
0
0
0
0
0
0
0
0
0
0
0
0
0
0
0
0
0
0
0
0
0
0
0
0
0
0
0
0
0
0
0
0
0
0
0
-6.19098e-13
0
0
-1.09919e-15
1.74085e-15
0
0
0
0
0
0
0
0
0
0
0
0
0
0
0
0
0
0
0
0
0
0
0
0
0
0
0
0
0
0
0
0
0
0
0
0
0
0
0
0
0
0
0
0
0
0
0
0
0
0
0
0
0
0
0
0
0
0
0
0
0
0
0
0
0
0
0
0
0
0
0
0
0
0
0
0
0
0
0
0
0
0
0
0
0
0
0
0
0
0
0
0
0
0
-2.01028e-15
0
0
0
0
0
0
0
0
0
0
0
0
0
0
0
0
0
-4.59337e-16
6.3167e-16
0
0
0
0
0
0
0
0
0
0
0
0
0
0
0
0
1.54499e-15
0
0
0
0
0
0
0
0
0
0
0
-5.64175e-17
0
0
0
0
0
0
0
0
0
0
0
0
0
0
0
0
0
0
0
0
0
0
0
0
0
0
0
0
0
0
0
0
0
0
0
0
0
0
0
0
0
0
0
0
0
0
0
0
0
0
0
0
0
0
0
0
0
0
0
0
0
-1.09273e-16
0
0
0
0
0
0
0
0
0
0
0
0
0
0
0
0
0
0
0
0
0
0
0
0
0
0
0
0
0
0
0
0
0
0
8.37363e-16
0
0
0
0
0
0
0
0
0
0
0
0
0
0
0
2.45396e-17
0
0
0
0
0
0
0
0
0
0
0
0
0
0
0
0
0
0
0
0
0
0
0
0
0
0
0
0
0
0
0
0
0
0
0
0
0
0
0
0
0
0
0
0
0
0
0
0
0
0
0
0
0
0
0
0
0
0
0
0
0
0
0
0
0
0
0
0
0
0
0
7.45452e-16
0
0
0
0
0
0
0
0
0
0
0
0
0
0
0
0
0
2.03719e-17
0
0
0
0
0
0
0
0
0
0
0
0
0
0
0
0
0
0
0
0
0
0
0
0
0
0
0
0
0
0
0
0
0
0
0
0
0
0
0
0
0
0
0
0
0
2.02936e-17
0
0
0
0
0
0
0
0
0
0
0
0
0
0
0
0
0
0
0
0
0
0
0
0
0
0
0
0
0
0
0
0
0
0
0
0
0
0
0
0
0
0
0
0
1.81955e-17
0
0
0
0
0
0
-5.47987e-17
0
0
0
0
0
0
0
6.36857e-16
0
0
-3.39684e-16
1.68471e-16
0
0
0
0
0
0
0
0
0
0
0
0
3.29451e-15
0
0
0
0
0
-7.22982e-16
-1.4144e-14
0
0
0
0
0
0
0
0
0
0
0
0
0
0
0
0
0
0
0
0
0
0
0
0
0
-6.84957e-16
1.69382e-15
0
0
0
0
0
0
0
0
0
0
0
0
6.77103e-15
0
-1.2055e-16
0
0
0
0
0
0
0
0
0
0
0
2.23474e-15
8.2032e-15
0
0
0
0
0
0
0
0
0
0
0
0
-1.19215e-16
0
0
0
0
0
0
0
0
0
0
0
0
0
0
0
0
0
0
0
0
-2.75488e-17
-9.63147e-17
0
0
0
0
0
0
0
0
0
0
0
0
0
0
0
0
0
0
0
0
0
0
0
0
0
0
0
0
0
0
0
0
0
0
0
0
0
0
0
0
0
0
0
0
0
0
0
4.61748e-14
-8.77823e-13
0
0
0
0
0
0
0
0
0
0
0
0
0
0
0
0
0
0
0
0
0
0
0
0
0
0
0
0
0
0
0
0
0
2.00049e-30
0
0
0
0
0
0
0
0
0
0
4.86523e-17
0
0
0
0
0
0
0
0
0
0
0
0
0
0
0
0
0
0
0
0
0
0
0
4.25148e-16
-4.72522e-16
0
0
0
0
0
0
0
0
0
0
0
0
0
0
0
0
0
0
0
0
0
0
0
0
0
0
0
0
0
0
0
0
0
0
0
0
0
0
0
0
0
0
0
0
0
0
0
0
0
0
0
0
0
0
0
0
0
0
0
0
0
0
0
0
0
0
0
-1.46504e-16
0
0
0
0
0
0
0
0
0
0
0
0
0
0
0
0
0
0
0
0
0
0
0
0
0
0
0
0
0
0
0
0
0
0
0
0
0
0
0
0
0
0
0
0
0
0
0
0
0
0
0
0
0
0
0
0
0
0
0
0
0
0
0
0
0
0
-2.25382e-13
0
-1.69401e-15
0
0
0
0
0
0
0
0
0
0
0
0
0
0
0
0
0
0
0
0
6.01219e-16
0
0
0
0
0
0
0
0
0
0
0
0
0
0
0
0
0
0
0
5.93683e-16
0
0
0
0
0
0
0
0
0
0
0
0
0
0
0
0
0
-1.17618e-15
-6.5601e-15
0
0
0
0
0
0
0
0
0
0
0
0
0
0
0
0
0
0
0
0
0
0
0
0
0
0
0
0
0
0
0
0
0
0
0
0
0
0
0
0
0
0
0
0
0
0
0
0
0
0
0
0
0
0
0
0
0
0
0
0
0
0
0
0
-3.12772e-16
0
0
0
0
0
0
0
0
0
0
0
0
0
0
0
0
0
0
0
0
0
0
0
0
0
0
0
0
0
0
0
0
0
0
0
0
0
1.43908e-15
0
0
0
0
0
0
0
0
0
0
0
0
0
0
0
0
0
0
0
0
-2.86972e-17
0
0
0
0
0
0
0
0
-1.24787e-31
0
0
0
0
0
0
0
0
0
0
0
0
0
0
0
0
0
0
0
0
0
0
0
0
0
0
0
0
0
0
0
0
0
0
0
0
0
0
0
0
0
0
0
0
0
0
0
0
0
0
0
0
0
0
0
0
0
0
0
0
0
0
4.76753e-16
0
0
0
0
0
0
9.96554e-17
0
0
0
0
0
0
0
0
0
0
0
0
0
0
0
0
0
0
0
0
0
0
0
0
0
0
0
0
0
0
0
0
0
0
0
0
0
0
0
-5.69277e-16
0
2.79882e-15
0
0
0
0
0
0
0
0
6.54652e-15
-3.38585e-13
0
0
0
0
0
0
0
0
0
0
0
0
0
0
0
0
0
3.11319e-16
0
5.50581e-16
0
0
0
0
0
0
4.17688e-15
0
0
0
0
0
0
0
0
0
0
0
0
0
0
0
0
0
-3.03877e-17
0
0
0
0
0
0
0
0
0
0
0
0
3.16169e-15
0
0
0
0
0
-1.13568e-15
0
-5.8318e-17
0
0
0
0
0
0
0
0
0
0
6.44951e-16
0
0
0
0
0
0
0
0
0
0
0
0
0
0
0
0
0
0
0
0
0
0
0
0
0
0
0
0
0
0
0
0
0
0
0
0
0
0
0
0
0
0
0
0
0
0
0
0
0
0
0
0
0
0
0
0
0
0
0
0
0
0
0
0
0
0
0
0
0
0
0
0
0
0
0
0
0
0
0
0
0
0
0
0
0
0
1.61971e-15
0
0
0
0
-4.02802e-15
0
0
0
0
0
0
0
0
0
0
0
0
0
0
0
0
0
0
0
0
0
0
0
-8.92922e-15
0
3.71255e-17
1.40885e-17
0
3.92317e-16
0
0
3.99002e-16
0
0
0
0
0
0
0
0
0
0
-4.45937e-13
0
0
0
0
0
0
0
0
0
0
0
0
0
0
0
0
-4.46796e-16
2.07138e-16
-1.20421e-17
0
0
0
0
0
0
0
0
0
0
0
0
0
0
0
0
0
0
0
0
0
0
0
0
0
0
0
0
0
0
0
0
0
-2.31033e-18
0
0
0
2.022e-18
0
0
0
0
0
0
0
0
-5.16487e-13
0
0
0
0
-1.93969e-15
0
-4.28685e-16
-1.27986e-15
0
0
0
0
0
0
0
0
0
0
0
0
0
0
0
0
0
0
0
0
-5.19095e-13
7.51309e-14
0
0
0
0
0
0
0
-7.31328e-17
0
0
0
0
0
0
0
9.97319e-31
0
0
0
0
0
0
-3.4447e-17
0
0
0
0
0
0
0
0
0
0
0
0
0
0
0
0
0
-7.49687e-17
0
0
0
0
0
0
0
0
0
0
0
0
0
2.46199e-15
0
0
0
0
0
0
0
0
0
0
0
1.49897e-16
0
0
0
0
0
0
-1.02043e-14
0
0
0
0
0
0
0
0
0
0
0
0
0
0
0
0
0
0
0
0
0
0
0
0
0
-9.34788e-13
2.0556e-13
0
0
0
0
0
0
0
0
0
0
0
0
3.20701e-15
0
0
0
0
9.19134e-16
-1.01066e-16
0
0
0
0
0
0
0
0
0
0
-7.86157e-30
0
0
0
0
0
0
0
0
-4.75184e-17
0
0
6.73966e-16
0
0
0
-2.4441e-15
0
-1.5805e-13
0
0
0
0
-8.07867e-17
0
0
0
0
0
0
0
0
0
0
0
0
0
0
0
0
0
1.22883e-14
0
0
0
0
0
0
0
0
0
0
0
0
0
0
2.03203e-15
0
0
0
0
0
0
0
0
0
0
0
0
0
0
0
-1.97529e-17
0
0
0
0
0
0
0
1.0657e-15
-1.37412e-15
0
0
0
0
0
0
0
0
0
0
0
0
0
-1.99238e-16
0
0
0
0
0
0
0
0
0
0
0
0
0
0
0
0
0
0
0
0
0
0
0
0
0
0
0
0
0
0
8.42883e-16
0
0
0
0
0
0
0
0
0
0
0
0
0
0
0
0
0
0
0
0
0
0
0
0
0
0
0
0
0
0
0
0
0
0
0
0
0
0
0
0
0
0
0
0
0
0
0
0
0
0
0
0
0
0
0
0
0
0
0
0
0
0
0
0
0
0
0
0
0
0
0
0
0
0
0
0
0
0
0
0
0
0
0
0
0
0
0
0
0
0
0
0
0
-5.63041e-13
0
0
0
0
0
0
0
0
0
0
0
0
0
0
0
0
0
0
1.50504e-15
0
0
-5.66922e-13
0
0
0
0
0
0
0
0
0
0
0
0
0
0
0
0
0
0
0
0
0
0
0
0
0
0
0
0
0
0
0
0
0
0
1.90714e-15
-3.39571e-15
0
0
0
0
0
0
0
0
0
0
0
0
0
0
0
0
0
0
0
0
0
0
0
0
0
0
0
0
0
0
0
0
0
0
0
0
0
0
0
0
0
0
0
0
0
0
0
0
0
0
0
0
0
0
0
0
0
0
0
0
0
0
0
0
0
0
0
0
0
0
0
0
0
0
0
0
0
0
0
0
0
0
-1.49791e-16
-8.37243e-16
0
0
0
0
0
0
0
0
0
0
0
0
0
0
0
0
0
0
-2.14327e-12
0
0
0
1.09351e-17
0
0
0
0
0
0
0
0
0
0
0
0
0
0
-2.33325e-17
0
0
0
0
0
2.83283e-18
-2.50061e-31
0
0
0
0
0
0
0
0
0
0
0
0
0
0
-3.2967e-16
0
0
0
0
0
0
0
0
0
0
0
-1.26396e-14
-3.21835e-16
0
-1.89043e-13
-2.14736e-13
0
0
0
0
0
0
0
0
0
0
0
0
0
0
0
0
0
0
0
0
0
0
0
0
0
0
0
0
0
0
0
0
0
0
0
0
0
0
0
0
0
0
0
0
0
0
0
0
0
0
0
0
0
0
0
0
0
0
0
0
0
0
0
0
0
0
0
0
0
0
0
0
0
0
0
0
0
0
0
0
0
0
0
0
0
0
0
0
0
0
0
0
0
0
0
0
0
0
0
0
0
0
0
0
0
0
0
0
0
0
0
0
0
0
0
0
0
0
0
0
0
0
0
0
0
0
0
0
0
0
0
0
0
0
0
0
0
0
0
0
0
0
0
0
0
0
0
0
0
0
0
0
0
0
0
0
0
0
0
0
0
0
0
0
0
0
0
0
0
0
0
0
0
0
0
0
-2.25813e-15
-1.74742e-15
0
0
0
0
0
0
0
0
0
0
0
0
0
0
0
0
0
0
0
0
0
0
0
-6.68096e-13
1.23693e-13
0
0
0
0
0
0
0
0
0
0
0
0
0
0
0
0
0
0
0
0
-2.42689e-08
-1.95744e-08
-2.89987e-08
-1.82585e-08
1.08759e-08
-2.3266e-09
-2.00177e-09
-1.53509e-09
-1.12547e-08
5.235e-10
-9.8556e-09
-1.69985e-08
-8.20504e-09
-1.28038e-08
-2.48045e-08
-1.6255e-08
-2.13399e-08
-1.70034e-08
-2.98109e-09
-1.25781e-08
-2.96818e-08
-2.3807e-08
-2.92682e-08
-2.0759e-08
-1.84363e-08
-9.52307e-09
-4.90584e-09
2.16704e-09
-8.75048e-09
-1.71867e-08
-5.21547e-09
-7.23806e-09
4.10341e-09
-6.19769e-09
5.79374e-09
6.99081e-09
-4.60719e-09
9.59151e-09
-3.78101e-09
1.1472e-09
1.36516e-08
2.47616e-09
1.577e-08
1.71536e-08
3.85204e-09
9.8726e-09
1.46842e-08
2.12819e-08
7.57255e-09
2.30719e-08
2.67132e-08
6.65288e-09
0
0
0
0
0
0
0
0
0
0
0
0
7.8094e-18
0
0
0
0
0
0
0
0
0
0
0
0
0
0
0
0
0
0
0
0
0
0
0
0
0
0
0
0
0
0
0
0
0
0
0
0
0
0
0
0
0
0
0
0
0
0
0
0
0
0
0
0
0
0
-2.53282e-15
0
0
0
0
0
0
-2.0606e-09
9.94634e-09
0
0
6.59459e-09
1.99456e-08
1.37538e-08
1.7359e-09
3.70835e-09
1.66083e-08
1.61431e-08
2.79273e-09
0
3.28314e-16
0
0
0
0
9.17214e-09
2.35566e-08
1.74833e-08
4.20172e-09
1.11553e-09
1.30125e-08
1.15792e-08
1.18237e-09
1.20226e-08
-2.82564e-09
0
0
-3.21555e-09
8.41515e-09
-4.68491e-09
6.38001e-09
5.98683e-09
-5.67297e-09
0
0
2.00877e-09
1.5549e-08
0
0
-9.55124e-09
2.2834e-09
4.21712e-09
-6.66071e-09
-6.28437e-09
5.21887e-09
0
0
0
0
0
0
0
0
0
7.13984e-09
-4.10089e-09
0
0
-1.19426e-08
-1.53763e-09
0
0
0
-7.55331e-09
3.72895e-09
4.84364e-15
0
0
0
0
0
0
0
0
0
0
0
-1.03727e-08
3.41043e-10
0
-1.28892e-08
-3.3501e-09
0
0
0
0
0
0
0
0
0
0
0
0
0
0
0
0
0
0
-1.44248e-08
-5.26421e-09
0
0
0
-1.98489e-09
9.2557e-09
0
7.57427e-09
1.82985e-08
0
0
0
1.43886e-08
1.78933e-09
3.28205e-09
1.63444e-08
0
1.99791e-08
3.01642e-09
0
0
0
0
-1.91757e-15
1.72965e-15
0
0
0
0
0
0
0
0
-7.90866e-09
-1.66042e-08
0
0
0
0
0
0
0
0
7.18214e-09
0
0
8.75258e-09
2.32877e-08
0
-8.80888e-16
0
0
1.49626e-09
1.20337e-08
0
0
0
-8.43764e-09
-1.88216e-08
-1.75809e-08
-8.31408e-09
0
0
1.20489e-08
-2.13037e-09
0
0
0
0
0
0
0
0
0
0
0
0
-6.09104e-16
1.64449e-08
1.9148e-08
0
0
0
0
-3.17209e-09
7.69851e-09
-5.12128e-09
6.12605e-09
0
0
0
0
0
0
0
4.02928e-16
0
0
-9.91817e-09
1.98756e-09
0
0
0
4.63276e-09
-6.38688e-09
-1.58499e-16
-1.55471e-16
0
0
0
-5.52795e-09
-1.62178e-08
0
0
0
0
-2.34545e-08
-5.10519e-09
0
3.02969e-18
-3.71644e-16
0
0
0
0
0
0
-1.22597e-08
-1.91024e-09
0
0
-7.85272e-09
3.33868e-09
0
0
0
0
0
0
0
0
0
0
0
0
0
0
0
0
0
0
0
0
0
0
0
0
0
0
0
0
0
0
-1.16943e-16
0
0
0
0
-6.00743e-09
-1.50628e-08
0
0
0
0
0
0
0
2.1683e-15
-3.20012e-16
0
0
0
0
0
0
0
0
0
0
0
0
-1.06894e-08
-3.20134e-11
-3.46695e-18
-1.35085e-08
0
0
0
0
0
0
0
0
0
0
0
0
0
0
0
0
0
0
0
0
0
0
0
0
0
0
0
0
0
0
0
0
0
0
0
0
-1.48885e-08
-5.48782e-09
0
0
0
0
0
0
0
0
0
0
0
0
0
0
0
0
0
0
0
0
0
0
-1.13585e-14
-1.55934e-08
-2.47762e-08
-7.26335e-09
-1.6559e-08
0
0
0
0
0
0
0
0
0
-8.84333e-16
2.74467e-15
0
0
0
0
0
0
0
0
0
0
0
0
0
0
0
-8.05448e-09
-1.85227e-08
0
0
0
0
0
0
0
0
0
0
0
0
0
0
0
0
0
0
0
0
0
0
0
0
0
0
0
0
0
0
0
0
0
0
-2.05812e-15
0
0
-1.7583e-08
-2.55492e-08
-2.47882e-08
-1.69701e-08
0
0
0
0
0
0
0
0
0
1.17979e-14
0
0
0
0
0
0
0
0
0
0
0
0
-1.37632e-14
0
0
0
0
0
0
0
0
0
0
0
2.81132e-16
0
0
0
0
0
0
0
0
0
0
0
0
0
0
0
0
0
0
0
0
0
0
0
0
-1.8567e-08
0
0
0
0
0
0
0
-2.12051e-08
-2.33858e-08
0
0
0
0
0
0
0
0
0
0
0
0
0
0
0
0
0
0
0
0
0
0
0
0
0
0
0
0
0
0
0
0
0
0
0
0
0
0
0
0
-2.75006e-15
0
0
0
0
0
0
0
0
0
0
0
0
0
0
-9.44606e-09
0
0
0
0
0
0
0
0
0
0
0
0
0
-9.53706e-15
-1.89387e-15
0
0
0
0
0
0
0
0
0
0
0
0
0
0
0
0
0
0
0
0
0
0
0
0
7.84458e-16
0
-2.4718e-16
0
0
0
0
0
0
0
0
0
0
0
0
0
0
0
0
-2.1982e-08
-2.73739e-08
0
0
0
0
0
0
0
0
0
-2.84809e-14
0
0
0
0
0
0
0
0
0
0
0
0
0
0
0
0
0
0
0
0
-1.20489e-08
0
0
0
0
0
0
0
0
0
0
0
0
0
0
0
0
0
0
0
0
0
0
0
0
0
0
0
0
0
0
0
0
0
0
0
0
0
0
-2.6534e-15
0
0
0
0
0
0
0
0
0
0
0
0
0
0
-3.1004e-08
-1.96975e-08
0
0
0
0
0
0
0
0
0
-1.50951e-16
-1.00671e-15
0
0
0
0
0
0
0
0
0
0
0
0
0
0
0
0
0
-4.63683e-16
0
0
0
0
0
0
0
0
0
0
0
0
0
0
0
0
0
0
0
0
0
0
0
0
0
-4.15408e-16
0
0
0
0
0
0
0
0
0
0
0
0
0
0
0
1.91085e-09
1.49563e-08
-1.51138e-08
-2.45587e-08
0
0
0
0
0
0
0
0
0
0
0
0
0
0
0
0
0
0
0
0
0
-2.23478e-08
-3.04373e-08
0
0
0
0
0
0
0
0
0
0
0
0
0
0
0
0
0
0
0
0
0
0
0
0
0
0
0
0
2.76067e-15
-7.84299e-15
0
0
0
0
0
0
0
0
0
0
0
0
0
0
0
0
0
0
0
0
0
0
0
0
0
0
0
0
0
0
0
0
0
0
0
0
0
0
0
0
0
0
-2.76236e-17
8.29759e-15
-1.66562e-15
0
0
0
0
0
0
0
0
4.70954e-17
0
0
0
0
0
0
0
0
0
0
0
0
0
0
0
0
0
0
0
0
0
0
0
0
0
0
0
0
0
0
0
0
0
0
0
0
0
0
0
0
0
0
0
0
0
0
0
0
0
0
0
0
0
0
0
0
0
0
0
1.01875e-16
0
0
0
0
0
0
1.31776e-17
2.1188e-16
0
0
0
0
0
0
0
0
0
0
0
0
0
0
0
0
0
0
0
0
0
0
0
0
0
0
0
0
0
0
0
0
0
0
-1.63244e-08
-2.61139e-08
0
0
0
0
0
0
0
0
0
0
0
0
0
0
0
0
0
0
0
0
0
0
0
0
0
0
0
0
0
0
0
0
0
0
0
0
0
-2.05875e-15
-7.35206e-15
0
0
0
0
0
0
0
0
0
0
0
0
0
0
0
-1.19155e-12
0
0
0
0
0
0
0
0
0
0
0
0
0
0
0
0
0
0
0
0
0
0
0
0
0
0
0
0
0
0
0
2.65466e-15
-2.33975e-32
0
0
0
0
-2.13468e-16
0
0
0
0
-4.60013e-17
0
0
0
0
0
0
0
0
0
0
0
0
0
0
0
0
0
0
0
0
0
0
0
0
-8.89996e-15
0
0
0
0
0
0
0
0
0
0
0
0
0
0
0
0
0
-9.34405e-15
0
0
0
0
0
0
0
0
0
0
0
-1.37492e-14
0
-4.59364e-15
0
0
0
0
0
0
0
0
0
0
0
0
0
0
0
0
0
0
0
0
0
0
0
0
0
0
0
0
0
0
0
0
0
0
0
0
0
0
0
0
0
0
0
0
-2.63512e-08
-1.88556e-08
0
0
0
0
0
0
0
0
0
0
0
0
0
0
1.50808e-14
0
0
0
0
0
0
0
0
0
0
0
0
0
0
0
0
0
-2.79503e-16
0
0
0
0
0
0
0
0
0
0
0
0
0
0
0
0
0
0
0
0
-2.19884e-08
-3.0103e-08
0
0
0
0
0
0
0
0
0
0
0
0
0
0
0
0
0
0
0
0
0
0
0
0
0
0
0
0
0
0
0
0
0
0
0
0
0
0
0
0
0
0
0
0
0
0
0
0
0
0
0
0
0
0
0
0
0
0
0
0
0
0
0
0
0
0
0
0
0
0
0
0
0
0
0
0
0
0
0
0
0
0
0
0
0
0
0
0
0
0
0
0
0
0
0
0
0
-9.06838e-13
1.99007e-13
0
0
0
0
0
0
0
0
0
0
0
0
0
0
0
0
0
0
0
0
0
0
0
0
0
0
1.60485e-16
-1.43858e-15
0
0
0
0
0
0
0
0
0
0
0
0
0
0
0
0
0
0
0
0
0
0
0
0
0
0
0
0
0
0
0
0
0
0
0
0
0
0
0
0
0
0
0
0
0
0
0
0
0
0
0
0
0
0
0
0
0
0
0
-2.62691e-08
-2.24623e-08
0
0
0
0
0
0
0
0
0
0
0
0
0
1.98941e-15
0
0
0
0
0
0
0
0
0
0
0
0
0
0
0
0
0
0
0
0
0
0
0
0
0
0
0
0
0
0
0
0
-2.94165e-08
-2.477e-08
0
0
0
0
0
0
0
-6.05698e-15
0
0
0
0
0
0
0
0
0
0
0
0
1.94223e-14
0
0
0
0
0
0
0
0
0
0
0
0
0
0
0
0
0
0
0
0
0
0
0
0
0
0
0
0
0
0
0
0
0
0
0
0
0
0
0
0
0
0
0
0
0
0
0
0
0
0
0
5.71484e-16
-1.40221e-16
0
0
4.7167e-16
8.04612e-16
0
-4.68232e-16
9.72885e-17
0
0
0
0
0
0
0
0
0
0
0
0
0
0
0
0
0
0
0
0
0
0
0
0
0
0
0
0
0
0
0
0
0
9.6906e-18
0
0
0
0
0
0
0
0
0
0
0
0
0
0
0
0
0
0
0
-6.98493e-14
-1.24828e-16
3.25626e-15
0
0
0
3.96476e-16
0
0
0
-2.91662e-08
-2.22481e-08
0
-4.35048e-15
0
0
0
0
0
0
0
0
0
0
0
0
0
0
0
0
0
0
0
0
0
0
0
0
0
0
0
0
0
0
0
0
0
0
0
0
0
0
0
0
0
0
0
0
0
0
0
0
0
0
0
0
0
0
0
0
0
0
0
0
0
0
0
0
0
0
0
0
0
0
0
0
0
0
0
0
0
0
0
0
0
0
0
0
0
0
0
0
0
0
0
0
0
0
0
0
0
0
0
0
0
4.08173e-16
0
0
0
0
0
0
0
0
0
0
0
0
0
0
0
0
0
0
0
0
0
0
0
0
0
0
0
0
0
0
0
0
0
0
0
0
0
0
0
0
0
0
0
0
0
0
0
0
0
0
0
0
0
0
0
0
0
0
0
0
0
0
0
0
0
0
0
0
0
0
0
0
0
0
0
0
0
0
0
0
0
0
3.90765e-16
0
0
0
0
-1.12235e-15
0
0
0
0
0
0
-1.712e-16
0
-1.23744e-16
0
0
0
0
0
0
0
0
0
0
0
0
0
0
0
0
0
0
0
0
0
0
0
0
0
0
0
0
0
0
0
0
0
0
0
0
0
0
0
0
0
0
0
0
0
0
0
0
0
0
0
0
0
0
0
0
0
0
0
0
0
0
2.59106e-16
1.67199e-15
0
0
0
0
3.33338e-16
0
0
0
0
0
0
0
0
0
0
0
0
0
-5.1974e-15
0
0
0
0
0
0
0
0
0
0
0
0
0
0
0
0
0
0
0
0
0
0
8.38171e-17
4.83273e-17
0
0
0
0
0
0
0
0
0
0
0
0
0
0
0
0
0
0
0
0
0
0
0
0
0
0
0
0
0
0
1.35987e-17
0
-6.38884e-16
0
0
0
0
0
0
0
0
0
0
0
0
0
0
0
0
2.74e-16
0
0
0
0
0
0
0
0
0
0
0
0
0
0
0
0
0
1.31109e-15
-4.05758e-16
0
0
0
0
0
0
0
0
0
0
0
0
0
0
0
0
-6.77021e-16
0
0
0
0
0
0
0
0
0
0
-2.59061e-16
8.56277e-18
0
0
0
0
0
-5.37713e-16
0
0
0
0
0
0
0
0
0
0
0
0
0
0
0
0
0
0
0
0
0
0
0
0
0
0
0
0
0
0
0
0
0
0
0
0
0
0
0
0
0
0
0
0
0
0
0
0
0
0
0
0
0
0
0
0
0
0
0
0
0
0
0
0
0
0
0
0
0
0
0
6.26808e-13
0
6.22078e-13
6.01414e-13
0
0
3.02137e-13
5.3163e-13
6.61594e-13
0
0
0
0
0
0
0
0
0
0
0
0
0
0
0
0
0
0
0
0
0
7.01177e-13
0
0
0
0
0
0
0
0
0
0
7.32007e-13
7.54179e-13
0
0
0
0
0
0
0
0
0
3.12845e-16
0
0
0
0
0
0
0
0
0
0
0
0
0
0
0
0
7.13987e-13
0
0
8.44799e-13
0
-9.13108e-15
0
0
0
0
-9.47292e-17
1.34177e-15
0
0
0
0
0
0
0
0
0
0
0
0
0
0
0
0
-4.6539e-17
6.49033e-17
0
0
0
0
7.53436e-13
7.93325e-13
0
0
0
0
0
0
0
7.69104e-13
0
0
0
0
0
0
0
0
0
-1.21194e-09
-1.0894e-08
0
0
0
0
0
0
0
0
0
0
8.90224e-13
0
0
0
0
0
0
0
0
0
0
0
0
0
0
0
0
0
0
0
0
0
0
0
0
0
0
0
-8.74653e-18
0
0
0
0
0
8.35198e-13
9.38748e-13
0
0
0
0
0
0
0
0
0
0
0
0
0
0
0
0
0
0
0
0
0
0
0
0
0
0
0
0
0
0
0
0
0
0
0
0
0
0
3.80805e-13
0
0
0
0
0
0
0
7.45776e-13
0
0
0
0
6.72407e-13
6.19864e-13
4.98225e-13
0
0
0
0
0
-1.02251e-15
0
0
0
0
0
0
0
0
0
0
0
0
0
0
0
0
0
0
0
0
0
0
0
0
0
0
0
0
0
0
3.95676e-13
0
0
0
0
0
1.05331e-12
0
0
0
0
0
0
0
0
0
0
0
0
0
0
0
0
0
0
0
0
0
0
0
-1.18557e-15
0
5.96469e-16
0
-7.62935e-17
0
6.95661e-13
6.91671e-13
0
0
0
0
0
0
0
0
0
0
0
0
0
0
7.07448e-13
7.15539e-13
0
8.95263e-16
0
8.31272e-13
0
0
0
0
0
0
0
0
0
0
0
0
0
0
0
0
0
0
0
0
0
0
0
0
-2.62333e-08
-2.04479e-08
0
0
0
0
0
0
-9.80494e-16
0
0
0
0
0
0
0
0
0
0
0
0
0
0
0
0
0
-2.09824e-13
-1.92876e-13
1.00464e-12
8.62542e-13
0
0
2.20853e-16
0
0
0
0
0
0
0
0
-6.33684e-17
-9.73169e-13
-1.66072e-12
0
0
0
1.03077e-15
0
0
0
-2.3451e-09
-1.25255e-08
0
0
0
0
0
0
7.94026e-13
0
0
0
0
0
0
0
0
0
0
0
0
0
0
0
0
0
0
0
0
0
0
0
0
0
0
0
0
1.63128e-12
0
-5.7708e-16
-3.15006e-16
0
0
0
0
7.33153e-13
0
0
0
0
0
0
0
0
0
0
0
0
0
0
0
0
0
0
0
0
0
0
0
0
0
0
0
7.50908e-13
0
0
0
0
0
0
0
0
0
0
6.15726e-13
0
0
0
0
0
0
0
0
0
0
0
0
0
0
0
0
0
0
0
-8.13575e-13
0
0
0
0
0
0
1.25868e-12
0
0
0
0
-4.0095e-17
0
0
0
0
0
0
0
0
0
-5.92827e-16
0
0
0
0
0
0
0
4.90556e-17
0
6.63009e-13
0
0
8.16079e-13
4.61435e-15
0
0
0
-2.5846e-08
-1.24151e-08
0
0
0
0
0
0
0
0
0
0
0
0
0
0
0
0
0
0
0
0
0
0
0
1.80308e-15
0
-4.09139e-16
0
0
0
0
0
0
0
0
0
0
0
-7.77234e-17
2.43822e-16
0
0
0
0
0
0
3.03985e-16
0
0
0
0
0
0
0
0
0
0
0
0
0
0
0
0
1.28566e-12
0
0
0
0
0
0
0
-1.90582e-16
0
1.24524e-16
0
0
0
0
0
0
0
0
0
0
-2.55826e-15
4.28652e-15
0
0
0
0
0
0
0
0
0
0
0
0
0
0
0
0
0
0
0
0
0
0
0
0
0
0
0
0
0
0
0
-2.23486e-15
0
0
0
0
0
0
0
0
0
0
0
0
0
0
0
0
0
0
-2.15961e-14
-3.22015e-15
0
0
-3.00329e-08
-2.48403e-08
0
0
0
0
0
0
0
0
0
0
0
0
0
0
0
0
0
0
0
0
0
0
0
0
0
0
0
0
-5.07451e-17
0
0
0
0
0
0
0
0
0
0
0
0
0
7.59338e-13
0
0
0
0
0
0
0
0
0
0
0
0
0
-1.39971e-15
0
0
0
0
0
0
0
0
0
-8.11088e-14
0
0
0
0
0
6.70773e-16
0
0
0
0
0
0
0
1.38815e-13
1.94931e-13
0
0
0
0
0
0
0
0
0
0
0
0
0
0
0
0
0
0
0
0
0
0
0
0
0
0
0
0
0
0
0
0
0
0
0
0
0
0
0
0
0
0
0
0
0
0
0
0
-3.98369e-16
3.75896e-16
0
0
0
0
0
0
0
0
0
-9.22422e-18
0
-4.94169e-16
0
0
1.00858e-18
0
-6.49589e-16
-2.4634e-15
0
0
0
0
0
0
0
0
0
0
0
0
0
0
0
0
0
0
0
0
0
0
0
0
0
0
0
0
0
0
0
0
0
0
0
0
0
0
0
0
0
0
0
0
2.45384e-17
0
0
0
0
0
0
0
0
0
0
0
0
0
0
0
0
0
0
0
0
0
0
0
1.90875e-12
0
0
0
0
0
0
0
0
0
0
0
2.37711e-16
0
0
0
0
0
0
0
0
0
0
0
1.05622e-15
0
-4.44591e-17
0
0
0
0
0
0
0
0
0
0
0
-7.50409e-16
0
-3.92176e-16
0
0
0
0
0
0
0
0
0
0
0
0
0
-4.24187e-16
0
0
0
0
0
0
0
0
0
0
0
0
0
0
0
0
0
0
0
0
2.15209e-16
0
0
0
0
0
0
0
0
0
0
0
0
0
0
0
0
0
0
0
0
0
0
0
0
0
0
0
0
0
0
0
0
0
0
0
0
0
0
0
0
0
-1.83183e-18
1.43019e-18
0
0
0
0
0
0
0
0
0
0
0
0
0
0
0
0
0
0
0
0
0
0
0
0
0
0
0
0
0
0
0
0
0
0
-1.01045e-15
0
2.30869e-16
-2.85214e-16
0
0
0
0
0
0
0
0
0
0
0
0
0
0
0
0
0
0
0
0
0
0
0
0
0
0
0
0
7.18705e-10
0
0
0
0
0
0
0
0
0
0
0
0
0
0
0
-2.04847e-16
-9.7337e-17
0
0
0
0
0
0
0
0
0
0
0
0
0
0
0
0
0
0
0
0
0
0
0
0
0
0
0
0
0
0
0
0
0
0
0
0
0
0
1.55127e-13
0
0
0
0
0
0
0
0
0
0
0
0
0
0
0
0
0
0
0
0
-3.92725e-16
2.71014e-16
0
0
0
0
0
0
0
0
0
0
0
0
0
0
0
0
0
0
-2.26594e-08
0
0
0
0
0
0
0
0
0
0
0
0
0
0
0
0
0
0
1.76271e-12
0
0
0
0
0
0
9.52666e-13
0
0
0
0
0
0
0
0
0
0
0
0
0
0
0
0
0
0
0
-7.21155e-16
0
0
0
0
0
0
0
0
0
0
0
0
0
0
0
0
0
0
0
0
0
0
-2.61744e-15
0
0
0
0
0
4.9866e-31
0
0
0
0
0
0
0
8.69219e-09
0
0
0
0
0
2.01555e-13
0
0
0
0
0
0
0
0
7.41722e-16
0
1.13405e-16
0
0
0
0
0
0
0
0
0
0
0
0
0
0
0
0
0
0
0
0
0
0
0
0
0
0
0
0
0
0
-1.13794e-08
3.91964e-16
0
0
0
0
0
0
0
0
0
0
0
0
0
4.17586e-16
6.74505e-17
0
0
0
0
0
0
0
0
0
0
0
0
0
0
0
0
0
0
0
0
0
0
0
0
0
0
0
0
0
0
0
0
0
0
0
0
0
0
0
0
0
0
0
0
0
0
0
0
0
0
0
0
0
1.68869e-16
0
0
0
0
0
0
0
0
-3.99487e-17
0
0
0
0
0
0
0
0
0
0
0
0
0
0
0
0
0
0
0
0
0
0
0
0
0
0
0
0
0
0
0
0
0
0
0
0
0
0
0
0
0
0
0
0
0
0
0
-1.03098e-15
0
0
0
0
0
0
0
0
3.49444e-19
1.48038e-18
0
0
0
0
0
0
0
0
0
0
0
0
0
0
0
0
0
0
0
0
0
0
0
0
0
0
0
0
0
8.41388e-13
0
0
0
0
0
0
0
0
0
0
0
0
0
0
0
0
0
0
0
0
0
0
0
0
0
0
-2.68909e-16
9.8332e-18
3.23981e-16
-2.14976e-13
0
0
0
0
0
0
0
0
0
2.60508e-13
1.87014e-13
0
0
0
0
0
6.57731e-16
-5.07232e-15
0
4.66959e-15
-6.6382e-13
0
0
0
0
0
0
0
0
0
0
0
0
0
0
0
0
1.58549e-13
0
0
0
0
0
0
0
0
0
0
0
0
-6.08979e-16
0
0
0
0
0
0
0
0
0
0
0
0
0
0
0
0
0
0
0
0
0
0
0
0
0
0
0
0
0
0
0
0
0
0
0
0
0
0
0
0
0
6.75833e-16
0
0
0
0
2.98974e-13
0
0
0
0
0
-1.54384e-09
6.19071e-13
0
0
0
0
0
0
0
0
0
0
0
0
0
-3.38009e-16
-2.03788e-16
0
0
0
0
0
0
0
0
0
0
0
0
0
5.96332e-16
0
0
0
0
0
0
0
0
0
0
0
0
0
0
0
0
0
0
0
0
0
0
0
0
0
0
0
0
0
0
0
0
0
-2.3012e-15
4.47586e-16
0
0
0
0
0
0
0
0
1.01565e-08
0
5.03016e-08
0
0
0
0
0
-2.8619e-16
0
0
0
0
0
0
0
0
0
1.02898e-08
5.09175e-13
0
0
-5.32758e-13
1.5207e-13
0
0
0
0
0
0
0
0
0
0
0
0
0
0
0
0
0
0
0
0
0
0
0
0
0
0
0
0
0
0
0
0
0
0
0
0
0
0
0
0
0
0
0
0
0
0
0
0
0
0
-3.33668e-16
0
0
0
0
0
0
0
0
0
0
0
0
0
0
0
0
0
0
0
0
-7.42201e-15
0
0
0
0
0
0
0
0
0
0
0
-2.28717e-18
0
0
-3.33898e-14
0
0
0
0
0
0
0
0
-4.28539e-19
0
-1.87501e-16
0
0
0
0
0
0
0
0
0
0
0
0
0
0
0
0
-9.09679e-15
0
0
0
0
0
0
0
0
0
0
0
0
3.57835e-13
2.70439e-13
0
0
0
0
0
0
0
0
0
0
0
0
0
0
0
0
6.52251e-16
0
-2.03973e-16
0
0
0
0
1.07915e-16
0
0
2.31491e-08
0
0
3.50323e-12
0
0
0
0
0
0
0
0
0
1.4299e-16
0
0
0
0
0
0
0
0
0
0
0
1.22956e-16
0
0
0
0
0
0
2.73594e-16
3.63495e-15
0
0
0
1.54586e-15
6.40022e-16
0
0
0
7.58879e-13
7.96356e-09
6.09337e-13
0
0
0
0
0
0
0
0
0
0
0
0
0
0
0
0
0
0
0
0
0
0
0
0
0
0
0
0
0
0
0
0
-1.45287e-14
0
0
0
1.18524e-16
0
2.98492e-16
-8.01133e-16
0
0
0
0
0
0
0
0
0
0
0
0
0
0
0
0
0
0
0
0
0
0
0
0
0
0
0
0
0
0
0
0
0
0
0
0
0
0
0
0
0
0
0
0
0
0
0
0
0
0
1.67755e-16
0
-7.0716e-13
0
0
0
-1.16587e-12
1.60896e-18
0
0
0
0
0
8.83284e-13
1.04652e-08
0
0
0
0
0
0
0
0
0
-4.11584e-13
0
0
0
0
0
0
0
0
0
0
0
0
0
0
0
0
0
2.02416e-08
1.28881e-12
-3.47476e-19
0
0
0
0
0
0
0
0
0
0
0
0
0
0
0
0
0
0
0
0
1.64488e-13
0
0
0
0
0
0
0
0
0
0
-6.32931e-13
0
0
0
0
0
0
0
0
0
0
0
-1.34033e-15
0
0
0
0
0
0
0
0
0
0
0
0
0
2.5779e-15
0
8.35487e-16
0
0
0
0
0
0
0
1.07909e-15
0
0
0
0
0
-2.25245e-13
0
0
0
0
0
-1.31437e-15
0
-2.0874e-08
-8.53819e-09
0
-1.23836e-16
0
0
0
0
7.88214e-17
0
0
0
0
0
1.02331e-14
-9.7765e-13
0
0
-1.59318e-08
0
0
0
0
0
0
0
0
0
0
0
0
0
0
0
0
0
0
0
0
0
0
0
0
0
0
0
0
-9.30728e-09
0
0
-5.02483e-13
7.8099e-14
0
-3.57756e-16
0
0
0
0
0
0
-1.7298e-15
0
0
0
0
0
0
0
0
0
-2.78063e-16
0
0
0
0
0
0
0
0
-8.09939e-15
1.03621e-08
0
0
0
0
0
0
6.79077e-15
-6.35792e-13
0
0
0
0
0
0
0
0
0
0
0
0
0
0
0
0
0
0
0
0
0
0
0
0
0
3.30666e-12
0
0
0
0
0
0
0
0
0
0
0
0
0
0
0
1.08217e-17
-1.25896e-16
0
0
0
0
0
0
0
0
0
0
0
0
0
0
0
0
0
0
0
0
0
0
0
0
0
0
0
0
0
0
0
0
0
0
0
0
0
0
0
0
0
0
0
0
0
0
0
0
0
0
0
0
0
0
0
-2.09945e-08
5.49969e-13
0
0
0
0
0
0
0
0
0
0
0
-7.95516e-30
0
0
0
0
0
0
0
0
0
0
0
0
0
0
0
1.78356e-13
1.28534e-13
0
0
0
0
0
0
0
0
0
0
0
0
0
0
0
0
-8.38899e-13
0
0
0
0
0
0
0
0
-1.3171e-12
8.61123e-13
0
0
0
0
-6.13807e-09
0
0
2.78844e-09
0
1.04538e-09
7.73947e-13
0
0
2.34403e-18
0
0
0
0
0
0
0
0
0
0
0
2.33469e-09
0
0
0
0
0
0
0
0
0
0
0
0
0
0
-1.37961e-16
0
0
0
1.73773e-08
0
0
0
0
0
-4.01147e-16
5.69357e-15
0
0
0
0
-3.61e-13
0
0
-9.1126e-15
0
0
0
0
0
0
0
0
0
0
0
0
0
0
0
0
0
0
0
0
0
0
0
0
0
0
0
0
0
0
1.84119e-16
0
0
0
0
0
0
0
5.73067e-16
0
0
0
0
0
0
0
-1.86873e-13
-1.56593e-32
0
0
0
0
0
0
5.01231e-13
5.71549e-09
0
0
0
0
0
0
0
0
0
0
0
0
0
0
-5.4487e-16
0
0
-1.90816e-08
-4.07361e-16
-3.24766e-16
0
0
3.97396e-15
0
0
0
0
0
0
0
0
0
0
-6.30307e-15
-3.25622e-09
0
0
0
0
0
0
0
0
0
0
0
0
-3.03874e-16
0
0
0
0
0
0
0
-2.92469e-33
1.88999e-17
0
0
0
0
0
0
0
0
0
0
0
8.84821e-17
0
0
0
0
-1.20335e-15
0
-3.21457e-15
0
0
0
0
0
0
0
0
0
0
0
2.14208e-13
0
0
0
-1.87028e-17
0
0
0
0
0
0
-2.84376e-16
0
0
-1.49957e-16
-1.23714e-15
0
0
0
0
0
0
0
0
-1.67658e-16
0
0
2.26898e-16
6.98177e-13
-2.24796e-09
0
0
-3.23776e-15
0
0
0
0
0
0
0
0
0
0
0
0
0
0
0
0
0
0
-1.25831e-16
0
0
0
3.84969e-16
0
0
0
0
0
0
0
0
0
0
0
0
0
1.16435e-15
-3.65933e-16
0
0
0
0
0
0
0
0
0
0
0
0
0
0
0
0
0
0
0
0
0
-2.64841e-15
0
0
0
0
0
0
0
0
0
0
0
0
0
0
0
0
0
2.79172e-17
0
0
0
0
0
0
0
0
0
0
0
0
0
0
0
0
0
0
0
0
0
0
0
0
0
0
0
0
0
-4.41739e-17
0
0
0
0
0
0
0
0
0
0
0
0
0
0
0
0
0
0
0
0
4.25836e-18
2.46466e-08
0
0
0
0
0
-1.78484e-14
0
0
0
0
0
0
0
0
0
0
0
0
0
0
0
0
0
0
0
0
0
0
0
0
0
1.71248e-13
0
1.40148e-17
0
0
0
0
0
0
0
0
0
0
0
0
0
0
-3.86411e-17
6.21398e-16
0
0
1.21101e-13
0
0
0
0
0
1.38025e-08
6.46403e-13
1.99753e-08
0
0
0
-1.36581e-15
0
0
0
0
0
0
0
0
2.98177e-17
0
0
0
2.12593e-08
0
0
1.78179e-16
1.33169e-16
0
0
0
0
0
0
0
0
0
0
0
0
0
0
0
0
0
0
0
0
-1.21168e-15
0
0
0
0
0
-2.15994e-08
0
0
0
0
0
-2.03355e-13
-7.70859e-09
-1.66983e-16
0
0
0
0
-1.5702e-08
0
0
-2.65993e-16
0
-7.31486e-09
0
0
0
0
2.44927e-13
1.75561e-13
-1.60768e-08
0
0
0
0
0
0
0
0
1.10329e-13
1.33147e-13
0
0
-5.46044e-16
7.79783e-10
0
0
0
0
0
0
0
-4.18337e-16
0
0
0
0
0
0
0
0
0
0
0
0
0
0
5.12408e-13
2.51597e-08
0
0
0
0
2.14376e-08
0
0
0
0
3.05838e-16
0
0
0
0
0
0
0
2.63031e-08
0
0
0
-5.1797e-12
2.98236e-13
0
0
0
0
4.07041e-16
0
0
0
0
0
0
0
0
0
0
0
0
0
0
0
0
0
0
0
0
0
0
0
0
1.72635e-13
1.58402e-13
0
2.82179e-18
0
0
0
0
-1.14509e-16
0
0
0
0
0
0
0
0
0
1.61452e-13
0
0
0
0
0
0
0
0
0
0
0
0
0
0
0
0
0
0
0
0
0
0
-9.21171e-17
0
0
0
0
0
0
0
0
0
0
6.96032e-17
0
0
6.98572e-16
0
0
0
0
0
0
0
1.81081e-13
0
0
0
-2.01179e-13
0
-1.47638e-13
0
0
0
0
-5.0579e-16
0
0
0
0
0
0
0
0
0
0
-1.53351e-13
0
0
0
0
0
1.07125e-16
0
6.16569e-16
0
0
0
0
4.99147e-31
0
0
0
0
0
0
0
0
3.91605e-13
5.18287e-13
0
0
0
0
0
0
0
0
0
0
0
0
0
0
0
0
0
0
0
0
0
0
3.97503e-15
0
0
0
0
2.55924e-16
0
0
0
0
0
0
0
2.16518e-08
0
0
0
0
0
0
0
0
0
-1.00803e-16
0
0
0
0
0
0
0
1.30021e-15
1.46458e-15
0
0
0
0
0
0
-3.35949e-08
0
0
0
0
0
0
0
2.10326e-16
0
0
0
0
0
0
0
0
0
0
2.54537e-15
0
0
0
0
0
0
0
0
0
0
0
0
3.28437e-15
0
0
0
0
0
-1.44263e-13
0
-6.71262e-16
0
0
0
0
0
0
0
0
0
0
0
0
0
0
0
0
0
0
0
0
8.2891e-09
0
0
0
0
0
8.35038e-16
-4.91768e-16
0
0
0
0
7.01528e-17
0
0
0
0
0
0
0
0
0
0
0
0
0
0
0
0
0
0
-2.39267e-13
5.85931e-17
-2.03712e-13
0
0
0
0
0
0
2.24351e-13
0
0
0
0
0
0
0
-1.65943e-13
0
0
0
0
0
0
0
0
0
0
0
0
0
0
0
0
0
0
0
0
0
5.86798e-13
0
0
0
0
0
0
-1.02178e-15
0
0
0
0
0
0
0
0
0
0
0
0
0
0
0
0
0
0
0
0
0
0
0
0
0
0
0
0
0
0
0
0
0
-1.39223e-15
0
0
1.66075e-15
0
6.85367e-13
8.12068e-09
0
0
0
0
-3.48215e-13
-1.11053e-14
5.51729e-15
-4.74329e-16
0
0
0
0
0
0
0
0
0
0
0
0
0
1.17408e-13
1.23102e-13
0
0
0
0
0
0
0
0
0
0
0
0
0
0
0
0
0
0
0
0
0
0
0
0
0
0
0
0
0
0
0
0
0
2.99488e-30
0
0
0
0
0
0
0
0
0
0
0
0
0
0
0
0
0
0
0
0
0
0
0
9.83238e-14
0
0
0
0
0
0
0
0
0
0
0
0
0
0
0
0
0
4.46354e-15
0
0
0
0
0
0
-2.04448e-13
-4.40261e-12
0
0
0
0
0
0
0
0
0
0
0
0
0
0
-5.37447e-17
-2.22417e-13
0
0
0
0
0
0
0
0
0
0
0
0
0
0
0
0
0
1.68203e-16
0
0
0
1.8646e-13
0
-9.81876e-14
-1.09069e-15
0
0
0
0
0
2.87667e-16
0
0
0
0
0
3.64471e-16
0
-2.07433e-13
0
0
0
0
0
0
0
2.29153e-15
0
-1.85783e-15
0
0
0
0
3.33989e-18
0
-1.94081e-13
1.40341e-13
0
0
0
-1.22993e-16
0
0
0
0
0
0
0
0
0
0
0
0
0
0
0
0
0
0
0
1.3926e-13
0
-8.57792e-17
0
0
0
0
0
0
0
0
0
0
0
0
0
0
0
0
0
0
2.77498e-08
0
0
0
0
0
0
0
0
0
0
0
0
0
0
0
0
0
0
0
0
0
0
0
0
0
0
-3.53103e-18
0
0
0
0
0
0
0
0
0
0
0
0
0
0
0
0
0
0
0
0
0
0
0
0
0
0
0
0
0
0
0
2.10598e-13
0
0
0
-5.67569e-18
-1.95621e-13
0
0
0
0
0
0
0
0
0
0
0
-2.03472e-16
0
0
0
0
4.19499e-16
0
0
0
0
0
0
0
0
0
0
0
0
0
0
0
0
0
0
0
0
0
0
0
-8.60265e-17
0
0
0
0
0
0
-2.05468e-13
0
0
0
0
0
0
0
1.36643e-16
0
0
0
1.49867e-13
0
0
0
0
1.99555e-15
0
0
0
0
0
0
0
0
0
0
1.30041e-13
0
0
0
0
0
2.27341e-16
6.64173e-17
0
0
0
0
0
0
2.55309e-14
3.1372e-16
0
0
0
0
4.27169e-16
-8.82451e-16
0
-2.13609e-13
0
0
0
0
0
0
0
1.56072e-16
1.76288e-13
0
-1.60743e-13
0
0
0
0
0
0
0
0
0
0
0
0
0
0
0
-6.50585e-16
0
0
4.39454e-17
0
0
0
0
0
0
1.12875e-13
0
0
0
0
0
0
5.1157e-16
9.35747e-16
1.62033e-13
0
0
0
0
0
0
0
0
0
0
0
0
0
0
0
2.73012e-18
0
0
0
0
0
0
0
0
0
0
0
5.36713e-13
0
0
0
9.94394e-31
-5.00122e-31
0
0
0
0
4.48552e-16
0
0
0
0
0
0
0
0
0
0
0
0
-3.82753e-15
0
0
0
2.97705e-16
0
0
0
0
0
0
0
0
0
0
0
0
0
0
1.5951e-13
0
0
0
0
-9.53627e-17
0
0
0
-7.31386e-13
0
0
0
0
0
-1.71528e-13
0
-1.67792e-13
0
0
0
0
7.7427e-17
0
9.53648e-16
0
0
-4.84108e-17
0
0
0
0
0
0
0
0
0
0
0
0
0
0
0
0
0
-2.2733e-13
0
1.17129e-13
0
0
0
0
-1.78641e-14
0
1.77692e-13
-5.31715e-14
2.07489e-16
0
0
1.93469e-15
1.79004e-13
0
-2.31445e-13
0
0
0
0
0
0
0
0
0
0
0
0
0
0
0
0
0
-1.94139e-13
6.08083e-15
0
5.4711e-16
1.49432e-17
0
0
0
0
0
0
0
1.02216e-15
-2.74569e-15
0
0
-1.77273e-16
-8.45221e-16
0
2.14154e-16
0
0
0
0
0
0
0
0
0
0
-1.3947e-13
0
0
0
0
0
0
0
0
1.6185e-13
0
0
0
0
0
1.42015e-15
0
0
0
0
0
-1.88882e-13
0
0
0
5.77317e-16
0
0
0
0
0
0
0
0
0
0
0
-1.66849e-13
0
0
0
0
0
0
0
0
0
0
0
0
0
0
0
0
0
0
0
0
0
0
0
0
0
0
0
0
0
0
0
0
0
0
0
0
0
4.12041e-16
0
0
0
0
1.91814e-08
0
0
0
0
0
0
0
0
0
0
0
0
0
0
0
0
0
0
0
0
1.5043e-13
0
-1.70312e-15
0
0
0
0
0
9.37241e-17
1.7749e-16
-4.2409e-16
0
0
0
0
0
0
0
0
0
0
0
0
0
0
1.57397e-13
1.5308e-13
0
-1.82912e-13
0
8.71767e-16
0
0
-2.29624e-16
0
0
0
0
0
0
0
0
0
0
0
0
0
0
0
0
0
0
0
0
0
0
0
-1.61134e-13
0
0
0
4.79687e-16
1.64909e-13
0
0
0
0
0
0
0
0
0
0
0
0
0
0
0
0
0
7.96987e-17
0
0
0
-1.25202e-08
0
0
0
0
0
0
0
0
0
0
-1.00024e-30
-6.50551e-17
0
0
0
0
0
1.02488e-13
0
0
0
0
0
0
0
0
0
0
0
0
0
2.99569e-13
0
0
0
0
8.21819e-15
0
0
0
0
0
0
0
0
0
-1.4917e-13
-1.09689e-16
0
0
0
0
0
0
0
0
1.58999e-15
1.35537e-13
0
0
0
0
0
0
0
0
0
0
0
0
-1.78869e-13
0
-4.80787e-19
0
0
0
0
0
1.87547e-15
0
0
4.47798e-16
0
-1.49982e-13
0
0
1.49828e-13
0
0
0
0
0
-1.4177e-13
0
0
0
0
-1.1433e-15
0
0
0
0
0
0
0
1.54938e-13
0
1.8075e-15
0
1.46841e-15
0
0
0
0
0
0
-6.28957e-16
0
0
0
0
0
0
0
0
0
0
0
0
0
0
0
9.54417e-16
-2.59381e-15
0
0
0
0
0
0
0
0
0
-1.58033e-16
5.92846e-16
0
)
;

boundaryField
{
    frontback
    {
        type            empty;
        value           nonuniform List<scalar> 0();
    }
    topbottom
    {
        type            calculated;
        value           uniform 0;
    }
    outlet
    {
        type            calculated;
        value           nonuniform List<scalar> 0();
    }
    inlet
    {
        type            calculated;
        value           uniform 0;
    }
    walls
    {
        type            calculated;
        value           nonuniform List<scalar> 
135
(
7.3799e-08
3.51752e-08
6.4143e-08
-5.58665e-08
6.96607e-08
3.65546e-08
6.00048e-08
-2.27604e-08
8.75932e-08
9.44903e-08
-1.72427e-08
-2.41398e-08
2.55193e-08
1.86222e-08
5.03488e-08
7.51784e-08
8.20755e-08
6.82813e-08
6.27636e-08
3.10369e-08
1.06905e-07
1.00008e-07
5.58665e-08
3.7934e-08
1.31045e-08
4.48311e-08
6.20739e-09
6.8971e-10
-4.82797e-09
-1.17251e-08
-2.96575e-08
-3.65546e-08
-4.20723e-08
-4.89694e-08
-5.44871e-08
-6.13842e-08
-6.69019e-08
-1.58633e-08
-5.31077e-08
-3.10369e-08
-4.06929e-08
-3.7934e-08
-6.55224e-08
-4.34517e-08
-2.82781e-08
-2.55193e-08
-1.86222e-08
-1.03456e-08
-3.44855e-09
-6.8971e-10
-3.51752e-08
1.44839e-08
4.82797e-09
2.06913e-09
-6.20739e-09
2.68987e-08
7.58681e-09
2.00016e-08
3.24164e-08
3.93135e-08
-1.44839e-08
-5.17282e-08
-3.24164e-08
-3.93135e-08
-4.62106e-08
4.89694e-08
-5.72459e-08
-6.4143e-08
-2.68987e-08
5.44871e-08
5.17282e-08
-2.00016e-08
-7.10401e-08
-8.96623e-09
-2.06913e-09
1.58633e-08
3.44855e-09
4.34517e-08
5.72459e-08
2.82781e-08
8.96623e-09
4.20723e-08
2.1381e-08
3.37958e-08
4.06929e-08
8.06961e-08
4.759e-08
5.31077e-08
8.62137e-08
8.34549e-08
5.86253e-08
8.89726e-08
6.55224e-08
9.86285e-08
7.10401e-08
1.01387e-07
-3.37958e-08
7.93166e-08
1.05526e-07
8.48343e-08
9.0352e-08
1.04146e-07
9.72491e-08
1.08284e-07
1.02767e-07
2.41398e-08
9.31108e-08
2.96575e-08
7.65578e-08
1.09664e-07
-6.27636e-08
-2.1381e-08
-1.31045e-08
1.72427e-08
6.69019e-08
1.03456e-08
6.13842e-08
-7.24195e-08
-6.00048e-08
2.27604e-08
-5.03488e-08
-5.86253e-08
-7.58681e-09
4.62106e-08
9.17314e-08
-4.48311e-08
1.17251e-08
7.79372e-08
7.24195e-08
-6.96607e-08
-4.759e-08
-1.31045e-08
9.58697e-08
-6.82813e-08
-1.17251e-08
)
;
    }
    procBoundary0to1
    {
        type            processor;
        value           nonuniform List<scalar> 
104
(
0
0
0
0
0
0
0
0
6.35558e-14
0
0
0
0
0
0
0
0
0
0
0
0
0
0
7.28507e-17
0
0
0
0
0
0
0
0
0
0
0
0
0
0
0
0
0
0
0
0
0
0
0
0
0
0
0
0
0
0
0
0
0
0
0
0
0
0
0
0
0
0
0
-6.74626e-13
0
0
0
0
0
0
0
0
0
0
0
0
0
0
0
0
0
0
0
0
0
0
0
0
0
0
0
0
0
0
0
1.5394e-08
-8.72451e-17
0
0
0
)
;
    }
    procBoundary0to2
    {
        type            processor;
        value           nonuniform List<scalar> 
83
(
0
0
1.51987e-16
0
0
-9.23232e-13
-2.75866e-17
0
0
0
0
0
0
0
-3.81011e-16
-3.70023e-18
-4.9866e-31
-5.63001e-17
-6.57167e-17
0
0
0
-4.76528e-16
-1.20499e-16
0
0
-8.6689e-17
1.31241e-16
-6.4745e-17
0
0
0
-5.75642e-17
0
0
0
0
-4.97174e-17
5.49694e-17
0
5.11659e-15
0
0
-5.41781e-17
2.83043e-16
0
0
2.80773e-16
0
0
0
2.38896e-16
7.4872e-31
0
0
4.5602e-16
0
0
1.34664e-16
3.05054e-16
0
-4.75576e-17
3.94311e-08
9.99479e-17
4.04124e-17
6.19613e-15
0
0
0
-1.35219e-15
0
0
-7.05382e-15
7.55504e-17
0
0
0
-2.74184e-15
0
0
-6.84267e-15
0
-2.52259e-15
)
;
    }
}


// ************************************************************************* //
