/*--------------------------------*- C++ -*----------------------------------*\
| =========                 |                                                 |
| \\      /  F ield         | OpenFOAM: The Open Source CFD Toolbox           |
|  \\    /   O peration     | Version:  v2012                                 |
|   \\  /    A nd           | Website:  www.openfoam.com                      |
|    \\/     M anipulation  |                                                 |
\*---------------------------------------------------------------------------*/
FoamFile
{
    version     2.0;
    format      ascii;
    class       surfaceScalarField;
    location    "750";
    object      meshPhi;
}
// * * * * * * * * * * * * * * * * * * * * * * * * * * * * * * * * * * * * * //

dimensions      [0 3 -1 0 0 0 0];
oriented        oriented;


internalField   nonuniform List<scalar> 
20580
(
0
-9.66949e-16
2.05009e-16
0
0
0
0
0
0
0
0
0
0
0
0
0
0
0
0
0
0
0
0
0
0
0
0
0
0
0
0
0
0
0
0
0
0
4.3197e-13
-1.03825e-12
-1.39422e-16
0
0
0
0
0
0
1.59261e-12
-1.87326e-12
-1.91568e-13
0
0
0
0
0
0
0
0
1.85972e-18
-6.60222e-18
0
0
0
0
0
0
0
0
0
0
0
0
0
0
0
0
0
0
0
0
0
0
-2.49747e-16
0
1.47602e-16
0
0
0
0
0
0
0
0
0
0
0
0
0
0
0
0
0
0
0
0
0
0
0
0
0
0
0
0
0
0
0
0
0
0
-4.58372e-16
0
2.08699e-08
3.3902e-08
0
0
0
0
0
0
0
0
0
0
0
0
0
0
0
0
0
0
0
4.14643e-13
1.7143e-13
-1.17043e-12
0
0
0
0
0
0
0
0
-3.61548e-13
0
-2.47999e-13
0
0
0
0
7.43392e-18
-1.23559e-16
0
0
0
-8.68551e-13
-4.19215e-14
0
0
0
0
0
1.27991e-14
-1.49915e-14
0
0
0
0
-4.22714e-16
-1.82827e-15
0
0
-1.01769e-13
-1.33159e-12
0
0
0
0
0
0
0
0
0
0
0
0
0
0
0
-9.0325e-15
-1.2466e-14
8.02405e-13
-1.65467e-12
0
0
0
0
0
0
3.16988e-13
1.16982e-16
0
0
0
0
0
0
0
0
0
0
0
0
0
0
0
-5.0721e-13
-1.15916e-13
0
-1.35624e-13
0
0
0
0
0
0
1.97494e-13
-1.20154e-12
3.98447e-13
0
0
0
0
0
0
0
0
0
2.43492e-09
2.36398e-08
0
0
0
0
0
0
0
0
0
0
0
0
0
0
3.02361e-13
2.2569e-13
-1.05751e-12
0
-2.84485e-16
-1.04386e-15
0
0
0
0
0
3.47151e-16
1.64592e-16
0
0
0
0
0
0
0
0
0
0
0
0
0
0
0
0
0
0
0
0
0
0
0
0
0
0
-2.57785e-15
1.76848e-15
0
0
0
0
0
0
0
0
0
0
0
0
0
0
0
0
-7.5359e-16
2.97917e-16
0
0
0
0
0
0
0
0
0
0
0
0
0
0
0
0
0
0
0
0
-2.58656e-16
3.112e-16
0
0
0
0
0
0
0
0
0
0
0
0
0
0
0
0
0
0
-2.31936e-16
0
0
0
0
0
0
0
0
0
0
0
0
0
0
0
0
0
0
0
0
0
0
0
0
0
0
0
0
0
0
0
0
0
0
0
0
0
-1.37397e-15
0
0
0
0
6.05124e-15
-9.02433e-16
0
0
0
0
0
0
0
0
0
0
0
0
0
0
0
0
0
0
0
0
0
0
0
0
0
-6.84255e-13
0
0
0
0
0
-2.5612e-13
0
0
0
0
0
0
0
0
0
0
0
0
0
0
0
0
0
0
0
0
0
0
0
0
0
0
0
0
0
0
0
0
0
0
0
0
0
0
0
0
2.97505e-08
1.78869e-08
0
0
0
0
0
0
0
0
0
0
0
0
0
0
0
0
0
-7.17182e-14
-1.57144e-12
0
0
0
0
0
0
0
0
0
0
0
0
0
0
0
0
2.04126e-15
-1.53667e-16
0
0
0
0
0
0
0
0
0
0
0
1.35964e-15
0
5.64088e-16
0
0
0
0
0
0
0
0
0
0
0
0
0
0
0
0
0
0
0
0
0
0
0
0
0
0
0
0
0
0
0
0
0
0
0
0
0
0
-3.51618e-12
0
0
0
0
0
1.39091e-13
-1.65709e-12
0
0
0
0
0
0
0
0
0
0
0
0
0
0
0
0
0
0
0
0
0
0
0
0
0
0
0
0
0
0
0
0
0
0
0
0
0
0
0
0
0
0
-5.22085e-13
-5.92019e-14
0
0
0
0
0
0
0
0
0
0
0
0
0
0
0
0
0
0
0
0
-1.15769e-13
-2.17602e-13
-1.05903e-15
-9.65517e-18
0
0
0
0
0
0
0
0
0
0
1.26573e-16
-1.37171e-16
0
0
0
0
0
0
0
0
0
0
0
0
0
0
0
0
0
0
-9.61682e-16
0
0
0
0
0
0
0
0
0
0
0
0
0
0
0
0
0
0
2.00551e-17
-3.03134e-16
1.15025e-13
-1.61386e-12
2.29474e-13
0
0
0
0
0
0
0
0
0
0
0
0
0
0
0
0
0
3.64952e-13
1.88078e-13
-1.10694e-12
0
0
0
0
0
0
0
0
0
0
0
0
0
0
0
0
0
0
0
0
0
0
0
0
0
0
0
0
0
0
0
0
0
0
0
0
0
-3.35935e-18
0
0
0
0
0
0
0
-3.03153e-15
0
1.15713e-14
0
5.27213e-13
-1.23815e-12
1.10672e-13
0
0
3.4492e-15
0
-7.48031e-18
0
-2.76019e-13
-7.86755e-14
0
0
0
0
0
0
0
0
0
0
0
0
0
0
0
-1.70824e-13
0
0
0
0
0
0
0
0
0
0
0
0
0
0
0
0
0
0
0
0
0
0
0
0
0
0
0
0
0
-2.76996e-16
4.61762e-17
0
-2.9812e-08
-1.16282e-08
0
0
0
0
0
0
0
0
0
0
0
0
0
0
-3.60968e-13
0
0
0
0
0
0
0
0
0
0
0
0
0
0
0
0
0
0
0
0
0
0
0
0
1.84563e-14
-8.92942e-13
1.89596e-17
3.64907e-19
0
0
0
0
0
6.63701e-16
0
-2.58654e-16
0
0
0
0
0
-4.18884e-18
0
0
0
0
0
0
0
0
0
-1.50763e-15
0
0
0
0
0
-1.51373e-16
0
0
0
0
0
0
0
0
0
0
0
0
0
0
0
-3.25981e-13
0
0
0
0
0
0
0
0
0
0
0
0
0
-3.58772e-13
-4.25601e-13
0
0
0
0
0
0
1.72433e-12
-4.25325e-08
0
0
0
0
0
0
0
0
0
0
0
0
0
0
0
0
0
0
0
0
0
0
0
0
0
0
0
0
0
0
0
0
0
0
0
0
0
0
0
0
0
-1.48374e-14
-7.69564e-15
-2.83597e-16
0
0
0
0
0
0
0
0
0
0
0
0
0
0
0
0
1.31219e-16
0
0
0
0
-1.10769e-14
-4.05997e-13
-1.53401e-12
0
0
0
0
0
0
0
0
0
0
0
0
0
0
4.00768e-08
1.14832e-08
0
0
0
0
0
0
0
0
0
0
0
0
-2.27499e-14
0
0
0
0
-3.81907e-14
-9.6885e-14
0
0
0
0
0
0
0
0
4.56127e-17
2.67363e-17
0
0
0
0
0
0
-9.72759e-13
1.27946e-13
0
0
0
0
0
0
0
0
0
0
0
0
0
0
0
0
0
0
0
0
0
0
0
0
0
0
0
0
0
0
0
0
0
0
0
0
0
0
0
0
0
0
0
1.74796e-14
0
0
0
0
-9.33335e-16
0
0
0
0
0
0
0
0
0
0
0
-1.36552e-15
0
-4.85113e-15
0
0
0
0
0
0
0
0
0
0
0
0
0
0
0
0
0
0
0
0
0
0
0
0
0
0
0
0
0
0
0
0
0
4.61988e-12
-6.64254e-08
5.77321e-08
0
0
0
0
0
0
0
0
0
0
0
0
0
0
0
0
0
0
0
0
0
0
0
0
0
0
0
0
0
-2.30085e-16
-6.75617e-17
0
0
0
0
0
0
0
0
0
0
0
0
0
0
0
0
0
0
0
0
0
0
0
0
1.93008e-13
1.87475e-13
-7.64463e-13
0
0
0
0
-4.68672e-14
-2.13516e-14
1.43555e-14
0
0
0
0
0
0
0
0
0
0
0
-8.90371e-16
-2.23054e-16
0
0
0
0
0
0
0
0
0
0
0
0
0
0
0
0
1.2175e-15
1.50105e-15
0
0
0
0
0
0
0
0
0
0
0
0
0
0
0
0
0
0
0
0
-1.63952e-17
0
3.21744e-18
0
0
0
0
0
0
0
0
-3.19028e-16
0
0
0
0
0
0
0
0
0
0
0
0
0
0
0
0
-3.72365e-13
-4.36098e-19
-2.95488e-13
0
0
0
0
0
0
0
0
0
0
0
0
0
0
-5.29803e-16
-3.23101e-16
0
0
0
0
0
0
0
0
0
1.44423e-16
0
0
0
0
-1.95381e-16
5.932e-17
0
-1.25534e-13
4.73359e-16
3.22687e-13
0
0
0
0
0
0
0
0
0
0
0
0
0
0
0
0
0
0
0
0
1.22726e-16
0
-3.62145e-16
0
0
0
0
0
0
0
0
0
0
0
0
0
0
0
0
0
0
-2.67536e-13
0
0
0
0
3.37064e-14
1.0721e-12
0
0
0
0
0
0
2.72043e-16
-1.63738e-16
0
0
0
0
0
0
-5.64786e-16
0
0
0
0
0
0
0
0
0
0
0
0
0
0
0
0
0
0
0
0
0
0
0
0
0
0
0
0
0
0
0
0
0
0
0
0
1.82722e-16
0
0
0
-2.41601e-08
1.13614e-12
0
0
0
0
0
0
0
0
2.63302e-12
1.16179e-12
0
0
0
-5.06716e-16
0
1.17702e-15
0
0
0
0
0
0
0
0
0
0
0
0
0
0
0
0
0
0
0
0
0
0
0
0
0
0
0
0
0
2.37624e-16
2.22362e-13
0
0
0
0
0
0
0
0
0
0
0
0
0
0
0
0
0
0
0
0
0
0
0
0
0
0
0
0
-8.89273e-13
-5.22622e-13
0
0
0
0
0
0
-5.97611e-14
0
0
0
0
0
0
-1.46283e-15
-1.08575e-15
0
0
0
0
0
0
0
0
0
0
0
0
0
0
0
5.01433e-14
0
0
0
0
0
0
0
0
0
0
0
1.72315e-13
-9.93704e-13
3.33204e-13
0
0
0
0
0
0
0
0
0
0
0
0
0
0
4.26849e-13
-2.67814e-12
0
0
0
-8.84969e-15
0
0
0
0
0
-3.47848e-17
0
0
0
0
6.7553e-17
0
0
0
0
0
0
0
0
0
0
0
0
0
0
0
0
0
0
0
0
0
0
0
-7.91163e-15
-7.88335e-16
0
0
0
0
3.60704e-17
3.60822e-17
0
0
0
0
0
0
0
0
0
0
0
0
0
0
0
0
0
0
0
0
0
0
0
0
0
0
0
0
0
0
0
0
0
0
0
0
0
0
0
0
-1.32378e-12
3.00884e-13
0
0
0
0
0
0
0
0
0
0
0
3.99083e-13
-1.18895e-12
0
0
0
0
0
0
0
-2.59723e-13
0
0
0
0
0
0
0
0
0
0
0
0
0
0
0
0
0
0
0
0
0
0
0
0
0
0
6.53827e-16
-2.81502e-16
0
0
0
0
0
0
0
0
0
0
0
0
-2.62637e-13
0
0
0
0
0
0
0
0
0
0
0
0
0
0
0
0
0
0
0
0
0
0
0
0
0
0
0
0
0
0
0
0
0
0
0
0
0
0
-1.11461e-14
0
3.99894e-19
0
0
0
0
0
0
0
0
0
0
0
0
0
0
0
0
0
0
0
0
0
0
0
0
1.0928e-15
0
0
0
0
0
0
0
0
-1.51434e-15
0
8.2572e-16
-9.88232e-13
-5.08113e-13
-7.22378e-17
0
0
0
0
0
0
0
0
0
0
0
0
0
0
0
0
0
0
0
0
0
0
0
0
0
0
0
0
0
0
0
0
0
0
0
0
0
0
0
0
0
0
0
0
0
0
0
0
0
0
0
0
0
0
0
0
0
0
0
0
0
0
0
0
0
0
0
0
0
0
0
0
0
0
0
0
0
0
0
0
0
0
0
0
0
0
0
0
-1.62427e-14
-4.88407e-15
0
0
0
0
0
0
0
0
0
0
0
0
0
0
0
0
0
0
0
0
0
0
0
0
0
0
0
0
0
0
0
0
0
0
0
0
0
0
0
0
0
0
0
0
0
0
0
2.96196e-13
-2.55961e-12
0
0
0
0
0
0
0
0
0
0
0
0
-4.55934e-13
0
0
0
0
0
0
0
0
0
0
0
0
0
0
-5.67768e-15
0
0
0
0
0
0
0
0
0
0
0
0
-3.0461e-17
0
0
0
0
-4.22171e-16
-5.05606e-16
0
2.98295e-16
0
-2.46728e-16
0
0
0
0
0
0
-4.12258e-17
-8.07131e-16
-6.29837e-16
0
0
0
0
0
0
0
0
0
2.84241e-13
-8.12243e-13
1.11099e-13
0
0
0
0
0
0
0
0
0
0
0
0
0
0
0
0
0
0
0
0
0
0
0
0
0
0
0
0
0
0
0
0
0
1.00167e-14
0
0
0
0
0
0
0
0
0
0
0
0
0
0
0
0
1.98299e-16
0
0
-1.19039e-16
0
0
1.54764e-16
0
0
0
0
0
0
0
0
-5.87566e-18
0
0
-2.05657e-17
8.31225e-17
0
0
0
0
0
0
-2.76088e-13
0
0
-1.78703e-08
0
0
0
-4.53834e-16
0
0
0
0
0
0
2.31028e-13
2.13123e-13
-9.00343e-13
0
0
0
0
0
0
0
0
0
0
0
0
0
0
0
0
0
0
0
0
0
0
0
0
0
0
0
0
0
0
0
0
0
0
0
0
0
0
0
0
0
0
0
0
0
0
0
0
0
0
0
-9.44293e-13
0
0
-8.26983e-15
0
1.6446e-12
-3.93114e-08
0
0
0
0
0
0
0
0
0
0
0
0
0
0
0
0
0
-7.47811e-13
-6.62476e-13
0
0
0
0
0
0
0
0
0
0
0
0
0
0
0
0
0
0
2.36576e-13
2.1138e-13
-9.04469e-13
-3.2728e-13
-3.54758e-13
0
0
0
0
0
0
-1.25364e-14
0
0
0
0
0
0
0
0
0
0
0
0
0
0
0
0
0
0
0
0
0
0
0
0
0
0
0
-5.63741e-18
0
0
0
0
0
0
0
0
0
0
0
0
0
0
5.39346e-18
8.56032e-20
0
0
0
0
0
0
0
0
0
0
0
0
0
0
0
0
0
0
0
0
0
0
0
0
0
0
0
0
-2.89587e-09
9.79413e-13
-2.35266e-08
2.50257e-16
0
3.03302e-19
0
0
0
0
0
0
0
0
0
0
0
0
0
0
0
0
0
0
0
0
0
-9.64309e-16
0
0
4.06982e-13
-1.72884e-12
0
0
0
0
0
0
0
-9.10836e-16
1.56911e-16
0
0
0
0
0
0
0
0
0
0
0
0
0
-1.05372e-12
1.57717e-13
0
0
0
0
0
0
0
0
0
0
0
0
3.39631e-16
-1.4372e-12
0
0
0
0
0
0
0
0
0
0
-3.55694e-13
-3.13587e-13
0
0
0
0
0
0
0
0
0
0
0
0
0
0
0
0
0
0
0
0
0
0
0
0
0
0
0
0
0
0
0
0
0
0
0
8.53789e-16
-8.78649e-16
0
0
0
0
0
0
0
0
0
0
0
-1.79668e-13
0
0
-1.67439e-16
4.39829e-16
0
-2.74703e-13
-3.29659e-13
0
0
0
0
0
0
0
0
0
0
-2.57334e-14
0
0
0
0
0
0
0
0
0
0
0
0
0
0
-5.97889e-16
0
1.04356e-15
1.70279e-12
-2.01535e-08
0
0
0
0
0
0
0
0
0
0
0
0
0
0
0
0
0
0
0
0
0
0
0
0
0
0
0
0
0
0
0
0
0
0
0
0
0
3.77177e-16
-1.84486e-18
-3.47167e-18
0
0
-2.1877e-17
0
6.99095e-17
0
0
0
0
0
0
0
0
0
0
0
0
0
0
0
0
0
0
0
0
0
0
1.28347e-14
-5.55225e-15
0
0
0
0
0
0
0
0
0
0
0
0
0
0
0
0
0
0
0
0
0
0
0
0
0
0
0
0
0
0
0
0
0
-3.93111e-13
-7.17793e-13
-8.47539e-15
0
0
0
0
0
0
0
0
0
1.27738e-08
0
0
0
0
0
0
0
0
0
0
0
0
0
0
-1.33422e-15
-8.07785e-16
0
0
0
0
0
0
0
0
0
0
0
-2.86518e-15
0
0
0
0
-1.52181e-12
0
0
0
0
0
0
0
0
0
0
0
0
0
2.78843e-08
0
0
0
0
0
0
0
0
0
0
0
0
0
0
0
0
0
0
0
0
0
0
0
0
0
1.74354e-13
1.2345e-13
-5.97346e-13
0
0
0
0
0
0
0
0
0
0
-1.59762e-16
2.40609e-16
-4.14501e-15
0
0
0
0
0
0
0
0
0
0
0
0
0
0
0
0
0
0
-2.54658e-15
-2.37459e-15
-1.25051e-16
1.29671e-15
0
0
0
0
0
0
0
0
0
1.58018e-16
0
9.83833e-17
4.10327e-13
-1.70312e-12
0
0
0
0
0
0
0
0
0
0
0
0
0
0
0
0
0
0
0
0
0
0
0
0
0
0
0
0
0
0
0
-4.42703e-15
0
5.49882e-18
0
0
0
0
0
0
0
0
0
0
0
-4.11763e-15
0
0
0
0
0
0
0
0
0
0
0
0
0
0
0
0
0
0
0
-2.38343e-13
0
0
0
0
0
0
0
0
0
0
0
0
0
0
0
0
0
0
0
0
0
0
0
0
0
0
0
0
0
0
0
0
0
1.29324e-32
0
0
0
0
0
0
0
0
0
0
0
0
0
0
0
0
0
0
0
0
0
0
0
0
0
0
0
0
0
0
0
0
0
0
0
0
0
0
0
9.05321e-16
0
5.21341e-16
0
0
0
0
0
0
0
0
0
0
0
0
0
0
0
0
-1.89601e-14
0
0
0
0
0
-1.43889e-08
1.00913e-12
0
0
0
0
0
0
0
0
0
0
0
0
0
0
0
0
-1.91987e-13
0
0
0
0
0
0
0
0
0
0
0
0
0
0
0
0
0
0
0
0
0
0
0
0
0
0
0
0
0
0
0
0
0
0
0
0
0
0
0
0
0
0
0
0
0
0
0
0
0
0
0
0
0
0
0
0
0
0
0
0
-2.78689e-09
0
0
0
0
0
0
0
0
0
0
0
0
0
0
0
0
0
0
0
0
0
0
0
0
0
0
0
0
0
0
0
0
0
0
0
0
9.12661e-13
-3.95947e-08
2.70959e-13
-1.06536e-12
-1.13237e-15
-3.51431e-16
-1.14433e-16
0
0
0
0
0
0
0
1.0926e-16
-7.11575e-17
-5.24271e-16
-1.98997e-15
0
0
0
0
0
0
0
0
0
0
0
0
0
0
0
0
0
0
0
0
0
0
0
0
0
0
0
0
0
0
0
0
0
0
0
0
0
0
0
0
0
0
0
0
0
0
0
0
0
2.83455e-16
0
0
0
0
0
0
0
0
0
0
0
0
0
0
1.76134e-14
0
0
0
0
0
0
0
0
0
0
0
0
0
0
0
0
0
0
0
0
0
0
0
0
0
0
0
0
0
0
0
0
0
0
0
0
0
0
0
0
0
0
0
0
0
0
0
0
0
0
0
0
0
0
0
0
0
0
0
0
0
0
0
0
0
0
0
0
0
0
0
0
0
0
0
0
0
0
0
0
0
0
0
0
0
0
0
0
0
0
0
0
0
0
0
0
1.82709e-13
-1.00194e-12
0
0
0
0
0
0
0
0
0
0
0
0
0
0
0
0
0
0
0
0
1.37445e-15
-1.47191e-15
1.15884e-15
0
0
0
0
0
0
0
-1.04732e-16
-7.26288e-16
0
0
0
0
0
0
0
0
0
1.1839e-17
0
0
0
0
0
0
0
0
0
0
0
0
0
-2.88573e-13
-1.6485e-13
0
0
0
0
0
0
-1.91897e-16
0
0
0
0
0
0
0
0
0
0
0
0
0
0
0
0
0
0
0
0
0
0
0
0
0
0
0
-6.86726e-13
0
0
0
0
0
0
0
0
0
0
0
0
0
0
0
0
0
0
0
0
0
0
0
0
0
0
0
0
0
0
0
0
0
0
0
0
0
0
0
0
0
0
0
0
0
0
0
-3.31414e-15
0
1.65825e-16
0
0
0
0
-2.95576e-13
0
0
0
0
0
0
0
0
0
0
0
0
0
0
0
0
0
0
0
0
0
0
0
0
0
-3.63353e-15
0
0
0
0
0
0
0
0
0
0
0
0
0
0
0
0
0
0
0
0
0
0
-3.97992e-13
-2.66659e-13
0
0
0
0
0
0
0
0
0
0
0
0
0
0
0
4.33521e-17
0
0
0
0
0
0
-5.2235e-13
0
0
0
0
0
0
0
0
0
0
0
0
-1.04964e-16
-1.80325e-17
0
0
0
0
0
0
0
0
0
0
0
0
0
0
0
0
0
0
0
0
0
0
0
0
0
0
0
0
0
0
0
0
0
0
0
0
0
0
0
0
0
0
0
0
0
0
0
0
0
0
0
0
0
0
0
0
0
0
0
0
0
0
0
0
0
0
0
-5.62692e-16
-5.71201e-16
0
0
-4.1445e-16
0
-1.19727e-16
0
0
0
0
0
0
0
-3.25459e-15
0
0
0
0
0
0
0
0
0
0
0
0
0
0
0
0
0
0
0
0
0
0
0
0
0
0
-4.52553e-15
0
-1.03636e-14
0
0
0
0
5.69759e-16
0
0
0
0
0
0
0
0
0
0
0
0
0
0
0
0
0
0
0
0
0
0
0
0
0
0
0
0
0
0
0
0
0
0
0
0
0
0
0
0
0
0
0
0
0
0
0
0
0
1.18195e-16
-2.40757e-13
0
0
0
0
0
0
0
0
0
0
0
0
0
0
0
0
0
0
0
0
0
0
0
0
0
0
0
0
0
0
0
0
0
-2.22697e-16
8.38458e-16
0
0
0
0
0
0
0
0
0
0
0
0
0
0
0
0
0
0
0
0
0
0
0
0
0
0
0
0
0
0
0
0
0
0
0
0
0
0
0
0
0
0
0
0
0
0
0
0
0
0
0
0
0
-1.9949e-13
0
0
0
0
0
0
0
0
0
0
0
0
0
0
0
0
0
0
0
0
0
0
0
0
0
0
0
0
0
0
0
0
0
0
0
0
0
0
-1.03095e-16
0
-1.29677e-15
0
0
0
0
0
0
0
0
0
0
0
0
0
0
0
0
0
0
-1.08066e-15
0
0
0
0
0
0
0
0
0
0
0
0
0
0
0
0
0
0
0
0
0
0
0
0
0
0
0
0
0
0
0
0
0
0
0
0
0
0
0
0
0
0
4.51426e-17
3.68756e-16
0
0
0
0
0
0
0
-6.58395e-16
0
1.22477e-16
0
0
0
0
0
0
0
0
0
0
0
0
0
0
0
0
0
0
0
0
0
0
0
0
0
0
0
0
0
0
0
0
0
0
0
0
0
1.73486e-16
0
0
0
0
0
0
0
0
-1.1948e-12
0
-1.56842e-15
0
0
0
0
0
0
0
0
-6.75692e-20
0
0
0
0
0
-2.66738e-15
1.29324e-32
0
0
0
0
0
0
0
0
0
0
0
0
0
0
0
0
0
0
6.17028e-15
0
0
0
0
0
0
0
0
0
0
0
0
0
0
0
0
0
0
0
0
-1.37625e-15
4.79655e-15
0
0
0
0
0
0
0
0
0
0
0
0
0
0
0
7.97852e-17
0
0
0
0
0
0
0
0
-2.73621e-13
0
0
0
0
0
0
0
0
0
0
0
0
0
-3.84937e-15
0
0
0
0
0
-1.1356e-14
0
-1.39536e-15
0
0
0
0
-1.49443e-14
-4.03713e-14
0
0
0
0
0
0
0
0
0
0
0
0
0
0
0
0
0
0
0
0
0
0
-8.208e-14
-1.44465e-13
0
0
0
0
0
0
0
0
0
0
0
0
0
0
0
0
1.92587e-15
-2.5002e-15
0
0
0
5.31443e-16
0
0
0
0
0
0
0
0
0
0
0
0
0
-1.63321e-16
-1.90261e-16
0
0
0
0
0
0
0
0
0
0
0
0
0
0
0
0
0
0
0
0
0
0
0
0
0
0
0
0
0
0
0
0
0
0
0
0
0
0
0
0
0
0
0
0
-2.51362e-16
0
0
0
0
0
0
0
0
0
0
-1.48762e-15
0
0
0
0
0
0
0
0
0
-2.57194e-13
0
0
0
0
0
0
0
0
0
0
-4.60137e-13
0
0
0
0
0
0
0
0
0
0
0
0
0
0
0
0
0
0
0
0
0
0
0
0
0
0
0
0
0
0
0
6.5065e-16
3.1898e-16
0
0
0
0
-1.72366e-13
0
0
0
0
0
0
0
0
0
0
0
0
0
0
0
0
0
0
2.93375e-13
2.0034e-13
0
0
0
0
0
0
0
0
0
0
0
0
0
0
0
0
0
0
0
0
0
0
0
0
-1.24848e-16
-1.87798e-17
0
0
0
-6.07765e-13
0
0
0
0
0
0
0
0
7.90879e-16
6.72309e-16
0
0
0
0
0
0
0
0
0
0
0
0
0
0
0
0
0
0
0
-1.35894e-15
0
0
0
0
0
0
0
0
0
0
0
-4.85008e-16
0
3.51449e-16
0
0
0
0
0
0
0
0
0
0
0
0
0
0
0
0
0
0
0
0
0
0
0
0
0
0
0
0
-4.07647e-17
0
0
0
0
0
0
0
0
0
0
0
0
0
0
0
0
0
0
0
0
0
0
0
0
0
0
0
0
1.80334e-15
0
0
0
0
0
1.47354e-16
-3.40717e-16
0
0
2.82024e-16
-1.1041e-30
0
0
0
0
0
0
0
0
0
0
0
0
0
0
0
0
0
0
-2.10668e-15
0
0
0
0
0
0
0
0
0
0
6.06862e-16
-5.95706e-18
-3.11408e-20
0
0
0
0
0
0
0
0
0
0
0
0
0
0
0
0
0
0
0
0
0
0
0
0
0
0
0
0
0
0
0
0
0
0
0
0
0
0
0
0
0
0
0
0
0
0
0
0
0
4.66031e-16
1.46307e-16
0
0
0
0
0
0
0
0
0
0
0
0
0
0
0
0
0
0
0
0
0
0
0
0
0
0
0
0
0
0
0
0
0
0
0
0
0
0
0
0
0
0
0
0
0
0
0
0
-5.43116e-13
-3.20796e-13
0
0
1.82057e-16
1.65591e-19
0
0
0
0
0
0
0
-3.049e-14
1.2809e-13
-5.59024e-13
0
0
0
0
0
0
0
0
0
0
0
3.29424e-13
-1.15514e-12
0
0
0
0
0
0
0
0
-4.4965e-16
1.36401e-16
0
0
0
0
0
0
0
0
0
0
0
4.52115e-15
-1.81699e-15
0
0
0
0
0
0
0
0
0
0
0
0
0
0
0
0
0
0
0
0
0
0
0
0
0
0
0
0
0
0
0
0
0
0
0
0
0
0
0
0
0
0
0
0
0
0
0
0
0
0
0
0
0
0
0
0
0
0
0
0
0
0
0
0
0
0
0
0
0
0
0
0
0
0
0
0
0
0
0
0
0
0
0
0
0
0
0
0
0
0
0
0
0
0
0
0
0
0
0
0
0
0
0
0
0
0
0
0
0
0
0
0
0
0
0
0
0
0
0
0
0
0
0
0
0
0
0
0
0
0
0
0
0
0
0
0
0
0
0
0
0
0
0
0
0
4.38418e-15
8.63902e-15
0
0
0
0
0
0
0
0
0
0
0
0
0
0
0
0
0
0
0
0
0
0
0
0
0
0
0
0
0
0
0
0
0
0
0
0
0
0
0
0
0
0
0
0
0
0
0
0
0
0
0
0
0
-1.78902e-17
0
1.49216e-16
0
0
0
0
0
0
0
0
0
0
0
0
0
0
0
0
0
0
0
0
0
0
0
0
0
0
0
0
0
0
0
0
0
0
0
0
0
0
0
0
0
0
0
0
0
0
0
0
0
0
0
0
0
0
0
0
0
0
0
0
0
0
0
0
0
0
0
0
0
0
0
0
0
0
0
0
0
0
0
0
0
0
0
0
0
0
0
0
-2.01866e-15
0
0
0
0
0
8.10441e-16
1.04244e-16
0
0
0
0
0
0
0
0
0
0
7.31243e-16
-7.40788e-16
0
0
0
0
0
0
-2.20281e-30
0
2.78111e-15
0
0
0
0
-3.83547e-16
-1.82483e-16
0
0
0
0
0
0
0
0
0
0
0
0
0
0
0
0
0
0
0
0
0
0
0
0
0
0
0
0
0
0
0
0
0
0
0
0
0
0
0
0
0
0
0
0
0
0
0
0
0
0
0
0
0
0
0
0
0
0
0
0
-2.22979e-16
-2.60698e-15
0
0
0
0
0
0
0
0
0
0
0
0
0
0
0
0
0
0
0
0
0
0
0
0
0
0
0
0
0
0
0
0
0
0
0
0
0
0
0
0
0
0
0
0
0
0
0
0
0
0
0
0
0
0
0
0
0
0
0
0
0
0
0
0
0
0
0
0
0
0
1.22665e-14
-1.25252e-14
0
0
0
0
0
0
0
0
0
0
0
0
0
0
0
0
0
0
0
0
0
0
0
0
0
0
0
0
0
0
0
0
0
0
0
0
0
0
0
0
0
0
0
0
0
0
0
0
0
0
0
0
0
0
0
0
0
0
0
0
0
1.16428e-12
0
0
6.53348e-17
-2.59483e-17
0
0
0
0
0
0
0
0
0
0
0
0
0
0
0
0
0
0
0
0
3.03945e-16
0
4.67829e-16
0
0
0
0
0
0
0
0
0
0
0
0
0
0
0
0
0
0
0
0
0
0
0
0
0
0
0
0
0
0
0
0
0
0
0
0
0
0
0
0
-9.64663e-16
0
0
0
0
0
0
0
0
0
0
0
-1.13924e-16
1.35463e-16
0
0
0
0
0
0
0
0
0
0
0
0
0
0
0
0
-5.12351e-16
-2.92333e-18
0
0
0
0
0
0
0
0
0
0
0
0
0
0
0
0
0
0
0
0
0
0
0
0
0
0
0
0
0
0
4.79169e-16
0
1.36359e-15
0
0
0
0
0
0
0
0
0
0
0
0
0
0
0
0
0
0
0
0
0
0
0
0
0
0
0
0
0
0
0
0
0
0
0
0
0
0
0
0
0
0
0
0
0
0
0
0
0
-7.76983e-15
0
0
0
0
0
0
0
0
0
0
-1.08532e-12
0
0
0
0
0
0
0
0
0
0
0
0
0
0
0
0
0
0
0
0
0
0
0
0
0
0
0
0
0
0
0
0
0
0
0
0
0
0
0
0
0
0
0
0
0
0
0
0
0
0
0
0
0
0
0
0
0
0
0
0
0
0
0
0
0
0
0
0
0
0
0
0
0
0
0
0
0
0
0
0
0
0
0
0
0
0
0
0
0
0
0
0
0
0
0
1.37339e-16
0
0
0
0
0
0
0
0
0
0
0
0
0
0
0
0
0
9.09384e-16
3.69355e-16
0
0
0
0
0
0
0
0
0
1.78573e-16
0
4.45608e-16
0
0
0
-3.70182e-13
0
0
0
0
0
0
0
0
0
0
0
1.83451e-16
0
0
0
0
0
0
0
0
0
0
0
0
-6.46618e-33
0
0
0
0
0
0
0
0
0
0
0
0
0
0
0
0
0
0
0
0
0
0
0
0
0
0
-6.11329e-16
1.76913e-16
0
0
0
0
0
0
0
0
0
0
0
0
0
0
0
0
0
0
0
0
0
0
0
0
0
0
0
0
0
0
0
0
0
0
0
0
0
0
0
0
0
0
0
0
0
0
0
0
0
0
0
0
0
0
0
0
0
0
0
0
0
0
0
0
0
0
0
0
0
0
0
0
0
0
0
0
0
0
0
0
0
0
0
0
0
0
0
0
0
0
0
0
0
3.05018e-08
1.3999e-08
0
0
0
0
0
0
0
0
0
0
0
0
0
0
0
0
0
0
1.30022e-16
5.7558e-16
0
0
-1.69781e-12
0
0
0
0
0
0
0
0
0
0
-1.07215e-12
6.75404e-13
0
0
0
0
0
0
0
0
0
0
0
0
0
0
0
0
0
0
0
0
0
0
0
0
0
0
0
0
-2.8948e-16
2.59759e-16
0
0
0
0
0
0
0
0
5.19081e-16
-1.86738e-15
0
0
0
0
0
0
0
0
0
0
0
0
0
0
0
0
-1.50217e-16
0
4.07455e-15
0
0
0
0
0
0
0
0
0
0
0
0
0
-5.32145e-15
5.24167e-15
0
0
0
0
0
-2.68347e-31
0
0
0
0
0
0
0
0
0
0
0
0
0
0
0
0
0
-1.4917e-15
0
0
0
0
0
0
0
0
0
0
0
0
0
0
0
0
0
0
0
0
0
0
0
0
0
0
0
0
0
0
0
0
0
0
0
0
0
0
0
0
0
0
0
0
0
0
0
0
0
0
0
0
0
0
0
0
0
0
0
0
-3.04955e-13
0
0
0
0
0
0
0
-2.78715e-16
0
0
-4.76556e-16
0
0
0
0
0
0
0
0
0
0
0
0
0
0
0
0
0
0
0
0
0
0
0
0
-1.29112e-16
0
0
0
0
0
0
0
0
0
0
-6.227e-13
6.45041e-14
0
0
0
0
0
0
0
0
0
0
0
0
0
0
0
0
0
0
0
0
0
0
0
-1.21451e-15
0
0
0
0
0
0
0
0
0
0
0
0
0
0
0
0
0
0
0
0
0
0
0
0
0
0
0
0
0
0
0
0
0
0
0
0
0
0
0
0
0
0
0
0
0
0
0
0
0
0
0
0
0
0
1.48611e-16
3.71589e-16
0
0
0
0
0
0
0
0
0
0
0
0
0
0
0
0
0
0
0
0
0
0
0
0
0
0
0
0
0
8.96393e-14
-8.64433e-14
1.62551e-18
3.36462e-18
0
0
0
0
0
0
0
0
0
0
0
0
0
0
0
0
0
0
0
0
-1.67121e-16
-3.46824e-16
0
0
-2.53775e-13
0
0
0
0
0
0
0
0
0
0
0
0
0
2.76429e-31
-2.57191e-13
4.07567e-14
0
0
0
0
0
0
0
0
0
0
0
0
0
0
0
0
0
0
0
0
0
0
0
0
0
0
0
0
0
0
0
0
0
0
0
0
0
0
0
0
0
0
0
0
0
0
0
0
0
0
0
0
0
0
0
0
0
0
0
0
0
0
0
0
1.52291e-15
0
0
0
0
-1.32786e-16
8.0964e-17
0
0
0
0
0
0
0
0
0
1.44089e-16
0
0
0
0
0
0
0
0
0
0
0
0
-7.609e-18
3.4794e-18
0
0
0
0
0
0
0
0
0
0
0
0
0
0
0
0
0
0
0
0
0
0
0
0
0
0
0
0
0
0
0
0
0
0
0
0
0
0
0
0
0
0
0
0
0
0
0
0
0
0
0
0
0
0
0
0
0
0
0
0
0
0
0
0
0
0
0
0
0
0
-2.16674e-17
0
0
0
0
0
0
0
0
1.20685e-15
-1.87711e-15
0
0
0
0
0
0
0
0
0
0
0
0
0
0
0
0
0
0
0
0
0
0
0
0
-2.12113e-16
3.61594e-16
0
0
0
0
0
0
0
0
0
0
0
0
0
0
0
0
0
0
0
0
-1.27958e-08
0
0
0
0
0
0
5.2316e-15
-5.19871e-16
0
0
0
0
0
0
0
0
0
0
0
0
0
0
0
0
0
0
0
0
0
0
0
0
0
0
0
0
0
0
0
0
0
0
0
0
0
0
0
0
0
0
0
0
0
0
0
0
0
0
0
0
0
0
2.12365e-15
0
0
-1.43012e-16
0
0
0
0
0
0
0
0
0
0
0
0
0
0
0
0
0
0
0
0
0
0
0
0
0
0
0
0
0
0
0
0
0
0
0
0
0
0
0
0
0
0
0
0
0
0
0
0
0
0
0
0
0
0
0
0
0
0
0
0
0
0
0
0
0
0
0
0
0
0
0
0
0
0
0
0
0
0
0
0
0
0
0
0
0
0
0
0
0
0
0
0
0
0
0
0
-5.61687e-17
2.56762e-16
0
0
0
0
0
0
0
0
0
0
0
0
0
0
0
0
0
0
0
0
0
0
0
0
2.1649e-17
0
0
0
0
0
0
0
0
0
0
0
0
0
0
0
0
0
0
0
0
0
0
0
0
0
0
0
0
0
0
0
0
0
0
0
0
0
0
0
0
0
0
0
0
0
0
0
0
0
0
0
0
0
0
0
0
0
0
0
0
0
0
0
0
0
0
0
0
0
0
0
0
0
0
0
0
0
0
0
0
0
0
0
0
0
0
0
0
0
0
0
0
0
0
0
0
0
0
0
0
0
0
0
0
0
0
0
0
0
-2.93999e-15
0
0
0
-1.57617e-15
0
0
0
0
-1.33172e-09
-1.56588e-08
0
0
0
0
0
0
0
0
0
0
0
0
0
0
0
0
0
0
0
0
0
0
0
0
0
0
0
0
0
0
0
0
0
0
0
0
0
4.6779e-16
3.61825e-16
0
0
0
0
0
-4.32301e-16
0
0
0
0
0
0
0
0
0
0
0
0
0
0
0
0
0
0
0
0
0
0
0
0
0
0
0
0
0
0
0
0
0
0
8.27671e-31
-2.01599e-16
0
0
0
0
0
0
0
0
0
0
0
0
0
0
0
0
0
0
0
0
0
0
0
0
0
0
0
0
0
0
0
0
0
0
0
0
0
0
0
0
0
0
0
0
0
0
0
0
0
0
0
0
0
0
0
0
0
0
0
0
-5.12769e-13
0
0
-2.84188e-13
0
0
0
0
0
0
0
0
0
0
0
0
0
0
0
0
0
0
0
0
0
3.0916e-16
1.67265e-15
0
0
0
0
0
0
0
0
0
0
0
0
0
0
0
0
-1.20916e-16
3.23309e-33
0
0
0
0
0
0
0
0
0
0
0
0
0
0
0
0
0
0
0
0
0
0
0
0
-3.06965e-16
0
0
0
0
0
0
0
0
0
0
0
0
-4.23083e-15
0
0
0
0
0
0
0
0
0
0
0
0
8.55684e-18
0
0
0
0
0
0
0
0
0
0
0
0
0
0
0
0
0
0
0
0
0
0
0
0
0
0
0
0
0
0
0
0
2.02345e-16
0
5.29882e-17
0
0
0
0
0
0
0
0
0
4.59126e-16
-2.48533e-15
0
0
0
0
0
0
0
0
0
0
0
0
0
0
0
0
0
0
0
0
0
0
0
0
0
0
0
0
0
0
0
0
0
0
0
0
0
-1.74343e-14
0
0
0
0
0
0
0
0
0
0
0
0
0
0
0
0
0
0
0
0
0
0
0
0
0
0
0
0
0
0
0
0
0
0
0
0
0
0
0
0
0
0
0
0
0
0
0
0
0
0
0
0
0
0
0
0
0
4.40755e-17
-1.223e-16
0
0
0
7.75618e-17
0
0
0
0
0
0
0
0
0
0
0
0
0
0
0
0
0
0
0
0
0
0
0
0
0
0
0
0
0
0
0
0
0
0
0
0
0
0
0
0
0
0
0
0
0
-3.03218e-16
0
0
0
0
0
0
0
0
0
0
0
0
0
0
0
0
0
0
0
0
0
0
0
-7.07721e-18
4.44817e-18
0
0
0
0
0
0
0
0
0
0
0
0
0
0
0
6.45824e-15
-2.23802e-15
0
0
0
0
0
0
0
0
0
0
0
0
0
0
0
0
-5.75988e-17
0
-1.5351e-16
0
0
0
0
0
0
0
0
0
0
0
0
0
0
0
0
0
0
0
0
0
0
0
0
0
0
0
0
0
0
0
0
0
0
0
0
-8.13924e-14
0
0
0
6.33777e-16
-9.4448e-16
0
0
0
0
0
0
0
0
0
0
-3.23309e-33
0
0
0
0
0
0
0
0
4.16967e-17
1.01069e-16
-5.07965e-16
1.28572e-14
4.6875e-15
0
0
0
0
0
0
0
0
0
0
0
0
0
0
0
0
0
0
0
0
0
0
0
0
-6.14525e-16
0
0
0
0
0
0
0
0
0
0
-1.55434e-14
-4.50323e-14
0
0
0
0
0
0
0
0
0
0
0
0
0
0
0
0
0
0
0
0
0
0
0
0
0
0
0
0
0
0
1.85319e-13
0
0
0
0
-3.20219e-13
0
-2.244e-13
0
0
0
0
0
0
0
0
0
0
0
0
0
0
0
0
0
0
0
0
0
0
0
0
0
0
0
0
0
0
0
0
0
0
0
0
0
0
0
0
0
0
0
0
0
0
0
0
0
0
0
0
0
0
0
0
0
0
0
0
-3.18235e-15
0
0
0
0
0
0
0
0
0
0
0
0
0
0
0
0
0
0
0
0
0
0
0
0
0
0
0
0
0
0
0
0
0
0
0
0
0
0
0
0
0
0
0
0
0
0
0
0
0
0
0
0
0
0
0
0
0
0
0
0
0
0
0
0
0
0
0
0
0
0
0
0
-3.95779e-16
0
-9.45117e-18
-2.12603e-17
0
0
0
0
0
0
0
4.74567e-17
-1.24588e-16
0
0
0
0
0
0
-4.03525e-16
0
0
0
-8.0326e-17
-8.36694e-18
0
0
0
0
0
0
0
0
0
0
0
0
0
0
0
0
0
0
0
0
0
0
0
0
0
0
0
0
0
0
0
0
0
0
0
0
0
0
0
0
0
0
0
0
0
0
0
0
0
0
0
0
0
0
0
0
0
0
0
0
0
0
0
0
0
0
0
0
0
0
0
0
-9.58502e-17
-3.40037e-16
0
0
0
0
0
0
0
0
0
0
0
0
0
0
0
0
0
0
0
0
0
6.12754e-16
-2.80507e-16
0
0
0
0
0
0
0
0
0
0
0
0
0
0
0
0
0
0
0
-5.95995e-15
2.66893e-15
0
0
0
0
0
0
1.44968e-16
0
0
0
0
0
0
0
0
0
0
0
0
0
0
0
0
0
0
0
0
0
0
0
0
0
0
0
0
0
0
0
0
0
0
0
0
0
0
0
0
0
0
0
0
0
0
0
0
0
0
0
0
0
0
0
0
0
0
0
0
0
0
0
0
0
0
0
0
0
0
0
0
0
0
0
0
0
0
0
0
0
0
0
0
0
4.16207e-16
0
0
0
0
0
0
0
0
0
0
0
0
0
0
0
0
0
0
0
0
0
0
0
0
0
0
0
0
0
0
0
0
0
0
0
0
0
0
0
0
0
0
-1.37703e-16
0
0
0
0
0
0
0
0
0
0
0
0
0
0
0
0
0
0
0
0
0
0
0
0
0
0
0
-5.53048e-16
0
0
0
0
0
0
0
0
0
0
0
0
0
0
0
0
-3.44122e-18
0
0
0
0
0
0
0
0
0
0
0
0
0
0
0
0
0
0
0
0
0
0
0
0
0
0
0
0
6.27027e-17
-2.79976e-16
0
0
0
0
0
0
0
0
0
0
0
0
0
0
0
0
0
0
0
0
0
0
0
0
0
0
0
0
0
0
0
0
0
0
0
0
0
0
0
0
0
0
0
0
0
0
0
0
0
0
0
0
0
0
0
0
0
0
0
0
0
0
0
0
0
0
0
0
0
0
0
0
0
0
0
0
0
0
0
-7.3222e-16
1.79526e-17
0
0
0
0
0
0
0
-8.55754e-17
0
0
0
-4.05274e-15
0
0
0
0
0
0
0
0
0
0
0
0
0
0
0
0
0
0
0
0
0
0
0
0
0
0
0
0
0
0
0
0
0
0
0
0
0
0
1.47272e-16
-1.19404e-16
0
0
0
0
0
1.9217e-19
8.5828e-18
0
0
0
0
0
0
0
0
0
0
0
0
0
0
0
0
2.25648e-16
1.86748e-17
0
0
0
0
0
5.5479e-16
0
0
0
0
0
0
0
0
0
0
0
0
0
0
0
0
0
0
0
0
0
0
0
0
0
0
0
0
0
0
0
0
0
0
0
0
0
0
0
0
0
0
0
0
0
0
0
0
0
0
0
0
0
0
0
0
0
0
0
0
0
0
0
0
0
0
0
0
0
0
0
0
0
0
0
0
0
0
0
0
0
0
0
0
0
0
0
0
0
0
0
5.3775e-17
5.10184e-19
0
0
0
0
0
0
0
0
0
0
0
0
0
0
0
0
0
0
0
0
0
0
0
0
0
0
0
0
0
0
0
0
0
0
0
0
0
0
0
0
0
0
0
0
0
0
0
0
0
0
0
0
0
0
0
0
0
0
0
0
0
0
0
0
0
0
0
0
0
6.23119e-17
0
0
0
0
0
0
0
0
0
0
0
0
1.72832e-14
0
-1.17158e-16
1.07389e-15
0
0
0
0
0
0
0
9.28075e-18
-6.41253e-18
0
0
0
0
0
0
0
0
0
0
0
0
0
0
0
0
0
0
0
0
0
0
0
0
0
0
0
0
0
0
0
0
0
0
0
0
0
0
0
0
0
-5.44147e-16
4.52439e-16
0
0
0
0
-2.4169e-16
0
8.70078e-16
0
0
0
0
0
0
0
0
0
0
0
0
0
-4.28449e-17
0
4.28836e-16
-1.32279e-15
0
0
0
0
0
0
0
0
2.57009e-16
7.41127e-16
0
0
0
0
0
0
0
0
0
0
0
0
0
0
0
0
0
0
0
0
0
0
0
0
0
0
0
0
0
0
0
0
0
0
0
0
4.907e-18
0
-4.19194e-19
0
0
0
0
0
0
0
0
0
0
0
0
0
0
0
0
0
0
0
0
0
0
0
0
0
0
0
0
0
0
0
0
0
0
0
0
0
0
0
0
0
0
0
0
0
0
0
0
0
0
0
0
0
0
0
0
0
0
0
0
0
0
0
0
0
1.59886e-15
-2.21154e-15
0
0
0
0
0
0
0
0
0
0
0
0
0
0
0
0
0
0
0
0
0
0
0
0
0
0
0
0
0
0
0
0
0
0
0
0
0
0
0
0
0
0
0
0
0
0
-6.46871e-16
0
0
0
0
0
0
0
0
6.59877e-15
0
0
0
0
0
0
0
0
0
0
1.31735e-17
-6.24987e-18
0
0
0
0
0
0
0
0
0
0
0
6.64416e-17
0
0
0
0
0
0
0
0
0
0
0
0
0
0
0
0
0
0
0
0
0
0
0
0
0
0
0
0
0
0
0
0
0
0
0
0
0
0
0
0
0
0
0
0
8.41299e-17
0
0
0
0
0
0
0
0
0
0
0
0
0
0
0
0
0
0
0
0
0
0
0
0
0
0
0
0
0
0
0
0
0
0
-1.96132e-15
0
0
0
0
0
0
0
0
0
0
0
0
0
-6.95555e-18
0
-4.46099e-19
0
0
0
0
0
0
0
0
0
0
0
0
0
0
0
0
0
0
0
0
0
0
0
0
6.38153e-17
-4.84529e-18
0
0
0
0
0
0
0
0
0
7.90054e-16
0
0
0
0
0
0
0
0
0
0
0
0
0
0
0
0
0
0
0
0
0
0
0
0
0
0
0
0
0
0
0
0
0
0
0
0
0
0
0
0
0
0
0
0
0
0
0
0
0
0
0
0
0
0
0
0
0
0
0
0
0
-1.83863e-16
0
0
1.62011e-16
1.39425e-15
0
0
0
0
3.64011e-16
0
0
0
0
0
0
0
0
0
0
0
0
0
0
0
0
0
0
0
0
2.04599e-16
0
0
0
0
0
0
0
0
0
6.27833e-17
0
0
0
0
0
0
0
0
0
0
0
0
0
0
0
0
0
0
0
0
0
0
0
0
0
0
0
0
0
0
0
0
0
0
0
0
0
0
0
0
0
0
0
0
0
0
0
0
0
0
0
0
0
0
0
0
0
0
0
0
0
0
0
0
0
0
0
0
0
0
0
0
0
6.21332e-17
0
0
0
0
0
0
0
0
2.09029e-15
-2.2689e-15
0
0
0
0
0
0
0
0
0
0
-4.94046e-15
0
0
0
0
0
0
0
0
0
0
0
0
0
0
0
0
0
0
0
-1.00038e-12
0
0
0
0
0
0
0
0
0
0
0
0
0
0
0
0
0
0
0
0
0
0
0
0
0
0
0
0
0
0
0
0
0
0
0
0
0
0
0
0
0
0
0
0
0
0
0
0
0
0
0
0
0
0
0
0
0
0
-4.23144e-15
0
0
0
0
0
0
0
0
0
0
0
0
0
0
0
0
0
0
0
0
0
0
0
0
0
0
0
0
0
0
0
0
0
0
0
0
0
0
0
0
0
0
0
0
0
0
0
0
0
0
0
0
0
0
0
0
0
0
0
0
0
0
-1.18907e-17
-1.18125e-18
0
0
0
0
0
0
0
0
0
0
0
0
0
0
9.70237e-16
0
0
0
0
0
0
0
0
0
-8.49688e-17
0
0
0
0
0
0
0
0
0
0
0
0
0
0
0
0
0
0
0
0
0
0
0
0
-2.89774e-14
0
0
0
0
3.60258e-17
0
0
0
0
0
0
0
0
0
0
0
0
0
0
0
0
0
0
0
0
0
1.88223e-08
2.26451e-15
-1.59079e-15
0
0
0
0
0
0
0
0
0
0
0
0
0
0
0
0
0
0
0
0
0
-4.16953e-16
0
0
0
0
0
0
0
0
0
0
0
0
0
0
0
0
0
0
-2.71435e-15
1.62521e-15
0
0
0
0
0
4.33641e-16
0
0
0
0
0
0
0
-1.19387e-12
0
0
0
0
0
0
0
0
0
0
0
0
0
0
0
0
0
0
0
0
0
0
0
0
0
0
0
0
0
0
0
0
0
0
0
0
0
0
0
0
0
0
0
0
0
0
0
0
0
0
0
0
0
0
0
0
0
0
0
0
0
0
0
0
0
0
0
0
0
0
0
0
0
0
0
0
0
0
0
0
0
0
0
0
0
0
0
0
0
0
-2.35583e-17
0
0
0
0
0
0
0
0
0
-4.58504e-17
0
0
0
0
0
0
0
0
0
0
0
0
0
0
0
0
0
0
0
0
0
0
0
0
0
0
0
0
0
0
0
0
0
0
0
0
0
0
0
0
0
3.09427e-13
-8.06237e-13
0
0
0
0
0
0
0
0
0
0
0
0
0
0
0
0
0
0
-1.32917e-17
0
0
0
0
0
0
0
0
0
0
0
0
0
0
0
0
0
0
0
0
0
0
0
0
0
0
0
0
0
0
0
0
0
0
0
0
0
0
0
0
0
0
0
0
0
0
0
0
0
0
0
0
0
0
0
0
0
0
0
0
0
0
0
0
0
0
0
0
0
0
0
0
0
0
0
0
0
0
0
0
0
0
0
0
0
0
0
0
0
0
0
0
0
0
0
0
0
0
0
0
0
0
0
0
0
0
0
0
0
0
0
0
0
0
0
0
0
0
0
0
0
0
0
0
0
0
0
0
0
0
0
0
0
0
0
0
0
0
0
0
0
0
0
0
0
0
0
0
0
0
0
0
0
0
0
0
0
0
0
0
0
0
0
0
0
0
0
0
0
0
0
0
0
0
0
0
0
0
0
0
0
0
0
0
0
0
1.0096e-16
0
0
0
0
0
0
0
0
0
0
0
0
0
0
0
0
0
0
0
0
0
0
0
0
0
0
0
0
0
0
0
0
0
0
0
0
0
1.29424e-15
0
0
-1.20053e-16
0
0
0
0
0
0
0
3.14753e-16
-5.56092e-31
0
0
0
0
0
9.99907e-16
1.62645e-16
0
0
0
0
0
0
0
0
0
0
0
0
0
0
0
0
0
0
0
0
0
0
0
0
0
0
0
0
0
0
0
0
0
0
0
0
0
0
0
0
0
0
0
0
0
0
0
0
0
0
0
0
0
0
0
0
0
0
0
0
0
0
0
0
0
0
0
0
0
0
0
0
0
0
0
0
0
0
0
6.41698e-16
0
0
0
0
0
0
0
0
0
0
0
0
0
7.89512e-16
-2.58216e-17
0
0
0
0
0
1.07319e-17
0
0
0
0
0
0
0
0
0
0
0
0
0
0
0
0
0
0
0
0
0
0
0
0
2.21062e-15
0
0
0
0
0
0
0
0
0
0
0
0
0
-1.33874e-16
0
0
0
0
0
0
0
0
0
0
0
0
0
0
0
0
0
0
0
0
0
0
0
0
0
0
0
0
0
0
0
0
0
0
0
0
0
0
0
0
0
0
0
0
0
0
0
0
0
0
0
0
0
0
0
0
0
0
0
0
0
0
0
-3.22971e-13
0
-4.20715e-19
0
0
0
0
0
0
0
0
0
0
0
0
0
0
0
0
0
0
0
0
0
0
0
0
0
0
0
0
0
-6.29821e-13
0
0
0
0
0
0
0
0
0
0
0
0
0
0
0
0
0
0
0
0
0
0
0
0
0
0
0
5.66934e-17
0
0
0
0
0
0
0
0
0
0
0
0
0
0
0
0
0
0
0
0
-3.46728e-15
-6.56029e-15
0
0
0
0
0
0
0
0
0
0
2.00395e-18
0
0
0
0
0
0
0
0
0
1.20811e-15
7.94682e-16
0
0
0
0
0
0
0
0
0
0
0
0
0
0
0
0
0
0
0
-1.86727e-16
4.47334e-16
0
0
0
0
0
0
0
0
0
0
0
0
0
0
0
1.39764e-15
-1.10052e-16
0
0
0
0
0
0
0
0
0
0
0
0
0
0
0
0
0
0
0
0
0
0
0
0
0
-4.56517e-16
0
0
0
0
0
0
0
0
0
0
0
0
0
0
0
0
0
0
0
0
0
-9.94621e-13
-2.51485e-13
0
0
0
0
0
0
0
0
0
0
0
-1.53402e-14
0
0
0
0
0
0
0
0
0
2.75329e-15
1.27459e-14
0
0
0
0
0
0
0
0
0
0
0
0
0
0
0
0
0
0
0
0
0
0
-1.58451e-17
0
0
0
0
0
0
0
0
0
0
0
0
0
0
0
0
0
0
0
0
0
0
0
0
0
0
0
0
0
0
0
0
0
0
0
0
0
0
0
0
0
0
0
0
0
0
0
0
0
0
0
0
0
0
0
0
-2.09079e-16
0
0
0
0
0
0
0
0
0
0
0
0
0
0
0
0
0
0
0
0
0
0
0
0
0
0
0
0
0
0
0
0
0
0
0
0
0
0
0
0
0
0
0
0
0
0
5.22748e-16
-2.59188e-16
0
5.38848e-34
-2.56373e-16
0
0
0
0
0
0
0
0
0
6.30689e-16
2.93801e-16
0
0
0
0
0
0
0
0
0
0
0
0
0
0
0
0
-8.07574e-16
1.8328e-17
0
0
0
0
0
0
0
0
0
0
0
0
0
0
0
0
0
0
0
0
0
0
0
0
0
0
0
0
0
0
0
0
0
0
0
0
0
0
0
5.98498e-16
1.94824e-16
0
0
0
0
0
0
9.51043e-17
0
0
0
0
0
0
0
0
0
0
0
0
0
0
0
0
0
0
0
0
0
0
0
0
0
0
0
0
0
0
0
0
0
2.201e-16
-2.74813e-31
0
0
0
0
0
0
0
0
0
-7.97385e-15
0
0
0
0
0
0
0
0
0
0
0
0
0
0
0
0
0
0
0
0
0
0
0
0
0
0
0
0
0
0
0
0
0
0
0
0
0
0
0
0
0
0
0
0
0
0
0
0
0
0
0
0
0
0
0
0
0
0
0
0
0
0
0
0
0
0
0
0
0
0
0
0
0
0
0
0
0
0
0
0
0
0
0
0
0
0
2.4956e-16
0
0
0
0
0
0
0
0
0
0
0
0
0
0
0
0
0
0
0
0
0
0
0
0
-2.15539e-33
0
0
0
0
0
0
0
0
0
0
0
0
0
0
0
0
0
0
0
0
0
0
0
0
-6.94305e-15
1.06977e-14
0
0
0
0
0
0
0
0
0
0
0
0
0
0
0
0
0
0
0
0
0
0
0
0
0
0
0
0
0
0
0
6.38043e-17
0
0
0
0
0
0
0
0
0
0
0
0
0
0
0
0
0
0
0
0
0
0
0
0
0
0
0
0
1.08441e-16
0
0
0
0
0
0
0
0
0
0
0
0
0
0
0
0
0
0
0
0
0
0
0
0
0
0
0
0
0
0
0
0
-2.05054e-17
0
0
0
0
0
0
0
0
0
0
0
0
0
0
0
0
0
0
0
0
0
0
0
0
0
0
0
0
0
0
0
0
0
0
0
0
0
0
0
0
0
0
0
0
0
0
0
-3.50223e-18
1.37785e-17
0
0
0
0
0
0
0
0
0
0
0
0
0
0
0
0
0
0
0
-4.35099e-16
0
0
0
0
0
-1.57548e-13
0
0
0
0
0
0
-3.1863e-17
0
0
0
0
0
0
0
0
0
0
0
0
0
0
0
0
0
0
0
0
0
0
0
0
0
0
0
0
0
0
-1.32818e-15
2.99509e-15
0
0
0
0
0
0
0
0
0
0
0
0
0
0
0
0
0
0
0
0
0
0
0
0
-8.16801e-15
0
0
0
0
0
0
0
0
0
0
0
-4.46412e-15
0
0
0
0
0
0
0
0
0
0
0
0
0
0
0
0
0
0
0
0
0
0
0
0
0
0
0
6.41144e-17
0
0
0
0
0
0
0
0
0
0
0
0
0
0
0
0
0
0
0
0
0
0
0
0
0
0
0
0
0
0
0
0
0
0
0
0
0
0
0
0
0
0
0
0
0
0
0
0
0
0
0
0
0
0
0
0
0
0
0
0
0
0
0
0
0
0
0
0
0
0
0
0
0
0
0
0
0
0
0
0
0
0
0
0
0
0
0
0
0
0
0
0
0
0
0
0
0
0
0
0
0
0
0
0
0
0
0
0
0
0
0
0
0
0
0
0
0
0
0
0
0
0
0
0
0
0
0
0
0
0
0
0
0
0
0
0
0
0
0
0
0
0
0
0
0
0
0
0
0
0
0
0
0
0
0
0
0
0
0
0
0
0
0
0
0
0
0
0
0
0
0
0
0
0
0
0
0
0
0
0
0
0
0
0
0
0
0
0
0
0
0
0
0
0
0
0
0
0
0
0
0
0
0
0
0
0
0
0
-9.15295e-17
2.87852e-16
0
0
0
0
0
0
0
0
0
0
0
0
0
0
0
0
0
0
0
0
0
0
0
0
0
0
0
0
0
0
0
0
0
0
0
0
0
0
0
0
0
0
0
-1.11304e-16
6.61332e-17
0
0
0
0
0
0
0
0
0
0
0
0
0
0
0
0
0
0
0
0
0
0
0
0
0
0
0
0
0
0
0
0
0
0
0
0
0
0
0
0
0
0
0
0
0
0
0
0
0
0
0
0
0
0
0
0
0
0
0
0
0
0
0
0
0
0
0
0
0
0
0
0
0
0
0
0
0
0
0
0
0
0
0
0
0
0
0
0
0
0
0
0
0
0
0
0
0
0
0
0
0
0
0
0
0
0
0
0
0
0
0
0
0
0
0
0
0
0
0
0
0
0
0
0
0
0
0
0
0
6.01721e-16
0
0
0
0
0
0
0
0
0
0
0
0
0
0
0
0
0
0
0
0
0
0
0
0
0
0
0
0
0
0
0
0
0
0
0
0
0
0
0
0
0
0
0
0
0
0
-2.21056e-16
-3.32221e-15
3.41716e-15
0
0
0
0
0
0
0
0
0
0
0
0
0
2.58334e-16
0
9.05515e-16
0
7.90235e-16
0
0
0
0
0
0
0
0
0
0
0
0
0
0
0
0
0
0
0
0
-5.13932e-17
-4.68035e-16
0
0
0
0
0
0
0
0
0
7.44716e-16
0
0
0
0
0
0
0
0
0
0
0
0
0
0
0
0
0
0
0
0
0
0
0
0
0
0
0
0
0
0
0
0
0
0
0
0
-1.08632e-30
0
0
0
0
0
0
0
0
0
0
0
0
0
0
0
0
0
0
0
0
0
0
0
-1.38536e-17
0
0
0
0
0
0
0
0
0
0
0
0
0
0
0
0
0
0
0
0
0
0
0
0
0
0
0
0
0
0
0
0
0
0
0
2.53997e-16
0
0
0
0
0
0
0
0
0
0
0
0
0
0
0
0
0
0
0
0
0
0
0
-5.50916e-18
-2.52667e-19
0
0
-1.06028e-15
0
0
0
0
0
0
0
0
0
0
0
0
0
0
0
0
0
0
0
0
0
0
0
0
0
8.56005e-18
0
0
0
0
0
0
0
0
-3.50802e-17
-7.3722e-16
3.46354e-16
0
0
1.13475e-14
0
0
0
0
0
0
0
0
0
0
0
0
0
0
0
0
0
0
0
0
0
0
0
0
0
0
0
0
0
0
0
0
0
0
0
0
0
0
0
0
0
0
0
0
2.25419e-14
0
0
0
0
0
0
0
0
0
0
0
0
0
0
0
0
0
0
0
0
0
0
0
0
0
0
0
0
0
0
0
0
0
0
0
0
0
0
0
0
0
0
0
0
0
0
0
-1.16384e-15
3.24804e-16
0
0
1.80212e-16
0
0
0
0
0
0
0
1.12196e-16
-2.46129e-18
0
0
0
0
0
0
0
0
0
0
-1.31093e-14
0
1.549e-16
0
0
0
0
0
0
0
0
0
0
0
0
0
0
0
0
-2.78046e-31
0
0
0
0
-3.27042e-16
0
-9.55056e-16
0
0
0
0
0
5.00702e-17
7.99747e-17
0
0
0
0
0
0
0
0
0
0
0
0
0
0
0
0
0
0
0
0
0
0
0
0
0
0
0
0
5.61107e-17
-6.16536e-16
0
0
0
0
0
0
0
0
0
0
0
0
1.12968e-16
-6.25128e-16
0
0
0
0
0
0
0
0
0
0
0
0
0
0
0
0
0
0
0
0
0
0
0
0
0
0
0
0
0
0
0
0
0
0
0
0
0
0
0
0
0
0
0
0
0
0
0
0
0
0
0
0
0
0
0
0
0
0
0
0
0
0
0
0
0
0
0
0
0
0
0
0
0
0
0
0
0
0
0
0
0
0
0
0
0
0
0
0
0
-5.12744e-15
-4.56884e-15
0
0
0
0
0
0
0
0
0
0
0
0
0
0
0
0
0
0
0
0
0
0
0
0
0
0
0
0
0
0
0
0
0
0
0
0
0
0
-2.818e-15
0
0
0
0
0
0
0
0
0
0
0
0
0
0
0
0
0
0
0
0
0
1.40368e-15
0
0
0
0
0
0
0
0
0
0
0
0
0
0
0
0
0
0
0
-2.03269e-12
0
0
0
0
0
0
0
0
0
0
0
0
0
0
0
0
0
0
0
0
-4.74365e-15
0
0
0
0
0
0
0
0
0
0
0
0
0
0
0
0
0
0
0
0
0
0
0
0
0
0
0
0
0
0
0
0
0
0
0
1.17897e-17
0
0
0
0
0
0
0
6.6706e-15
-3.44958e-15
0
0
0
0
0
0
0
0
0
0
0
0
0
0
0
0
0
0
0
0
0
0
0
0
0
0
0
0
0
0
0
0
0
0
0
0
0
0
0
0
0
0
0
0
0
0
0
0
0
0
0
0
0
0
0
0
0
0
0
0
0
0
0
0
0
0
0
0
0
0
0
0
0
0
0
0
0
0
8.74415e-16
0
0
0
0
0
0
0
0
0
0
0
0
0
0
0
0
0
0
0
0
0
0
0
0
0
0
0
0
0
0
0
0
0
-2.39351e-16
0
0
0
0
0
0
0
0
0
0
0
0
0
0
0
0
0
0
0
0
0
0
0
8.62157e-33
0
0
0
0
0
0
0
0
0
0
0
0
0
0
0
0
0
0
0
0
0
0
0
0
-5.89324e-16
-3.51386e-15
0
0
0
0
0
0
0
0
0
0
0
0
0
0
0
0
0
0
0
0
0
0
0
0
0
0
0
0
0
0
0
0
0
0
0
0
0
0
0
0
0
0
0
0
0
0
0
0
0
0
0
0
0
0
0
0
0
0
0
0
0
0
1.68641e-17
0
0
1.73795e-15
0
0
0
0
0
0
0
0
0
0
0
0
0
0
0
0
0
0
0
0
0
0
0
0
0
0
0
0
0
0
0
5.44254e-16
0
-1.12864e-15
0
0
0
0
0
0
0
0
0
0
0
0
0
0
0
0
0
0
0
0
0
0
0
0
0
0
0
0
0
0
0
0
0
0
0
0
0
0
0
0
0
0
0
0
0
0
0
0
0
0
0
0
-4.77294e-16
0
0
0
0
0
0
0
0
0
0
0
0
0
0
0
0
0
0
0
0
0
0
0
0
0
0
0
0
0
0
3.7956e-17
-4.13197e-17
0
0
0
0
0
0
-2.18632e-16
-1.09861e-17
0
0
0
0
0
0
0
0
0
0
-3.85157e-17
2.06043e-17
0
0
0
0
0
0
0
0
0
0
0
0
0
0
0
0
0
0
0
0
0
0
0
0
0
0
0
0
0
0
0
-2.89994e-15
0
0
0
0
0
0
0
0
0
0
0
0
0
0
0
2.35862e-17
-1.02729e-17
0
0
0
0
0
0
0
0
0
0
0
0
0
0
0
0
0
0
0
0
0
0
0
0
0
0
0
0
0
0
0
0
0
0
0
0
0
0
0
0
0
0
0
0
0
0
0
0
0
0
0
0
0
0
0
0
0
0
0
0
0
0
0
0
0
0
0
0
0
0
0
0
0
0
0
0
0
0
0
0
0
0
0
0
0
0
0
0
0
0
0
0
0
0
-5.76435e-16
-1.33408e-17
0
0
0
0
0
0
0
0
0
0
0
0
0
0
0
0
0
0
0
0
0
0
0
0
0
0
0
0
0
0
0
0
0
0
0
0
0
0
0
0
0
0
0
0
0
0
0
-6.37226e-13
0
0
0
0
0
0
0
0
0
0
0
0
0
0
0
0
0
0
0
0
5.60417e-16
0
0
0
0
0
0
0
0
0
0
0
0
0
0
0
0
0
0
0
0
0
0
0
0
0
0
0
0
0
0
0
0
0
0
0
0
0
0
0
0
0
0
0
0
0
0
0
0
0
0
0
0
0
0
0
0
0
0
0
1.67566e-16
-4.35595e-16
0
0
0
0
0
0
0
0
0
0
0
0
0
0
0
0
0
0
0
0
0
0
0
0
0
0
0
0
0
9.87383e-15
-1.16122e-14
0
0
0
0
0
0
0
0
0
0
0
0
0
0
0
0
0
0
0
0
0
0
0
0
0
0
0
0
0
0
0
0
0
0
0
0
0
0
0
0
0
0
0
0
0
0
0
0
0
0
0
0
0
0
0
0
0
0
0
0
0
0
0
0
0
0
0
0
0
0
0
0
0
0
0
0
0
-4.20432e-16
-7.53397e-17
0
0
0
0
0
0
0
0
0
0
0
0
0
0
0
0
0
0
0
0
0
0
0
0
0
0
0
0
0
0
0
0
0
0
0
0
0
0
0
0
0
0
0
0
0
0
0
0
0
2.03586e-15
0
0
0
0
0
0
0
0
0
0
0
0
0
0
0
0
0
0
0
0
0
0
0
0
0
0
0
0
0
0
0
0
0
0
0
0
0
0
0
0
0
0
0
0
0
0
0
0
0
0
0
0
0
-5.26365e-16
-4.32873e-16
0
0
0
0
0
0
0
0
0
0
0
0
0
0
0
0
0
0
0
0
0
0
0
0
0
0
0
0
0
0
0
0
0
-3.70663e-16
0
0
0
0
0
0
0
0
0
0
0
0
0
0
0
0
0
0
0
0
0
0
0
0
0
0
0
0
0
0
0
0
0
0
0
0
0
0
0
0
0
0
0
0
0
0
0
0
0
0
0
0
0
0
0
0
0
0
0
0
0
0
0
0
0
0
0
0
0
0
0
0
0
0
0
0
0
0
0
0
0
0
0
0
0
0
0
0
0
0
0
0
0
0
0
0
-1.17539e-14
0
0
0
0
0
0
0
0
0
0
0
0
0
0
0
0
0
0
0
0
0
0
0
0
0
0
0
0
0
0
0
0
0
0
-5.25749e-16
-1.10572e-30
0
0
0
0
0
0
0
0
0
0
0
0
0
0
0
0
0
0
0
0
0
0
0
0
0
0
0
0
0
0
0
0
0
0
0
0
0
0
0
0
0
0
0
0
0
0
0
0
0
0
0
0
0
0
0
0
0
0
0
0
0
0
0
0
0
0
0
0
0
0
0
0
0
0
0
0
0
0
0
0
0
0
0
0
0
0
0
0
0
0
0
0
0
0
0
0
0
0
0
0
-3.74191e-16
6.33775e-16
0
0
0
0
0
0
0
0
0
0
0
0
0
0
0
0
0
0
0
0
0
0
0
0
0
0
0
0
0
0
0
0
0
0
0
0
0
0
0
0
0
0
0
3.70469e-15
-4.28505e-16
0
0
0
0
0
0
6.14758e-14
-1.81319e-12
0
0
0
0
0
0
0
0
0
0
0
0
-1.54571e-16
3.70141e-16
0
0
0
0
0
0
0
0
0
0
0
0
0
0
0
0
0
0
0
0
0
0
0
0
0
0
0
0
0
0
0
0
0
0
0
0
0
0
0
0
0
0
-2.40404e-16
0
0
0
0
0
0
0
0
0
0
0
0
0
0
0
0
0
0
0
0
0
0
0
0
0
0
0
1.51412e-14
0
0
0
0
0
0
0
0
0
0
0
0
0
0
0
0
0
0
0
0
0
0
0
0
0
0
0
0
0
0
0
0
0
0
0
0
0
0
0
0
0
0
0
0
0
0
0
0
0
0
0
0
0
0
0
0
0
0
0
0
0
0
0
0
0
0
0
0
0
0
0
0
0
0
0
0
0
0
0
0
-4.08034e-16
0
0
0
0
0
0
0
0
0
0
0
0
0
0
0
0
0
1.36794e-16
0
0
0
0
0
0
0
0
0
0
0
0
0
0
0
0
0
0
0
0
-2.46694e-13
0
0
0
0
0
1.37378e-16
0
0
0
0
0
0
0
0
0
-5.04743e-16
0
0
0
0
0
0
0
0
0
0
0
0
0
0
0
0
0
0
0
0
0
0
0
0
0
0
0
0
0
0
0
0
0
0
0
0
0
0
0
0
0
0
0
0
0
0
0
0
0
0
0
0
0
0
0
0
0
0
0
0
0
0
0
0
0
0
0
0
0
0
0
0
0
0
0
0
0
0
0
0
-1.80489e-16
0
0
0
0
0
0
0
0
0
0
0
0
0
0
0
0
0
0
-1.57201e-16
0
0
0
0
0
0
0
0
0
0
0
0
0
0
0
0
0
0
0
0
0
0
0
0
0
0
0
0
0
0
0
0
0
0
0
0
0
0
0
0
-1.02254e-17
0
-3.92829e-18
0
0
0
0
0
0
0
0
0
0
0
0
-3.20832e-16
0
0
0
0
0
0
0
0
0
0
0
0
0
0
-1.03014e-16
0
0
0
0
0
0
0
0
0
0
0
0
0
0
0
0
0
0
0
0
0
0
0
0
0
0
0
0
0
0
0
0
0
0
0
0
0
0
0
0
0
0
0
0
0
-1.22316e-16
0
0
0
0
0
0
0
0
0
0
0
0
0
0
0
0
0
0
0
0
0
0
0
0
0
0
0
0
0
0
0
0
0
0
0
0
0
0
0
0
0
0
0
0
0
0
0
0
0
0
0
0
0
0
0
0
0
0
0
4.5576e-16
-4.44187e-16
0
0
0
1.6718e-16
0
0
0
0
0
0
0
0
0
0
0
0
0
0
0
0
0
4.4476e-14
-8.17196e-13
0
0
0
0
0
0
0
0
0
0
0
4.54338e-15
0
0
0
0
0
0
0
0
0
0
1.7098e-14
0
0
0
0
0
0
0
0
0
0
0
0
0
0
0
8.31186e-17
0
0
0
0
0
0
0
0
0
0
0
0
0
0
0
0
0
0
0
0
0
0
0
0
0
0
0
0
0
0
0
0
0
0
0
0
0
0
0
0
0
0
0
0
0
0
0
0
0
0
0
0
1.1775e-15
-7.30429e-15
0
0
0
0
0
0
0
0
0
0
0
0
0
0
0
0
0
0
0
0
0
0
0
0
0
0
0
0
0
0
0
0
0
0
0
0
0
0
0
0
0
0
0
0
0
0
0
0
0
0
0
0
0
0
0
0
0
0
0
0
0
0
0
0
0
0
0
0
0
0
0
0
0
0
0
0
0
0
1.30765e-15
0
0
0
0
0
0
0
0
0
0
0
0
0
0
0
0
0
0
0
0
0
2.67641e-15
0
0
0
0
-3.6709e-15
0
0
0
0
0
0
0
0
0
0
0
0
-1.04714e-12
0
0
0
0
0
0
0
2.72456e-15
0
0
0
0
0
0
0
0
0
0
0
0
0
0
0
0
0
-1.05473e-15
0
0
0
0
0
0
0
0
0
0
0
0
0
0
0
0
0
0
0
0
0
0
0
0
0
0
1.06941e-15
0
0
0
-1.31566e-18
-3.17887e-17
1.11742e-16
0
0
0
0
0
0
-9.51683e-13
0
0
0
0
-4.79419e-19
0
0
0
0
0
0
0
0
0
0
0
0
0
0
0
0
1.06772e-15
0
0
0
0
0
0
1.26225e-14
-9.63635e-15
0
0
0
0
0
0
0
0
0
0
0
0
0
0
0
0
0
0
0
0
0
0
0
0
0
0
0
0
0
0
0
-1.10655e-14
0
0
0
0
0
0
0
0
0
0
0
0
0
0
0
0
0
0
0
0
0
0
0
0
0
0
0
0
0
-7.36315e-15
0
0
0
0
0
0
0
0
0
0
0
0
0
0
0
0
0
0
0
0
0
0
0
0
0
0
0
0
0
0
0
0
0
0
0
0
0
-7.18648e-13
1.28842e-13
0
0
0
0
0
0
0
0
0
0
0
0
0
0
0
0
0
0
0
0
0
0
0
0
0
0
0
0
0
0
0
0
0
0
0
0
0
0
0
0
0
0
0
0
0
0
0
2.71707e-14
0
0
0
0
0
0
0
0
0
0
0
0
-1.96438e-15
0
0
0
-1.42485e-15
0
0
0
0
0
0
-1.29341e-15
0
0
0
0
0
0
0
0
0
0
0
0
0
0
0
0
0
0
0
0
0
0
0
0
0
0
0
0
0
0
0
0
0
0
0
0
0
0
0
0
0
6.15036e-15
0
0
0
0
0
0
0
0
0
0
0
0
0
0
0
0
0
0
0
0
0
0
0
0
-1.45547e-14
0
-4.24258e-15
0
0
0
0
0
0
0
0
0
0
0
0
0
0
0
0
0
0
0
0
0
0
0
0
0
0
0
0
0
0
0
0
0
0
0
0
0
0
0
0
0
0
0
0
0
0
0
0
0
0
0
0
0
1.52528e-15
2.72557e-15
0
0
0
0
0
0
0
0
0
0
0
0
0
0
0
0
0
0
0
0
0
0
0
0
0
0
0
0
0
0
0
0
0
0
0
0
0
0
0
0
0
0
0
0
0
0
0
0
0
0
0
0
-1.46008e-16
-1.18485e-12
0
0
0
0
0
0
0
0
0
0
0
0
0
0
0
0
0
0
0
0
0
-1.21262e-12
0
0
0
0
0
0
0
0
0
0
0
0
0
0
0
0
0
0
0
0
0
0
0
0
0
0
0
0
0
0
0
0
0
0
0
0
0
0
0
-2.0636e-15
0
0
0
0
0
0
0
0
0
0
0
0
0
0
0
0
0
0
0
0
0
0
0
0
0
0
0
0
0
0
0
0
0
0
0
0
0
0
0
0
0
0
0
0
0
0
0
0
0
0
0
0
0
0
0
0
0
0
0
0
0
0
0
0
0
0
0
0
0
-1.82262e-15
0
5.14809e-15
0
0
0
0
0
0
0
0
0
0
0
0
0
0
0
0
0
0
0
0
0
0
0
0
0
0
-4.02201e-12
0
0
0
0
0
0
0
0
0
0
0
0
0
0
0
0
0
-1.81531e-14
-3.85268e-18
0
0
-1.79286e-18
0
0
-1.9852e-18
0
0
3.58956e-16
0
0
0
0
0
0
0
0
0
0
0
0
-1.58437e-18
0
0
0
0
0
0
0
0
0
0
0
0
0
0
-2.02068e-13
-2.7304e-13
-6.30494e-15
0
0
0
0
0
0
0
0
0
0
0
0
0
0
0
0
0
0
-1.58567e-17
0
0
0
0
0
0
0
0
0
0
0
0
0
0
0
0
0
0
0
0
0
0
0
0
0
0
0
0
0
-2.35133e-15
0
0
0
0
0
0
0
0
0
0
0
0
0
0
0
0
0
0
0
0
0
0
0
0
0
0
0
0
0
0
0
0
0
0
0
-9.09493e-19
0
0
0
0
0
0
0
0
0
0
0
0
0
0
0
0
0
0
0
0
0
0
0
0
0
0
0
0
0
0
0
0
0
0
0
0
0
0
0
0
0
0
0
0
0
0
0
0
0
0
0
0
0
0
0
0
0
0
0
0
0
0
0
0
0
0
0
0
0
0
0
0
0
0
0
0
0
0
0
0
0
0
0
0
0
0
0
0
0
0
0
0
0
0
0
0
0
0
0
0
0
0
0
0
0
0
0
-2.15769e-15
0
0
0
0
0
0
0
-8.70809e-13
1.45103e-13
0
0
0
0
0
0
0
0
0
0
0
0
0
0
0
0
0
0
0
0
4.13697e-08
2.3523e-08
4.97506e-08
2.01872e-08
-1.50287e-08
2.26797e-09
8.89603e-10
6.24967e-10
1.8244e-08
-2.01105e-09
1.57546e-08
2.83312e-08
8.9347e-09
1.30883e-08
4.20437e-08
1.87189e-08
3.61624e-08
2.86766e-08
2.28017e-09
2.06882e-08
5.11472e-08
2.80333e-08
5.02384e-08
2.38089e-08
3.08659e-08
1.0483e-08
4.56063e-09
-4.11066e-09
1.37766e-08
2.83118e-08
4.80052e-09
1.10689e-08
-6.51499e-09
9.19057e-09
-8.68712e-09
-1.00762e-08
6.45372e-09
-1.34101e-08
4.70016e-09
-3.6844e-09
-1.83365e-08
-6.21593e-09
-2.09175e-08
-2.26759e-08
-8.54534e-09
-1.74904e-08
-1.89807e-08
-2.7649e-08
-1.5253e-08
-3.0252e-08
-3.50534e-08
-1.44903e-08
0
0
0
0
0
0
0
0
0
0
0
0
1.18167e-14
0
0
0
0
0
0
0
0
0
0
0
0
0
0
0
0
0
0
0
0
0
0
0
0
0
0
0
0
0
0
0
0
0
0
0
0
0
0
0
0
0
0
0
0
0
0
0
0
0
0
0
0
0
0
0
0
0
0
0
3.46497e-16
0
2.00267e-09
-1.37762e-08
0
0
-1.35899e-08
-2.584e-08
-1.85033e-08
-4.5377e-09
-8.16372e-09
-2.20342e-08
-2.13819e-08
-6.77361e-09
0
0
0
0
0
0
-1.79198e-08
-3.06743e-08
-2.32501e-08
-8.97236e-09
-3.60863e-09
-1.74196e-08
-1.56352e-08
-3.36018e-09
-1.66243e-08
2.90063e-09
0
0
4.03916e-09
-1.18399e-08
6.68993e-09
-9.28857e-09
-8.8346e-09
8.2777e-09
0
0
-5.47204e-09
-2.0644e-08
0
0
1.51276e-08
-4.45412e-09
-6.60699e-09
1.01407e-08
9.41424e-09
-7.92684e-09
0
0
0
0
0
0
0
0
0
-1.02334e-08
5.6452e-09
-2.93676e-17
0
1.94268e-08
4.59707e-10
0
0
0
1.16303e-08
-6.05416e-09
0
0
0
0
0
0
0
0
0
0
0
0
1.66368e-08
-1.8611e-09
0
2.1133e-08
2.84689e-09
0
0
0
0
0
0
0
0
0
0
0
0
0
0
0
0
0
0
2.38832e-08
5.20892e-09
0
0
0
1.89337e-09
-1.27623e-08
0
-1.46673e-08
-2.37658e-08
0
0
0
-1.9291e-08
-4.77337e-09
-7.49288e-09
-2.16836e-08
0
-2.70731e-08
-7.08383e-09
0
0
0
0
0
0
0
0
0
0
0
0
0
0
8.63136e-09
2.76126e-08
0
0
0
0
0
0
0
0
-1.45815e-08
0
0
-1.73639e-08
-3.02129e-08
0
0
0
0
-4.42379e-09
-1.57347e-08
0
0
0
8.78362e-09
3.15232e-08
2.9469e-08
8.81653e-09
0
0
-1.64927e-08
1.69967e-09
0
0
0
-4.69706e-15
0
0
0
0
0
0
-2.70643e-16
0
0
-2.86317e-08
-2.41969e-08
0
-3.04806e-15
0
0
4.12301e-09
-1.09216e-08
7.4077e-09
-8.98506e-09
0
0
0
0
0
0
0
-2.96769e-16
0
0
1.57412e-08
-4.08184e-09
0
0
0
-7.15231e-09
9.66347e-09
0
0
0
0
0
5.14516e-09
2.69881e-08
0
0
0
0
3.90081e-08
3.21344e-09
0
0
0
0
0
0
0
0
0
1.99841e-08
9.24642e-10
0
0
1.22069e-08
-5.60865e-09
0
0
0
0
0
0
0
0
0
0
0
0
0
0
0
0
0
0
0
0
0
0
0
0
0
0
0
0
0
0
0
0
0
2.38133e-15
0
6.14289e-09
2.49956e-08
0
0
0
0
0
0
0
0
0
0
0
0
0
0
0
0
-1.1374e-16
5.80292e-17
0
0
0
1.71915e-08
-1.39357e-09
0
2.22104e-08
0
0
0
0
0
0
0
0
0
0
0
-5.2043e-15
4.90107e-15
0
0
0
0
0
0
0
0
0
0
0
0
0
0
0
0
0
0
0
0
0
0
0
2.46731e-08
5.43651e-09
0
0
0
0
0
0
0
0
0
0
0
0
0
0
0
0
0
0
0
0
0
0
0
1.75697e-08
4.21662e-08
7.60262e-09
2.76139e-08
0
0
0
0
0
0
4.85817e-15
-1.71619e-15
0
0
0
0
0
0
0
0
0
0
0
0
0
0
0
0
0
0
8.12578e-09
3.11653e-08
0
0
0
0
0
0
0
0
0
0
0
0
0
0
0
-1.94903e-16
0
0
0
0
0
0
0
0
0
0
0
0
0
0
0
0
0
0
0
0
0
2.03989e-08
4.34356e-08
4.22935e-08
1.95018e-08
0
0
0
0
0
0
0
0
0
0
0
0
0
0
0
0
0
0
0
0
0
0
0
0
0
0
0
0
0
0
0
0
0
0
0
0
0
0
0
0
0
0
0
0
0
0
0
0
0
0
0
0
0
0
0
0
0
0
0
3.05962e-08
0
0
0
0
0
0
0
3.73127e-08
2.86836e-08
0
0
0
0
0
0
0
0
0
0
0
0
0
0
0
0
0
0
0
0
0
-2.70316e-16
-2.47571e-16
0
0
0
-6.02489e-17
-6.34095e-15
0
0
0
0
0
0
0
0
0
0
0
0
0
0
0
0
0
0
0
0
0
0
0
0
0
0
0
9.12275e-09
0
0
0
0
0
0
0
0
0
0
0
0
0
0
0
0
0
0
0
0
0
0
0
0
0
0
0
0
0
0
0
-4.42287e-30
0
0
0
0
0
0
0
0
0
0
0
0
0
0
0
0
0
0
0
0
0
0
0
0
0
0
2.59853e-08
4.70714e-08
0
0
0
0
0
0
0
0
0
0
0
0
0
0
0
0
0
0
0
0
0
0
0
0
0
0
0
0
0
0
1.29573e-08
0
0
0
0
0
0
0
0
0
0
0
0
0
0
0
0
0
0
0
0
4.01792e-18
1.44658e-18
0
0
0
0
0
0
0
0
0
0
0
0
0
0
0
0
-3.79813e-15
0
0
0
0
0
0
0
0
0
0
0
0
0
0
5.32249e-08
2.18168e-08
0
0
0
0
0
0
0
0
0
0
0
0
0
0
0
0
0
0
0
0
0
0
0
0
0
0
0
0
0
0
0
0
0
0
0
0
0
0
0
0
5.89874e-15
-1.12534e-14
0
0
0
0
0
0
0
0
0
0
0
0
0
-4.81023e-16
0
0
0
0
0
0
0
0
0
0
0
0
0
0
-5.12037e-09
-1.99683e-08
1.72638e-08
4.1444e-08
0
0
0
0
-8.48959e-15
0
0
0
0
0
0
0
0
0
0
0
0
0
0
0
0
2.60096e-08
5.21279e-08
0
0
0
0
0
1.15997e-16
-1.58693e-16
0
0
-3.41455e-16
1.30271e-16
0
0
0
0
0
0
0
0
0
0
0
0
0
0
0
0
0
0
0
0
0
0
0
0
0
0
0
0
0
0
0
0
0
0
0
0
0
6.23496e-16
0
6.6438e-16
0
0
0
1.3203e-15
0
-4.76496e-16
0
0
0
0
0
0
0
0
0
0
0
0
0
0
0
0
0
0
0
0
0
0
0
0
0
0
0
0
0
0
0
0
0
0
0
0
0
0
0
0
0
0
0
0
0
0
0
0
0
0
0
0
0
0
0
0
0
0
0
0
0
0
0
0
0
0
0
0
0
0
0
0
0
0
0
0
0
0
0
0
0
0
0
0
0
0
0
0
0
0
0
0
0
0
0
0
0
0
0
0
0
0
0
0
0
0
0
0
0
0
0
0
0
0
0
0
0
0
0
0
0
0
0
0
0
0
0
0
0
1.80505e-08
4.47461e-08
0
0
0
0
0
0
0
-3.13496e-15
0
-1.3038e-15
0
0
0
0
0
0
0
0
0
0
0
0
0
0
0
0
0
0
0
0
0
0
0
0
0
0
0
0
0
0
0
0
0
0
0
0
0
0
0
0
0
0
0
0
-2.52151e-12
0
0
0
0
0
0
0
0
0
0
0
0
0
0
0
0
0
0
0
0
0
0
0
0
0
0
0
0
0
0
0
0
0
0
0
0
-6.26981e-17
0
0
0
0
0
4.16589e-16
0
0
0
0
0
0
0
0
0
0
0
0
0
0
0
0
0
0
0
0
0
0
0
0
0
0
0
0
0
0
0
0
0
1.66984e-14
-1.09392e-14
0
0
0
0
0
0
0
0
0
0
0
0
0
0
0
0
0
0
0
0
0
0
0
0
-1.15055e-15
1.86196e-16
0
0
0
0
0
0
0
0
0
0
0
0
0
0
0
0
0
0
0
0
0
0
0
0
0
0
0
0
0
0
0
0
0
0
0
0
0
0
0
0
4.51102e-08
2.17956e-08
0
0
0
0
0
0
0
0
0
0
0
0
0
0
0
0
0
0
0
0
0
0
0
0
0
0
0
0
0
0
0
0
0
0
0
0
0
0
8.42145e-17
-8.86769e-19
0
0
0
0
0
0
0
0
0
0
0
0
0
2.59297e-08
5.11845e-08
0
0
0
0
0
0
0
0
0
0
0
0
0
0
0
0
0
0
-4.98305e-16
0
0
0
0
0
0
0
0
0
0
0
0
0
0
0
0
0
0
0
0
0
0
0
-2.17334e-15
0
1.32176e-18
-2.05465e-15
0
0
0
0
0
0
0
0
0
0
-2.61846e-15
0
-2.01467e-15
0
0
0
0
0
0
0
0
0
0
0
0
0
0
0
0
0
0
0
0
0
0
0
0
0
0
0
0
0
0
-8.96907e-16
-2.63919e-15
0
0
0
0
0
-1.66614e-16
-6.87006e-13
1.43268e-13
0
0
0
0
0
-6.65842e-18
0
0
0
0
0
0
0
0
0
0
0
0
0
0
0
0
0
0
0
0
0
0
0
0
0
0
0
0
0
0
0
0
0
0
0
0
0
0
0
0
0
0
0
0
0
0
0
0
0
0
0
0
0
0
0
0
0
0
0
0
0
0
0
-5.88395e-15
0
0
0
0
0
0
0
0
0
-9.62247e-16
-7.38711e-16
0
0
0
0
0
0
3.2446e-08
3.96865e-08
0
0
0
0
0
0
0
0
0
0
0
-3.20482e-15
3.99674e-15
0
0
0
0
0
0
0
0
0
0
0
0
0
0
0
0
0
0
0
0
0
0
0
0
0
0
0
0
0
0
0
0
0
5.09668e-08
2.92469e-08
0
0
0
0
0
0
0
0
0
0
0
0
0
0
0
0
0
0
0
0
0
0
0
0
0
0
0
0
0
0
0
0
0
0
0
0
0
0
0
0
0
0
0
0
0
0
0
0
0
0
0
0
0
0
0
0
-5.13862e-16
0
3.32702e-15
0
0
0
0
0
0
0
0
0
0
0
0
0
-4.38542e-16
-4.50913e-16
0
0
0
0
0
0
0
0
0
0
0
0
0
0
0
0
0
0
0
0
0
0
0
0
0
0
0
0
0
0
0
0
0
0
0
0
0
0
0
0
0
0
0
0
0
0
0
0
0
0
0
0
0
0
0
0
0
0
0
0
-2.39513e-13
0
0
0
0
0
0
0
0
0
5.01267e-08
2.59786e-08
0
0
0
0
0
0
0
0
0
0
0
0
0
0
-7.30914e-17
0
0
0
1.50383e-15
0
0
0
0
0
0
0
0
0
0
0
0
0
0
0
0
0
0
0
0
0
0
0
0
0
0
0
0
0
0
0
0
0
0
0
0
0
0
0
0
0
0
0
0
0
0
0
0
0
0
0
0
0
0
0
0
0
0
-5.57297e-17
0
0
0
1.05183e-30
0
0
0
0
0
0
0
0
0
0
0
0
0
0
0
0
0
0
0
0
0
0
0
0
0
0
0
0
0
0
0
0
0
0
0
0
0
0
0
0
0
0
0
0
0
0
0
-5.22541e-15
0
0
0
0
0
0
0
0
0
0
0
0
0
0
0
0
0
0
0
0
0
0
0
0
0
-1.00207e-16
0
1.89582e-16
0
0
0
0
0
0
0
0
0
0
0
0
0
0
0
0
0
0
-3.06279e-15
0
0
0
0
0
0
0
0
0
0
-3.49909e-15
-5.89803e-15
0
0
0
0
4.58096e-15
0
0
0
0
1.07863e-17
-1.07844e-17
3.2618e-19
0
0
0
0
-1.06818e-17
1.34194e-14
0
0
0
0
0
0
0
0
0
0
0
0
0
0
0
0
0
0
0
0
0
0
0
0
0
0
0
0
0
0
0
0
0
0
0
0
0
0
0
0
0
0
0
0
0
0
0
0
0
0
0
0
0
0
0
0
0
0
0
0
0
0
0
0
0
0
0
0
0
0
0
0
0
0
0
0
0
0
0
0
0
0
0
0
0
0
-2.07621e-16
6.71792e-16
0
0
0
0
0
0
0
0
0
0
0
0
0
0
0
0
0
0
3.28953e-17
0
0
0
-8.17924e-16
-8.38902e-16
0
0
0
0
0
0
0
0
0
0
0
0
0
0
0
0
0
0
0
0
-1.14062e-16
0
0
0
0
0
0
0
0
0
0
0
0
0
0
0
0
0
0
0
0
0
0
0
0
0
0
0
0
0
0
0
0
0
0
0
1.42186e-16
4.78934e-16
2.15319e-16
0
0
0
0
0
0
0
0
0
4.01131e-16
1.60518e-16
0
0
0
0
0
0
0
0
0
0
0
0
0
0
0
0
0
0
0
0
0
0
0
0
0
0
0
0
0
0
0
0
0
0
0
0
0
0
0
0
0
0
0
0
0
0
0
0
0
0
0
0
0
0
0
0
0
0
0
0
0
0
0
3.69879e-17
-3.12555e-16
0
0
0
0
0
0
0
0
0
0
0
0
0
0
0
0
0
0
0
0
0
0
0
0
0
0
0
0
0
1.11846e-12
0
1.26424e-12
1.3147e-12
0
0
1.21448e-12
1.30766e-12
1.31844e-12
0
0
0
0
0
0
0
0
0
0
0
0
0
0
0
0
0
0
0
0
0
1.13802e-12
0
0
0
0
0
0
0
0
0
0
1.09285e-12
1.15781e-12
0
0
0
-6.59187e-16
0
0
0
0
0
0
0
0
0
0
0
0
0
0
0
0
0
0
0
0
0
0
1.17387e-12
0
0
1.07978e-12
0
0
0
0
0
0
0
0
0
0
0
0
-2.29074e-15
0
0
0
0
0
0
0
0
0
0
0
0
0
0
0
0
0
1.03886e-12
9.53431e-13
0
0
0
2.2947e-15
0
0
0
8.49778e-13
0
0
0
0
0
0
0
-6.95114e-32
0
2.03803e-10
1.76507e-08
0
0
0
0
0
0
0
0
0
0
9.9137e-13
0
0
0
0
0
0
0
0
0
0
0
0
0
0
0
0
0
0
0
0
0
0
0
0
0
0
-3.38616e-17
-2.08537e-16
0
0
0
0
2.79713e-17
6.69199e-13
9.8669e-13
0
0
0
0
0
0
0
0
0
0
0
0
0
0
0
0
0
0
0
0
0
0
0
0
0
0
0
0
0
0
0
0
0
0
-4.49772e-16
0
0
0
1.26294e-14
0
0
0
0
0
0
0
1.40138e-12
0
0
0
0
1.36765e-12
1.29848e-12
1.11918e-12
0
0
0
0
0
0
0
0
1.28403e-16
0
0
0
0
0
0
0
0
0
0
0
0
0
2.4577e-16
0
0
0
0
0
0
0
0
0
0
0
0
0
1.16013e-12
0
0
0
0
0
2.00497e-12
0
0
0
0
0
0
0
0
0
0
0
0
0
0
0
0
0
0
0
0
0
0
0
0
0
0
0
0
0
1.11775e-12
1.09569e-12
0
0
0
0
0
0
0
0
0
0
0
0
0
0
1.07495e-12
1.09588e-12
0
0
-3.99643e-15
5.15238e-13
0
0
0
0
0
0
0
0
0
0
0
0
0
1.53228e-15
0
0
0
0
0
0
8.19739e-15
0
0
0
3.26769e-08
3.64183e-08
0
0
0
-6.10687e-16
-2.26378e-15
0
0
0
0
0
0
0
0
0
0
0
0
0
0
0
0
0
0
0
-2.43953e-13
-2.65155e-13
9.00439e-13
6.67321e-13
0
0
0
1.29556e-14
0
0
0
0
0
0
0
-1.41679e-16
-1.09795e-12
-2.45067e-12
0
0
0
0
0
0
0
1.3586e-09
2.05853e-08
0
0
0
0
0
0
9.81674e-13
0
0
0
0
0
0
0
0
0
0
0
0
0
0
0
0
0
0
0
0
0
0
0
1.24681e-15
0
0
0
0
1.76212e-12
0
0
0
0
0
-1.27877e-15
0
7.84145e-13
0
0
0
0
0
0
0
0
0
0
0
0
0
0
0
0
0
0
0
0
0
0
0
0
0
0
0
8.39249e-13
0
0
0
0
0
0
0
0
1.01807e-14
0
1.33833e-12
0
0
0
0
0
0
0
0
0
0
0
0
0
0
0
0
0
0
0
-9.47633e-13
0
3.92973e-16
0
0
0
0
5.72936e-13
0
0
0
0
-4.55349e-16
0
0
0
0
0
0
0
0
0
-4.47072e-16
0
0
0
0
0
0
0
0
0
1.39653e-12
0
0
8.98005e-13
0
0
0
0
4.33503e-08
1.32623e-08
0
0
-7.51405e-16
0
0
0
0
0
0
0
0
0
0
0
0
0
0
0
0
0
0
0
0
0
0
0
0
0
0
0
0
0
0
0
0
0
0
0
0
0
0
0
0
0
0
0
0
0
0
0
0
0
0
0
0
0
0
0
0
0
0
0
1.04744e-12
0
0
0
0
0
0
0
4.6722e-16
-7.92222e-16
-4.47989e-16
0
0
0
0
0
0
0
0
0
0
0
0
0
0
0
0
0
0
0
0
0
0
0
0
0
0
0
0
0
0
0
0
0
0
0
0
0
0
0
0
0
0
0
0
0
0
0
0
0
0
0
0
0
0
0
0
0
0
0
0
0
0
0
0
0
0
5.23687e-08
2.88589e-08
0
0
0
0
0
0
0
0
0
0
0
-1.83762e-15
0
0
0
0
0
0
0
0
0
0
0
0
0
0
0
0
0
0
0
0
0
0
0
0
3.50458e-15
3.4669e-17
0
0
0
0
9.75981e-13
0
0
2.25962e-16
0
3.19173e-16
-4.12376e-16
0
0
0
0
0
0
0
0
0
0
0
0
0
0
0
0
0
-6.05378e-14
0
0
0
0
0
0
0
0
0
0
0
0
0
3.17136e-13
3.41303e-13
0
0
0
0
0
0
0
0
0
0
-2.01104e-15
0
0
0
0
0
0
0
0
0
0
0
0
0
0
0
0
0
0
0
0
0
0
0
0
0
0
0
0
0
0
0
0
0
0
0
0
0
0
0
0
0
0
0
0
0
0
0
0
0
0
0
0
0
0
0
0
0
0
0
0
0
0
0
0
0
0
0
0
0
0
0
0
0
0
0
0
0
0
0
0
0
0
0
0
0
0
-2.62897e-15
0
0
0
0
0
0
0
0
0
0
0
-7.35143e-16
0
0
-2.88673e-17
0
0
0
0
0
0
0
0
0
0
0
0
0
0
0
0
0
0
0
0
0
0
0
1.82038e-12
0
0
0
0
0
0
-4.05163e-16
0
0
0
0
0
0
0
0
0
0
0
0
0
0
0
0
0
0
0
0
0
6.17501e-16
0
0
0
0
0
0
0
0
0
0
0
0
0
0
0
0
0
0
0
0
0
0
0
0
0
0
0
0
0
0
0
0
0
0
0
0
0
0
0
0
0
0
0
0
0
0
0
0
0
0
0
0
0
0
0
0
0
0
0
0
0
0
0
0
0
0
0
0
0
0
0
0
0
0
0
0
0
0
0
0
0
0
0
0
0
0
0
3.8987e-18
0
0
0
0
0
0
0
0
0
0
0
0
0
0
0
0
0
0
0
0
0
0
-1.88782e-16
0
0
0
0
-1.93056e-16
0
1.28375e-16
0
0
0
0
0
0
0
0
0
-7.06784e-16
0
0
0
0
0
0
0
0
0
0
0
0
0
0
0
0
0
0
0
0
0
0
0
0
0
0
0
3.61021e-10
0
0
0
0
0
0
0
0
0
0
0
0
0
0
0
0
0
0
0
0
0
0
0
0
0
0
0
0
0
0
0
0
0
0
0
0
0
0
0
0
0
0
0
0
0
0
0
0
0
0
0
0
0
0
0
2.97114e-13
0
0
0
0
9.45769e-17
0
0
0
0
0
0
0
0
0
0
0
0
0
0
0
0
0
0
0
0
0
0
0
0
0
0
0
0
0
0
0
0
0
0
0
2.95114e-08
0
0
0
0
0
0
0
0
0
0
0
0
0
0
0
0
0
0
1.54825e-12
0
0
0
0
0
-3.81974e-15
7.28975e-13
0
0
0
0
0
0
0
0
0
0
0
0
0
0
0
0
0
0
0
0
0
0
0
0
0
0
0
0
0
0
0
0
0
0
0
0
0
0
0
0
0
1.28778e-17
0
0
0
0
0
0
0
-5.18555e-17
0
0
0
0
0
0
-1.70417e-08
-4.37907e-16
0
0
0
0
2.83459e-13
0
0
0
0
0
1.16848e-17
1.12563e-16
0
0
0
0
0
0
0
0
0
0
0
0
0
0
0
0
0
0
0
0
0
0
-7.84258e-16
0
0
0
0
0
0
0
0
0
0
0
1.55267e-08
0
0
0
0
0
0
0
0
0
0
0
0
0
6.93754e-15
0
0
0
0
0
0
0
0
5.17294e-32
-3.95582e-15
0
0
0
0
0
0
0
0
0
0
0
0
0
0
0
0
0
0
0
0
0
0
0
0
0
0
0
0
0
0
0
0
0
0
0
0
0
0
0
0
0
0
0
0
0
0
0
0
0
0
0
0
0
0
0
0
0
0
0
0
0
0
0
0
0
0
0
0
0
0
0
0
0
0
0
0
0
0
0
0
0
0
0
0
0
0
0
0
0
0
0
0
0
0
0
0
0
0
0
0
1.57976e-16
0
0
0
0
0
0
0
0
0
0
-1.34143e-16
-3.58349e-18
0
0
0
0
0
0
0
0
0
0
0
0
0
-6.51118e-18
0
0
0
0
0
0
0
0
0
0
0
0
0
0
0
4.24249e-13
-4.52709e-17
0
0
0
0
0
0
0
0
0
0
0
0
0
0
0
0
0
0
0
0
0
0
0
4.7956e-15
0
-2.57102e-18
1.88036e-17
0
-6.51069e-14
0
0
0
0
0
0
0
0
0
2.58833e-13
2.37178e-13
0
0
0
0
0
0
0
0
-1.74096e-14
-1.17311e-12
0
0
0
0
0
0
0
0
0
0
0
0
0
0
0
0
9.59753e-14
0
0
0
0
0
0
0
0
0
0
0
6.58529e-16
0
0
0
0
0
0
0
0
0
0
0
0
0
0
0
0
0
0
0
0
0
0
0
0
0
0
0
0
1.21429e-15
0
0
0
3.03708e-18
0
0
0
0
0
0
0
0
0
-5.99128e-16
-1.15521e-15
0
0
0
1.99887e-13
0
0
0
0
0
3.48115e-09
8.34617e-13
0
0
0
0
0
0
0
0
0
0
0
0
0
0
0
0
0
0
0
0
0
0
0
0
-1.17723e-16
0
0
0
0
0
0
0
0
0
2.9091e-15
4.41654e-16
-2.37082e-15
0
0
0
0
0
5.83785e-16
0
0
0
2.9751e-17
0
0
0
0
0
0
0
0
0
0
0
0
0
0
0
0
0
0
0
0
0
0
0
0
0
-1.61544e-08
0
-7.61901e-08
0
0
0
0
0
0
0
0
0
1.76397e-29
-1.05097e-15
0
0
0
0
-1.06676e-08
2.01522e-13
0
0
-1.37742e-12
3.29542e-13
0
0
0
0
0
0
0
0
0
0
0
0
0
0
0
0
0
0
0
0
0
0
0
-1.10356e-30
0
0
0
0
0
0
0
0
0
0
0
0
0
0
0
0
0
0
0
0
0
0
0
0
0
0
0
0
0
0
0
0
0
0
0
0
0
-2.53328e-16
0
0
0
0
0
0
0
-1.44008e-16
0
0
5.67771e-16
0
0
0
0
0
0
0
0
0
0
0
0
0
0
0
0
0
0
0
0
0
0
0
0
0
0
0
0
0
0
0
0
0
0
0
0
0
0
0
0
0
0
0
0
0
0
0
0
0
0
0
0
0
0
2.4738e-13
2.40891e-13
0
0
0
0
0
0
1.97965e-15
0
0
0
0
0
0
0
0
0
0
0
0
0
0
0
0
9.23581e-16
0
0
-3.87964e-08
0
0
4.37296e-12
0
0
0
0
0
0
0
0
0
0
0
0
0
0
0
0
0
0
0
0
0
0
0
0
0
0
0
0
0
0
0
0
0
0
0
0
0
0
1.07875e-12
-1.24042e-08
7.44987e-13
0
0
0
0
2.37046e-15
0
0
0
0
0
0
0
0
1.65767e-16
2.86017e-16
0
0
0
0
0
0
0
0
0
0
0
0
0
0
0
8.05401e-16
0
0
0
3.69715e-18
0
0
0
0
0
0
0
0
0
0
0
0
0
0
0
0
0
0
0
0
0
0
0
0
0
0
0
0
0
0
0
0
0
0
0
0
0
0
0
0
0
0
0
0
0
0
0
0
0
0
0
0
0
0
0
-1.48058e-16
0
-5.51377e-13
0
0
0
-2.51494e-12
0
0
0
0
0
0
8.5146e-13
-1.14734e-08
0
0
0
0
-1.08305e-16
0
0
0
0
-1.18025e-12
0
0
0
0
0
0
0
0
0
0
0
0
0
0
0
0
0
-3.39466e-08
1.13015e-12
0
0
0
0
0
0
0
0
0
0
0
0
0
0
0
0
0
0
0
0
0
2.12532e-13
0
0
0
0
0
0
1.80795e-15
0
0
0
-1.05545e-12
0
0
0
0
0
0
-2.52734e-16
0
0
0
0
0
0
0
0
0
0
0
0
0
0
0
0
0
0
0
-3.39616e-16
3.02813e-15
0
0
0
0
0
0
0
0
0
0
0
0
0
-2.81219e-13
0
0
3.44579e-17
0
0
0
0
2.6072e-08
1.63712e-08
0
0
0
0
0
0
0
0
0
0
0
0
-1.0555e-14
-5.48853e-13
0
0
2.03273e-08
0
0
0
0
0
0
0
0
0
0
0
0
0
0
0
0
1.60117e-16
0
0
0
0
0
0
0
0
0
0
0
1.71658e-08
0
0
-3.86336e-13
5.59665e-14
0
0
0
0
0
0
0
0
0
-1.94948e-16
0
0
0
0
0
0
0
0
0
0
0
0
0
0
0
0
0
0
-1.66574e-08
0
0
0
0
0
4.76055e-15
0
-1.14839e-12
0
0
0
0
0
0
0
0
0
0
0
0
0
0
0
0
0
0
0
0
0
0
0
0
0
4.46055e-12
-1.07665e-16
0
0
0
0
0
0
0
0
0
0
0
0
0
0
0
0
0
0
0
0
0
0
0
0
0
0
0
0
0
0
0
0
0
0
0
0
0
0
0
0
0
0
0
0
0
0
-1.30112e-14
0
0
0
3.45572e-16
0
0
0
0
0
0
0
0
0
0
0
0
0
0
0
0
0
0
0
0
2.76663e-08
1.29441e-12
0
0
-2.12103e-17
0
0
0
0
0
0
0
0
0
0
0
0
0
0
0
0
3.44482e-15
0
0
0
0
0
0
0
2.55413e-13
1.55546e-13
0
0
0
0
0
0
0
0
0
0
0
0
0
0
2.63543e-15
0
-1.68481e-12
0
0
0
0
0
0
0
3.92385e-16
-1.41183e-12
8.94286e-13
0
4.031e-16
0
0
8.73629e-09
0
0
-4.81997e-09
0
-1.67932e-10
1.00999e-12
0
0
0
0
0
0
0
0
0
0
-9.07704e-15
-1.6493e-16
0
0
-3.03152e-09
-5.7113e-15
0
0
0
0
0
7.04188e-18
0
0
0
0
0
0
0
0
0
0
0
-2.86146e-08
0
0
0
0
0
0
0
0
0
0
0
-1.14669e-12
0
0
0
0
0
0
0
0
0
0
0
0
0
0
0
0
0
0
0
0
0
0
0
0
0
0
0
0
0
0
0
0
0
1.21948e-16
4.67408e-16
0
0
0
0
0
0
0
0
0
0
0
0
0
0
-3.12374e-13
-1.56322e-19
0
0
0
0
0
0
4.92261e-13
-5.52318e-09
0
0
0
0
0
0
0
0
0
0
0
0
0
0
0
0
0
2.55312e-08
0
0
0
0
0
0
0
0
0
0
0
0
0
0
0
0
7.65982e-09
0
0
0
0
0
0
0
0
0
0
0
0
0
0
0
0
0
0
0
0
0
0
0
0
0
0
0
0
0
0
0
0
0
0
0
0
0
0
0
0
0
0
0
0
0
0
0
0
0
0
0
0
1.54879e-13
0
0
0
0
5.2032e-16
0
0
0
0
0
0
0
0
0
0
0
0
0
0
0
0
0
0
0
0
0
0
9.95934e-13
4.07835e-09
0
0
0
1.16236e-16
0
0
0
0
0
0
0
0
0
0
0
0
0
-6.57925e-16
0
0
0
0
0
0
0
0
0
0
0
0
0
0
0
0
0
-1.06445e-15
0
0
0
0
0
0
-6.52517e-16
0
0
0
0
0
0
0
0
0
0
0
0
0
0
0
0
0
0
0
0
0
0
0
0
0
0
0
0
0
0
0
0
0
0
0
0
0
-4.36066e-17
0
0
0
-4.64408e-15
2.67619e-15
0
0
0
0
0
0
0
0
0
0
0
0
0
0
0
0
0
0
0
0
0
0
0
0
0
0
0
0
0
0
0
-6.42372e-18
0
0
0
0
0
0
0
0
0
0
0
0
0
0
-4.1243e-08
0
-1.19756e-14
0
0
0
-1.30467e-14
0
0
0
0
0
0
0
0
0
0
0
0
0
8.50278e-16
0
0
0
0
0
0
0
0
0
0
0
2.36715e-13
0
0
0
0
0
0
0
0
0
0
0
0
0
0
0
0
0
0
0
0
7.04264e-14
0
0
1.71058e-16
0
0
-1.56042e-08
5.12503e-13
-3.35155e-08
0
0
0
0
0
0
0
0
0
0
0
0
0
0
0
0
-2.6721e-08
0
0
0
0
7.29427e-17
0
0
0
0
0
0
0
0
0
0
0
0
0
0
0
0
0
0
0
0
0
0
0
0
0
2.92244e-08
0
0
0
0
0
-3.12685e-13
1.36106e-08
0
0
0
0
0
2.68796e-08
0
0
0
0
1.02751e-08
0
0
0
0
1.85013e-13
1.43655e-13
2.17012e-08
0
0
0
0
0
0
0
0
-1.62982e-14
8.34475e-14
0
0
0
-5.2811e-10
0
0
0
0
0
0
0
0
0
0
0
0
0
0
0
0
0
0
0
-2.75405e-16
0
0
1.24536e-13
-4.20541e-08
0
0
0
0
-2.81373e-08
0
0
0
0
0
0
0
0
0
0
0
0
-4.31903e-08
0
0
0
-8.09244e-12
6.67785e-13
0
0
0
0
0
0
0
0
0
0
0
0
0
0
0
0
0
0
0
0
0
0
0
0
0
0
0
0
0
3.96193e-13
2.99888e-13
0
0
0
0
0
0
0
0
0
0
0
0
0
0
0
0
1.53055e-13
0
0
0
0
0
0
0
0
0
0
0
0
0
0
0
0
0
0
0
0
0
1.10841e-15
0
0
0
0
0
0
0
0
0
0
0
-1.97762e-16
0
0
0
0
0
0
0
0
0
1.81986e-15
2.01073e-13
0
0
0
-3.40723e-13
0
-2.90871e-13
0
0
0
0
0
0
0
0
0
0
0
0
0
0
0
-3.95744e-13
0
0
0
0
0
0
0
0
0
0
0
0
0
0
0
0
-9.0414e-16
0
0
0
0
3.83646e-13
4.26728e-13
0
0
0
0
0
0
0
0
0
0
0
0
0
-4.45467e-16
0
1.10572e-30
0
0
0
-1.94369e-16
0
0
0
0
0
0
0
0
0
0
0
0
-6.16342e-16
0
0
-2.78206e-08
0
0
0
0
0
0
0
0
0
0
-5.29065e-16
0
0
0
0
0
0
0
0
0
0
0
0
0
0
4.92201e-08
0
0
0
0
0
0
0
0
0
0
0
0
0
0
0
0
0
0
0
-1.43479e-15
0
0
0
0
0
0
0
0
0
0
0
0
0
2.49346e-15
0
0
0
-2.80866e-13
0
0
0
0
0
0
0
0
0
0
0
0
0
0
0
0
0
0
0
0
0
0
-1.58138e-08
0
0
0
0
0
0
0
0
0
0
0
0
0
0
0
0
0
0
0
0
0
0
0
0
0
0
-5.29333e-16
0
0
-2.21575e-17
-1.96784e-13
0
-1.35955e-13
0
0
0
0
0
0
1.45378e-13
0
0
0
0
0
0
0
-3.43941e-13
0
0
0
0
0
0
0
0
0
0
0
0
0
0
0
0
0
0
0
0
0
1.36159e-12
0
6.75022e-17
0
-2.67484e-16
0
0
0
0
0
0
0
0
0
0
0
0
0
0
0
0
0
0
0
0
0
0
0
1.33369e-15
0
0
0
0
0
0
0
0
0
0
0
0
-3.00202e-15
-2.12335e-17
0
0
0
9.88854e-13
-1.26984e-08
0
0
0
0
-1.90226e-13
0
0
0
0
0
0
0
0
0
0
0
0
0
0
0
0
1.02117e-13
1.21149e-13
0
0
0
0
0
0
0
0
0
0
0
0
0
0
0
0
0
0
0
0
0
0
0
0
0
0
0
0
0
0
0
0
0
0
0
0
0
0
0
0
0
0
0
0
0
0
0
0
0
0
0
0
0
0
0
0
0
5.76027e-14
0
0
0
0
0
0
0
0
0
0
0
0
0
0
0
0
0
0
0
-1.33633e-14
-2.60292e-15
0
0
0
-2.39647e-13
-7.29027e-12
0
0
0
-1.10248e-30
0
0
0
0
0
0
0
0
0
0
0
-2.38564e-13
0
0
0
0
7.90137e-17
0
0
0
0
0
0
0
0
0
0
0
0
0
-6.491e-16
0
0
2.22124e-13
0
-2.32663e-13
0
0
0
0
0
0
-9.72661e-17
0
0
0
0
0
0
0
-4.63808e-13
0
0
0
0
0
-7.81983e-16
0
0
0
0
0
0
0
0
0
0
-3.17747e-13
1.83473e-13
0
0
0
0
0
0
0
0
0
0
0
0
0
0
0
0
0
0
0
0
0
0
0
2.8802e-13
0
0
0
0
0
0
0
0
0
0
0
0
0
0
-6.17725e-17
0
0
0
0
0
-4.05059e-08
0
0
0
0
0
0
0
0
0
0
0
0
0
0
0
0
0
0
0
0
0
0
0
0
0
0
0
5.99027e-17
0
0
0
0
0
0
0
0
0
0
0
0
0
0
0
0
0
0
0
0
0
0
0
0
0
0
0
0
0
0
3.21541e-13
0
0
0
0
-2.9018e-13
0
0
0
0
0
0
0
0
0
0
0
0
0
0
0
0
0
0
0
0
0
0
0
0
0
0
0
0
0
0
0
0
0
0
0
0
0
0
0
0
0
0
0
0
0
0
0
-1.79973e-13
0
0
0
0
0
0
0
0
0
0
0
2.35659e-13
0
0
0
0
0
0
0
0
0
0
0
0
0
0
0
2.28505e-13
0
0
0
0
0
0
0
0
0
0
0
0
0
0
0
2.66459e-15
1.24189e-15
0
0
0
0
0
-2.39271e-13
0
0
0
0
0
0
0
2.35591e-16
1.50771e-13
0
-2.14823e-13
0
0
0
0
0
0
0
0
0
0
0
0
0
0
0
0
0
0
0
0
0
0
0
0
-9.57677e-16
2.83122e-13
0
0
0
0
0
0
0
0
3.40066e-13
0
0
0
0
0
0
0
0
0
0
0
0
0
0
0
2.33573e-17
0
0
0
0
0
0
0
0
0
0
0
6.15832e-13
0
0
0
0
0
0
0
-1.6299e-15
0
0
0
0
0
0
0
0
0
0
0
0
0
0
0
0
0
0
0
0
0
0
0
0
0
0
0
0
0
0
0
0
0
2.1969e-13
0
0
0
0
0
0
0
0
-7.86617e-13
0
0
0
0
0
-3.03422e-13
0
-2.36891e-13
0
0
0
0
0
0
0
0
0
0
0
0
0
-9.41576e-17
0
0
0
0
0
0
0
0
0
0
0
0
0
-4.14492e-13
0
8.27118e-14
0
0
0
0
0
0
1.92439e-13
-2.0661e-13
0
0
0
0
2.65799e-13
0
-3.01914e-13
0
0
0
0
0
9.79276e-16
0
0
0
0
0
0
0
7.97808e-17
0
0
0
-1.92364e-13
0
0
0
0
0
0
0
0
0
0
0
0
0
0
0
0
0
0
0
0
0
0
0
0
0
0
0
0
0
-3.40616e-13
0
0
0
0
0
0
0
0
3.17732e-13
0
0
0
0
0
0
0
0
0
0
1.22393e-16
-1.39434e-13
0
-1.90937e-16
1.24732e-16
0
0
0
0
0
0
0
0
0
0
0
0
-3.52894e-13
0
0
0
0
0
0
-5.35882e-17
0
0
0
0
0
0
0
0
0
0
0
0
0
0
0
0
0
0
0
0
0
0
0
0
0
0
0
0
0
0
0
0
0
0
0
-2.48874e-08
0
0
0
0
-5.42215e-16
0
0
0
0
0
0
0
0
0
0
0
0
0
0
0
1.47209e-13
0
0
0
0
0
0
0
0
0
0
0
0
0
0
0
0
0
0
0
0
0
0
0
0
3.57403e-13
2.92913e-13
0
-3.16268e-13
0
0
0
0
0
0
0
0
0
0
0
0
0
0
0
0
0
0
0
0
0
0
0
0
0
0
0
0
-2.62474e-13
0
0
0
0
2.43025e-13
0
0
0
0
0
0
0
0
0
0
0
0
0
0
0
0
0
0
7.1327e-16
0
0
2.13972e-08
0
0
0
0
0
0
0
0
0
0
0
0
0
0
0
0
0
8.07057e-14
0
0
0
0
0
0
0
0
0
5.50052e-16
0
0
0
2.6125e-13
0
0
0
0
0
0
0
0
0
0
0
0
0
0
-3.29156e-13
0
2.93543e-15
0
0
0
0
0
0
0
0
3.15433e-13
0
0
0
0
0
0
0
0
0
0
0
0
-2.07414e-13
0
0
0
0
0
0
0
0
0
0
0
0
-2.56988e-13
0
0
2.20008e-13
0
0
0
0
0
-3.78808e-13
0
0
0
0
0
0
0
0
0
0
4.06996e-16
2.89251e-15
1.79074e-13
0
0
0
0
0
0
0
0
0
0
0
0
0
0
0
0
0
0
0
0
0
0
0
0
0
0
0
0
0
0
0
0
0
0
0
0
0
0
0
0
)
;

boundaryField
{
    frontback
    {
        type            empty;
        value           nonuniform List<scalar> 0();
    }
    topbottom
    {
        type            calculated;
        value           uniform 0;
    }
    outlet
    {
        type            calculated;
        value           nonuniform List<scalar> 0();
    }
    inlet
    {
        type            calculated;
        value           uniform 0;
    }
    walls
    {
        type            calculated;
        value           nonuniform List<scalar> 
135
(
-1.09372e-07
-5.21307e-08
-9.50619e-08
8.27958e-08
-1.03239e-07
-5.4175e-08
-8.89288e-08
3.37316e-08
-1.29816e-07
-1.40037e-07
2.55543e-08
3.5776e-08
-3.78203e-08
-2.75986e-08
-7.46184e-08
-1.11417e-07
-1.21638e-07
-1.01195e-07
-9.30175e-08
-4.59977e-08
-1.58436e-07
-1.48215e-07
-8.27958e-08
-5.62194e-08
-1.94212e-08
-6.64411e-08
-9.19953e-09
-1.02217e-09
7.15519e-09
1.73769e-08
4.39533e-08
5.4175e-08
6.23524e-08
7.25741e-08
8.07515e-08
9.09732e-08
9.91505e-08
2.35099e-08
7.87071e-08
4.59977e-08
6.03081e-08
5.62194e-08
9.71062e-08
6.43967e-08
4.1909e-08
3.78203e-08
2.75986e-08
1.53326e-08
5.11085e-09
1.02217e-09
5.21307e-08
-2.14656e-08
-7.15519e-09
-3.06651e-09
9.19953e-09
-3.98646e-08
-1.12439e-08
-2.96429e-08
-4.8042e-08
-5.82637e-08
2.14656e-08
7.66628e-08
4.8042e-08
5.82637e-08
6.84854e-08
-7.25741e-08
8.48401e-08
9.50619e-08
3.98646e-08
-8.07515e-08
-7.66628e-08
2.96429e-08
1.05284e-07
1.32882e-08
3.06651e-09
-2.35099e-08
-5.11085e-09
-6.43967e-08
-8.48401e-08
-4.1909e-08
-1.32882e-08
-6.23524e-08
-3.16873e-08
-5.00864e-08
-6.03081e-08
-1.19594e-07
-7.05298e-08
-7.87071e-08
-1.27771e-07
-1.23683e-07
-8.68845e-08
-1.3186e-07
-9.71062e-08
-1.4617e-07
-1.05284e-07
-1.50259e-07
5.00864e-08
-1.1755e-07
-1.56392e-07
-1.25727e-07
-1.33904e-07
-1.54348e-07
-1.44126e-07
-1.60481e-07
-1.52303e-07
-3.5776e-08
-1.37993e-07
-4.39533e-08
-1.13461e-07
-1.62525e-07
9.30175e-08
3.16873e-08
1.94212e-08
-2.55543e-08
-9.91505e-08
-1.53326e-08
-9.09732e-08
1.07328e-07
8.89288e-08
-3.37316e-08
7.46184e-08
8.68845e-08
1.12439e-08
-6.84854e-08
-1.35949e-07
6.64411e-08
-1.73769e-08
-1.15505e-07
-1.07328e-07
1.03239e-07
7.05298e-08
1.94212e-08
-1.42082e-07
1.01195e-07
1.73769e-08
)
;
    }
    procBoundary0to1
    {
        type            processor;
        value           nonuniform List<scalar> 
104
(
0
0
0
0
0
0
0
0
5.09789e-13
0
0
0
0
0
0
0
0
0
0
0
0
0
0
0
0
0
0
0
0
0
0
0
0
0
0
0
0
0
-3.67453e-16
-5.71654e-17
0
0
0
0
0
0
0
0
0
0
0
0
0
0
0
0
0
0
0
0
0
0
0
0
0
0
0
-2.21519e-12
0
0
0
0
0
0
0
0
0
0
0
0
0
0
0
0
0
6.74161e-15
0
2.65099e-15
0
0
0
0
0
0
0
0
0
0
0
-2.77681e-08
0
0
0
0
)
;
    }
    procBoundary0to2
    {
        type            processor;
        value           nonuniform List<scalar> 
83
(
0
0
0
0
5.29366e-16
-1.65004e-12
0
0
0
0
0
0
0
0
2.8109e-16
7.80499e-18
0
0
0
0
0
0
0
0
0
0
0
0
-2.37777e-16
0
0
0
0
0
1.48089e-15
0
0
7.69114e-17
0
0
-5.23781e-15
0
0
0
0
0
0
0
0
0
0
0
0
0
0
0
0
0
0
0
0
0
-5.76305e-08
0
0
0
0
0
0
0
0
0
0
0
0
0
0
0
0
0
0
0
0
)
;
    }
}


// ************************************************************************* //
