/*--------------------------------*- C++ -*----------------------------------*\
| =========                 |                                                 |
| \\      /  F ield         | OpenFOAM: The Open Source CFD Toolbox           |
|  \\    /   O peration     | Version:  v2012                                 |
|   \\  /    A nd           | Website:  www.openfoam.com                      |
|    \\/     M anipulation  |                                                 |
\*---------------------------------------------------------------------------*/
FoamFile
{
    version     2.0;
    format      ascii;
    class       surfaceScalarField;
    location    "1000";
    object      meshPhi;
}
// * * * * * * * * * * * * * * * * * * * * * * * * * * * * * * * * * * * * * //

dimensions      [0 3 -1 0 0 0 0];
oriented        oriented;


internalField   nonuniform List<scalar> 
20580
(
0
0
0
0
0
0
0
0
2.58929e-16
0
8.64641e-16
-7.56866e-14
-1.53323e-14
0
0
0
0
2.78617e-15
0
0
0
0
0
0
0
0
0
0
0
0
0
0
0
0
0
0
0
2.38773e-13
-5.73973e-13
0
0
0
0
0
0
0
8.80639e-13
-1.03578e-12
-1.05163e-13
0
0
0
-3.17934e-16
0
-4.1774e-16
0
0
-3.59158e-15
0
-1.20015e-15
1.44481e-15
0
-4.08318e-15
0
-1.0313e-15
-8.68598e-16
0
0
0
0
0
0
0
0
0
0
0
0
0
0
0
0
0
0
0
0
0
2.09678e-17
0
3.52633e-16
0
0
0
0
0
0
0
0
0
-4.377e-30
-3.9272e-15
8.24964e-16
-1.31371e-16
-5.96267e-16
0
0
0
0
0
0
-4.08394e-16
2.34485e-16
0
0
0
-2.07084e-18
-1.07233e-19
0
0
0
1.0695e-08
1.73725e-08
0
-4.90473e-16
-1.60056e-15
0
0
0
0
0
0
0
0
5.41792e-31
-7.75782e-16
0
0
0
0
-1.20427e-14
1.3187e-15
2.29117e-13
9.47508e-14
-6.47172e-13
-1.21536e-14
-1.2444e-14
0
-1.17856e-16
1.4744e-15
0
0
0
-1.99163e-13
0
-1.36675e-13
0
0
0
0
-1.10352e-17
1.22278e-16
0
0
0
-4.80013e-13
-2.31481e-14
2.84257e-16
0
0
0
0
4.36028e-15
1.03314e-14
-3.28425e-14
0
0
4.64934e-16
0
-7.67306e-16
1.57246e-15
0
-5.63307e-14
-7.36057e-13
0
0
0
0
0
0
0
0
0
0
0
-1.17161e-17
0
1.33422e-15
0
0
0
4.43515e-13
-9.14259e-13
0
0
0
0
0
0
1.75398e-13
0
-4.20852e-14
0
1.74494e-14
0
0
0
0
0
0
0
0
0
0
-1.7461e-15
0
-2.80328e-13
-6.42902e-14
0
-7.49949e-14
5.55975e-16
0
0
0
0
-7.34843e-15
1.08966e-13
-6.6451e-13
2.20579e-13
0
0
0
-2.79368e-16
0
0
-3.40582e-15
0
0
1.2479e-09
1.21139e-08
0
0
0
0
0
0
0
0
-1.90327e-14
0
0
0
0
0
1.67329e-13
1.24783e-13
-5.84581e-13
0
0
0
0
0
0
-3.19046e-16
-1.61589e-15
0
0
0
0
0
0
0
0
0
0
0
0
0
0
0
0
0
0
0
0
0
0
0
0
0
0
0
0
0
0
0
0
0
0
0
0
0
0
0
0
0
-2.11727e-16
0
0
0
0
0
0
0
0
0
0
0
0
2.05496e-16
0
1.95033e-17
7.33078e-17
0
4.30166e-16
0
0
0
-5.51747e-15
1.35153e-14
0
7.24567e-16
-2.27455e-15
0
0
0
0
0
0
0
0
0
0
0
0
0
0
0
0
0
0
0
0
0
0
0
0
0
0
0
0
0
0
0
0
0
0
0
0
0
-1.9093e-16
1.6429e-16
0
0
0
0
0
0
-3.69301e-15
0
0
0
0
0
0
0
0
0
0
0
0
0
0
0
0
0
0
0
3.13967e-15
2.96836e-15
0
0
0
0
0
0
0
0
0
0
0
0
0
0
0
1.20223e-16
0
1.46618e-16
0
0
0
0
0
-3.78128e-13
0
0
0
0
0
-1.41618e-13
0
0
0
0
0
0
0
0
0
0
0
0
0
0
0
0
0
0
0
-9.93215e-16
4.8358e-16
0
0
0
0
-6.04175e-14
3.18708e-14
-2.90182e-15
0
3.51747e-15
0
0
-6.87906e-32
9.82045e-16
0
0
0
0
0
0
1.52452e-08
9.1663e-09
0
0
0
0
0
0
0
0
0
0
0
0
0
-1.97345e-16
-3.73111e-16
0
0
-3.98167e-14
-8.68588e-13
0
0
0
0
0
3.34964e-16
2.06065e-15
0
0
0
4.67831e-16
-7.15701e-16
0
0
0
0
0
0
0
0
0
0
0
0
1.41361e-16
8.22913e-17
0
0
0
0
0
0
0
0
0
-4.48508e-16
-1.01282e-15
0
0
0
0
0
0
0
0
0
0
0
0
0
0
0
0
0
0
3.9943e-15
0
-2.68211e-15
0
0
0
6.70123e-15
0
0
0
0
-2.40233e-14
1.30142e-14
0
0
-1.94436e-12
0
4.06346e-15
0
0
0
7.68753e-14
-9.16091e-13
0
0
0
3.17706e-16
0
-2.79024e-16
0
0
0
0
0
6.43691e-16
5.60362e-19
4.15403e-14
0
-3.07757e-14
-1.79957e-15
0
0
0
0
0
0
0
2.67766e-17
1.0207e-15
-5.1193e-32
0
0
0
0
0
0
0
0
0
0
0
0
0
0
0
-2.88932e-13
-3.25661e-14
2.72042e-16
0
0
0
0
0
0
-6.24429e-16
1.74297e-15
0
0
0
0
-1.4728e-15
0
0
0
0
0
0
-6.464e-14
-1.20057e-13
0
0
0
-5.14945e-14
1.79545e-14
0
0
0
0
0
-1.95943e-17
0
0
0
0
-2.67631e-14
-3.12583e-14
0
0
0
0
0
0
0
0
0
0
0
0
0
0
-2.7291e-16
3.92919e-17
0
4.31431e-15
2.03349e-14
0
0
0
0
0
0
0
0
-1.5835e-14
-4.33213e-14
0
0
-2.79994e-15
-4.14104e-16
0
0
0
6.30512e-14
-8.92529e-13
1.26211e-13
0
0
0
0
0
-6.61544e-17
-3.18727e-20
0
0
0
0
0
0
0
0
0
0
2.01741e-13
1.03956e-13
-6.11606e-13
0
0
0
0
3.31592e-15
-2.03021e-16
0
0
0
0
1.56994e-14
-4.47864e-16
0
0
0
0
0
0
0
0
0
0
0
4.67131e-14
-3.04766e-14
0
2.57537e-14
0
0
0
0
-6.87463e-18
-1.77605e-16
4.1384e-17
0
0
0
0
-7.09171e-16
0
0
0
0
0
2.14453e-16
0
0
0
0
2.91339e-13
-6.84643e-13
6.10345e-14
0
0
0
0
2.22082e-17
-8.15644e-18
-1.52505e-13
-4.32922e-14
0
0
0
0
0
0
0
0
-9.59078e-14
0
0
0
0
0
0
-9.4409e-14
-1.32166e-16
0
0
0
0
0
0
0
0
0
0
4.68091e-16
-6.12068e-18
0
0
0
0
0
0
0
0
0
0
0
0
0
0
0
0
0
-4.56973e-17
-1.82728e-16
-1.5277e-08
-5.95862e-09
0
0
0
0
0
-1.06443e-16
-2.40898e-15
0
0
0
0
0
0
0
-2.00059e-13
-3.41056e-16
0
2.1885e-30
-8.60404e-14
6.99259e-14
0
0
0
0
0
0
3.58483e-16
0
0
0
0
0
0
0
0
0
0
0
0
9.94856e-15
-4.93577e-13
-1.56358e-17
-3.06954e-18
0
0
0
0
0
2.72046e-16
1.48576e-16
-1.64651e-16
0
0
0
0
0
0
6.51468e-18
0
0
0
0
0
0
0
0
0
0
0
0
0
0
0
4.13486e-16
0
0
-1.29437e-16
0
0
0
0
-2.44791e-15
-1.45115e-14
0
0
0
0
0
-1.80055e-13
2.99728e-16
0
0
0
0
0
0
-1.04888e-15
-1.84216e-16
0
0
0
0
-1.98635e-13
-2.35138e-13
0
0
0
0
0
-1.55634e-16
9.53268e-13
-2.17951e-08
0
0
0
0
0
0
0
0
0
0
0
0
0
0
0
0
0
0
0
0
0
-5.01567e-16
0
-2.13316e-15
7.04671e-16
0
0
0
0
0
0
0
0
0
0
0
0
0
0
0
0
-8.69861e-15
-2.83274e-15
-1.32719e-16
0
0
0
3.25849e-16
-4.50944e-16
-9.31222e-16
0
0
0
0
0
0
0
0
0
0
0
0
-3.46408e-16
1.14217e-15
0
-6.59759e-15
-2.24325e-13
-8.47558e-13
0
0
0
0
0
0
0
0
0
0
0
0
0
0
2.05367e-08
5.8848e-09
0
0
0
0
0
0
0
0
-5.95974e-17
0
0
0
-1.31578e-14
-1.37609e-16
5.78839e-16
5.49937e-14
0
-2.07784e-14
-5.28648e-14
0
0
0
1.14565e-15
-5.89858e-17
0
0
0
0
0
0
0
0
0
0
0
-5.37878e-13
7.0751e-14
0
0
0
0
0
0
0
0
0
0
0
0
0
0
0
0
0
0
0
0
0
0
0
-1.27645e-14
-1.02009e-14
0
0
-7.99116e-16
0
0
-7.22001e-16
0
0
-4.15303e-16
5.03423e-16
0
0
0
0
0
0
0
-6.05487e-15
1.71364e-14
-1.44526e-15
1.96306e-14
0
0
0
0
0
0
0
0
0
-2.91502e-15
4.53436e-15
0
0
0
-1.02386e-30
0
-1.27557e-14
0
0
0
0
0
0
-5.54762e-15
0
-2.54084e-15
0
0
0
0
0
1.65611e-15
-3.66083e-16
-1.86027e-16
0
0
0
0
0
-5.03492e-15
7.04116e-17
0
0
0
0
1.98926e-16
0
-1.64278e-16
0
0
2.55507e-12
-3.40387e-08
2.95839e-08
0
0
0
0
0
0
0
0
0
0
0
0
0
0
0
0
0
-6.90134e-17
0
-6.49254e-16
0
0
0
0
0
0
0
0
0
0
0
0
0
0
0
0
0
0
0
-5.83026e-15
6.70504e-15
0
0
0
0
0
0
0
0
0
0
0
0
0
-1.49491e-13
1.08006e-13
1.0401e-13
-4.22371e-13
0
0
0
0
-2.64063e-14
-1.14298e-14
7.11579e-15
-1.00826e-16
0
0
0
0
0
0
0
0
0
0
-8.88232e-16
1.1037e-16
0
0
0
0
0
0
0
0
0
0
0
0
0
0
0
0
-2.57107e-15
0
9.2694e-16
0
0
0
0
0
0
0
0
0
0
1.66685e-14
6.99173e-15
0
0
0
6.64426e-16
-1.36056e-15
0
0
-4.86756e-17
2.28981e-17
0
0
0
0
0
0
0
0
0
0
3.1651e-17
3.3971e-14
0
1.4426e-14
0
0
0
0
-7.23649e-16
0
0
0
1.11603e-15
-2.15828e-15
3.75757e-16
0
-2.05886e-13
9.71049e-19
-1.63389e-13
-7.3075e-15
0
0
0
0
0
0
0
0
0
0
0
0
0
0
0
0
2.43592e-15
-1.20589e-16
0
0
0
0
0
0
0
0
0
0
0
-1.17009e-14
-4.69639e-16
0
-6.9686e-14
-2.59117e-16
1.7848e-13
0
0
3.07809e-17
0
0
0
-1.0791e-14
0
0
0
0
0
0
-4.47976e-16
2.2408e-16
0
0
0
0
0
0
0
0
0
0
0
0
0
0
0
0
0
0
0
0
0
0
0
0
1.28113e-16
-1.79274e-16
-1.47984e-13
0
0
0
0
1.88276e-14
5.93796e-13
0
0
0
0
0
0
0
0
0
0
0
0
0
0
0
0
0
0
0
0
0
0
0
0
-2.58611e-16
0
0
0
0
-3.24613e-16
-1.16673e-16
0
0
0
-3.13297e-16
-3.07314e-15
0
0
0
1.30848e-16
0
1.95469e-16
0
0
0
0
-2.71578e-16
0
0
0
0
0
0
0
0
-1.23805e-08
6.2811e-13
0
0
0
0
0
-1.3051e-16
-5.11158e-15
0
1.45598e-12
6.42197e-13
0
0
0
0
6.54474e-16
2.11404e-16
0
0
0
0
0
-1.54828e-15
0
1.85599e-15
0
0
0
0
0
0
0
-1.45676e-17
0
4.3514e-30
4.4062e-15
0
0
0
0
0
8.48545e-15
6.06302e-15
0
0
0
2.3516e-16
1.22864e-13
0
0
0
0
0
0
0
0
0
0
0
0
0
-4.89815e-15
0
0
0
0
0
0
0
0
0
0
0
0
-7.62997e-16
-8.51673e-15
-4.92173e-13
-2.88619e-13
6.86869e-17
0
0
0
0
0
-3.30521e-14
4.02164e-16
0
0
0
0
2.4521e-16
5.53919e-16
0
-6.92142e-16
0
0
0
0
0
6.29404e-16
-4.48993e-16
4.86816e-17
0
0
0
0
0
-3.27635e-30
2.81433e-14
4.37491e-16
-5.16233e-16
0
0
0
0
0
0
0
0
0
9.52942e-14
-5.4935e-13
1.84532e-13
0
0
0
0
-2.24814e-16
3.76305e-16
-1.03077e-16
5.66767e-15
1.00918e-14
-4.60349e-14
-2.40526e-14
2.9597e-14
0
0
2.35552e-13
-1.48058e-12
0
0
0
0
0
0
0
0
0
1.2608e-15
5.39825e-16
1.55282e-14
-7.03706e-15
0
0
0
0
0
0
0
9.66754e-17
-9.44652e-17
-2.14204e-16
0
0
0
0
0
0
1.14079e-15
4.377e-30
5.68823e-16
1.14995e-15
0
0
0
0
0
1.80197e-16
-4.07721e-16
0
0
-1.45311e-18
0
-4.46204e-17
-2.49956e-17
0
-3.14315e-16
0
0
0
0
0
0
0
0
0
0
0
0
0
0
0
0
0
0
0
0
0
0
0
0
0
0
0
0
0
0
0
0
0
0
0
0
0
0
-7.32029e-13
1.6678e-13
0
-7.77289e-15
0
0
-7.39269e-15
8.13964e-16
0
0
0
0
0
2.20839e-13
-6.57352e-13
0
0
0
0
0
0
0
-1.43664e-13
0
0
0
0
0
0
0
2.16475e-16
-6.31655e-16
4.84203e-16
0
-6.40748e-16
0
0
0
0
0
0
0
0
0
0
7.60494e-16
0
-1.32245e-14
0
0
0
0
0
0
0
0
0
0
0
0
0
0
1.42377e-16
-1.45275e-13
0
-5.50325e-31
0
0
0
0
-1.76104e-29
0
0
0
0
0
0
0
0
0
0
0
0
0
0
0
0
-3.85779e-16
1.80365e-16
0
0
0
0
1.69841e-14
9.40155e-15
0
0
0
0
0
-1.49024e-14
6.67362e-15
-1.66755e-14
-1.32565e-14
0
0
0
0
0
0
0
0
0
0
0
0
0
0
0
0
0
0
0
0
0
0
0
0
0
0
2.88772e-14
-1.12375e-14
4.12735e-14
0
0
0
0
0
0
0
0
-5.46056e-13
-2.80994e-13
7.14887e-17
0
0
0
0
0
0
0
0
2.73563e-31
-2.70206e-16
0
0
0
0
0
7.76054e-17
2.1885e-30
1.09425e-30
0
0
1.09425e-30
0
0
0
0
0
0
0
0
0
0
0
0
0
0
0
0
-1.38291e-15
3.67595e-14
3.25418e-15
4.13615e-14
-1.05424e-14
-1.65554e-14
0
0
0
1.49392e-15
0
-3.13973e-14
0
0
0
0
0
0
0
0
0
0
0
0
0
0
0
0
0
0
0
0
0
0
0
-1.11497e-17
0
0
0
0
3.33318e-14
1.75409e-14
-1.22702e-15
0
0
0
-2.40916e-16
3.39967e-16
0
-4.30383e-16
-2.00241e-16
0
0
0
0
0
0
0
0
0
0
0
0
0
0
2.9171e-16
0
0
0
0
0
0
0
0
0
4.18221e-14
-3.48528e-14
-6.15465e-16
0
0
0
0
0
0
0
0
-3.45966e-14
-1.39809e-14
-9.75648e-14
0
0
0
0
0
0
0
0
0
0
0
1.64796e-13
-1.41488e-12
-1.09541e-15
0
0
0
0
0
0
0
0
0
0
-3.23779e-15
-2.50933e-13
-1.3656e-16
0
0
0
0
0
1.22147e-17
0
-1.2155e-18
0
0
0
0
0
0
0
0
0
0
0
0
0
0
0
0
0
0
0
0
0
0
0
0
0
0
0
0
0
0
-4.59404e-15
4.8384e-15
0
0
0
0
0
0
0
0
0
0
0
0
0
0
0
1.57214e-13
-4.48997e-13
6.13056e-14
0
0
0
0
0
0
0
0
0
0
0
0
0
0
0
0
0
-6.48303e-17
-1.18368e-16
3.36779e-16
-2.57534e-16
1.01069e-15
0
-8.82237e-18
-3.49945e-14
0
0
0
-3.05728e-15
-5.6618e-15
0
0
0
0
-1.95939e-15
7.19876e-15
8.57661e-15
-4.17448e-14
0
0
0
0
0
0
0
-4.8206e-15
0
0
0
0
0
0
0
0
0
0
0
0
0
0
0
0
0
0
0
0
0
0
-1.51601e-14
-2.33071e-16
0
0
0
0
0
0
-1.52769e-13
0
0
-9.15777e-09
0
0
0
1.53098e-14
7.21285e-15
0
0
0
0
0
1.27559e-13
1.17675e-13
-4.97675e-13
1.67468e-17
1.38888e-15
0
0
0
0
0
0
3.3911e-14
-3.90963e-16
6.31328e-16
-5.16371e-16
2.64396e-16
0
0
5.71165e-16
-9.47762e-16
0
0
0
0
0
0
0
-1.59865e-16
0
0
0
0
0
-2.79407e-14
0
1.87674e-16
1.925e-17
-2.77086e-16
0
0
0
1.8526e-14
-4.58831e-14
0
0
0
0
0
0
0
0
0
0
0
-5.21623e-13
0
0
0
0
9.09902e-13
-2.01446e-08
0
0
0
0
0
0
0
0
0
0
0
0
0
3.27249e-15
-1.27354e-15
0
0
-4.13986e-13
-3.66894e-13
0
0
0
0
0
0
0
0
0
0
0
0
0
0
0
0
0
0
1.30986e-13
1.16813e-13
-5.00089e-13
-1.80659e-13
-1.96918e-13
0
0
0
0
0
0
0
0
3.45196e-14
-5.68692e-14
2.72249e-14
0
3.38056e-14
0
1.84939e-15
0
0
0
0
0
0
0
0
0
0
-2.09015e-14
-8.0595e-14
0
6.85479e-16
2.43736e-17
0
0
0
-3.07309e-15
-3.11906e-15
3.72654e-15
8.78512e-16
0
0
0
0
0
0
0
0
0
0
5.47751e-15
-9.52049e-16
1.51036e-16
3.84139e-16
0
0
2.67046e-16
0
0
0
0
0
0
0
0
0
0
0
0
0
0
0
0
0
0
0
0
1.28758e-16
0
0
0
1.31958e-14
-1.48411e-09
5.41764e-13
-1.20559e-08
2.62147e-16
2.9912e-16
4.10746e-16
0
0
0
0
0
0
0
0
0
0
6.13705e-17
-4.70183e-16
-8.47697e-14
0
0
0
0
0
0
0
0
0
0
0
2.24487e-13
-9.55667e-13
0
0
0
0
0
0
0
0
0
0
0
0
0
0
0
0
0
0
0
3.60156e-15
-1.21805e-14
0
-5.82535e-13
8.72004e-14
0
0
0
0
0
0
0
0
0
0
0
0
-1.68055e-16
-7.94006e-13
0
0
0
0
0
-2.96562e-16
0
0
0
0
-1.96391e-13
-1.73546e-13
0
0
0
0
0
0
0
0
0
0
0
0
0
0
0
1.65141e-16
0
0
0
0
0
0
0
0
-1.93415e-15
2.11456e-15
0
0
0
0
0
0
0
0
0
0
0
-4.72188e-16
0
0
0
0
0
0
0
-4.74978e-16
-1.69388e-17
1.82503e-16
-9.89781e-14
-2.67503e-16
0
0
0
0
-1.51822e-13
-1.82204e-13
0
0
0
0
0
0
0
0
0
0
1.25651e-14
-7.19711e-15
-1.75992e-16
0
0
0
0
0
0
-1.19096e-16
-3.27837e-16
0
0
0
0
0
0
0
9.41716e-13
-1.03278e-08
0
-8.22512e-14
0
0
0
0
0
0
0
0
0
0
0
0
0
0
1.88547e-15
-1.60153e-14
-6.31056e-15
0
0
0
0
0
0
0
0
0
0
0
0
0
0
1.85827e-16
-3.04741e-16
-9.76416e-15
0
0
7.30291e-18
-1.54605e-17
0
0
1.45511e-16
0
0
-7.48877e-16
2.27845e-16
0
0
0
-3.68243e-15
8.01427e-17
0
0
0
0
0
0
0
0
0
0
0
0
0
-4.67098e-16
2.09564e-16
0
0
0
-7.15999e-16
5.80951e-16
0
0
0
0
0
0
0
0
9.97316e-17
0
-1.82256e-17
0
0
0
0
0
0
0
0
0
0
0
0
0
0
-7.93647e-15
-2.5146e-16
0
-3.61645e-16
1.24368e-16
-2.17071e-13
-3.96368e-13
0
0
-4.99272e-17
1.07508e-16
0
0
0
0
0
-5.30912e-17
6.54568e-09
0
0
0
0
0
0
0
0
0
0
0
0
0
0
0
0
0
0
0
0
-3.77668e-14
-2.52019e-17
-4.72484e-15
0
0
0
2.29488e-15
-2.11555e-15
0
0
0
-1.70603e-15
-8.41241e-13
0
0
0
0
0
1.9152e-15
-6.87906e-32
1.22175e-15
-1.45e-17
0
-2.33091e-16
0
-1.91166e-14
1.42892e-08
0
0
0
3.97192e-16
0
-3.12273e-16
4.70246e-16
0
0
0
0
0
-1.25009e-14
-1.74056e-29
0
0
0
0
0
0
0
0
0
0
0
9.55972e-14
6.88947e-14
-3.29975e-13
0
0
0
0
0
0
0
0
-1.37854e-14
1.01842e-15
3.65841e-15
0
-3.00031e-17
0
0
0
0
0
0
5.07708e-16
3.55496e-15
0
0
2.93013e-15
-3.52208e-29
0
0
0
0
0
0
0
0
0
0
0
0
0
0
0
0
0
0
-6.0526e-15
0
0
0
2.26798e-13
-9.41611e-13
0
0
0
1.83305e-15
1.14589e-15
0
6.81752e-16
0
0
0
0
0
0
0
0
0
0
0
0
-3.89174e-16
0
0
0
-1.57903e-17
-6.27362e-19
0
0
0
-1.38201e-15
0
0
7.51124e-15
-3.765e-15
1.87894e-15
0
0
0
0
0
0
0
0
0
0
5.83813e-17
0
0
-1.6615e-15
-3.13887e-16
0
0
0
0
0
0
0
0
0
-3.8632e-16
0
0
0
0
0
0
-1.3225e-13
0
0
0
0
0
0
0
0
1.0513e-16
0
-2.72872e-16
0
0
0
0
0
0
0
4.69688e-14
2.00114e-14
-1.62994e-14
0
3.16079e-15
0
-4.26464e-16
0
0
0
0
0
1.08047e-14
3.42225e-14
0
0
6.68922e-30
0
-1.33626e-14
0
0
0
0
0
-3.10977e-16
-5.87252e-17
0
0
0
0
0
0
0
0
0
0
0
0
0
0
0
0
0
0
0
0
0
0
0
0
0
0
0
0
0
-8.99311e-16
-2.56288e-17
-2.30154e-16
0
0
0
0
0
0
0
0
0
0
0
0
0
0
0
0
-9.96941e-15
0
0
0
0
0
-7.37377e-09
5.58217e-13
5.40854e-14
0
3.27479e-15
0
0
0
0
0
0
0
0
0
0
0
0
6.71247e-16
-1.0603e-13
0
0
0
0
0
-6.96021e-15
0
-4.81385e-15
0
0
0
0
0
0
0
0
0
0
0
0
0
0
0
-3.86405e-14
0
0
0
0
0
0
0
0
0
0
0
0
0
0
0
0
0
0
0
0
0
0
0
-5.29299e-15
-2.51117e-16
0
0
0
0
0
0
0
0
-6.15878e-17
-2.55064e-16
4.10475e-14
-1.42825e-09
0
0
0
0
0
0
2.34988e-15
0
0
0
0
0
0
0
0
0
0
0
0
0
0
0
0
0
1.95138e-17
-5.62604e-16
0
0
-1.15531e-15
-5.58324e-16
0
0
0
0
0
0
5.04953e-13
-2.02897e-08
1.49535e-13
-5.88879e-13
0
-5.21679e-16
0
0
0
0
0
0
0
0
0
-3.52098e-17
0
0
0
-1.67491e-15
0
0
0
0
0
0
0
0
0
0
-2.91341e-16
1.71985e-15
0
0
0
0
0
-3.68525e-14
0
0
0
0
0
0
0
0
0
0
0
0
0
0
0
0
0
0
0
0
0
0
0
0
0
0
0
0
0
1.8701e-16
0
0
0
0
0
0
0
0
0
4.02774e-15
0
0
0
2.33058e-15
5.64435e-15
0
0
0
3.61169e-15
-1.08785e-30
0
0
0
0
0
0
0
0
0
0
0
0
0
0
0
1.19147e-17
-1.13269e-17
0
0
0
0
0
0
0
0
0
0
0
0
0
0
0
0
1.64896e-14
0
0
0
0
0
0
0
0
0
1.27672e-15
0
0
0
0
0
0
0
0
0
0
0
0
0
0
0
0
0
0
0
0
0
0
0
0
0
0
0
0
0
0
-3.96696e-15
-1.19474e-15
-1.13441e-14
0
0
0
0
0
0
-2.26973e-15
7.28163e-16
0
0
0
0
0
0
1.01122e-13
-5.53945e-13
0
0
0
0
0
0
0
0
0
0
0
0
0
0
0
0
0
0
9.33609e-16
1.26435e-15
0
0
0
0
0
0
0
0
1.12447e-14
0
0
0
5.35729e-15
0
0
0
0
0
0
0
0
-3.51486e-17
0
0
0
0
0
0
0
-1.83845e-15
0
0
0
-3.25533e-16
0
-1.59538e-13
-9.12985e-14
0
0
0
0
0
0
0
-4.09709e-16
0
1.17054e-17
0
0
0
0
0
0
0
0
0
0
-8.34879e-18
1.97692e-14
0
0
-1.09425e-30
0
0
0
0
0
7.65414e-16
5.43925e-31
0
0
-3.79604e-13
0
0
0
0
0
0
0
0
0
-6.0487e-16
-5.12716e-17
0
0
0
0
0
1.61937e-13
-4.22358e-14
0
0
0
2.32232e-15
0
0
0
0
0
0
0
0
0
0
0
0
0
0
0
-4.36133e-15
0
-3.08096e-14
5.50159e-17
0
0
0
0
0
0
0
0
0
0
0
0
5.20849e-16
-1.63503e-13
2.78818e-16
0
0
0
0
0
0
0
0
0
0
0
0
0
0
0
0
0
0
0
0
0
0
0
0
0
0
0
0
0
0
0
0
0
0
2.00563e-16
7.81629e-16
0
0
0
0
0
0
-2.2013e-30
0
-3.38463e-15
-2.83665e-14
0
-2.20391e-13
-1.47409e-13
0
0
0
0
0
0
0
0
0
0
0
0
0
0
0
-3.57521e-18
9.56845e-16
-4.58819e-16
6.47289e-16
0
4.24492e-17
1.1259e-14
-2.88892e-13
-4.5592e-17
0
0
0
-6.50137e-15
0
-3.3783e-14
0
0
0
-2.1757e-30
0
1.51385e-16
5.82108e-16
-4.75842e-17
0
0
0
-1.72511e-18
1.65909e-15
0
0
0
0
0
0
3.09e-15
-1.17199e-15
-3.51504e-15
0
0
-3.80081e-14
5.68388e-14
0
4.09253e-15
0
-7.39907e-16
0
0
0
0
0
0
0
0
0
0
1.85322e-16
0
9.18364e-16
0
0
1.36783e-15
0
2.23881e-15
0
1.32494e-15
0
0
0
5.94415e-16
2.03783e-15
0
0
0
0
0
0
0
0
0
0
0
0
0
0
0
0
0
0
0
0
8.03638e-16
0
0
0
0
0
0
0
0
0
0
0
0
0
0
0
0
-3.5413e-16
4.57594e-16
0
0
0
-2.99138e-17
-7.63517e-17
0
0
0
0
0
0
0
0
1.50036e-15
-9.20311e-16
4.39292e-15
0
3.13344e-16
0
0
0
-3.08936e-15
3.75345e-16
-5.37234e-15
0
0
0
0
0
0
-1.02602e-14
0
-5.49782e-16
-2.1848e-15
0
0
0
0
0
8.20283e-15
2.05535e-15
0
1.8081e-14
0
0
0
0
0
0
0
0
0
-4.39864e-16
2.01459e-16
0
0
0
0
0
0
0
0
0
0
0
0
0
0
0
0
0
0
0
0
0
0
0
0
3.4519e-16
-1.32759e-13
0
0
0
0
0
0
0
0
0
0
0
0
0
0
0
0
0
0
0
0
0
0
0
0
0
0
0
0
0
0
0
0
0
0
0
0
0
0
0
0
0
0
-3.70517e-17
8.29595e-15
2.5968e-14
0
0
0
0
0
0
0
4.37555e-16
0
0
0
0
0
0
0
0
0
0
0
0
0
0
0
0
0
0
0
0
0
0
0
0
0
0
0
0
-5.53393e-17
-1.0158e-14
0
0
0
0
0
-1.09438e-13
4.68606e-16
0
0
0
0
0
0
0
0
1.35439e-16
-2.60608e-16
0
0
5.01742e-16
-4.3533e-16
0
0
0
0
0
0
0
6.9266e-15
1.88248e-14
0
0
0
0
0
0
-3.84431e-14
-2.90816e-15
0
0
0
-1.72878e-14
0
0
0
0
0
-3.70777e-14
0
3.46408e-14
0
0
0
-1.02423e-15
-3.32188e-16
0
0
0
0
-2.54193e-16
0
1.02196e-15
0
0
0
0
0
5.78873e-15
0
0
0
0
0
0
0
0
0
0
0
0
0
4.31094e-16
2.00965e-16
0
0
0
0
0
0
0
0
0
0
0
0
0
0
0
0
0
0
0
0
0
0
0
0
0
0
0
0
0
0
0
0
0
0
0
0
0
0
0
0
-1.29064e-16
0
-2.33006e-16
0
0
0
0
-1.00632e-16
0
7.39364e-18
-2.01165e-16
0
0
0
9.52407e-15
-2.57537e-15
-1.63129e-15
0
-2.12447e-15
0
0
0
0
0
0
0
0
6.06589e-17
2.27462e-16
0
0
0
0
0
1.05115e-15
0
2.1885e-30
-6.09183e-15
0
0
0
0
0
-6.62012e-13
-2.76839e-16
0
0
2.55833e-15
0
0
0
0
0
-1.79369e-17
0
0
0
0
-8.61633e-16
7.26295e-15
0
0
0
0
0
0
0
0
0
0
0
0
0
0
0
0
0
0
0
0
0
0
0
0
0
0
0
0
-6.56279e-15
-5.81274e-16
0
0
0
0
0
0
0
0
0
0
0
0
0
0
0
0
0
0
0
0
-4.73471e-16
0
0
0
0
0
0
0
0
0
0
0
0
0
0
0
0
-1.51478e-13
0
0
0
0
0
0
0
0
0
0
0
0
0
-2.52723e-15
1.8509e-15
-3.05474e-14
0
0
0
0
0
0
0
4.1061e-16
0
0
-8.73286e-15
-2.20019e-14
0
-1.59793e-17
0
0
0
0
-3.98599e-15
1.71553e-15
0
0
0
0
0
5.3475e-16
0
0
0
0
0
0
0
0
-4.55613e-14
-8.04148e-14
-3.73206e-15
-7.25236e-15
0
0
0
0
0
0
0
0
0
0
0
0
0
0
-1.8319e-15
-1.19894e-15
0
0
0
0
0
0
0
0
0
0
0
-6.11737e-17
-9.06966e-18
4.05414e-14
1.37156e-14
0
0
0
0
0
0
0
-5.12734e-16
5.21903e-16
0
0
0
0
0
0
0
0
0
0
0
0
0
0
0
0
0
0
0
0
0
0
0
0
0
0
0
0
0
0
0
0
-1.94015e-15
0
0
0
0
0
0
0
0
-1.91464e-16
0
0
0
0
0
0
0
0
3.74728e-16
0
0
0
0
0
0
0
0
0
-1.42003e-13
0
0
0
0
0
0
0
-4.35994e-30
3.14027e-15
0
-2.54674e-13
0
0
0
0
0
0
-2.81299e-14
-2.20841e-15
-6.46369e-17
0
0
0
0
0
0
0
0
0
0
-2.87415e-17
-3.75342e-16
0
0
0
0
0
0
0
0
-1.12018e-16
0
0
0
0
0
0
0
-9.54767e-14
0
0
0
0
0
0
0
0
-7.37923e-15
0
4.72034e-14
0
-5.06109e-15
2.27179e-14
0
0
0
0
1.62029e-13
1.10649e-13
0
0
0
0
0
0
0
0
0
3.3779e-16
-6.90042e-16
0
0
0
0
0
0
0
0
0
0
0
0
0
0
0
2.58344e-16
0
0
-3.36361e-13
0
-6.1038e-16
0
0
0
0
0
0
0
0
0
0
0
0
0
0
0
0
0
0
0
0
0
0
0
0
0
0
0
0
0
0
0
0
0
0
0
-1.46147e-16
-1.08353e-15
5.87059e-17
0
0
0
0
0
0
0
0
0
0
0
0
0
0
-7.03904e-32
-7.13566e-17
0
0
-1.86625e-15
1.70631e-15
1.703e-16
-1.37607e-16
4.21989e-16
-2.47962e-16
-4.92997e-17
0
0
0
0
0
0
0
4.03419e-17
0
0
-2.35837e-15
-7.9445e-15
0
0
0
0
0
0
0
0
0
0
0
0
0
2.63464e-14
0
-2.03534e-14
0
0
0
0
0
-6.7356e-15
0
0
0
9.90381e-15
0
0
0
0
5.89591e-16
3.7265e-16
0
0
0
0
0
0
2.56326e-15
1.13434e-15
0
0
0
0
0
0
0
0
1.71992e-14
0
0
0
0
0
0
0
0
0
0
0
0
0
0
0
0
0
2.94764e-18
5.13667e-21
0
0
0
0
0
0
0
0
0
0
0
0
0
0
0
0
0
0
0
0
2.2013e-30
0
-2.90123e-15
0
0
0
-3.43785e-14
3.4406e-14
0
0
0
0
-6.98394e-16
0
7.13201e-16
0
0
0
0
0
0
0
0
0
0
0
0
0
0
0
0
0
0
0
0
0
0
0
0
0
0
0
0
0
-1.88693e-14
4.17002e-14
0
0
0
0
0
0
0
0
0
0
0
0
0
0
0
0
0
0
0
0
0
0
0
0
0
0
0
0
0
0
0
-7.02141e-15
7.42222e-15
-3.00791e-13
-1.78561e-13
-2.81407e-16
0
-1.37492e-17
8.1937e-19
0
3.39459e-15
0
0
0
0
0
-1.71413e-14
7.02959e-14
-3.09599e-13
0
0
-1.497e-15
0
-1.18548e-15
0
-4.36666e-16
1.15674e-14
0
0
0
1.81813e-13
-6.38615e-13
0
8.63852e-16
0
0
0
5.86366e-16
-9.75148e-17
0
0
0
0
0
5.64516e-15
4.79149e-16
0
0
0
0
0
0
0
0
0
0
0
0
-1.07711e-18
0
0
0
0
3.28667e-16
0
1.45056e-15
0
0
0
0
0
0
0
0
0
0
2.67814e-16
0
-7.18429e-16
0
0
0
0
0
0
0
0
0
0
-3.3364e-16
3.39229e-16
-2.32562e-16
-5.70948e-17
0
0
0
0
0
-3.86512e-15
0
0
0
-1.71587e-15
0
0
0
0
0
-3.66949e-16
0
0
0
-4.31595e-15
0
0
0
0
0
-1.28443e-15
0
0
0
0
0
0
0
0
0
0
0
0
0
0
1.13792e-15
-3.81957e-16
0
0
0
0
0
0
0
0
2.78401e-15
0
-2.55965e-32
0
0
0
0
0
0
0
0
0
0
0
0
0
0
0
0
0
0
0
0
0
0
1.39137e-16
0
0
3.84615e-16
6.52834e-16
0
0
5.37583e-17
0
0
0
0
0
0
0
0
0
0
0
0
0
0
0
0
0
0
0
0
0
0
0
0
0
0
0
0
0
0
4.34628e-16
0
0
0
0
0
0
-3.24965e-14
0
-1.78185e-14
0
0
0
0
0
0
3.56187e-16
0
0
0
0
5.12106e-14
0
0
0
0
0
1.67827e-17
-1.34529e-15
0
0
0
0
0
0
0
0
0
0
-2.28549e-15
0
0
-5.76679e-18
0
0
-6.50839e-16
0
-1.54929e-16
0
0
0
0
0
0
0
0
0
0
0
0
0
0
0
0
0
0
0
2.98784e-19
0
0
0
0
0
0
0
0
0
0
0
0
0
0
0
0
0
0
0
0
0
-2.16249e-15
0
4.84488e-15
0
0
0
0
0
0
-5.28316e-17
0
0
0
0
0
0
-6.47225e-17
0
0
0
0
0
0
5.68102e-17
1.63767e-16
0
0
0
0
0
0
0
0
0
0
0
0
3.15724e-16
0
0
0
0
0
0
0
0
0
0
0
0
0
0
0
0
0
0
0
0
0
0
0
0
0
0
-2.6388e-16
1.57564e-15
0
0
0
-2.12029e-15
-1.50404e-15
0
0
0
0
0
0
0
0
0
0
0
0
3.30483e-15
0
0
0
0
0
0
-9.65104e-15
0
0
0
0
0
0
0
0
0
0
-8.59702e-16
0
0
0
0
0
0
0
0
0
0
0
0
0
0
0
0
0
0
0
0
0
0
0
0
0
0
0
0
0
0
0
0
0
0
0
0
0
-8.74444e-16
0
0
0
0
0
0
0
0
0
0
0
1.74798e-16
4.1446e-16
0
0
0
0
0
0
0
0
0
0
1.93777e-16
0
1.69511e-16
0
0
0
0
0
-8.29985e-17
0
2.00688e-16
0
0
0
-9.29958e-17
-1.73517e-15
0
0
0
0
0
0
0
0
0
0
0
0
0
0
0
0
0
0
0
0
0
0
0
0
0
0
0
0
1.52297e-14
0
0
0
0
0
0
0
0
0
0
0
0
-8.76855e-16
1.58351e-16
0
-6.38371e-16
1.30549e-16
0
0
0
0
0
0
0
0
0
0
0
0
0
0
0
0
0
0
0
0
0
0
0
0
0
0
0
0
0
0
0
0
0
0
0
0
0
0
0
0
0
0
0
3.52121e-16
0
0
0
0
0
0
0
0
0
2.59152e-16
7.80178e-16
0
6.43173e-13
0
0
0
0
0
0
0
0
0
0
0
0
0
0
0
0
1.55977e-14
-3.02427e-16
-6.94928e-17
-3.4978e-16
1.10065e-30
0
0
0
2.77494e-16
5.78425e-16
-1.0726e-15
0
0
0
0
3.71019e-16
0
0
0
0
0
-2.3647e-15
-1.13949e-16
0
0
0
0
0
0
0
0
0
0
0
1.06158e-15
-1.07547e-14
0
0
0
0
0
-1.75209e-15
-1.15988e-15
9.1341e-17
0
0
0
0
0
0
0
0
0
0
0
0
0
0
9.88118e-15
0
0
0
0
0
0
0
0
0
0
0
0
0
0
0
0
0
0
0
1.31377e-16
3.39749e-17
-1.05428e-16
6.74056e-16
-7.23259e-19
1.95204e-15
7.05657e-16
-2.17924e-16
6.34158e-16
0
0
0
0
0
0
0
0
0
0
0
0
0
0
-1.36929e-16
0
0
4.94541e-16
-6.11607e-18
-1.1535e-15
2.50224e-16
0
0
0
0
0
0
2.2867e-15
3.45213e-16
0
0
0
0
-2.41072e-16
4.15645e-15
0
0
0
0
0
0
0
1.65083e-15
0
0
0
7.10382e-17
-1.62879e-17
-5.15072e-18
0
0
0
0
1.11239e-16
0
0
0
0
0
0
1.98869e-14
2.28028e-14
0
0
0
0
0
0
0
0
0
8.56558e-15
0
0
0
0
0
0
0
0
-7.22632e-15
-7.45004e-16
0
0
0
0
0
0
0
-6.00058e-13
0
0
0
0
0
0
-5.3756e-16
0
0
0
0
0
0
0
0
0
0
1.11181e-16
-2.98498e-16
0
0
0
0
0
0
0
0
0
0
0
-9.72037e-16
-9.3076e-16
0
0
0
-1.95038e-15
-2.05722e-15
0
0
-4.0278e-16
0
0
0
0
-5.57912e-16
1.79135e-16
0
0
0
0
0
0
0
0
0
0
1.99761e-16
0
6.50068e-17
0
0
1.01471e-14
0
0
0
4.36863e-16
0
0
0
-5.71809e-15
2.05214e-14
0
-2.51138e-16
8.10682e-16
0
0
0
0
-9.60857e-16
0
0
0
-1.53927e-15
0
0
0
0
0
0
0
0
0
3.90808e-16
2.99211e-16
0
0
0
0
0
0
0
0
0
0
0
0
0
0
0
0
0
5.48738e-15
4.74128e-16
-1.36355e-15
-3.65525e-16
0
0
0
0
-8.13727e-16
1.09265e-30
0
0
0
0
0
0
0
0
0
-2.05281e-13
-1.15061e-15
0
0
0
0
0
0
2.41774e-15
0
0
0
0
-8.42972e-15
0
0
-2.22795e-16
0
0
0
0
0
0
0
0
0
0
0
0
0
-2.15587e-16
3.21963e-16
0
0
0
0
0
0
0
1.00836e-14
-1.01587e-14
0
0
-8.90372e-15
0
0
0
0
0
0
1.6257e-16
0
-4.06869e-16
-3.6392e-16
0
0
0
0
0
0
0
0
0
-8.0633e-14
0
0
0
0
0
0
0
0
1.94848e-18
2.68439e-19
0
0
0
0
0
0
0
0
0
0
0
0
0
0
0
0
0
0
0
0
0
0
-7.91306e-16
0
0
0
0
0
0
0
0
0
0
0
0
-1.2921e-16
5.50325e-31
0
0
0
0
0
0
0
0
0
0
0
0
0
5.19781e-17
-3.51677e-17
0
0
0
0
0
0
0
0
0
0
0
0
0
0
0
0
0
0
0
0
0
1.56301e-08
7.17394e-09
0
0
0
-1.34722e-14
0
0
0
0
0
0
0
0
0
0
0
0
0
-7.81685e-17
0
2.0469e-16
2.47823e-16
1.70523e-16
-9.39133e-13
0
0
0
0
0
0
0
0
0
0
-5.92945e-13
3.73343e-13
0
0
0
0
0
0
0
0
0
0
0
0
0
0
0
0
0
0
0
0
0
0
0
0
0
0
0
0
1.1973e-15
-9.01511e-16
2.80381e-14
0
0
1.2256e-16
8.77322e-17
-1.42477e-15
0
1.9553e-15
0
0
-4.68223e-14
4.15537e-15
2.13432e-15
0
0
0
0
7.57819e-15
3.3446e-15
0
0
0
0
0
0
-9.03321e-15
0
0
0
0
0
0
0
0
0
0
0
0
0
0
0
0
4.13293e-15
-6.15783e-15
0
0
-1.45577e-16
0
1.27782e-16
0
0
3.5063e-18
0
-6.89414e-18
0
0
0
0
0
0
0
0
1.91783e-14
0
0
0
0
0
0
0
0
-1.30041e-14
-2.28502e-14
0
0
0
0
0
0
0
-5.14031e-18
0
0
0
0
0
0
0
0
0
0
0
0
0
0
0
0
0
0
0
0
0
0
0
0
0
0
0
0
0
0
0
0
0
0
-5.07577e-15
-4.37283e-14
0
0
0
3.63071e-16
0
0
0
-3.42069e-16
4.72916e-16
-1.68134e-16
0
-1.68718e-13
0
0
0
-7.57739e-16
0
0
0
0
0
0
0
0
0
0
0
0
0
0
-3.25538e-16
0
0
0
0
0
0
0
0
2.09075e-15
9.75566e-15
0
0
0
6.8659e-16
-8.51133e-16
1.42054e-16
0
0
0
0
0
0
0
0
0
0
0
-3.44329e-13
3.53997e-14
1.36156e-16
-1.08998e-30
4.12777e-16
1.63896e-16
0
0
-4.64093e-16
0
0
4.20854e-16
-5.54929e-16
0
3.70254e-16
-5.07927e-15
0
0
0
0
0
0
0
0
0
0
0
0
0
0
0
0
0
0
0
0
0
0
0
0
0
0
0
1.30269e-16
-7.75858e-16
0
0
0
0
0
0
0
0
0
0
-1.62635e-16
6.54245e-16
-9.24558e-16
0
0
0
0
0
0
0
0
0
0
0
0
0
0
3.65174e-15
2.13578e-16
-3.5007e-16
1.55357e-15
0
0
0
0
0
0
0
0
-1.73387e-15
0
0
0
0
0
8.36532e-17
0
-2.63053e-16
0
0
0
0
0
0
4.3514e-30
-1.61459e-15
-1.23742e-17
-4.68376e-15
0
0
0
0
0
8.7051e-17
5.15678e-16
0
4.99402e-14
-4.77796e-14
1.12606e-18
1.66486e-17
0
0
1.66708e-15
0
0
0
0
0
0
0
0
0
0
0
5.05645e-15
1.65919e-14
0
0
0
0
0
5.45653e-16
0
0
-1.40197e-13
0
1.27917e-15
0
0
-3.7637e-15
0
0
0
0
0
-1.10128e-16
0
0
-1.85589e-16
-1.4203e-13
-8.12501e-14
4.03967e-14
0
0
0
0
0
0
0
0
0
0
0
0
0
0
0
0
0
0
0
0
0
0
0
0
0
0
0
1.46505e-16
0
0
0
0
0
0
9.14134e-15
-1.01968e-14
0
0
0
0
0
0
0
0
0
0
0
0
0
0
0
0
0
0
0
0
0
0
0
0
-1.40606e-15
0
0
0
5.44992e-31
-1.49651e-16
0
0
0
0
0
0
0
0
0
0
0
0
0
0
0
0
4.12754e-16
6.64421e-16
0
0
0
0
0
0
0
0
7.53009e-18
-1.72166e-18
-4.64126e-14
4.27186e-17
-1.67175e-15
0
0
0
0
0
0
0
0
0
0
0
7.10337e-17
0
0
0
0
0
0
0
0
0
0
0
0
0
0
0
0
0
0
-2.47361e-17
0
0
0
0
0
-2.08057e-16
-3.24241e-14
0
0
0
0
0
0
0
0
0
0
0
0
0
0
0
0
0
0
0
0
0
0
0
0
0
0
0
3.48581e-16
-2.8493e-17
6.12134e-16
0
0
0
-7.05159e-14
0
0
0
0
0
0
-3.12407e-16
0
-1.6352e-14
0
0
0
0
0
0
0
0
0
0
0
0
0
0
0
0
0
0
0
0
0
0
4.95716e-16
0
0
0
0
0
0
-2.38459e-15
-4.3706e-30
0
-9.44696e-15
3.14616e-15
0
0
0
0
0
0
4.71996e-17
2.59991e-15
-3.54128e-15
-6.55734e-09
0
0
0
0
0
0
0
0
0
0
0
0
0
-1.69997e-16
0
0
0
0
0
-2.66809e-14
8.51835e-15
0
0
1.40174e-15
0
0
0
0
0
0
0
0
0
0
0
0
0
-1.72073e-14
-2.17916e-14
-4.0116e-15
-7.34987e-17
-1.54963e-16
-3.74363e-16
-2.13914e-16
0
0
-2.18325e-16
0
0
0
0
0
0
0
0
0
0
0
0
0
0
0
0
0
0
0
0
0
0
0
0
0
0
0
0
0
0
0
0
0
0
0
0
-5.39855e-17
5.50325e-31
0
0
0
0
0
0
2.47463e-15
-1.04995e-14
0
0
0
0
-1.70199e-17
-1.08998e-30
0
0
0
0
0
0
0
0
0
0
0
0
0
0
0
0
0
0
0
0
0
-8.40212e-16
6.68502e-16
0
0
0
0
0
0
0
0
0
0
0
0
0
0
0
0
0
0
0
0
0
0
3.71219e-15
2.51724e-17
0
0
0
0
0
0
0
0
0
0
0
0
0
0
1.48077e-14
0
0
0
0
0
0
0
0
0
0
0
0
0
0
0
0
0
0
0
0
0
0
0
0
0
0
0
0
0
0
0
0
0
0
0
0
0
-1.6348e-14
-2.51024e-15
-4.12012e-14
0
0
0
0
-6.70058e-15
-1.51309e-14
0
0
0
0
0
0
0
0
0
0
0
0
0
0
0
0
0
0
0
0
0
0
0
0
0
4.57892e-17
1.0412e-16
0
2.39163e-16
0
0
0
0
0
0
0
0
0
0
0
0
0
0
0
0
0
5.07332e-16
0
0
0
0
0
0
0
0
0
0
0
0
5.36454e-15
0
0
0
0
0
0
0
0
-2.6436e-16
0
1.66427e-15
0
0
0
0
0
-3.66185e-17
-9.45037e-17
0
0
1.50589e-15
0
0
0
0
0
0
0
0
0
0
0
0
-2.79503e-15
0
0
0
0
0
0
-6.82333e-10
-8.02426e-09
0
0
0
0
0
0
0
0
5.64418e-16
0
0
0
0
0
0
0
0
0
0
0
0
0
0
0
0
0
0
0
0
0
0
-9.6795e-16
-6.90323e-17
0
0
0
0
0
6.19793e-17
0
0
0
0
0
0
0
0
0
0
0
0
0
0
0
0
0
0
0
-4.06053e-16
2.32337e-15
0
0
0
0
0
0
0
0
0
0
0
0
0
0
0
0
0
0
0
0
6.41444e-16
0
0
0
0
-4.84941e-14
0
-2.24076e-16
0
-3.87405e-14
0
0
0
0
0
0
0
0
0
0
0
0
0
0
0
2.74863e-15
0
0
0
0
0
0
0
0
0
0
0
0
0
0
-2.26009e-16
5.7085e-16
0
0
5.20214e-16
0
0
0
0
0
0
0
0
0
0
0
0
0
0
0
2.85824e-17
-2.83894e-13
0
0
-1.57143e-13
-2.42161e-16
1.21206e-15
0
0
0
0
0
0
0
0
0
0
0
0
0
0
0
0
0
0
0
0
0
0
0
0
0
0
0
0
0
0
0
0
0
0
-1.52773e-15
0
0
0
0
0
0
0
0
0
0
0
0
0
0
0
0
0
0
0
0
0
0
0
0
0
0
0
-1.39459e-15
-9.99327e-17
0
-3.29681e-16
0
-7.79014e-16
0
0
0
0
0
0
0
0
0
0
0
0
0
0
0
0
0
0
-2.50651e-15
0
0
0
0
0
0
0
0
0
0
0
0
0
0
0
0
0
0
0
0
0
0
0
0
0
0
0
0
0
0
0
0
0
0
0
0
0
0
0
0
0
0
0
0
0
0
0
0
0
1.20879e-16
0
0
0
0
0
8.35375e-15
-7.33173e-15
0
2.77684e-16
0
0
0
0
0
2.35771e-15
-5.0329e-16
0
0
0
0
0
0
0
0
0
0
0
0
0
0
0
0
0
0
0
0
0
0
0
0
0
0
0
0
0
0
0
0
-8.2858e-16
9.64475e-16
0
0
0
0
0
0
0
0
0
0
0
0
0
0
0
0
0
0
0
0
0
0
0
0
-8.75856e-17
-5.20203e-15
0
0
0
0
0
-1.43855e-16
1.81297e-17
0
0
0
0
0
0
0
0
0
0
0
8.72369e-17
-2.42063e-16
-2.2881e-16
0
0
0
0
0
0
0
0
0
0
0
0
0
0
0
0
0
0
0
0
0
0
0
0
0
0
0
0
0
0
0
0
0
0
0
0
0
0
0
0
0
0
0
0
0
0
0
0
-1.07478e-16
0
0
0
0
0
-4.11661e-18
-5.76283e-17
-3.36019e-17
-3.26976e-15
0
0
0
0
0
0
0
-3.25043e-14
-1.99418e-15
0
0
0
0
-4.00755e-19
-2.33461e-18
4.40204e-18
0
0
0
0
0
0
0
0
0
0
0
1.75014e-16
6.93342e-16
0
0
0
0
0
0
0
0
0
-5.93223e-16
0
0
0
0
0
0
0
0
0
0
0
0
0
0
0
0
0
0
0
0
0
0
0
0
0
-8.7372e-30
1.24235e-15
0
0
0
0
0
0
0
0
0
0
0
0
4.22138e-16
0
1.11601e-17
0
0
0
-3.92768e-15
0
0
-2.05112e-16
-4.43468e-14
0
0
-1.12246e-17
1.00008e-15
0
0
0
0
0
0
0
0
0
0
0
0
-1.30277e-17
2.3658e-15
-3.54807e-15
0
0
0
0
0
-6.01435e-16
1.00021e-16
0
0
0
0
0
0
0
0
0
0
0
-2.59518e-16
-1.9344e-16
-1.38358e-16
0
0
0
0
0
0
0
0
0
0
0
0
0
0
0
7.24096e-15
-5.43787e-17
3.50766e-16
0
0
0
0
0
0
-8.81962e-15
-2.48716e-14
0
0
0
-1.1017e-16
0
0
0
0
0
0
0
0
0
0
0
0
0
0
0
0
-8.4571e-15
-4.51726e-16
2.1521e-15
0
0
0
0
0
0
0
1.02609e-13
5.20424e-16
5.8616e-16
0
0
-1.76984e-13
0
-1.24035e-13
0
0
0
0
0
0
0
0
0
-2.3816e-15
0
0
0
0
0
0
0
0
-2.4137e-15
1.34366e-15
0
0
0
9.84316e-16
-3.51786e-16
0
0
0
0
0
0
0
0
0
0
0
0
0
0
0
0
0
0
0
0
0
0
0
0
0
0
0
0
0
0
4.61582e-15
0
-5.59107e-16
0
0
2.74984e-15
0
0
-1.07404e-15
8.43753e-16
0
0
0
0
0
0
0
0
0
0
0
0
0
0
0
0
0
0
0
0
1.98848e-16
0
1.18872e-16
0
0
0
0
0
0
0
0
-4.28905e-16
0
7.85452e-17
0
0
-3.20915e-17
-5.73882e-19
6.19005e-17
0
0
0
-1.89476e-16
1.20093e-16
0
3.75096e-16
0
0
-2.87316e-16
-1.70909e-16
0
0
0
0
5.72831e-16
5.25361e-15
0
0
0
0
0
0
0
1.50314e-15
0
0
0
0
0
0
1.87063e-18
6.31194e-17
0
0
0
0
0
0
0
0
0
0
0
0
0
0
0
-3.12747e-15
2.31551e-14
0
0
0
0
0
0
0
-1.20126e-14
0
0
0
0
0
0
0
-9.75262e-17
6.79071e-16
0
0
0
-1.0385e-16
-2.64099e-16
0
0
0
0
0
0
0
0
0
0
0
0
0
0
0
0
0
0
0
-2.01024e-15
2.10541e-15
0
0
0
0
0
0
0
0
0
0
0
0
0
0
-4.71851e-16
2.07667e-15
0
0
0
0
0
0
0
0
0
0
0
0
1.19805e-16
-2.64097e-14
2.97141e-15
0
0
0
0
0
0
-8.49553e-17
0
6.38692e-17
0
-5.08965e-15
-4.90943e-15
0
2.80442e-15
0
0
0
0
0
0
0
0
0
0
0
3.9606e-17
-2.61945e-16
0
0
0
6.22413e-18
1.24449e-17
0
0
0
0
0
6.07031e-17
-1.15294e-16
-3.08247e-18
3.33868e-15
0
-4.38034e-15
0
0
0
0
0
0
0
0
0
0
0
0
0
0
3.20702e-16
-6.47248e-17
0
0
1.37581e-31
-1.67859e-16
2.38027e-17
-1.39594e-16
0
0
0
0
0
0
0
0
0
0
0
0
0
0
0
0
0
0
0
0
0
0
0
0
0
0
0
4.62861e-16
2.81041e-16
-2.94609e-16
0
-5.46938e-16
0
-1.1692e-15
0
0
0
0
0
0
0
0
0
0
0
0
0
0
0
0
0
0
0
0
0
0
0
0
0
0
0
0
-1.01751e-14
3.65675e-15
0
0
0
0
0
0
0
0
0
0
0
0
0
0
0
0
0
-9.31414e-14
0
-4.73675e-14
0
0
0
0
0
0
0
0
0
0
-3.12447e-16
0
0
0
3.11577e-16
0
-4.12134e-15
-1.16659e-16
-9.63e-17
2.92594e-16
0
0
0
0
0
0
0
0
0
0
0
0
0
-5.69013e-17
2.14994e-19
0
0
0
0
0
0
0
0
0
0
0
0
0
0
0
0
0
0
0
1.94262e-16
0
0
0
0
0
0
0
0
0
-1.55667e-16
-7.12848e-16
0
0
0
0
0
0
0
0
0
0
0
0
0
0
-1.13196e-15
0
0
0
0
0
0
0
0
0
0
0
0
0
0
0
0
0
0
0
0
0
0
0
0
4.40391e-16
0
0
9.11701e-17
-3.95245e-18
0
0
0
-1.17078e-16
-2.32245e-14
1.08785e-30
-5.85494e-17
1.43821e-16
0
0
-7.95233e-16
0
0
0
6.4496e-16
0
0
0
0
0
0
0
0
0
0
0
0
0
0
0
0
0
0
0
0
0
0
0
0
0
0
0
0
0
8.48725e-16
0
0
0
0
0
0
0
0
-5.49478e-16
4.26244e-16
0
0
0
0
0
0
4.59576e-15
0
0
0
0
0
0
0
0
0
0
-7.88837e-16
0
0
0
0
0
0
0
0
0
0
0
0
-5.72443e-15
-4.22049e-16
0
0
0
-2.35906e-16
0
0
0
0
0
0
0
0
0
0
0
0
0
0
3.88382e-15
0
0
0
0
0
0
0
0
0
0
0
0
0
0
0
0
0
0
0
0
0
0
0
0
-1.69851e-16
1.09309e-16
1.18166e-16
0
2.72336e-14
0
0
0
1.90178e-19
2.26501e-17
0
0
0
0
0
0
0
0
-3.91658e-17
0
0
0
0
0
0
0
0
0
0
0
0
0
0
0
0
0
0
0
0
0
0
0
0
0
0
0
0
0
0
0
0
0
0
0
0
0
0
0
0
0
0
0
0
0
-2.7565e-17
0
1.14502e-16
0
0
0
0
0
0
0
0
0
0
0
0
0
0
0
1.21342e-14
1.38597e-16
0
0
0
0
0
0
0
0
0
0
0
0
0
0
0
0
0
-4.0888e-16
0
0
0
0
0
0
0
0
0
0
0
0
9.60394e-17
2.77617e-16
0
0
0
0
0
4.59348e-16
-4.79605e-16
0
0
0
0
0
0
0
0
-3.97555e-16
0
4.06419e-16
0
0
0
0
2.0432e-15
1.40883e-28
0
0
0
0
0
0
0
0
0
0
0
0
0
0
0
0
0
0
0
0
0
0
0
0
0
0
0
0
0
0
0
0
0
0
0
-3.53151e-16
0
0
0
0
0
0
0
0
0
0
0
0
0
0
0
0
0
0
0
0
0
0
0
0
-8.65489e-17
0
0
0
0
0
0
0
0
0
0
0
0
0
0
0
0
0
0
-3.45856e-16
1.37768e-17
-2.22111e-17
1.7842e-18
2.81065e-15
0
0
0
0
0
0
0
0
0
0
0
0
0
0
0
0
0
2.06153e-16
-6.156e-16
0
0
-4.49963e-16
-1.376e-16
0
0
0
0
0
0
0
0
0
0
-8.41008e-15
8.38937e-16
0
0
0
0
0
0
0
8.49938e-19
0
0
0
0
0
0
0
0
0
0
0
0
0
0
0
0
0
0
0
3.2319e-19
0
0
0
9.10812e-16
-3.40734e-15
0
0
0
0
0
-3.64958e-16
-2.6046e-16
0
2.54671e-15
0
0
0
0
0
0
0
0
0
7.39661e-16
0
0
-2.88617e-14
4.21188e-14
0
0
0
0
0
0
0
0
0
-3.59145e-15
0
-1.33581e-16
0
0
0
-4.08721e-14
-3.68802e-14
0
0
0
-1.25437e-16
0
-8.29694e-19
0
0
0
0
0
0
0
0
0
0
0
0
0
0
0
0
0
0
0
0
0
0
6.11956e-16
0
5.80739e-16
9.84093e-19
-3.71331e-18
0
0
0
0
0
0
0
0
0
0
0
0
0
0
0
0
0
0
0
0
0
0
0
0
0
0
0
0
0
0
0
0
0
0
0
0
0
0
0
0
0
-3.26165e-16
0
0
0
0
0
0
0
0
0
0
0
0
0
0
0
0
0
0
0
0
0
0
-2.41004e-16
0
-4.51131e-15
0
0
0
0
0
0
0
0
0
0
0
0
0
0
0
0
0
0
0
0
0
3.63894e-16
-1.50061e-15
-4.95942e-16
0
-7.78727e-15
0
0
-7.36009e-15
0
0
0
0
-5.16105e-15
1.00627e-15
0
0
0
0
1.45482e-15
7.42208e-18
0
0
0
0
0
0
0
0
0
0
0
0
0
0
0
0
0
-7.45813e-16
0
0
0
0
0
0
0
0
0
-3.70734e-17
0
6.92927e-18
0
6.57904e-16
-4.18121e-16
0
0
0
0
0
-4.09544e-31
0
8.49144e-15
0
1.09185e-30
-1.28354e-15
-7.09653e-16
8.6389e-16
0
-5.24216e-29
0
0
0
0
0
0
0
0
0
0
-3.63605e-16
1.52898e-16
0
0
0
0
0
0
0
0
0
0
0
0
0
0
0
0
0
-1.10502e-15
-6.61684e-16
0
0
0
0
0
0
0
0
0
0
5.0545e-15
0
-5.82293e-15
0
0
0
0
0
0
0
0
0
0
0
0
0
-2.06502e-17
5.03042e-18
7.12185e-16
0
0
0
0
0
0
0
0
0
0
0
-2.11224e-16
0
0
0
0
0
0
0
3.1303e-19
3.09213e-16
2.87255e-16
0
0
-6.57108e-18
1.33776e-16
0
0
0
0
0
0
0
0
0
0
0
0
0
0
0
0
0
0
0
0
0
3.24371e-16
0
0
0
0
0
0
0
0
1.19955e-16
0
0
0
0
0
0
0
0
0
0
0
0
0
0
0
0
0
0
0
0
0
0
0
0
0
4.29598e-16
0
0
0
0
0
0
0
0
0
0
0
0
0
0
0
-1.63247e-15
0
0
0
0
0
0
0
-3.60236e-16
0
0
0
0
0
0
1.3693e-16
0
0
1.50995e-15
0
0
0
0
0
0
0
0
2.31913e-16
1.96566e-16
0
0
0
0
-3.1108e-16
0
0
0
0
8.23065e-17
0
0
0
0
0
0
0
0
0
0
0
0
0
0
0
0
0
0
0
0
0
0
0
0
-1.33691e-15
0
0
0
0
0
0
0
0
0
0
0
0
-1.00975e-15
0
3.43317e-16
0
0
0
0
0
0
0
0
0
0
0
0
0
0
0
0
0
0
0
0
0
0
0
0
0
0
0
0
0
0
0
0
0
0
0
7.9781e-18
3.79965e-14
0
0
0
0
0
0
0
0
0
0
0
0
2.08234e-17
0
1.39004e-18
0
0
0
0
0
0
5.70057e-16
0
1.06114e-15
-6.46161e-15
0
2.88518e-14
-1.09426e-15
2.40254e-14
0
0
0
3.5669e-16
0
0
0
0
0
-5.53083e-13
0
0
0
0
0
0
0
0
0
0
0
0
0
0
0
0
0
0
0
0
0
0
0
0
0
0
0
0
0
1.31732e-14
0
-7.49847e-16
0
0
0
0
0
-7.63443e-16
0
0
0
0
0
0
0
0
2.03822e-15
0
0
-2.27954e-16
0
0
0
0
-1.33843e-15
0
4.55549e-17
8.52161e-15
0
0
0
0
0
0
-2.94477e-16
0
0
0
-1.5786e-15
6.11941e-16
0
0
0
0
0
0
0
0
0
0
0
0
0
0
0
0
0
0
3.49193e-14
2.3282e-14
0
-1.50941e-16
0
0
0
0
0
0
0
0
0
0
0
0
0
0
0
0
0
0
0
0
0
0
0
0
3.6863e-14
-1.94592e-14
0
0
0
2.35348e-17
2.338e-18
-5.58966e-16
0
0
0
0
0
0
0
0
0
0
0
0
0
0
0
-9.72494e-16
2.16788e-15
0
0
0
0
0
0
-8.40877e-17
2.92393e-17
-1.42375e-17
0
0
0
0
0
0
0
0
0
0
0
0
0
0
0
0
0
0
0
0
0
0
0
0
0
0
0
1.33964e-14
-1.9099e-15
0
0
0
0
0
0
0
0
0
0
0
0
0
0
0
0
0
0
0
0
9.6454e-09
0
0
0
0
0
4.15709e-16
0
0
0
0
0
0
0
0
0
0
0
0
-3.88285e-15
0
0
0
0
0
0
-2.07016e-14
-3.24369e-16
0
0
0
0
0
0
0
0
0
0
0
0
0
2.65375e-17
0
0
0
0
0
0
0
0
0
0
0
-1.15154e-16
-8.94093e-17
0
0
0
-6.60141e-13
0
0
0
0
0
0
0
0
0
0
0
0
0
0
-5.9445e-16
0
0
0
0
0
0
0
0
0
0
0
0
-1.01983e-15
0
0
0
0
0
0
-8.01104e-14
0
0
0
1.88165e-15
9.24551e-17
0
0
0
0
0
0
0
0
0
-2.11082e-15
0
0
0
0
-1.24295e-15
0
0
0
0
0
-3.34115e-16
0
0
0
0
0
0
0
0
-2.60228e-15
0
0
-7.49744e-15
8.92181e-16
0
0
0
-5.74707e-16
0
0
0
1.62293e-15
0
0
0
0
0
-1.20014e-15
0
0
2.3314e-17
0
0
0
0
0
6.07279e-16
0
0
0
1.70156e-17
0
0
0
0
0
0
0
0
0
0
0
0
0
0
0
4.12454e-14
0
0
0
0
0
0
0
0
0
0
0
0
0
0
0
0
0
0
0
0
0
0
0
-1.01117e-14
0
1.70952e-13
-4.45985e-13
0
0
0
0
0
5.30335e-17
2.6041e-16
-3.36067e-16
0
0
0
0
0
0
0
0
0
0
0
0
-1.39559e-17
0
0
0
0
0
0
0
0
0
0
0
0
-1.10645e-14
0
0
0
0
0
0
0
0
-9.08131e-15
-8.80806e-16
0
0
0
0
0
0
0
0
0
0
0
0
0
0
0
0
0
0
0
0
0
0
-5.72959e-15
0
3.20902e-17
0
0
0
0
0
0
0
0
0
0
0
0
0
0
0
0
0
1.78261e-15
0
0
0
0
0
0
0
0
0
0
0
0
0
0
0
0
0
0
0
0
0
0
0
0
0
0
0
-1.22255e-17
1.5419e-19
0
0
0
0
0
0
0
0
0
0
0
0
0
0
2.81128e-15
1.43543e-15
-2.63169e-16
0
-3.1256e-15
0
0
0
0
0
0
6.03971e-15
-9.93267e-16
0
0
0
0
2.07349e-14
0
0
0
0
-4.77569e-16
0
0
1.12606e-16
0
-2.31402e-15
0
4.80661e-15
0
0
0
0
0
0
0
0
0
0
2.90761e-16
0
0
0
0
0
0
0
0
0
0
0
-8.20216e-16
0
0
0
0
0
0
0
-1.86917e-14
0
5.45525e-31
0
0
0
-1.85878e-14
0
0
0
0
0
0
0
0
0
0
0
0
0
0
0
0
-5.41256e-16
0
0
0
0
0
0
0
0
0
0
0
-2.78506e-17
0
-5.57968e-15
2.01577e-15
0
0
0
-3.73903e-16
0
0
0
0
0
0
0
0
0
0
-6.26583e-16
0
0
0
0
0
0
0
0
0
0
0
0
3.69716e-16
0
0
0
0
0
0
0
0
0
0
0
0
0
0
0
0
0
0
0
0
-5.47647e-16
0
0
3.34453e-16
0
0
0
6.25502e-16
6.81976e-16
0
0
0
0
0
0
0
0
0
-8.80862e-16
0
0
-2.69578e-16
0
0
0
0
0
0
0
1.0041e-14
1.38892e-16
0
0
0
0
0
0
0
0
0
0
0
0
0
0
0
0
0
0
0
0
0
0
0
0
0
0
0
0
0
0
0
0
0
0
0
-1.61677e-14
-3.88572e-14
0
0
0
-4.02187e-15
0
-8.60869e-15
0
0
0
3.82092e-17
0
0
0
0
0
0
0
0
-1.7701e-18
0
0
0
2.00295e-14
0
0
0
0
0
0
0
0
0
0
0
0
0
0
0
0
0
0
0
0
-1.45846e-15
0
0
0
0
0
0
0
0
0
0
0
3.11995e-14
0
-2.12501e-18
0
0
0
2.71972e-16
0
0
-6.32103e-14
0
0
0
0
0
0
0
0
0
0
0
0
0
0
-7.68494e-17
0
1.99306e-16
0
0
0
0
-6.89224e-17
-2.8579e-16
0
0
0
0
0
0
0
0
0
0
0
0
0
0
0
0
0
0
0
0
0
0
0
0
0
0
0
0
0
0
0
0
0
-1.78776e-13
0
0
0
0
0
0
0
0
0
0
-4.87463e-16
0
-4.78903e-16
0
0
0
0
0
-2.1885e-30
0
0
-5.66099e-15
-4.53978e-15
0
0
0
0
0
0
0
0
-3.47637e-13
9.89677e-17
3.15759e-16
0
0
0
0
-7.33603e-16
-6.87823e-17
-1.95986e-16
0
0
0
0
0
0
0
1.23854e-15
-5.82895e-15
0
0
0
0
0
0
0
0
0
0
0
0
0
0
0
0
0
0
0
0
5.17993e-15
3.82485e-14
0
0
0
0
0
0
0
-2.69203e-15
0
0
0
0
0
0
0
0
0
0
0
0
0
0
0
0
0
1.31116e-14
-3.59285e-16
0
0
0
0
0
0
1.48715e-16
0
0
0
0
0
0
0
1.8762e-14
0
0
0
0
0
0
0
0
0
6.47203e-16
0
0
1.40531e-15
0
0
0
8.0912e-16
0
0
-5.18178e-16
9.00973e-17
0
0
0
0
0
-2.34646e-15
0
0
8.38196e-15
0
0
0
0
0
0
0
0
0
0
1.06666e-14
0
0
0
0
1.7223e-14
1.01899e-15
0
0
0
0
0
1.04022e-15
-4.2483e-16
-1.17484e-15
0
0
0
0
0
0
0
0
0
0
0
0
0
0
6.59377e-17
2.12823e-17
0
0
0
0
-5.49318e-13
-1.39408e-13
0
-7.13864e-15
0
0
0
1.64113e-16
0
0
0
0
0
0
0
0
0
9.69494e-15
1.18662e-14
1.84507e-15
-8.17072e-15
0
2.10977e-16
0
0
0
0
0
0
0
-5.6983e-16
0
-2.0752e-15
0
0
0
0
0
0
0
0
0
0
0
0
-1.72008e-29
-8.31448e-16
1.94535e-16
0
0
0
0
0
0
-1.14802e-15
-1.15852e-16
0
0
0
4.17484e-16
0
0
0
0
0
-1.85155e-17
0
0
0
0
0
0
0
0
0
0
-9.58362e-15
-1.85495e-15
0
-5.26439e-16
0
0
0
-6.58412e-16
0
-1.31527e-14
0
0
0
-2.17973e-14
0
0
0
0
0
0
0
1.84782e-14
-2.5621e-14
2.88765e-14
0
0
0
-1.17174e-15
0
0
0
0
0
0
0
1.54597e-14
-9.53329e-16
0
0
0
0
4.74128e-16
0
0
0
0
0
0
0
0
0
-5.06066e-14
8.55182e-14
-5.60387e-14
0
0
0
-1.32938e-14
0
0
0
0
-1.45676e-14
2.17523e-15
0
0
0
0
0
0
0
0
2.43844e-14
0
0
0
0
0
0
0
0
0
0
2.51238e-16
0
0
0
-8.15243e-16
0
0
0
0
-7.30792e-14
2.82244e-14
0
0
0
0
0
0
0
0
0
0
0
0
0
0
0
0
0
0
0
0
0
0
0
0
-2.93932e-16
0
0
0
0
0
-2.70976e-14
0
-4.52899e-16
0
3.34621e-16
0
0
0
0
0
0
0
-1.804e-15
7.4875e-15
0
0
0
0
0
0
0
0
0
0
4.11831e-17
0
0
0
0
0
0
0
0
0
0
0
0
0
0
0
0
0
0
0
0
-2.72247e-14
0
0
-3.39601e-14
0
0
0
0
0
0
0
0
0
0
0
0
0
0
0
0
0
-7.21547e-16
5.86945e-16
0
-1.15394e-15
0
0
0
0
0
0
0
0
0
0
0
0
1.78032e-15
1.34659e-15
4.51656e-16
-3.32252e-16
-3.07588e-16
0
0
0
0
0
0
0
0
3.13076e-16
0
0
0
0
0
0
0
0
0
0
0
0
0
8.76419e-16
0
0
0
0
0
0
0
0
0
-7.48884e-15
0
0
0
0
-5.46875e-14
0
0
-7.71886e-15
0
0
0
0
0
0
0
0
0
0
2.26105e-16
0
0
0
0
0
0
0
-4.2651e-14
1.84522e-13
-6.29997e-14
0
0
0
0
0
0
0
0
0
0
0
0
0
-1.10155e-14
7.61589e-17
0
4.58887e-17
0
0
0
0
0
0
0
0
0
0
0
0
0
0
0
-2.81949e-14
8.43284e-17
0
0
0
0
0
0
0
0
-3.83973e-16
-3.14724e-16
0
0
0
0
0
0
0
0
0
0
0
0
0
-4.01088e-16
0
0
0
0
0
0
0
0
0
0
0
0
0
-2.24226e-17
1.71512e-16
9.04278e-17
-9.03183e-16
0
0
0
0
0
0
0
0
0
0
0
0
0
0
0
0
0
-1.57124e-16
1.25863e-16
0
0
0
0
0
0
1.51154e-16
0
0
0
0
0
0
0
0
0
0
0
0
0
0
0
0
0
0
0
0
0
0
0
0
0
0
0
0
0
0
0
0
0
0
0
0
0
0
0
0
0
0
0
0
0
0
0
2.12365e-15
0
0
0
0
0
0
0
5.46059e-31
1.37726e-14
0
0
0
0
0
0
0
0
0
0
0
-1.1123e-16
0
0
0
0
0
0
0
0
0
3.1124e-15
1.48886e-15
0
0
0
1.11398e-16
2.71743e-16
0
0
0
2.01254e-16
0
0
-4.60368e-15
-1.85953e-15
0
0
0
0
-7.00804e-16
0
0
2.22624e-16
0
0
0
0
0
0
-3.46591e-18
5.84384e-18
-1.13665e-15
-2.96809e-16
0
0
0
0
0
0
0
0
0
0
0
0
0
0
0
0
0
0
0
0
0
0
0
-8.73652e-14
-8.19705e-17
-5.82168e-17
9.74858e-17
0
0
0
1.88437e-16
0
0
0
0
0
6.28879e-17
0
0
0
0
0
0
0
0
0
-5.54343e-15
0
0
0
0
0
2.08765e-16
1.9386e-16
0
0
0
0
0
0
-1.47032e-17
0
9.71656e-16
0
0
0
0
0
0
0
0
-6.22705e-18
0
0
0
0
0
0
0
4.64582e-14
-6.88576e-16
-2.81302e-16
6.72505e-16
0
0
0
0
0
0
0
0
0
0
0
0
0
0
0
0
0
0
0
0
0
0
0
0
9.63706e-17
0
0
0
0
0
0
-9.02819e-18
0
-5.19038e-18
0
0
0
0
0
0
0
0
0
2.30348e-17
0
0
0
0
0
0
0
5.06885e-16
-9.4875e-16
0
-4.04184e-15
0
3.08798e-17
-8.01847e-18
0
0
-1.67103e-16
4.00239e-16
0
0
0
0
-5.42638e-19
4.89517e-18
-6.52537e-18
0
0
0
0
0
0
0
0
0
0
0
0
0
8.5886e-16
-4.5987e-16
1.2979e-15
0
0
0
0
0
0
0
0
0
0
0
0
0
0
0
0
0
0
0
0
0
0
0
0
0
0
0
0
0
0
0
0
0
0
0
0
0
0
0
0
0
-6.89143e-16
0
0
0
0
0
0
0
0
0
0
0
0
-4.02071e-16
-1.55211e-16
0
0
0
0
0
0
0
0
0
0
0
0
0
0
0
0
0
0
0
0
0
0
0
0
0
0
0
0
0
0
0
0
0
0
0
0
0
0
0
0
0
0
0
0
0
0
0
2.30134e-16
-4.64032e-16
1.31681e-16
0
0
0
0
-1.99241e-16
0
0
0
0
0
0
0
0
-9.89536e-16
0
0
0
0
0
0
0
0
0
0
0
0
0
0
0
0
1.07421e-15
0
0
0
0
0
0
0
0
0
0
0
0
0
0
0
0
0
0
0
0
0
0
0
0
0
0
0
-5.82254e-16
7.52509e-16
0
0
0
0
0
0
-2.91191e-16
4.99449e-16
0
0
0
0
0
0
0
0
0
0
0
0
0
0
0
0
2.90512e-16
-3.48252e-16
0
0
0
0
0
1.2724e-16
1.66266e-16
0
0
0
0
0
0
0
0
0
0
0
0
0
0
0
0
0
0
0
0
0
0
0
0
0
0
0
0
0
0
3.22089e-16
-4.9101e-16
0
0
2.51028e-15
1.02725e-16
-5.99098e-17
0
0
0
0
0
0
0
0
0
0
0
-9.52054e-16
0
0
0
0
0
0
0
0
0
0
0
0
0
0
0
0
0
0
0
0
0
0
0
0
0
0
0
0
0
0
0
0
0
0
0
0
0
0
0
0
0
0
0
2.2442e-16
0
0
0
0
0
0
0
0
0
-6.63163e-16
-1.6726e-16
0
0
0
0
0
0
0
0
0
0
5.77762e-16
0
0
0
0
0
7.019e-16
0
0
1.64086e-15
0
0
0
0
0
0
0
0
0
6.89628e-14
0
0
0
0
0
0
-1.1034e-15
-2.6919e-14
0
0
0
0
0
0
0
4.77373e-16
0
0
-1.9365e-14
-2.80089e-14
0
0
0
0
0
0
0
0
0
0
0
0
0
0
0
0
0
0
0
0
0
0
0
0
0
0
0
0
0
0
0
0
0
0
0
0
0
0
4.62046e-16
0
0
0
0
0
0
0
0
0
0
0
0
0
0
5.55538e-16
0
0
0
0
0
0
0
0
0
0
0
0
0
0
0
0
5.57814e-16
0
0
0
-2.89756e-16
0
0
0
0
0
0
0
0
0
0
0
4.83428e-16
0
0
0
0
0
0
0
0
0
1.02575e-15
0
0
0
0
0
0
0
0
-3.51908e-16
0
-1.24931e-15
0
0
0
0
0
3.38875e-16
0
0
0
1.15253e-16
4.21835e-16
0
0
0
0
-9.02376e-16
9.18999e-16
0
0
0
0
0
0
0
0
0
0
0
0
0
0
0
0
0
0
0
0
0
0
0
0
0
0
0
0
0
0
0
0
0
-3.04678e-16
1.83249e-16
-1.46092e-15
0
0
0
0
0
0
0
0
0
0
0
0
0
0
0
-2.30307e-16
0
0
0
0
2.28134e-16
0
0
0
0
0
0
0
0
3.94588e-16
-1.06626e-14
0
0
0
0
0
0
0
0
0
0
0
0
7.70271e-14
1.73922e-15
0
0
0
0
1.43806e-16
-5.45203e-18
-4.16997e-16
7.59485e-16
0
0
0
0
0
0
0
0
0
0
0
0
0
0
0
0
0
0
0
0
0
0
0
0
0
0
0
7.76534e-18
0
0
0
0
0
0
0
0
0
0
-8.38602e-16
6.59748e-16
0
0
0
0
0
0
0
0
0
0
0
0
0
0
0
0
0
0
0
0
-1.04898e-16
0
8.84623e-16
5.50837e-16
0
0
-1.10533e-16
0
0
0
0
0
0
0
0
0
1.95767e-15
0
0
0
0
0
0
0
0
0
0
0
0
0
0
0
0
0
0
0
0
0
0
0
0
0
0
0
0
0
0
0
0
0
0
0
0
0
0
0
0
0
-1.15936e-15
0
0
0
0
0
0
0
0
0
0
0
0
0
0
0
0
0
0
0
-6.68999e-16
0
0
0
0
0
0
0
0
0
0
0
0
0
0
0
0
0
0
0
0
0
0
0
0
0
0
0
0
-8.67615e-14
0
0
0
0
0
0
0
0
-1.13146e-14
0
0
0
0
0
0
-3.43953e-32
-4.73735e-16
0
0
0
0
0
-3.18285e-17
0
0
0
0
0
0
0
0
0
0
0
0
0
0
0
0
0
0
0
-1.85803e-15
0
0
0
0
0
0
0
-4.59894e-16
1.71584e-17
0
4.24966e-17
0
-7.47008e-16
-1.10303e-15
-1.70643e-32
0
-1.39757e-17
0
-1.28362e-17
0
0
0
0
0
0
0
0
0
0
0
0
0
-1.65852e-14
-4.74054e-15
0
0
0
-8.91207e-17
0
0
0
0
0
0
2.18536e-15
6.95374e-18
2.49061e-16
-2.16247e-16
0
0
0
0
0
0
0
0
0
0
0
0
0
0
0
0
0
0
0
0
0
0
0
0
0
0
0
0
0
0
0
1.07493e-15
0
0
0
1.38553e-14
1.02985e-14
0
0
0
0
0
0
0
0
0
0
-2.82109e-14
4.56054e-15
0
0
0
0
0
0
0
0
0
0
0
0
0
0
0
0
0
0
0
0
0
0
0
0
0
0
0
-6.24841e-16
1.38634e-15
0
0
0
0
0
0
0
0
0
0
0
0
0
0
0
0
0
0
0
0
0
0
0
0
0
0
0
0
0
9.73878e-15
0
0
0
0
0
0
0
0
0
0
0
0
0
0
0
0
0
0
0
0
0
0
0
4.17408e-16
8.18222e-16
0
0
0
0
0
-1.37752e-15
-2.36659e-17
0
0
0
0
0
0
0
0
-1.12386e-12
0
0
1.37324e-15
5.75589e-16
0
0
0
0
0
0
0
0
0
0
0
0
0
0
0
0
0
0
0
-2.43256e-15
0
0
0
0
0
0
0
0
0
0
0
0
0
0
0
0
0
0
0
0
0
-1.04877e-16
0
0
0
0
0
0
0
0
0
0
-4.66698e-17
4.79495e-16
0
0
0
0
0
0
0
0
0
0
1.00378e-17
-9.26784e-18
0
0
0
0
0
0
0
0
0
0
0
0
1.53803e-15
-2.43851e-16
0
6.73438e-16
0
0
0
0
0
0
0
0
0
0
9.01267e-16
2.00933e-17
0
0
3.85314e-18
-7.62796e-20
-2.90303e-14
-3.85556e-18
0
0
0
0
0
0
1.25099e-16
0
0
0
0
0
0
0
0
0
0
0
0
0
0
2.19957e-15
0
0
0
0
0
0
0
0
0
0
0
0
0
0
0
0
0
0
0
0
0
0
0
0
0
0
0
0
0
0
0
0
0
0
0
0
0
0
0
0
0
0
0
0
0
0
0
0
0
4.4948e-15
0
1.08565e-15
-2.69857e-15
0
0
0
0
0
0
0
4.37327e-14
-2.16506e-15
6.9403e-17
0
1.0139e-16
0
0
0
0
0
0
0
0
0
0
0
4.89532e-15
0
0
0
0
0
0
-2.07864e-16
0
0
0
0
0
0
0
0
0
0
0
0
0
0
0
0
0
0
0
0
0
4.72872e-16
0
0
0
0
0
0
0
0
0
0
0
0
0
0
0
0
0
0
0
0
0
0
0
0
0
-6.65379e-16
-5.00536e-16
0
-1.96442e-16
0
0
0
0
0
0
0
0
0
0
0
0
0
0
0
0
0
0
0
0
0
0
0
0
4.42543e-15
0
0
0
5.81976e-16
-2.11167e-16
0
0
0
0
0
0
0
0
0
1.71782e-16
-3.27645e-17
0
0
0
0
0
0
0
0
0
0
0
0
0
0
0
0
0
0
0
0
0
0
0
0
0
0
0
0
0
0
0
0
0
0
0
0
0
0
0
0
0
0
0
0
0
0
0
0
0
0
0
0
0
0
0
0
0
0
0
0
0
0
0
0
0
0
0
0
0
0
0
0
0
0
0
0
0
0
-3.22714e-16
-2.73146e-15
-1.7247e-14
2.3703e-15
0
0
0
0
-5.94137e-15
0
9.16756e-17
0
0
0
0
0
0
0
0
-9.84675e-16
0
1.1657e-14
2.24566e-15
0
0
0
0
0
0
0
0
0
1.87812e-17
-2.04456e-17
0
0
0
0
0
0
2.33741e-18
1.19087e-16
6.21253e-17
3.77073e-17
0
0
0
0
0
0
0
0
-2.63855e-16
-8.22376e-17
0
0
0
0
-1.89691e-14
4.38553e-30
-3.33229e-14
0
0
0
0
0
0
0
0
0
0
0
0
0
0
0
0
0
0
0
0
3.118e-16
-4.67059e-16
0
0
0
0
0
0
0
0
0
0
0
0
0
0
0
0
0
0
2.20312e-16
2.76149e-16
0
0
0
0
0
0
0
0
0
0
0
0
0
0
0
0
0
0
0
0
0
0
0
0
0
0
0
0
0
0
0
0
0
0
0
0
0
0
0
0
0
0
0
0
0
0
0
0
0
0
0
0
0
0
0
0
0
0
0
0
-4.64038e-14
0
0
0
0
0
0
-6.46255e-14
3.56073e-14
0
0
0
0
0
0
0
0
0
0
0
0
0
0
0
-4.80639e-16
1.65188e-16
0
0
0
0
6.91395e-16
7.75402e-16
0
0
0
-7.92145e-17
4.81337e-17
0
0
0
0
0
-2.69953e-15
0
0
0
0
0
0
0
0
5.34289e-16
0
0
0
0
0
0
0
0
0
0
0
0
0
0
0
0
0
0
0
0
0
0
0
0
0
0
0
0
0
0
0
-3.51884e-13
0
0
0
0
0
0
0
0
0
0
0
4.21275e-14
0
0
0
0
0
0
-3.29629e-16
0
-3.72877e-16
0
0
3.74375e-14
0
0
0
0
0
0
8.27977e-15
0
-2.36656e-14
0
2.99161e-15
5.62799e-16
-7.86917e-16
0
0
0
0
0
0
0
0
0
0
0
0
0
0
0
0
0
0
0
0
4.38534e-16
0
0
0
0
0
0
0
0
0
0
0
0
0
-5.80346e-15
0
0
0
0
0
0
0
0
-2.48092e-16
4.31078e-16
0
0
0
0
0
0
0
0
0
0
0
-4.08413e-14
0
0
0
0
0
0
0
0
0
0
0
0
0
0
0
0
0
0
0
0
0
0
0
0
0
0
0
0
0
0
0
-6.93287e-16
0
0
0
0
0
0
0
0
0
0
0
0
0
0
0
0
0
0
0
0
2.64382e-17
0
1.08586e-16
0
0
0
0
0
0
0
0
0
0
0
0
0
0
0
0
0
0
0
0
0
0
0
0
0
0
0
0
0
0
0
0
0
-2.72474e-16
-1.73095e-16
0
0
0
0
0
0
0
0
0
0
0
0
0
0
0
0
0
0
0
0
0
0
0
0
-3.61667e-16
0
0
0
0
0
0
-1.44578e-14
1.5101e-14
0
0
0
0
0
0
0
0
0
0
-2.21099e-14
0
-1.49582e-13
0
0
4.33433e-16
0
0
0
-4.61814e-16
-8.95092e-16
0
0
0
0
0
-9.52751e-16
0
0
0
0
0
0
0
0
0
0
0
0
0
0
0
8.11522e-17
-8.44362e-15
0
0
0
0
0
0
0
0
0
0
0
0
0
0
0
0
0
0
0
0
0
0
0
0
0
0
0
0
0
0
0
0
0
-4.96821e-16
0
1.28515e-15
0
0
0
0
0
0
0
0
0
0
0
0
0
0
-2.28895e-14
3.00548e-16
0
0
0
0
-4.08541e-16
0
0
0
0
0
0
0
0
0
0
-2.52435e-16
-1.08785e-30
0
0
0
0
0
0
0
0
0
0
0
0
0
-3.20312e-14
-4.76398e-15
0
0
0
0
2.04431e-17
2.6203e-14
0
-9.79262e-14
0
0
0
0
0
-4.77704e-15
0
0
0
0
0
0
0
0
0
0
0
0
0
0
0
0
0
0
0
0
7.58546e-17
0
0
0
-6.69687e-17
2.75284e-15
1.81554e-15
0
0
0
0
0
0
0
0
0
2.03167e-17
0
0
4.81584e-17
0
0
0
0
0
1.64883e-14
-2.84921e-14
0
0
0
0
0
0
0
0
0
0
0
0
0
0
2.65616e-16
0
0
0
0
0
0
0
0
0
0
0
0
0
0
0
0
0
0
0
0
0
4.25344e-18
0
-5.85101e-16
-7.11641e-16
0
0
-2.17204e-16
0
0
0
0
0
0
-9.47121e-16
0
0
0
0
0
0
0
0
0
0
0
0
0
0
0
0
0
1.65143e-14
-3.87434e-14
0
0
0
0
0
0
0
0
0
0
0
0
0
0
0
0
0
0
0
0
0
0
0
0
0
0
0
0
0
0
-2.95148e-15
4.21836e-15
0
-1.42872e-16
0
0
0
0
0
0
0
0
0
0
0
0
0
0
0
0
0
1.38018e-16
0
0
4.92073e-17
0
-5.74708e-14
1.04659e-13
0
0
0
0
0
0
0
0
0
-1.01396e-15
4.57626e-16
-8.3582e-15
0
-4.93061e-15
0
0
0
0
0
0
0
0
0
0
-1.79404e-16
0
0
0
0
0
0
0
0
0
0
0
0
0
1.21083e-17
0
0
0
0
0
0
0
0
0
0
0
0
0
0
0
0
0
0
0
0
0
0
0
-1.71903e-14
5.41779e-14
0
0
0
0
4.49393e-15
0
-6.85233e-17
0
2.01615e-15
-3.03531e-16
0
2.60463e-15
0
4.43879e-15
0
0
0
0
0
0
3.39999e-14
-1.00241e-12
0
0
0
0
4.6406e-14
-2.64562e-16
0
0
0
0
0
0
0
-2.7539e-17
-5.35337e-16
0
0
0
0
0
0
0
0
0
0
0
0
0
0
0
0
0
0
0
0
0
0
0
0
0
0
0
0
0
0
0
0
0
-3.8321e-16
0
0
0
0
0
0
-1.89294e-16
0
0
0
0
0
1.6605e-17
-3.34924e-14
0
0
0
0
0
0
0
0
0
0
0
0
0
0
0
0
0
0
0
0
0
0
2.81566e-15
0
0
0
0
0
0
0
0
0
0
-1.72008e-29
0
0
0
0
0
0
0
0
-5.82949e-16
0
-7.56867e-16
0
0
-1.07215e-16
0
0
0
2.07377e-14
3.28384e-14
-1.99649e-14
0
0
0
0
0
-1.36196e-16
0
0
0
0
0
0
0
0
0
0
0
0
0
-7.56724e-16
0
2.17274e-16
9.98584e-16
-1.80789e-16
0
0
0
0
0
0
2.56268e-15
0
0
0
0
7.90887e-15
0
-1.19166e-14
0
0
0
0
0
0
0
0
0
0
5.73983e-18
0
0
0
0
0
0
0
0
0
0
0
0
0
0
0
0
0
-1.33637e-16
0
0
0
0
0
0
0
0
0
0
0
0
0
0
0
0
0
-5.97548e-16
0
0
-1.36934e-13
0
0
0
0
0
6.78874e-19
-8.22849e-16
-1.4968e-15
0
0
0
0
0
4.18173e-14
2.87673e-14
6.04537e-17
0
0
0
0
0
0
7.47094e-16
0
0
0
0
0
0
0
0
0
0
0
0
0
0
-7.66009e-16
0
0
0
0
6.05889e-16
0
0
0
0
0
2.01549e-16
0
0
0
0
0
0
0
0
-2.76907e-14
0
0
0
0
0
0
0
0
0
0
0
0
-1.38501e-16
0
0
0
0
0
0
3.34482e-15
0
0
0
0
0
0
0
0
0
0
0
0
0
0
0
0
0
0
-3.13448e-16
3.06302e-14
-6.27695e-17
-7.09599e-17
0
0
0
0
0
0
0
0
0
2.1757e-30
0
0
0
0
0
-1.33625e-16
-8.28244e-17
1.65058e-16
0
0
0
0
0
0
0
0
0
0
0
3.25599e-16
0
0
0
0
0
0
0
0
0
0
0
-1.64469e-17
-1.46128e-18
0
0
0
0
0
0
3.71521e-16
-4.44513e-16
0
0
0
0
0
0
0
3.88756e-18
0
0
0
0
0
0
0
0
0
1.56379e-16
0
0
0
8.02262e-19
0
0
0
0
-1.57527e-16
0
0
2.64857e-16
0
-3.76019e-17
0
0
0
0
0
0
0
0
0
0
0
0
0
0
0
0
0
0
0
0
0
0
0
0
3.50788e-16
0
-3.42147e-16
0
0
0
0
0
0
0
0
0
0
0
0
0
0
0
0
3.15554e-16
0
0
0
0
0
0
1.61495e-14
-4.28446e-14
0
0
0
0
0
0
0
0
0
0
0
-9.92547e-16
0
0
0
0
0
0
0
0
0
0
0
0
0
0
0
0
0
0
0
0
0
0
0
0
0
0
0
0
0
0
0
3.23295e-14
-5.57943e-16
0
0
0
0
0
0
0
0
0
-7.55127e-15
0
0
0
0
0
0
0
0
0
0
0
0
0
0
1.23855e-14
0
-2.4441e-15
0
0
0
0
0
0
0
0
2.50874e-14
-4.52106e-13
0
0
0
1.14613e-18
0
0
0
0
0
0
0
0
0
0
0
0
0
0
0
0
0
0
-8.46034e-15
0
0
0
0
0
0
0
0
0
0
0
0
0
0
0
0
0
0
0
0
0
8.29816e-18
0
0
0
0
0
0
0
0
0
0
0
0
0
0
0
0
0
0
0
1.47019e-16
0
0
0
0
0
0
0
0
0
0
0
0
0
0
0
0
0
0
0
0
0
0
0
0
0
0
5.68019e-16
0
0
0
0
0
0
0
0
0
0
0
0
0
0
0
0
0
0
0
0
0
1.43121e-14
-1.51055e-14
0
0
0
0
-4.47313e-14
0
0
0
-3.7518e-14
0
0
0
0
0
0
0
0
0
0
0
0
0
0
0
0
0
0
0
0
0
0
0
0
0
0
-1.1751e-16
4.13044e-15
0
0
0
0
0
0
0
0
0
0
0
0
0
0
0
0
-3.20341e-15
1.5006e-14
0
0
0
0
0
0
0
0
0
2.86484e-16
0
0
0
0
0
0
0
0
0
0
0
0
0
0
0
0
5.66733e-17
0
0
0
0
0
-8.99979e-17
0
0
0
0
0
0
0
6.5842e-17
-5.78796e-13
0
0
-1.35493e-14
0
0
0
0
0
0
0
0
0
0
-8.34402e-16
-9.77702e-15
0
0
0
0
-1.00352e-13
1.01214e-13
0
0
0
0
0
0
0
0
0
0
0
0
0
0
0
0
0
0
0
0
0
0
0
0
0
0
0
0
0
0
0
0
0
0
0
0
0
0
0
0
0
0
0
0
-5.26238e-13
0
0
0
0
0
0
0
0
0
0
0
0
0
0
2.15832e-15
0
0
0
0
0
0
0
0
0
-2.2149e-15
0
2.65524e-15
0
7.0848e-15
-5.37507e-15
0
0
0
0
0
0
0
0
0
0
0
0
0
1.34932e-16
0
0
0
0
0
0
0
0
0
0
9.21417e-16
0
0
5.01451e-14
1.29433e-15
0
0
0
0
0
0
2.15512e-15
-4.05122e-18
0
0
0
0
0
0
0
0
0
0
0
0
0
5.69009e-16
-2.36064e-15
0
0
0
0
0
0
0
0
0
0
0
0
0
0
0
0
0
0
0
0
0
0
0
0
0
-4.18618e-16
0
-1.298e-18
0
0
0
0
0
0
0
-1.52265e-14
9.51629e-15
0
0
0
0
0
0
1.48171e-15
-1.71724e-14
0
0
-3.9716e-13
7.08915e-14
0
0
-3.68687e-17
0
0
0
0
0
0
-3.65615e-19
0
0
0
-2.51316e-17
0
0
0
0
0
-7.93742e-14
9.19879e-14
0
0
0
0
0
0
0
0
0
0
-3.17974e-15
0
0
0
0
0
0
0
0
0
-5.2983e-16
0
0
1.36841e-15
4.41446e-17
0
1.45435e-14
0
0
0
0
0
0
0
-1.04953e-15
0
0
0
0
-1.49395e-15
0
0
0
0
0
0
0
0
0
-1.05095e-14
0
0
1.02628e-15
0
0
0
0
0
0
0
0
0
0
0
0
0
0
1.09185e-30
1.65661e-15
0
-2.94601e-15
-1.17997e-15
0
0
0
0
0
0
0
0
-2.04671e-19
0
0
0
0
-1.80776e-14
0
0
0
-1.44013e-15
3.85139e-16
0
1.87945e-15
0
0
0
0
0
0
0
0
0
0
0
0
-1.25684e-15
2.78336e-16
0
0
0
0
0
0
0
0
0
0
0
0
0
0
0
-7.09329e-16
0
0
0
0
0
0
-1.23277e-17
0
-1.35547e-15
0
0
0
0
0
0
0
0
0
0
0
0
0
0
0
0
0
0
0
0
0
0
0
0
0
0
0
0
0
0
0
0
0
0
0
0
0
0
0
-2.58798e-15
0
-8.21852e-16
1.20249e-15
0
0
0
0
0
0
0
0
0
0
0
0
0
0
0
0
0
0
8.91173e-15
-4.37008e-14
0
0
0
0
0
0
0
0
0
0
0
0
0
0
0
0
0
0
0
0
0
0
0
0
1.93115e-18
0
0
0
0
0
0
0
7.22467e-17
-6.54811e-13
0
0
0
0
0
0
0
0
0
0
-1.90796e-16
0
0
0
0
0
0
0
-1.92832e-18
-6.4083e-15
0
-6.70549e-13
0
0
1.28301e-14
-3.77655e-17
2.86043e-16
0
0
0
0
0
0
0
0
0
0
1.83155e-15
0
0
0
0
0
0
0
-1.21024e-14
0
0
0
0
0
-3.73599e-15
1.58173e-15
-3.5421e-14
2.19363e-14
0
-3.52576e-16
-3.0418e-15
0
0
0
0
0
0
0
0
0
0
0
0
0
0
0
0
0
0
0
0
0
0
0
-3.00942e-16
-2.3637e-16
-2.25453e-14
0
7.99194e-15
0
0
0
0
0
0
0
0
0
0
0
0
0
0
0
0
0
0
0
0
0
0
0
0
0
0
0
0
0
0
1.76083e-14
0
0
0
0
0
0
0
0
0
0
0
0
0
-2.60838e-15
0
0
0
0
0
0
0
0
0
0
0
0
0
0
0
0
0
0
0
0
0
-3.49392e-29
0
0
0
0
0
0
1.43626e-16
-2.2238e-12
0
-3.35151e-16
0
0
0
0
0
0
3.0623e-17
0
0
0
0
0
4.36901e-15
9.43923e-14
0
0
3.81273e-18
0
0
-7.09708e-18
8.33247e-15
0
-2.83778e-18
0
0
-6.82294e-18
0
0
1.44136e-14
0
1.13049e-15
0
-2.78727e-14
1.79416e-14
0
-1.21734e-15
0
0
-2.01592e-18
0
0
0
1.62389e-14
0
0
0
-3.54677e-15
0
0
0
0
0
0
-1.11571e-13
-1.51101e-13
0
0
0
-1.18361e-15
0
-5.96759e-16
0
0
0
0
0
0
-1.31091e-14
0
0
0
0
0
4.26353e-14
-3.96054e-17
0
-3.54285e-15
0
0
0
0
0
0
0
0
0
5.00949e-15
0
0
0
0
0
0
0
0
0
0
0
0
0
0
1.28466e-14
1.60538e-14
0
0
0
0
0
0
0
-1.18271e-15
0
0
0
-1.82083e-15
0
0
0
0
-2.27208e-14
-5.62399e-16
0
0
0
0
3.12306e-15
0
0
0
0
0
0
5.30762e-17
0
0
0
0
-3.35344e-14
0
0
1.42978e-15
0
0
0
0
0
-1.66619e-14
0
0
9.45105e-16
-1.2599e-14
0
0
0
-7.44341e-14
0
0
0
0
0
0
0
0
0
0
0
0
0
0
0
0
9.46026e-15
-1.92256e-14
0
0
0
0
0
0
0
0
0
0
0
0
0
4.2343e-14
0
0
0
0
0
0
0
0
0
0
0
0
8.53574e-16
0
0
0
0
0
0
0
0
0
0
0
0
0
0
0
0
0
0
0
0
0
0
1.07491e-15
0
0
0
0
0
0
0
0
5.85128e-16
0
0
0
0
0
0
0
0
0
0
0
0
0
0
0
0
0
0
0
0
0
0
0
0
-4.81567e-13
8.02913e-14
0
0
0
0
2.36125e-16
0
0
0
0
0
0
0
0
0
0
0
0
0
0
0
2.11992e-08
1.20546e-08
2.54939e-08
1.03452e-08
-7.70136e-09
1.16226e-09
4.55955e-10
3.2036e-10
9.34889e-09
-1.03047e-09
8.07328e-09
1.45179e-08
4.57872e-09
6.70729e-09
2.15446e-08
9.59272e-09
1.85308e-08
1.46948e-08
1.16858e-09
1.06014e-08
2.62095e-08
1.4366e-08
2.57438e-08
1.22011e-08
1.58168e-08
5.37217e-09
2.33721e-09
-2.10642e-09
7.05965e-09
1.4508e-08
2.46016e-09
5.67218e-09
-3.33852e-09
4.70964e-09
-4.45162e-09
-5.16349e-09
3.30718e-09
-6.87191e-09
2.40861e-09
-1.88794e-09
-9.39644e-09
-3.18518e-09
-1.07191e-08
-1.16202e-08
-4.37885e-09
-8.96265e-09
-9.72663e-09
-1.41686e-08
-7.81612e-09
-1.55025e-08
-1.7963e-08
-7.42528e-09
0
0
0
0
0
0
0
0
0
0
0
0
-1.792e-16
4.27507e-17
0
0
0
0
0
0
2.1885e-30
-5.95887e-16
-1.11575e-16
0
0
0
0
0
0
0
0
0
0
0
4.21528e-15
0
0
0
0
-7.05378e-14
0
0
0
0
0
0
0
0
0
0
0
0
0
0
0
0
0
0
0
0
0
0
0
0
0
0
0
0
0
0
0
0
0
0
1.02631e-09
-7.05951e-09
0
-1.45251e-15
-6.96387e-09
-1.32416e-08
-9.48196e-09
-2.3252e-09
-4.1833e-09
-1.12914e-08
-1.09571e-08
-3.47096e-09
0
-1.53901e-14
0
0
0
0
-9.18268e-09
-1.57189e-08
-1.19144e-08
-4.59768e-09
-1.84911e-09
-8.9266e-09
-8.01221e-09
-1.7218e-09
-8.51901e-09
1.48647e-09
0
0
2.06989e-09
-6.06728e-09
3.42822e-09
-4.75985e-09
-4.52721e-09
4.24185e-09
0
0
-2.80399e-09
-1.05789e-08
0
0
7.75198e-09
-2.28241e-09
-3.38567e-09
5.19652e-09
4.82426e-09
-4.06202e-09
0
0
0
0
0
0
0
0
0
-5.24402e-09
2.89287e-09
5.81261e-18
0
9.95504e-09
2.35681e-10
0
0
0
5.95982e-09
-3.10237e-09
0
0
0
0
0
0
0
0
0
0
0
0
8.52534e-09
-9.53621e-10
0
1.08293e-08
1.459e-09
0
0
0
0
0
4.89342e-16
0
0
0
0
0
0
0
0
0
0
0
0
1.22386e-08
2.66942e-09
0
0
0
9.70307e-10
-6.53998e-09
0
-7.51597e-09
-1.21787e-08
0
0
0
-9.88559e-09
-2.44596e-09
-3.83954e-09
-1.11117e-08
0
-1.38735e-08
-3.62992e-09
0
-1.57554e-16
4.07364e-16
-3.80258e-15
7.09388e-16
0
0
0
0
0
0
0
0
0
4.42326e-09
1.41497e-08
0
0
0
0
0
0
0
0
-7.47201e-09
0
0
-8.89783e-09
-1.54825e-08
0
0
0
0
-2.26682e-09
-8.06318e-09
0
0
0
4.50131e-09
1.61536e-08
1.51009e-08
4.51816e-09
0
0
-8.45159e-09
8.71049e-10
0
0
0
0
0
0
0
0
0
0
0
0
0
-1.46719e-08
-1.23997e-08
7.33922e-15
0
0
0
2.11285e-09
-5.5967e-09
3.79603e-09
-4.60431e-09
0
0
0
0
0
0
0
0
0
0
8.0664e-09
-2.09164e-09
3.45879e-14
7.81026e-16
0
-3.66512e-09
4.95197e-09
0
0
0
0
0
2.63677e-09
1.38297e-08
-5.01136e-15
-8.70281e-30
0
0
1.99892e-08
1.64692e-09
0
-2.4833e-17
0
0
0
0
0
0
0
1.02406e-08
4.73938e-10
0
0
6.25529e-09
-2.87406e-09
0
0
0
0
0
0
0
0
0
0
0
0
0
0
2.75162e-31
0
0
0
0
0
0
0
0
0
0
-3.76157e-16
0
0
0
0
0
-5.57748e-15
6.99202e-15
1.09105e-30
0
3.14804e-09
1.28087e-08
0
0
0
0
0
0
0
0
0
0
-1.39416e-16
-4.14692e-15
0
0
0
0
0
0
0
0
0
8.80959e-09
-7.14037e-10
4.2754e-17
1.13814e-08
0
-8.4167e-15
0
1.7508e-29
0
0
0
0
0
0
0
0
0
0
0
0
0
0
0
0
0
0
0
0
0
0
0
0
0
0
0
0
0
0
0
0
1.26434e-08
2.78605e-09
0
0
0
0
0
0
0
0
0
0
0
0
0
0
0
0
0
0
0
0
0
0
0
9.00377e-09
2.16074e-08
3.89609e-09
1.41503e-08
0
0
-1.35895e-15
-3.79948e-15
0
0
0
0
0
0
0
0
0
0
0
0
-1.31873e-16
0
0
0
0
0
0
1.45951e-14
-3.14533e-14
2.18493e-14
4.1642e-09
1.59702e-08
0
8.2507e-15
0
0
0
2.0171e-14
-1.66908e-14
0
0
0
0
0
0
-2.94614e-17
2.21118e-15
0
0
0
0
0
0
4.19865e-16
-1.09671e-16
-2.91372e-17
0
0
0
4.47561e-16
0
2.1821e-30
0
0
0
0
-3.06356e-15
0
0
1.04536e-08
2.22579e-08
2.16726e-08
9.99389e-09
0
0
0
0
0
0
0
0
0
0
0
0
-2.47005e-15
0
1.01958e-13
-1.03838e-14
0
0
0
0
0
0
1.99437e-16
0
0
0
-5.40635e-16
0
0
0
0
-7.18547e-14
9.65098e-15
-4.0254e-17
-1.0177e-16
0
0
0
0
0
0
0
0
0
0
0
0
0
0
0
0
0
1.79587e-14
0
0
0
0
0
0
1.56785e-08
0
0
0
0
0
0
0
1.91202e-08
1.46991e-08
0
0
0
0
0
1.04142e-16
9.92273e-16
7.80914e-16
0
0
0
0
0
0
0
0
0
0
0
0
0
6.19127e-16
-6.6371e-16
8.03986e-17
0
0
0
0
0
0
0
0
0
0
0
0
0
0
0
0
0
0
0
0
0
0
0
0
0
0
0
0
-9.81639e-15
1.19982e-14
0
4.67514e-09
0
0
0
0
0
0
0
0
0
0
0
0
0
0
0
0
0
0
0
0
0
0
0
0
0
0
0
0
-7.80253e-17
0
0
0
0
0
0
0
0
0
-5.79738e-16
-2.68763e-31
3.93889e-16
0
0
0
0
0
0
0
0
0
0
0
0
0
0
0
0
0
1.33164e-08
2.41209e-08
0
0
0
0
3.48112e-29
0
0
0
0
0
0
5.87386e-16
0
0
0
0
0
0
0
0
0
0
0
0
0
0
0
0
0
0
6.64016e-09
0
-3.06241e-16
-7.57001e-17
0
0
0
0
0
0
0
0
0
0
0
0
0
0
0
0
-4.08647e-16
-6.26625e-17
4.77192e-19
0
0
-1.98727e-15
2.45982e-15
0
0
0
0
0
0
0
0
0
9.67222e-16
0
0
0
0
2.25443e-14
-2.27109e-17
0
0
0
0
-2.14841e-14
1.45338e-14
0
0
0
0
0
2.72742e-08
1.11803e-08
0
0
0
0
0
0
0
0
0
0
8.98253e-16
5.21421e-17
0
0
0
0
0
0
0
0
0
0
0
0
0
-7.40053e-16
0
0
0
0
0
0
0
0
8.93947e-16
0
0
-4.0065e-16
0
0
-1.94476e-14
0
0
0
0
5.15641e-16
0
0
0
0
0
0
0
0
9.44692e-16
-9.69616e-17
0
0
1.7702e-14
0
0
0
0
0
0
0
0
0
5.58718e-16
0
-2.62378e-09
-1.02327e-08
8.84703e-09
2.12373e-08
0
0
0
-6.29396e-16
0
9.28268e-17
-4.05805e-17
0
0
0
0
0
0
0
0
0
0
0
0
0
0
1.33289e-08
2.67121e-08
0
0
0
0
0
0
0
-8.1577e-17
2.19757e-16
0
0
-6.38744e-16
2.28021e-15
0
0
0
0
0
0
0
0
0
3.16447e-15
0
0
0
0
0
0
0
0
0
0
0
1.65175e-14
0
0
0
0
0
0
0
0
0
0
2.84991e-14
0
0
0
0
0
0
0
0
0
0
0
0
0
0
0
0
0
0
0
0
0
-2.98969e-14
0
0
0
-6.08727e-16
1.11902e-14
9.37807e-15
-7.29849e-16
0
0
0
0
0
0
0
0
0
9.20635e-16
3.85224e-14
4.62742e-16
0
0
0
0
0
0
0
0
0
0
0
0
0
0
0
0
0
0
0
0
0
0
0
0
0
0
0
0
0
0
0
0
0
0
0
0
0
0
0
0
0
0
0
0
0
0
0
0
0
0
0
0
0
0
0
0
4.54027e-16
0
0
0
0
0
0
0
0
0
0
0
0
0
0
0
-2.58375e-14
0
0
0
0
0
0
0
0
0
0
0
0
0
0
0
0
0
0
0
0
0
0
0
0
0
0
9.25018e-09
2.29294e-08
-2.37062e-16
0
0
0
0
0
0
0
0
0
0
0
0
0
0
-1.81848e-14
0
0
0
0
0
0
0
0
2.33514e-14
0
0
-3.65759e-17
-2.8078e-14
0
0
0
0
0
0
0
0
0
0
0
0
0
1.13455e-15
0
0
0
0
0
0
0
0
0
0
0
-1.39391e-12
0
0
0
0
0
0
-6.4443e-15
0
0
0
0
0
0
2.10755e-15
-7.92251e-15
0
0
0
0
0
0
0
0
0
0
0
0
5.02463e-16
0
-2.86562e-14
0
0
0
0
0
0
-6.98038e-17
1.57672e-17
0
0
0
0
0
-3.34256e-14
-2.38308e-14
0
0
0
0
0
0
0
0
0
0
0
0
0
2.78205e-17
0
0
0
0
0
0
0
-3.91581e-16
0
0
0
0
0
0
0
0
0
0
0
-3.06933e-14
-5.83613e-15
0
-3.16072e-14
-2.78739e-17
0
0
0
0
0
0
0
0
0
0
0
0
-5.04625e-17
-1.16975e-16
0
0
0
0
0
6.86497e-16
-3.68529e-16
0
4.52103e-15
0
0
0
-1.9676e-14
6.48959e-17
-3.12529e-14
0
0
0
0
0
0
6.31843e-16
0
0
0
0
0
0
0
0
0
0
0
0
0
0
0
0
-1.36047e-17
1.72924e-14
4.0492e-14
0
0
0
0
0
0
2.3116e-08
1.11694e-08
-2.82657e-16
0
0
0
0
-3.23767e-14
5.19241e-15
0
0
0
0
0
0
0
-4.71222e-14
0
0
0
0
0
0
0
9.98599e-14
0
0
0
0
0
0
0
0
0
0
0
0
0
0
0
2.77804e-17
-4.38784e-18
0
0
0
0
0
0
0
0
0
0
0
0
0
1.32879e-08
2.62286e-08
0
0
0
0
0
0
0
0
0
0
0
0
0
0
0
0
0
0
-4.0676e-16
0
0
-2.79929e-16
0
0
0
0
0
0
0
0
0
0
0
3.0463e-14
0
0
0
1.7508e-29
0
0
0
0
-3.23929e-17
0
0
0
0
0
0
0
0
0
0
0
0
-2.07497e-16
2.90276e-15
0
-9.96888e-16
4.36874e-16
0
0
0
0
0
0
0
0
0
0
0
0
0
0
0
0
0
0
0
0
0
0
1.60477e-16
0
0
0
0
0
-1.13729e-16
0
0
-2.27889e-15
0
0
0
0
0
-3.79543e-13
7.9209e-14
0
0
1.67446e-16
0
0
0
0
0
0
0
0
0
0
0
0
0
0
-2.93561e-17
0
0
2.51656e-15
0
0
0
0
0
5.09618e-16
0
5.76343e-15
0
0
0
0
0
0
0
0
0
0
0
0
0
0
0
0
0
6.03545e-15
0
0
0
0
0
0
0
0
0
0
0
0
-3.27653e-16
6.7082e-16
-3.8476e-15
0
0
0
0
0
0
0
0
1.31924e-14
-8.98642e-16
-1.26506e-14
-9.52714e-17
0
0
0
0
0
0
0
0
0
0
0
0
3.14099e-15
1.66272e-08
2.03366e-08
0
8.4417e-15
0
3.72806e-14
0
0
0
0
0
-4.55038e-15
0
0
0
-4.98707e-15
-2.06508e-15
0
0
0
-2.58908e-14
1.25481e-14
0
0
0
0
0
0
0
0
0
0
0
0
0
0
0
0
0
0
0
0
0
0
0
0
0
0
2.6117e-08
1.49879e-08
0
0
0
0
0
0
0
0
-5.65018e-15
6.93226e-15
0
0
0
0
0
0
0
0
0
0
8.66624e-15
0
0
-2.81816e-15
0
0
0
0
0
0
0
0
0
0
0
0
0
0
0
0
0
0
0
0
0
0
0
0
0
0
0
0
0
0
0
0
0
0
0
0
0
-8.54042e-17
-3.50088e-17
0
0
0
0
0
0
0
0
0
0
0
0
0
0
0
0
0
0
0
0
0
0
0
0
0
0
0
0
-3.71229e-16
0
0
0
0
0
0
0
0
0
0
0
0
0
0
0
0
0
0
0
0
2.00311e-15
2.10013e-14
-5.46325e-31
0
0
0
0
0
0
0
0
0
0
0
0
0
0
0
0
0
0
0
-1.32717e-13
0
0
1.98834e-16
0
-2.13304e-30
0
0
0
0
2.56866e-08
1.3313e-08
0
0
-6.17308e-15
0
0
0
9.5296e-17
-3.92752e-17
0
0
1.04041e-16
0
8.75828e-15
0
0
0
0
0
0
0
0
0
-8.6183e-16
0
0
0
0
-1.29038e-14
0
0
0
0
0
0
2.77874e-16
0
-2.80809e-16
0
0
0
0
0
0
0
0
0
0
0
0
0
0
0
0
0
0
0
0
0
0
-1.95778e-16
5.00247e-16
0
0
0
0
0
-8.54427e-17
0
0
0
0
0
0
0
5.87016e-16
-4.09461e-16
0
0
0
0
0
0
0
0
0
0
0
0
0
0
0
1.50191e-14
-3.51283e-14
-4.87494e-17
0
0
0
0
0
0
0
0
0
0
0
-1.90769e-15
6.37337e-14
-7.31896e-14
0
0
0
0
0
0
0
0
5.0054e-16
0
0
0
0
0
0
0
0
0
0
2.56004e-16
0
0
0
-1.6537e-16
0
0
0
0
0
0
0
0
0
0
0
0
0
0
0
0
0
0
0
0
0
0
0
0
0
0
0
0
2.80562e-16
0
0
0
0
0
0
0
0
0
0
0
-1.34114e-15
0
0
0
0
0
0
0
0
1.48758e-14
0
0
0
0
0
0
0
0
0
0
0
0
0
0
0
0
-7.28168e-17
0
1.29037e-16
0
0
0
0
-1.0571e-17
0
0
3.55096e-17
0
-7.92169e-16
0
0
0
0
0
0
0
0
0
0
0
0
0
0
0
0
0
0
0
0
0
0
0
0
0
0
0
1.43014e-15
2.5471e-15
0
0
0
0
0
0
0
0
3.40963e-16
-1.07575e-17
0
0
7.33969e-18
0
0
0
0
0
-2.95608e-16
1.32669e-16
0
0
0
0
0
0
7.92118e-16
4.92052e-16
0
0
0
2.14213e-15
0
0
0
0
0
0
0
0
0
0
0
0
0
0
0
0
0
0
0
0
0
0
0
0
0
0
0
0
0
0
0
0
0
0
0
6.13339e-18
0
0
0
0
0
0
0
0
0
0
-4.08884e-17
0
0
0
0
0
0
0
0
0
1.68674e-15
2.27945e-16
0
0
0
0
0
0
0
0
0
0
0
0
0
0
0
0
0
0
0
0
0
0
0
1.2395e-16
0
-1.27933e-15
0
0
0
0
0
0
0
1.70161e-14
0
0
0
0
0
0
-1.96833e-15
0
0
0
0
1.40711e-16
0
-2.96553e-16
0
0
-4.18954e-16
-1.28229e-15
0
0
0
0
0
0
0
0
0
0
0
0
0
0
0
0
0
0
0
0
3.05712e-16
0
0
0
0
0
0
0
0
0
1.956e-16
2.70076e-16
0
0
0
0
0
0
0
0
0
0
0
0
0
0
0
0
9.0065e-15
0
0
0
0
0
0
0
0
0
0
0
0
0
0
0
0
0
0
0
0
-3.59506e-14
0
0
0
0
0
0
0
0
0
0
1.73321e-16
-4.7551e-16
0
2.18335e-16
0
0
0
0
0
0
0
0
0
0
0
0
0
0
0
0
0
6.18601e-13
0
6.98838e-13
7.26924e-13
0
-3.64467e-16
6.71217e-13
7.23201e-13
7.28986e-13
0
0
0
0
0
0
0
-6.30611e-16
4.55774e-16
0
0
0
0
0
0
0
0
0
0
0
0
6.29269e-13
0
0
0
0
0
0
0
0
0
0
6.03959e-13
6.40371e-13
2.92004e-16
-4.81911e-16
0
0
0
0
0
3.06877e-17
0
3.42724e-15
0
-2.77631e-16
0
0
0
0
0
0
0
0
0
0
0
0
0
0
6.49265e-13
0
0
5.97146e-13
0
0
0
0
0
0
0
0
0
0
0
0
0
0
0
0
0
0
0
0
0
0
0
0
0
0
0
0
0
0
5.74483e-13
5.27169e-13
0
0
9.22197e-16
0
0
0
0
4.69773e-13
0
0
0
0
-1.76829e-15
0
7.02251e-17
-2.07322e-16
0
1.04533e-10
9.04488e-09
0
0
0
0
0
0
0
0
0
1.4025e-16
5.48043e-13
-4.54147e-16
0
0
0
0
0
0
0
0
0
0
0
0
0
0
0
0
0
4.83216e-14
0
0
0
0
0
0
0
4.30053e-16
2.56854e-18
0
0
0
0
3.58504e-16
3.69696e-13
5.45131e-13
0
0
0
0
0
0
0
0
0
0
0
0
0
7.07146e-29
0
0
0
0
0
0
0
0
0
0
0
0
0
0
0
-1.87263e-14
0
0
0
0
-5.54803e-16
0
0
-5.08979e-15
6.70756e-15
0
2.20635e-14
0
0
0
0
0
7.74797e-13
0
0
-3.00155e-16
-2.88757e-17
7.56179e-13
7.17871e-13
6.18723e-13
0
0
-3.3921e-16
0
0
0
0
0
2.30863e-16
0
0
0
0
0
0
-1.74022e-14
4.58488e-14
0
0
0
0
0
0
0
0
0
0
0
0
0
0
0
0
0
0
0
6.41388e-13
0
0
1.34838e-15
0
0
1.10849e-12
0
0
3.70824e-16
8.81211e-16
0
0
0
0
0
0
0
0
0
0
0
0
9.63444e-15
-2.44106e-14
0
0
0
-4.45698e-14
0
0
0
0
0
0
0
6.18027e-13
6.05725e-13
0
0
0
0
0
0
0
0
0
0
5.26297e-15
0
0
0
5.94167e-13
6.05961e-13
0
0
0
2.84434e-13
0
0
0
0
0
-1.24936e-14
0
0
0
0
0
0
0
0
3.16789e-16
0
0
0
0
0
0
0
0
0
1.67454e-08
1.86619e-08
0
0
0
0
0
0
1.21359e-15
0
0
0
0
0
0
0
0
0
0
-5.56045e-17
0
-2.10205e-16
0
0
0
0
-1.35011e-13
-1.46315e-13
4.9793e-13
3.68669e-13
-6.16602e-16
-1.36687e-14
0
0
0
0
-2.23863e-15
0
0
0
0
-1.4021e-16
-6.0715e-13
-1.35543e-12
0
0
0
0
0
0
0
6.9632e-10
1.05487e-08
0
0
0
0
1.96339e-16
0
5.42594e-13
0
0
0
0
0
0
0
0
0
0
0
0
0
0
0
0
0
0
0
0
-1.96489e-15
1.32072e-15
0
4.01054e-16
0
0
0
0
9.74455e-13
0
0
0
0
0
0
0
4.33201e-13
0
0
0
0
0
0
0
0
0
0
0
0
0
0
0
0
0
0
0
0
0
0
0
0
0
0
0
4.6389e-13
0
2.64495e-16
0
0
0
0
0
0
0
0
7.39703e-13
0
9.78696e-16
0
-2.1821e-30
0
-1.39932e-15
0
-1.05772e-14
0
0
0
0
0
0
0
-4.64066e-16
0
0
0
-5.23734e-13
0
0
0
0
0
0
3.16852e-13
0
0
0
0
0
0
0
0
0
-5.88767e-16
7.2535e-16
0
0
0
5.81682e-16
0
0
0
0
0
0
-1.15305e-14
-1.00405e-16
0
7.71816e-13
0
0
4.96274e-13
0
0
1.23931e-15
-3.17685e-15
2.22142e-08
6.79648e-09
0
0
-5.63142e-16
0
0
-1.14664e-15
3.94783e-16
0
0
0
0
0
0
0
0
0
0
6.35381e-17
0
0
0
0
0
-1.97209e-15
0
0
0
0
0
-8.10418e-17
0
0
0
0
0
0
0
1.781e-16
4.75547e-16
0
0
0
0
0
0
0
0
0
0
0
0
0
0
0
5.81825e-16
-1.43836e-15
0
-1.84791e-16
0
0
-8.50612e-15
0
5.79026e-13
0
0
0
-1.53204e-14
-4.25665e-14
0
0
0
0
0
0
3.4231e-16
0
0
0
0
0
0
0
0
0
0
0
0
0
-2.34874e-15
0
0
0
0
0
0
0
0
0
0
0
0
0
0
0
0
0
0
0
0
0
0
0
0
0
0
0
0
0
0
1.13608e-17
0
0
0
0
0
0
0
0
0
0
0
0
0
0
0
0
0
0
0
2.68355e-08
1.47891e-08
0
0
0
0
0
0
0
0
0
0
0
0
0
0
0
-9.50912e-15
0
0
0
0
0
0
-1.84001e-16
1.27805e-15
0
5.06979e-17
0
1.13054e-15
1.06652e-33
0
0
0
0
0
0
0
8.89877e-17
3.43095e-17
0
0
0
-1.40188e-14
5.39679e-13
-8.77691e-15
8.91172e-15
4.08466e-17
0
0
0
0
-6.21826e-16
-1.72599e-16
0
0
0
0
0
0
0
0
0
0
0
0
0
0
-3.41369e-14
0
0
0
0
0
0
0
0
2.28295e-14
3.65177e-17
0
-1.01227e-15
0
1.75301e-13
1.88546e-13
0
0
0
0
0
0
0
0
0
0
0
0
2.75567e-15
-1.32391e-15
0
0
0
0
0
0
0
0
0
3.96006e-15
9.74658e-15
-2.08784e-15
-4.22297e-15
0
0
0
0
0
0
0
0
0
-2.24133e-14
0
0
0
0
0
0
0
0
0
0
0
0
0
0
0
-7.17332e-15
3.04753e-14
0
0
0
0
0
0
2.35432e-16
0
-6.4735e-16
-3.87213e-16
0
2.51177e-15
0
2.03732e-15
0
-3.88737e-15
0
2.06555e-15
0
0
0
0
0
0
0
0
0
0
0
6.2423e-16
4.47528e-16
0
-1.68377e-17
0
0
0
0
0
0
0
0
0
0
0
0
7.75057e-14
-1.77955e-14
0
0
0
0
3.36143e-16
0
0
0
0
0
0
0
0
0
0
0
1.35936e-16
0
-6.72388e-16
0
0
0
0
0
0
-7.13019e-16
1.25034e-15
0
0
0
0
0
0
9.1796e-17
0
1.00675e-12
0
0
0
-1.24483e-16
0
0
0
0
0
0
0
0
0
0
0
0
0
0
0
0
0
0
0
0
0
0
0
0
0
0
-6.31291e-15
0
0
0
0
0
0
0
0
0
0
0
0
-7.49209e-16
0
0
0
0
0
0
0
0
0
0
0
0
0
0
0
0
0
0
0
0
0
0
0
0
0
0
0
0
0
0
0
0
0
2.78074e-17
-1.58877e-17
0
0
0
0
0
0
0
0
0
0
0
1.08966e-15
0
0
0
0
0
0
0
0
0
0
0
0
0
0
0
0
0
3.19797e-14
0
0
-2.42795e-14
0
-1.15086e-15
0
0
5.04902e-17
0
0
0
0
0
0
0
0
0
0
0
0
0
8.72911e-17
2.24551e-16
0
0
0
0
0
0
0
4.8406e-16
7.44613e-16
0
0
-4.23949e-16
-2.10229e-17
0
0
0
0
5.48904e-16
0
0
0
0
0
0
0
0
0
0
0
0
0
0
0
0
0
0
0
0
0
0
0
0
-2.20896e-15
4.57497e-15
0
0
0
0
3.66046e-18
0
0
0
1.84922e-10
0
0
0
0
0
0
0
2.70417e-17
-1.1582e-17
0
0
0
0
0
0
0
0
0
-1.68322e-15
0
0
-9.35248e-16
0
0
0
0
0
0
0
0
0
0
0
0
0
0
0
0
0
0
2.19313e-15
0
0
0
0
0
0
0
0
0
0
0
0
0
0
1.64188e-13
7.31931e-16
-5.9827e-16
0
-5.45525e-31
0
0
0
0
0
0
0
0
0
0
5.08444e-15
0
0
0
0
0
0
0
0
0
5.0442e-16
0
0
0
0
0
0
0
0
-3.62628e-14
0
0
0
0
1.80341e-14
5.75188e-14
1.5123e-08
0
0
0
0
0
0
0
0
0
0
0
0
0
0
0
-1.50237e-14
0
0
8.56022e-13
0
0
0
0
0
0
4.02711e-13
0
0
0
0
0
0
0
0
0
0
0
0
0
0
0
0
0
0
0
0
0
0
0
0
1.51965e-14
0
0
0
-1.04514e-15
2.5168e-14
0
0
0
0
0
0
0
0
0
0
0
0
0
0
0
0
0
0
0
0
1.82247e-14
0
0
0
0
0
-8.7327e-09
8.61635e-17
0
0
0
0
1.56855e-13
0
0
0
0
0
-4.11177e-15
0
0
0
0
0
0
0
0
0
-4.75797e-16
0
0
0
0
-7.70273e-16
0
0
0
0
0
0
0
0
0
0
0
0
0
0
0
0
4.40533e-14
0
0
0
7.95657e-09
0
0
0
0
0
0
0
0
0
0
0
0
0
0
0
0
0
0
0
0
0
0
0
0
0
-6.17945e-16
0
0
0
0
2.02274e-14
0
0
0
0
0
0
0
0
0
0
0
-2.37629e-14
0
0
0
0
0
0
0
0
0
0
0
0
0
0
1.43328e-15
-3.51535e-14
0
0
0
0
-5.53239e-15
-1.03873e-15
0
0
0
0
0
-9.62712e-16
0
0
0
0
0
-4.7796e-17
0
8.74123e-17
1.76353e-16
0
0
0
0
0
0
0
0
0
0
0
0
0
0
0
0
0
0
0
0
0
0
0
0
0
0
0
0
0
0
0
0
0
0
0
-1.04418e-15
0
-1.89957e-14
-1.33338e-14
0
0
0
0
0
0
0
0
0
0
0
0
0
0
0
0
-1.3225e-16
3.54633e-18
0
8.80519e-30
-3.27315e-16
0
0
0
0
0
0
0
0
3.00597e-15
0
0
0
0
0
0
0
0
0
0
0
0
0
2.24612e-16
-3.98194e-16
0
0
2.34565e-13
0
0
0
0
0
0
0
0
0
0
0
0
0
0
0
0
0
0
0
0
0
-4.20543e-16
0
0
0
0
-2.54436e-18
2.79129e-17
9.23918e-16
-3.59794e-14
0
0
0
-1.89206e-14
0
0
0
0
0
1.43787e-13
1.30548e-13
0
0
0
0
0
0
0
0
-9.66066e-15
-6.48368e-13
0
0
0
0
0
7.07621e-16
0
0
0
0
0
0
0
0
0
0
5.4086e-14
0
0
0
0
0
0
0
0
0
0
0
0
0
0
2.41618e-19
0
0
0
0
0
0
0
0
0
0
0
0
0
0
0
0
0
3.26652e-14
0
0
0
0
0
0
0
0
0
0
0
-1.50619e-15
0
0
0
0
0
0
0
0
0
6.3464e-16
0
0
0
0
1.10707e-13
-7.2493e-16
0
0
0
0
1.78382e-09
4.61423e-13
0
0
0
4.74652e-15
0
0
0
0
0
0
0
0
0
0
0
0
0
0
0
0
0
0
0
0
0
0
0
0
0
0
0
0
0
0
0
0
0
0
2.121e-16
0
4.73742e-15
0
1.0319e-16
0
0
0
0
0
0
0
0
0
0
0
0
0
0
0
0
0
0
0
0
0
7.09705e-16
-2.04917e-16
0
0
0
0
0
0
-8.27812e-09
0
-3.90424e-08
0
0
0
0
0
0
0
0
0
-7.28615e-16
0
0
0
0
0
-5.46681e-09
1.1152e-13
2.56603e-15
0
-7.61465e-13
1.82656e-13
0
0
0
0
0
0
0
0
0
0
0
0
0
0
0
-1.04404e-14
0
0
0
0
0
0
0
-9.11006e-16
0
0
0
0
0
0
0
0
0
-2.20215e-15
2.72247e-15
0
-4.37111e-16
0
0
0
0
0
0
0
0
0
0
0
0
0
0
0
0
0
0
1.95992e-14
0
0
-1.11717e-15
0
0
-1.0028e-15
0
0
0
0
0
0
-1.70883e-14
0
0
0
0
2.24292e-14
0
0
0
0
0
0
0
0
0
-1.57391e-15
0
0
0
0
0
0
0
0
0
0
0
0
0
0
0
0
0
0
0
3.53096e-17
0
0
0
5.65351e-15
0
0
0
0
0
0
0
-4.24084e-15
0
0
0
0
0
0
0
3.51033e-14
0
0
0
1.36523e-13
1.31803e-13
0
0
0
0
0
-2.91467e-16
-3.34457e-16
0
0
0
0
0
0
0
0
0
0
0
0
0
0
0
0
0
0
7.14239e-17
-1.98806e-08
0
0
2.4182e-12
0
6.07777e-16
7.35448e-17
5.32657e-17
0
0
0
0
0
0
0
0
0
0
0
0
0
0
0
0
0
0
0
0
0
0
0
0
-2.72836e-16
0
0
0
0
0
0
0
0
0
5.96449e-13
-6.35641e-09
4.13022e-13
0
0
0
0
6.88603e-16
0
0
0
0
0
0
0
0
0
0
0
0
0
0
0
0
0
0
0
0
3.49477e-29
-9.06278e-17
0
0
0
0
0
0
0
0
0
-5.0481e-16
0
6.48752e-16
4.38465e-15
0
0
0
0
0
0
0
0
0
0
0
0
4.05443e-18
4.43901e-18
0
0
0
0
0
0
0
0
0
0
0
0
0
0
0
0
0
0
0
-5.34451e-16
0
3.22232e-17
0
0
-2.24774e-16
0
0
0
0
0
0
0
0
0
-1.02482e-15
-3.01461e-14
0
0
-3.0526e-13
0
0
0
-1.3905e-12
-1.62772e-15
0
0
0
0
0
4.70705e-13
-5.87971e-09
-4.23938e-15
0
0
0
-2.14365e-16
1.81304e-15
0
0
0
-6.52597e-13
0
0
0
0
0
0
0
0
0
0
0
0
0
-1.9776e-14
0
6.94857e-16
3.34027e-16
-1.73954e-08
6.2466e-13
0
0
0
-1.71419e-16
0
0
0
0
0
0
0
-3.86277e-16
0
3.80676e-16
0
0
0
1.20986e-14
-4.05373e-16
0
0
1.17549e-13
0
-6.68991e-15
5.07353e-15
0
3.26813e-14
0
0
0
0
0
-5.83506e-13
0
0
0
0
0
0
0
0
0
0
0
0
0
0
0
0
0
0
0
0
0
0
0
0
0
0
1.51722e-14
-2.99673e-15
0
0
0
0
0
0
0
0
-2.88677e-14
0
0
-1.34117e-16
0
-1.55431e-13
0
-1.69122e-14
-3.41005e-17
0
0
0
0
1.33605e-08
8.38914e-09
0
-3.16617e-16
0
0
0
0
9.99206e-16
0
0
0
0
0
-6.34483e-15
-3.02472e-13
0
0
1.04167e-08
0
0
0
0
0
0
0
0
0
0
0
-3.18491e-14
0
0
0
0
0
0
0
0
0
0
0
0
0
0
0
0
8.79631e-09
6.49472e-16
-1.98637e-14
-2.13471e-13
3.13232e-14
0
1.25134e-16
0
0
0
0
0
0
0
0
0
0
0
0
0
3.32345e-16
0
1.15885e-14
0
0
0
0
0
0
0
0
0
0
-8.53588e-09
0
0
0
0
0
0
0
-6.34908e-13
0
0
0
0
0
0
0
0
0
0
0
0
0
0
0
0
-6.36107e-14
0
0
0
0
-4.64422e-16
0
0
0
2.46635e-12
0
0
0
0
0
0
0
0
0
0
0
0
8.58767e-15
0
0
0
0
0
0
-4.13139e-16
0
0
8.51692e-16
0
0
0
0
1.52635e-15
3.13826e-16
0
0
0
0
0
0
0
0
0
0
0
0
0
0
0
0
0
0
0
0
0
0
0
0
0
0
0
0
0
0
0
0
0
0
0
0
0
0
0
0
0
0
0
1.41775e-08
7.15719e-13
0
0
-2.09903e-17
0
0
0
0
0
0
0
0
0
0
0
1.34626e-15
0
0
1.79347e-16
0
0
0
0
0
0
0
0
0
1.41119e-13
8.59523e-14
0
0
0
0
-2.1885e-30
0
0
0
0
0
0
0
0
0
0
0
-9.31371e-13
0
0
0
0
0
0
0
0
-7.80963e-13
4.94884e-13
0
0
0
7.80549e-16
4.47685e-09
0
0
-2.46991e-09
0
-8.61461e-11
5.58328e-13
-2.07907e-15
0
0
0
0
0
0
0
0
0
1.7026e-14
4.89659e-16
0
0
-1.55352e-09
0
0
0
0
0
3.84091e-14
-3.48443e-17
0
0
0
0
0
0
0
0
0
0
0
-1.46632e-08
0
0
-1.23262e-16
0
0
-4.34057e-16
0
0
0
0
0
-6.34114e-13
0
0
0
0
0
0
0
0
0
0
0
0
0
0
0
0
0
0
0
0
0
0
0
0
0
0
0
0
0
0
6.80841e-17
1.14346e-16
2.34674e-16
0
0
2.74095e-15
0
0
0
0
0
0
-1.88689e-15
0
0
0
0
0
5.27989e-15
-1.72698e-13
1.54701e-19
-3.09489e-14
3.21534e-14
0
0
0
0
2.7221e-13
-2.83049e-09
0
0
0
0
0
0
0
0
0
0
-4.86382e-17
0
0
0
0
0
0
1.30833e-08
0
0
0
0
-7.05501e-15
9.89206e-17
0
0
0
0
0
0
4.12551e-15
0
0
0
3.92508e-09
0
0
1.13814e-15
0
0
0
0
0
0
0
0
0
0
1.36515e-31
0
0
0
0
1.06099e-15
2.47813e-14
-8.60628e-16
-5.01037e-16
0
0
0
0
0
-9.85051e-16
0
0
0
0
0
0
0
-5.68642e-16
0
0
0
0
0
-2.45721e-15
0
0
0
0
0
0
0
0
0
0
8.58927e-14
0
0
0
-2.78782e-16
0
0
-4.11748e-15
1.69714e-14
0
0
0
0
0
0
0
-1.93656e-14
-1.91373e-14
0
2.69648e-16
0
0
0
0
0
0
0
0
5.50515e-13
2.08987e-09
-1.2606e-15
0
0
0
0
0
0
0
0
0
0
0
0
0
0
0
0
0
0
0
0
0
0
0
0
0
0
0
7.63838e-17
-2.0655e-16
0
0
-1.59978e-33
0
0
0
0
0
0
0
0
0
0
0
0
0
0
0
0
0
0
0
0
0
0
0
0
0
0
0
0
0
0
0
0
0
0
0
0
0
0
0
0
0
0
0
0
0
0
-1.0081e-19
1.43848e-17
0
0
-1.23851e-15
0
0
2.03425e-15
6.39612e-14
0
8.98138e-15
-6.35167e-16
0
0
0
0
0
0
1.13013e-15
0
0
0
0
1.09613e-15
0
0
0
0
0
0
0
0
0
0
0
9.56051e-16
0
0
0
0
0
0
0
0
0
0
4.04977e-15
-1.58528e-15
0
0
0
0
1.65073e-17
-2.11342e-08
0
0
0
0
0
4.97121e-15
0
0
0
0
0
0
0
0
0
0
0
0
0
0
0
0
0
0
0
0
0
5.84797e-15
0
0
0
1.30877e-13
0
0
0
0
-1.19881e-15
0
0
0
0
0
0
0
0
0
0
0
0
0
0
0
3.84097e-14
0
0
-1.69284e-16
0
0
-7.99656e-09
2.82988e-13
-1.71744e-08
0
0
0
0
-4.3013e-18
0
0
-3.00079e-15
0
0
0
3.69009e-16
-3.8203e-16
2.12744e-16
0
0
-1.36934e-08
0
0
0
0
0
0
0
0
0
0
1.74568e-29
-8.46991e-15
0
-2.74013e-15
0
0
0
0
0
0
0
0
0
0
0
0
0
0
0
0
1.49759e-08
0
0
0
4.11114e-16
0
-1.72782e-13
6.97452e-09
0
0
1.33279e-18
3.82433e-14
5.00973e-15
1.3774e-08
0
0
0
0
5.26541e-09
0
0
0
0
1.02635e-13
7.97005e-14
1.11207e-08
0
1.4785e-16
0
0
0
0
0
3.42296e-14
-8.43152e-15
4.56517e-14
0
0
0
-2.70682e-10
0
0
0
-1.11363e-15
-1.94255e-16
0
0
0
2.82507e-15
0
0
0
0
0
0
0
0
0
0
0
0
0
6.87112e-14
-2.15499e-08
0
8.64717e-17
0
0
-1.44188e-08
5.01954e-15
0
-1.6402e-15
0
0
0
0
0
0
0
0
1.93154e-14
-2.21321e-08
-1.06581e-15
-9.99003e-17
0
-4.47457e-12
3.68665e-13
0
0
0
0
2.04713e-15
0
0
0
0
-3.37815e-16
0
0
0
0
0
0
2.40978e-15
0
0
0
0
8.17872e-17
0
0
0
0
0
-5.34072e-16
1.57585e-15
2.18696e-13
1.65919e-13
0
0
0
0
0
0
-3.58856e-16
0
0
0
0
-1.48909e-15
0
1.56264e-16
0
0
8.52191e-14
0
0
0
0
0
0
-9.85066e-17
0
0
4.72813e-15
0
0
0
0
0
0
0
0
0
0
0
0
0
0
0
0
0
0
-2.79399e-16
0
0
0
1.18464e-17
8.69949e-17
0
0
0
0
0
0
0
0
-6.71729e-16
0
1.10871e-13
0
1.56331e-14
0
-1.88325e-13
0
-1.60803e-13
0
0
0
1.58659e-16
0
0
0
0
0
0
0
0
-2.72722e-15
0
0
-2.18473e-13
0
0
0
0
0
0
0
0
0
0
-5.71348e-16
0
8.7177e-16
-4.25246e-16
0
0
1.48189e-15
4.9011e-16
0
0
0
2.12174e-13
2.37003e-13
0
0
0
0
0
3.92792e-15
1.60596e-14
0
0
0
0
0
0
0
0
0
0
0
0
0
0
0
0
0
0
0
0
0
0
0
0
0
0
0
0
-1.42569e-08
0
2.04971e-16
0
-1.4829e-14
0
0
0
0
0
0
0
0
4.17847e-16
0
0
0
0
0
0
0
0
0
0
0
0
2.52219e-08
2.48567e-16
0
-2.04732e-15
0
0
3.82574e-14
2.18818e-14
0
-1.86632e-16
0
0
0
0
0
0
-8.22272e-15
0
0
0
0
0
0
0
0
0
0
0
0
0
0
6.78558e-15
-3.77223e-17
0
0
-4.891e-15
0
0
-1.55335e-13
0
0
0
0
0
0
0
5.30068e-16
0
0
0
0
0
0
0
0
-2.76134e-14
0
0
0
0
0
-8.1035e-09
0
0
0
0
0
0
0
0
0
0
0
0
0
0
0
0
0
0
0
0
0
0
0
0
0
0
0
0
0
4.38553e-17
-1.08185e-13
2.56489e-16
-7.50759e-14
0
0
0
0
0
1.61618e-15
8.12432e-14
0
0
0
0
0
0
0
-1.90109e-13
3.23834e-16
-6.08641e-16
0
0
0
-3.06342e-14
0
0
0
0
0
0
0
0
0
0
0
0
-2.15011e-30
0
0
7.5264e-13
0
0
0
0
0
0
0
0
0
0
0
0
0
0
0
0
1.58423e-16
0
0
0
0
0
0
0
0
0
0
0
-1.65329e-14
0
0
0
0
0
-3.95288e-15
2.91466e-15
0
0
0
0
1.57484e-15
0
0
0
0
5.46829e-13
-6.50714e-09
0
0
0
0
-1.05557e-13
0
7.11602e-15
-9.1242e-15
-1.45511e-14
0
0
0
0
0
4.598e-17
4.01876e-15
0
1.42832e-15
1.5468e-16
0
0
5.62295e-14
6.68071e-14
0
0
0
0
0
-7.92095e-17
0
0
0
0
0
0
0
0
0
0
0
0
0
0
0
-5.93815e-16
0
0
0
0
0
0
0
0
-1.59649e-16
5.57836e-16
0
0
0
-3.821e-15
3.33423e-15
-1.26976e-16
0
0
0
0
5.00717e-15
0
0
0
0
0
0
0
0
0
0
0
0
0
0
3.10312e-14
0
1.72975e-16
0
0
0
0
5.33441e-15
-2.03224e-15
0
0
0
0
0
0
0
-6.35984e-14
0
0
0
-1.87828e-16
0
0
0
0
-1.32315e-13
-4.03114e-12
0
0
0
0
0
0
0
0
0
0
0
0
0
0
0
-1.32431e-13
0
0
0
0
1.12064e-16
0
0
0
0
0
0
0
0
0
0
0
0
0
0
0
0
1.23029e-13
0
-1.28822e-13
-7.28085e-16
0
0
3.63512e-16
0
0
0
0
0
0
0
0
0
0
-2.56866e-13
0
0
0
0
0
0
0
0
0
0
1.45732e-14
4.00505e-15
0
0
-3.90669e-18
0
-1.75775e-13
1.01444e-13
0
0
0
-1.07878e-15
0
0
2.26789e-16
0
0
0
0
0
0
0
0
0
-1.18925e-15
-1.69952e-15
0
0
0
0
0
1.59274e-13
0
0
0
0
0
0
0
-7.13746e-17
0
0
0
0
0
0
-6.54516e-16
-6.46785e-16
0
0
3.37258e-16
0
-2.07566e-08
0
-2.59341e-16
0
0
0
0
0
0
4.36112e-14
0
0
0
0
0
0
0
0
0
0
0
0
0
0
1.29649e-14
0
0
0
0
0
0
0
0
0
0
-9.35255e-17
-1.03589e-16
0
0
0
0
0
0
0
0
0
0
0
0
3.30537e-14
0
0
0
0
-2.57851e-14
-2.09329e-14
0
0
0
1.77746e-13
0
1.86002e-15
-1.18261e-14
-4.00867e-18
-1.60405e-13
0
0
8.28217e-15
0
0
1.55941e-16
2.33624e-15
-8.15432e-17
0
1.02493e-13
0
-1.42849e-15
0
0
0
0
0
0
0
0
0
0
0
1.51143e-16
0
-2.03835e-15
0
0
0
-2.65333e-15
2.30451e-15
0
0
0
0
-3.09993e-15
0
-2.48278e-15
0
0
0
0
0
0
0
0
4.36792e-16
-9.98092e-14
0
0
0
-2.20983e-30
0
0
-6.19619e-16
0
0
0
0
1.30253e-13
0
0
8.56891e-17
0
0
0
0
0
2.2987e-16
0
0
0
0
0
0
1.26228e-13
0
-4.39973e-17
0
1.00167e-15
0
0
0
-8.16442e-15
0
0
0
7.94146e-16
-1.74681e-15
0
0
0
0
0
0
0
0
0
-1.32134e-13
0
1.17819e-16
0
6.31727e-15
0
0
0
0
8.35234e-14
0
-1.19057e-13
0
0
2.42805e-15
0
0
0
0
0
0
0
0
0
2.03009e-14
0
0
6.42483e-16
-5.26983e-16
0
0
-1.40367e-16
0
0
0
0
0
1.56193e-13
2.1338e-16
0
0
0
-3.67518e-16
0
0
0
1.8788e-13
0
0
0
0
1.19868e-16
0
0
0
0
0
0
0
0
1.08136e-15
0
0
-6.83399e-16
0
0
0
0
0
9.78096e-15
0
0
0
0
3.40688e-13
1.40807e-14
0
0
0
0
0
0
0
6.71034e-16
4.50002e-16
0
0
-5.30822e-17
0
0
0
0
0
0
-3.28653e-17
0
0
0
0
0
0
0
0
0
-8.07754e-17
0
0
0
0
0
0
9.76346e-15
0
0
0
0
1.21482e-13
0
0
0
0
-9.96252e-17
0
0
0
-4.34848e-13
0
0
0
0
0
-1.67785e-13
0
-1.30925e-13
0
0
0
0
0
0
5.50015e-17
0
0
0
0
-2.68214e-14
0
-3.52568e-16
-1.15506e-18
0
0
0
2.13173e-17
0
-2.13827e-15
0
0
0
0
0
0
-2.29066e-13
0
4.63892e-14
9.08382e-16
3.78403e-16
0
0
9.38664e-15
0
1.06295e-13
-1.14115e-13
0
0
0
-1.2535e-15
1.47005e-13
-1.82049e-16
-1.6696e-13
-1.69018e-16
0
0
0
0
3.20406e-16
0
0
0
0
0
0
0
-2.23898e-18
0
0
0
-1.06298e-13
0
0
0
0
0
0
3.13419e-16
-3.54012e-15
0
0
0
0
0
0
0
-8.20994e-16
8.11516e-17
0
0
0
0
0
0
0
5.54643e-17
3.65711e-18
0
0
0
-1.88009e-13
0
0
0
0
0
0
0
0
1.758e-13
0
0
0
0
0
0
0
0
0
1.13895e-16
0
-7.70422e-14
0
0
0
7.97574e-16
0
0
0
0
0
0
0
0
9.32407e-16
0
0
-1.95006e-13
-9.3407e-15
4.14064e-15
0
0
0
0
0
0
0
0
1.09799e-14
0
0
0
0
0
3.81534e-15
4.03492e-15
-4.02807e-16
0
0
0
0
0
0
0
0
-2.1486e-15
0
0
0
0
0
0
0
0
0
0
0
-2.09045e-15
1.14183e-16
0
-1.27535e-08
0
0
4.33511e-16
0
0
0
0
0
0
-2.70999e-15
0
0
0
0
-1.65638e-14
0
0
0
0
0
8.13549e-14
0
0
0
0
0
0
0
-1.05567e-15
0
0
0
0
0
0
0
3.68587e-14
0
0
0
0
0
0
0
0
1.9775e-13
1.61773e-13
0
-1.7491e-13
-1.27744e-16
0
0
0
0
0
0
0
0
0
0
0
0
0
3.9567e-16
0
0
0
0
0
0
1.15949e-15
0
0
0
0
0
1.76134e-14
-1.45056e-13
8.32165e-16
4.55803e-15
0
0
1.34426e-13
0
-3.48693e-15
0
0
0
0
0
0
0
0
0
0
0
0
0
0
0
0
0
0
0
1.09646e-08
0
0
0
0
3.77657e-14
0
0
0
0
-3.5101e-16
3.07567e-16
0
0
0
-1.36988e-14
0
0
4.44828e-14
3.64166e-16
1.2537e-16
0
0
0
0
0
0
0
0
0
-3.36703e-16
0
1.45949e-13
0
0
0
0
8.6771e-15
0
0
0
0
0
0
0
0
0
-1.81965e-13
0
8.48282e-17
0
0
0
0
0
5.86265e-18
0
0
1.7436e-13
0
0
0
0
0
0
-2.04772e-31
0
0
0
0
0
-1.14683e-13
0
6.96778e-19
0
0
0
0
0
0
3.55804e-14
0
0
0
-1.422e-13
0
0
1.21656e-13
2.34256e-16
0
2.22399e-15
7.5836e-15
-3.46464e-16
-2.09716e-13
5.84549e-17
0
0
0
0
0
0
0
0
0
0
0
9.93096e-14
0
0
0
1.2092e-15
0
0
0
0
1.09749e-14
0
0
-4.25713e-16
0
0
0
0
0
-3.94824e-15
0
0
0
3.10692e-16
0
0
-2.05437e-17
0
0
0
4.99645e-16
0
0
3.28284e-16
0
0
0
0
0
-2.51931e-16
0
0
)
;

boundaryField
{
    frontback
    {
        type            empty;
        value           nonuniform List<scalar> 0();
    }
    topbottom
    {
        type            calculated;
        value           uniform 0;
    }
    outlet
    {
        type            calculated;
        value           nonuniform List<scalar> 0();
    }
    inlet
    {
        type            calculated;
        value           uniform 0;
    }
    walls
    {
        type            calculated;
        value           nonuniform List<scalar> 
135
(
-5.60469e-08
-2.67139e-08
-4.87136e-08
4.2428e-08
-5.29041e-08
-2.77615e-08
-4.55708e-08
1.72855e-08
-6.65229e-08
-7.1761e-08
1.30951e-08
1.83331e-08
-1.93807e-08
-1.41427e-08
-3.82376e-08
-5.70945e-08
-6.23325e-08
-5.18565e-08
-4.7666e-08
-2.35711e-08
-8.11894e-08
-7.59514e-08
-4.2428e-08
-2.88091e-08
-9.95225e-09
-3.40472e-08
-4.71422e-09
-5.23803e-10
3.66662e-09
8.90464e-09
2.25235e-08
2.77615e-08
3.1952e-08
3.719e-08
4.13804e-08
4.66184e-08
5.08089e-08
1.20475e-08
4.03328e-08
2.35711e-08
3.09044e-08
2.88091e-08
4.97612e-08
3.29996e-08
2.14759e-08
1.93807e-08
1.41427e-08
7.85704e-09
2.61901e-09
5.23802e-10
2.67139e-08
-1.09999e-08
-3.66662e-09
-1.57141e-09
4.71422e-09
-2.04283e-08
-5.76183e-09
-1.51903e-08
-2.46187e-08
-2.98567e-08
1.09999e-08
3.92852e-08
2.46187e-08
2.98567e-08
3.50948e-08
-3.719e-08
4.34756e-08
4.87136e-08
2.04283e-08
-4.13804e-08
-3.92852e-08
1.51903e-08
5.39517e-08
6.80943e-09
1.57141e-09
-1.20475e-08
-2.61901e-09
-3.29996e-08
-4.34756e-08
-2.14759e-08
-6.80943e-09
-3.1952e-08
-1.62379e-08
-2.56663e-08
-3.09044e-08
-6.12849e-08
-3.61424e-08
-4.03328e-08
-6.54753e-08
-6.33801e-08
-4.45232e-08
-6.75705e-08
-4.97612e-08
-7.49038e-08
-5.39517e-08
-7.6999e-08
2.56663e-08
-6.02373e-08
-8.01418e-08
-6.44277e-08
-6.86181e-08
-7.90942e-08
-7.38562e-08
-8.2237e-08
-7.80466e-08
-1.83331e-08
-7.07134e-08
-2.25235e-08
-5.81421e-08
-8.32846e-08
4.7666e-08
1.62379e-08
9.95225e-09
-1.30951e-08
-5.08089e-08
-7.85704e-09
-4.66184e-08
5.49993e-08
4.55708e-08
-1.72855e-08
3.82376e-08
4.45232e-08
5.76183e-09
-3.50948e-08
-6.96657e-08
3.40472e-08
-8.90464e-09
-5.91897e-08
-5.49993e-08
5.29041e-08
3.61424e-08
9.95225e-09
-7.28086e-08
5.18565e-08
8.90465e-09
)
;
    }
    procBoundary0to1
    {
        type            processor;
        value           nonuniform List<scalar> 
104
(
-1.10864e-14
0
0
0
0
0
0
0
2.82296e-13
0
3.84355e-16
0
0
0
0
0
0
0
2.58829e-16
0
-4.68082e-15
0
0
-6.05841e-16
6.17229e-15
8.33365e-17
0
0
0
0
0
0
1.01951e-15
0
0
0
0
0
0
0
0
0
0
0
0
0
0
0
-1.8171e-15
0
1.1579e-15
0
0
0
0
0
4.48288e-16
0
0
0
0
0
0
0
0
0
0
-1.22473e-12
0
0
0
0
0
0
0
0
0
1.82387e-15
0
0
0
0
0
0
0
0
0
0
0
0
0
0
0
-3.08658e-15
0
0
0
0
0
-1.42293e-08
0
0
0
0
)
;
    }
    procBoundary0to2
    {
        type            processor;
        value           nonuniform List<scalar> 
83
(
-4.21763e-15
-8.36332e-15
0
1.07425e-15
0
-9.12364e-13
0
0
-6.79624e-15
-2.34012e-16
1.16974e-14
0
0
-4.80443e-16
8.34526e-16
2.39445e-16
0
-7.38484e-16
0
1.8684e-14
1.23206e-15
1.53519e-15
0
-2.80771e-15
1.72119e-15
2.45716e-16
0
0
0
0
-3.26967e-14
0
9.86121e-15
0
0
1.38055e-15
0
-7.61138e-17
0
0
-2.07734e-15
-3.05464e-14
0
0
0
-2.84239e-16
5.23545e-16
-2.14499e-14
0
2.90102e-14
8.88577e-15
-4.40065e-15
4.03452e-15
6.43853e-15
0
8.41254e-15
3.38963e-16
7.65177e-16
0
0
0
-1.4577e-14
-2.95319e-08
1.02098e-14
0
6.80968e-16
0
-2.09858e-15
-9.12459e-16
0
0
-1.13057e-15
0
0
8.89062e-16
-1.26294e-15
0
-3.35192e-15
-4.73477e-16
2.2819e-14
1.724e-16
0
-1.99214e-16
)
;
    }
}


// ************************************************************************* //
