/*--------------------------------*- C++ -*----------------------------------*\
| =========                 |                                                 |
| \\      /  F ield         | OpenFOAM: The Open Source CFD Toolbox           |
|  \\    /   O peration     | Version:  v2012                                 |
|   \\  /    A nd           | Website:  www.openfoam.com                      |
|    \\/     M anipulation  |                                                 |
\*---------------------------------------------------------------------------*/
FoamFile
{
    version     2.0;
    format      ascii;
    class       surfaceScalarField;
    location    "400";
    object      meshPhi;
}
// * * * * * * * * * * * * * * * * * * * * * * * * * * * * * * * * * * * * * //

dimensions      [0 3 -1 0 0 0 0];
oriented        oriented;


internalField   nonuniform List<scalar> 
20537
(
0
0
0
-3.98623e-15
7.00183e-16
-3.34524e-30
0
0
0
0
0
0
0
0
0
0
0
0
0
0
0
0
0
0
0
0
0
0
0
0
0
0
0
0
0
0
-8.11603e-16
1.55322e-15
0
-1.12521e-16
-2.26455e-15
1.50685e-16
0
0
0
0
0
0
0
0
0
0
1.45747e-14
-1.96041e-14
0
0
0
0
0
0
0
0
0
0
0
0
0
0
0
0
0
0
0
0
0
0
2.48806e-07
1.08878e-11
0
0
0
0
0
0
0
0
0
0
0
0
0
0
0
0
0
0
0
0
0
0
0
0
0
0
0
0
0
0
0
0
0
0
0
-1.15891e-11
-2.48524e-15
-9.12774e-12
0
-7.98582e-16
2.98848e-15
-9.75086e-14
-3.59646e-14
-2.15431e-16
2.34121e-16
0
0
0
0
0
0
0
0
0
0
0
0
0
4.72856e-15
-1.3798e-15
0
0
0
2.24961e-17
-4.78054e-12
-1.42365e-11
0
0
0
0
0
0
0
0
0
0
0
-2.39466e-17
1.18875e-15
2.9378e-17
0
0
0
0
0
0
0
0
0
0
0
0
0
-1.27906e-15
1.6425e-15
0
0
0
0
0
0
0
0
0
7.43104e-18
-4.37418e-17
0
0
0
0
0
2.59111e-12
1.93625e-14
-4.55807e-12
0
0
0
6.5752e-16
2.29397e-16
0
0
0
0
0
0
0
0
0
0
-3.42456e-12
0
-1.72988e-12
0
0
0
-2.60764e-14
-2.0005e-12
0
0
0
0
0
0
0
0
0
0
0
0
0
0
-3.81052e-15
9.06779e-16
0
0
0
0
0
0
0
0
0
0
0
0
0
0
0
0
0
-2.85243e-17
0
0
0
0
0
0
0
0
1.54573e-15
-9.67469e-16
0
0
0
0
0
0
0
1.42786e-15
3.97842e-17
-1.13524e-17
0
0
0
0
0
0
0
0
0
0
0
0
0
0
0
0
0
0
0
0
0
0
0
0
0
0
0
0
0
0
0
0
0
0
0
1.03788e-16
-1.67418e-16
0
0
0
0
0
0
0
0
0
0
0
5.75996e-12
-3.46241e-11
0
0
3.97566e-15
0
-8.20907e-16
0
0
0
0
0
0
0
0
0
0
0
0
0
0
0
0
0
0
0
0
-1.16702e-13
0
0
0
2.64479e-14
0
0
0
0
0
0
0
0
-3.40556e-16
2.04659e-15
0
0
-9.18599e-17
-2.64165e-15
-1.87324e-15
-8.29674e-16
0
0
0
0
0
0
0
0
0
0
0
0
6.78497e-14
0
0
0
0
0
0
0
0
-5.38482e-16
0
0
0
0
0
7.03103e-17
-1.48448e-16
0
0
0
0
0
0
0
0
0
0
0
0
0
0
0
0
0
0
0
0
0
0
0
-1.04592e-15
-3.6005e-16
0
0
0
0
0
0
0
0
0
0
0
0
0
0
0
0
0
-7.51961e-12
4.9115e-13
0
0
0
0
0
0
0
0
0
0
0
0
0
0
0
0
0
0
0
0
0
0
0
0
0
0
0
0
0
0
0
0
0
0
0
0
0
0
0
0
0
0
0
1.12377e-14
-7.43532e-15
-6.41068e-16
-3.12982e-17
0
2.06125e-15
0
0
0
0
0
0
0
0
0
0
0
0
0
0
0
0
0
0
0
0
0
0
0
0
0
0
0
0
0
0
0
0
0
0
0
0
0
0
0
0
0
0
0
0
0
0
0
0
0
0
0
0
0
1.80475e-16
0
4.0736e-16
0
0
0
0
0
0
0
0
0
0
0
0
1.1647e-15
-1.67731e-16
0
0
0
0
0
0
0
0
0
0
0
0
0
0
0
0
0
0
0
0
0
0
0
0
0
0
0
0
0
0
0
0
0
0
0
0
0
0
0
0
0
0
0
0
0
0
0
0
0
0
0
0
0
0
0
0
0
0
0
0
0
0
0
0
0
0
0
0
0
0
0
0
0
0
0
0
0
0
0
0
0
0
0
0
0
0
0
0
0
0
0
0
0
0
-1.08688e-14
-2.77819e-15
0
0
1.57011e-11
-1.11798e-07
-3.07827e-07
0
0
0
0
0
0
0
0
0
0
0
0
0
0
-3.46362e-16
2.61347e-32
0
0
0
0
0
0
0
0
0
0
0
0
0
0
0
0
0
0
0
0
0
0
0
0
0
0
0
0
0
0
0
0
0
0
0
0
0
0
0
0
0
0
0
0
0
0
0
0
0
0
0
0
0
0
0
0
0
0
0
0
0
0
0
0
0
0
0
0
0
0
0
0
0
0
0
0
-2.08702e-15
0
0
0
0
0
0
0
0
0
0
0
0
0
0
0
0
0
0
0
0
0
0
0
0
0
0
0
0
0
0
-2.38128e-15
0
0
0
0
0
0
0
0
0
0
0
0
0
0
0
0
0
0
0
0
0
0
0
0
0
0
0
0
0
1.4473e-12
1.22726e-11
0
0
0
0
0
0
0
0
0
0
0
0
0
0
0
0
0
0
0
0
0
0
0
-3.24367e-17
-6.33757e-17
1.3096e-16
0
-1.35135e-15
0
0
0
0
0
0
-3.09586e-16
1.04538e-15
0
0
0
0
0
0
0
0
0
0
0
0
0
0
0
0
0
0
1.74215e-16
0
7.35647e-17
0
0
0
0
0
0
0
0
0
0
-2.18551e-15
-2.05011e-15
0
0
0
0
0
-6.4923e-17
3.13412e-17
0
0
-2.45597e-16
-7.13829e-17
0
0
0
0
0
0
0
0
0
0
0
-9.93039e-16
-7.6462e-16
4.87263e-16
-1.3331e-15
0
0
0
0
0
0
0
0
0
0
0
0
0
0
-1.51285e-16
-4.15273e-17
0
0
0
0
0
0
0
0
0
0
-4.1017e-17
0
0
0
0
0
0
0
0
-2.026e-15
0
2.87487e-17
0
0
0
0
0
0
0
0
0
0
0
0
0
0
0
0
0
0
0
0
0
0
0
0
0
0
2.13245e-15
-3.42643e-17
0
0
0
0
0
0
0
0
0
0
0
0
0
0
1.11231e-14
7.95515e-14
0
0
0
0
0
0
0
0
0
0
0
0
0
0
0
0
0
0
0
0
0
0
0
0
0
0
0
0
0
-1.34281e-15
0
0
0
0
0
0
0
0
0
0
0
0
0
0
0
0
0
0
-4.3137e-15
0
0
0
0
0
0
0
0
0
0
0
0
0
0
0
0
0
0
0
0
0
0
-1.79252e-12
0
0
0
0
0
0
0
0
0
0
0
0
0
0
0
0
0
0
0
0
0
0
0
0
0
0
0
0
0
0
0
0
-8.85487e-17
1.67367e-15
0
0
0
0
0
0
0
0
0
0
0
0
0
0
0
0
0
0
0
0
1.71027e-16
-3.29196e-15
1.11726e-30
0
0
0
0
0
-1.27283e-15
2.32167e-16
0
0
0
0
0
0
0
0
0
0
0
0
0
0
0
0
0
0
0
0
0
0
0
0
0
0
0
0
0
0
0
0
0
0
0
0
0
0
0
0
0
0
0
0
0
0
0
0
0
0
0
0
0
0
0
0
3.12938e-17
-1.831e-17
0
0
0
0
0
0
0
0
0
0
0
0
3.5514e-16
-2.0249e-16
0
0
0
6.63711e-14
0
0
0
0
0
0
0
0
0
6.61372e-17
-8.61877e-17
0
0
0
1.07529e-11
-3.08179e-11
0
0
0
0
0
0
0
0
0
0
0
0
0
0
0
0
0
0
0
0
0
0
0
0
0
0
0
0
0
0
0
0
0
0
0
0
0
0
0
0
0
0
0
0
0
0
0
0
0
0
0
0
0
0
0
0
5.05778e-17
-2.40501e-16
0
0
0
0
0
0
0
0
0
0
0
0
0
-3.74564e-16
2.5725e-16
0
0
0
0
0
0
-4.02119e-16
0
2.8194e-15
0
0
0
1.69197e-15
0
0
0
0
0
0
0
0
0
0
0
0
0
0
0
0
0
0
0
0
0
0
0
0
0
0
0
-6.58718e-15
2.30917e-16
0
0
0
-3.67808e-17
1.16372e-15
-1.6269e-16
7.87714e-17
0
0
0
0
0
0
0
0
0
0
0
0
0
0
0
0
0
0
0
0
0
0
0
0
0
0
0
0
0
0
0
0
0
-4.8749e-15
0
0
0
0
0
0
0
0
0
0
0
0
4.57812e-16
-6.14464e-16
0
0
0
0
0
0
0
0
0
0
0
0
0
0
0
0
0
0
0
0
0
0
0
0
0
0
0
0
0
0
0
0
0
0
0
0
0
0
0
0
0
0
-9.60277e-16
1.12113e-15
0
0
3.23945e-16
0
0
-2.40518e-16
7.47803e-17
0
0
0
-1.8127e-12
-1.21306e-12
0
0
0
0
0
0
0
0
0
0
0
0
0
0
0
0
0
0
0
0
0
0
0
0
0
0
0
0
0
0
0
0
0
0
0
0
0
0
0
0
0
0
0
0
0
0
0
0
0
0
0
0
0
0
0
0
0
0
0
0
0
0
0
0
0
0
0
0
0
0
0
0
6.12931e-16
-1.29283e-15
0
0
0
0
0
0
0
0
0
0
0
0
0
0
0
1.05201e-16
-1.6785e-16
0
0
0
0
0
0
0
0
0
0
0
0
0
0
0
0
0
0
0
0
0
0
0
0
0
0
0
-2.82305e-15
5.79239e-16
2.38183e-15
0
0
0
0
0
0
0
0
0
0
0
0
0
0
0
0
0
0
0
0
0
0
0
0
0
0
0
0
0
0
0
5.40429e-17
1.86207e-16
-3.01784e-16
0
0
0
0
0
0
0
0
0
0
0
0
-2.55235e-17
1.00935e-17
0
0
0
0
0
0
0
0
0
0
0
0
0
0
0
0
0
0
0
0
0
0
7.61998e-17
0
0
0
0
0
0
0
0
0
0
0
0
0
0
0
0
0
0
0
6.95836e-31
-1.61128e-16
-7.90135e-17
0
0
8.71156e-33
0
0
0
0
0
0
1.82438e-15
5.19455e-15
0
0
0
0
0
0
0
0
0
-2.42327e-16
0
9.67502e-15
0
4.9854e-17
0
0
0
0
0
0
0
0
0
0
0
0
0
0
0
0
0
0
0
0
0
0
-1.11399e-30
1.10793e-15
0
0
0
0
0
1.24588e-13
1.30661e-13
1.11393e-11
-3.23361e-11
5.26045e-12
0
0
0
0
0
0
0
0
0
0
0
0
0
0
0
0
0
0
1.44242e-15
0
0
0
0
0
0
0
0
0
0
0
0
0
0
0
0
0
0
0
0
0
0
0
0
0
0
0
0
0
0
0
0
0
0
0
0
0
0
0
0
0
0
0
0
0
0
0
0
0
0
0
0
0
0
0
0
0
0
0
0
0
0
0
0
0
0
0
0
0
0
0
0
0
0
0
0
0
0
0
0
0
0
0
0
0
-1.87419e-15
0
0
0
0
0
0
0
0
0
0
0
0
0
0
0
0
0
0
0
0
0
0
0
1.23644e-15
0
0
0
0
0
0
0
0
0
0
0
0
0
0
0
0
0
0
0
0
0
0
0
0
0
0
0
-2.19479e-15
-1.8033e-15
0
-4.18496e-16
2.02249e-15
0
0
0
0
0
0
0
0
0
0
0
0
1.0077e-16
1.13669e-15
0
0
0
0
0
0
0
0
0
0
0
0
0
0
0
0
-1.43246e-11
9.66058e-13
0
0
0
0
0
1.19665e-15
1.70727e-12
0
9.13804e-13
0
0
0
0
0
0
-1.01672e-15
-6.54285e-12
0
0
0
0
0
0
0
0
0
0
0
0
0
0
0
0
0
0
0
0
1.73966e-16
-8.35526e-17
0
0
0
0
5.62592e-14
0
0
0
0
0
-5.13055e-17
0
0
2.5971e-16
0
0
0
0
0
0
0
0
0
0
0
3.99053e-15
-2.57223e-16
-1.29112e-15
0
0
0
0
0
0
0
0
0
0
0
0
0
0
0
0
0
0
0
0
0
0
0
0
0
0
0
0
0
0
0
0
0
0
2.65216e-12
-1.08483e-13
0
0
0
0
0
0
0
0
0
3.64453e-17
0
0
0
0
0
0
0
0
0
1.62663e-17
0
0
0
-2.18768e-16
4.45657e-18
0
0
0
0
0
0
0
0
0
0
0
0
-3.39658e-15
1.73861e-16
0
0
0
0
0
0
7.34177e-16
-3.00771e-16
-5.67401e-17
0
0
0
0
0
0
0
0
0
0
0
0
0
1.75632e-16
0
0
0
0
0
0
0
0
0
0
0
0
0
0
0
0
0
0
0
0
0
0
0
0
0
7.59655e-13
2.34082e-12
2.31e-16
0
0
0
0
0
0
0
0
0
0
0
0
0
0
4.34521e-14
0
-1.34529e-14
0
0
0
0
0
0
0
0
0
0
0
0
0
-1.02977e-11
0
-6.69724e-12
0
0
0
0
0
0
0
0
0
0
0
0
0
0
-1.75888e-12
0
0
0
0
-5.61896e-31
0
0
0
-1.83955e-17
-1.3351e-11
3.40825e-13
0
0
0
0
0
0
0
0
0
-2.42797e-15
0
0
0
-2.57411e-16
-2.79994e-15
0
0
0
4.30749e-17
1.99311e-15
0
0
0
0
0
0
0
0
0
0
0
0
0
0
0
0
0
0
0
0
0
0
0
0
0
0
0
-1.54533e-16
1.79463e-15
0
0
0
0
0
0
0
0
3.13868e-15
1.10453e-15
0
0
0
0
0
0
0
0
0
0
0
0
6.32417e-15
-7.76932e-17
0
0
0
0
0
0
0
0
0
0
0
0
0
0
0
0
0
0
0
0
0
0
0
0
0
0
0
0
0
0
0
0
0
0
0
1.05263e-15
0
0
0
0
0
0
0
0
0
0
-4.06867e-15
0
-2.01834e-15
0
0
0
0
0
0
0
0
0
0
0
0
0
0
0
0
0
0
0
0
0
0
0
0
0
0
0
0
0
0
0
0
0
0
0
0
0
0
0
0
0
0
0
0
3.95717e-16
3.32803e-15
-3.50894e-15
0
0
0
0
0
0
0
8.96238e-16
-1.58746e-17
0
0
0
4.68382e-14
0
0
0
0
0
0
0
0
0
0
0
0
0
0
0
0
0
0
0
0
1.91119e-15
0
0
0
0
0
0
0
0
0
0
0
0
0
0
0
0
0
0
0
2.07504e-15
-1.22292e-15
2.41098e-15
0
0
0
0
0
0
0
0
0
0
0
0
0
0
0
0
0
0
0
0
-1.29612e-12
-1.11589e-12
0
0
0
0
0
0
0
0
0
0
0
0
0
0
0
0
0
4.97571e-16
0
1.48559e-15
0
0
0
0
0
0
0
-7.45581e-17
2.52358e-16
0
0
0
0
0
0
0
-2.91217e-15
-2.49172e-16
0
0
0
0
0
0
0
0
0
1.07369e-15
0
0
0
0
-1.60739e-16
0
0
0
0
0
0
0
0
0
0
0
0
0
0
0
0
0
0
0
0
0
0
0
0
0
0
0
0
0
0
0
0
0
0
0
0
0
0
0
0
0
0
-1.97649e-16
-1.50662e-16
2.12702e-17
3.43727e-15
0
8.58937e-15
0
0
0
0
0
0
0
-2.36694e-17
0
0
0
0
0
0
0
0
0
0
0
0
0
0
0
0
0
0
0
0
0
0
0
-1.16503e-16
6.87513e-16
0
0
0
0
0
0
-9.99006e-16
2.40806e-16
0
0
0
0
0
0
0
0
0
0
0
0
0
0
0
8.54634e-17
-1.27944e-11
3.88454e-13
0
0
0
0
0
0
0
0
0
0
0
0
0
0
-3.34524e-30
0
0
0
0
0
0
0
0
0
0
-8.6605e-15
1.16183e-15
0
0
0
0
0
0
0
0
-1.31972e-12
-5.55362e-31
-1.1935e-12
-1.42762e-15
0
0
0
0
0
0
0
0
0
0
0
7.53189e-17
0
0
0
0
0
0
0
0
0
1.62458e-15
-1.10813e-16
0
0
0
0
0
0
0
0
0
0
0
0
0
0
0
0
0
0
0
0
0
0
-2.16966e-11
1.24129e-12
0
0
0
0
0
0
0
0
0
0
0
0
0
0
0
0
0
0
0
0
0
-2.7285e-16
0
0
0
0
0
0
0
0
0
0
0
0
-2.46056e-15
-1.97767e-16
-4.79815e-16
0
0
0
0
0
0
0
0
0
0
0
0
0
0
0
-1.87424e-15
4.46017e-16
0
0
0
0
-1.55608e-12
0
0
0
0
0
0
0
0
0
0
0
0
0
0
0
-3.8838e-18
6.00852e-17
0
0
0
0
0
1.44318e-16
-6.4874e-14
0
0
0
0
0
0
0
0
0
0
0
0
3.85453e-15
0
0
0
0
0
0
0
0
0
0
0
0
0
0
0
0
0
0
0
0
0
0
-3.61665e-15
-1.83248e-15
1.36952e-16
0
0
0
0
0
1.9836e-15
-1.48954e-17
0
0
0
0
0
0
0
0
0
0
0
0
0
0
0
0
0
0
0
0
0
0
0
0
0
0
0
0
0
0
0
0
0
0
0
0
0
0
0
0
0
0
0
0
0
0
0
0
0
0
0
0
0
0
0
0
2.67407e-16
0
0
0
0
-1.08895e-33
4.76127e-16
0
0
0
0
0
0
0
0
0
0
0
0
0
0
1.54496e-17
0
0
0
0
0
0
-9.2151e-15
0
0
0
0
0
0
0
0
7.66554e-15
0
0
0
0
0
0
0
0
0
0
0
0
0
0
0
0
0
0
0
0
0
0
0
0
1.11202e-12
6.53989e-13
0
0
0
0
0
0
0
0
0
0
0
0
0
0
0
0
0
0
0
0
0
-1.94252e-14
0
2.95412e-14
0
0
0
0
0
0
0
0
0
0
0
0
0
0
0
0
0
0
0
0
0
0
0
0
0
0
0
0
0
0
0
0
0
0
0
0
0
0
0
0
0
0
0
0
0
0
0
0
0
0
0
0
0
0
0
0
0
0
0
0
0
0
0
0
0
0
0
0
0
0
0
0
0
0
0
0
0
0
-1.5681e-15
1.07007e-16
0
0
0
0
0
0
0
0
0
0
-5.98747e-16
2.12257e-15
0
0
0
2.01387e-17
-2.95169e-17
0
0
0
0
0
0
0
0
0
3.54565e-14
0
0
0
0
0
0
0
0
0
4.89902e-14
-7.95697e-14
0
0
0
0
0
0
0
0
0
0
0
0
0
0
2.19351e-16
0
0
0
0
0
0
0
0
0
0
0
0
0
0
0
0
0
1.44046e-16
-3.7681e-15
0
0
0
0
0
0
0
0
0
0
0
0
0
0
0
0
0
0
0
0
0
0
0
0
0
0
0
0
0
0
0
0
0
0
0
0
0
0
0
0
0
0
0
-1.10843e-16
2.88016e-17
0
-3.15631e-17
0
0
0
0
0
0
0
0
0
0
0
0
0
0
0
0
3.42623e-15
0
0
0
0
0
0
0
0
0
0
8.0514e-13
-4.43334e-12
0
0
0
0
0
9.39907e-19
0
-1.49589e-16
1.29968e-16
5.58084e-31
0
0
0
0
0
0
0
0
0
0
0
0
0
0
0
0
0
0
3.74453e-16
4.35106e-16
0
0
0
0
0
0
0
0
0
0
0
0
0
0
0
0
0
0
0
0
0
0
0
0
0
0
0
0
0
0
0
0
0
0
0
0
0
0
-5.19546e-16
0
0
0
0
0
0
0
0
0
0
0
0
0
0
-1.00671e-15
0
0
0
0
0
0
0
-3.38055e-12
4.03846e-16
-1.72652e-12
0
0
0
0
0
0
0
0
0
0
0
0
0
0
0
0
0
0
0
0
0
0
0
0
0
0
0
0
0
0
0
0
-1.24881e-15
-2.07766e-17
-5.20095e-17
0
0
0
0
0
0
0
0
0
-1.72118e-15
0
0
0
0
0
0
0
0
1.69375e-16
0
0
0
0
5.58629e-31
4.24474e-16
0
0
0
0
0
0
0
0
0
0
0
0
0
0
0
0
0
0
0
0
0
0
0
0
0
0
0
0
0
0
0
0
0
0
0
0
0
0
0
0
0
0
0
0
0
-9.1351e-17
1.54406e-15
0
0
0
0
0
0
0
7.50983e-14
-4.76376e-12
0
0
0
-4.51639e-16
-9.60611e-16
-7.35578e-17
0
0
0
8.24035e-16
3.28492e-14
0
0
0
0
0
0
0
0
0
0
0
0
0
0
0
0
0
0
0
0
0
0
0
0
0
0
0
0
0
0
0
0
0
0
0
0
0
-1.04776e-15
0
0
0
0
0
0
0
0
0
0
0
-1.37254e-12
-2.90262e-11
0
0
0
0
0
0
0
0
0
0
0
0
0
0
0
0
0
0
0
0
0
1.9514e-15
-2.17077e-15
0
0
0
0
0
0
0
0
-5.81141e-17
3.2495e-17
0
0
6.2895e-16
0
0
0
0
0
0
0
0
0
0
-1.59242e-12
-1.0008e-11
2.11202e-17
0
0
-4.10873e-12
-7.23391e-18
0
0
0
0
0
0
0
0
0
0
0
0
0
-2.02082e-17
0
0
-7.13328e-16
1.48384e-15
0
0
0
0
0
0
0
0
0
0
0
-9.00018e-17
0
0
0
0
0
0
0
0
0
0
0
0
0
0
0
0
0
-2.7444e-15
0
0
0
0
0
0
0
0
0
0
0
0
0
0
0
0
0
0
0
0
0
0
0
0
4.37623e-15
5.69617e-17
-1.77458e-16
0
0
0
0
0
0
0
0
0
0
2.76908e-16
-4.97742e-16
0
0
0
0
0
0
2.4513e-16
0
0
0
0
0
5.25921e-17
-2.04177e-34
0
0
0
0
0
0
0
0
1.09974e-16
0
0
0
-3.02793e-15
0
0
0
0
0
0
0
-2.23125e-30
-7.50316e-12
0
0
0
0
0
0
0
0
0
0
0
0
0
0
0
0
0
0
0
0
0
0
0
0
0
0
0
0
0
0
0
0
0
0
0
0
0
0
0
-8.41168e-17
2.77348e-15
0
0
0
0
0
0
0
1.04033e-15
0
4.1927e-12
0
0
0
0
0
0
0
0
0
0
0
0
0
0
0
0
0
-3.79614e-14
-1.93544e-14
0
0
0
-5.11199e-17
1.38492e-15
0
0
0
0
0
0
0
0
0
0
0
0
0
0
0
0
0
0
0
0
0
0
0
0
0
0
0
0
0
0
0
0
0
0
0
0
0
0
0
0
-9.89224e-17
-1.21227e-14
1.60857e-16
-3.49974e-15
0
0
0
0
0
0
0
0
0
0
0
0
0
0
0
0
0
0
0
0
0
0
0
0
0
0
0
0
0
0
0
0
0
0
0
0
0
-1.06128e-15
-3.56051e-16
0
0
0
0
0
0
0
0
0
0
0
0
0
0
0
0
0
0
0
-1.12714e-15
-9.65699e-16
-1.41697e-16
0
0
0
0
0
0
0
3.2845e-16
0
0
0
0
0
0
0
0
0
0
0
0
0
0
0
0
0
0
0
0
0
0
0
0
0
0
0
0
0
0
0
0
0
0
0
0
0
0
0
0
0
0
0
0
0
0
0
0
0
0
0
0
0
0
0
-1.17555e-15
0
0
0
0
0
4.81872e-16
4.51925e-16
0
0
0
0
0
0
0
0
0
0
0
0
0
0
0
6.7387e-16
-1.63342e-33
-6.87289e-17
0
-4.91519e-17
0
0
0
0
0
0
0
0
0
0
0
0
0
0
0
0
0
0
0
0
0
-6.1395e-15
1.88951e-17
4.53148e-17
1.9481e-15
0
0
0
0
0
0
0
0
0
0
0
0
0
0
0
0
0
0
0
0
0
0
0
0
-1.0253e-17
0
0
0
0
0
0
0
-4.75054e-17
0
0
0
0
0
0
0
0
0
0
0
0
0
0
0
0
0
0
0
0
0
0
0
1.06831e-17
-2.56106e-17
1.1532e-16
0
0
0
0
0
0
0
0
0
0
0
0
0
0
0
0
0
0
0
0
1.25617e-16
9.76083e-17
-1.28372e-15
0
0
0
0
0
0
0
0
0
0
0
0
0
0
0
0
0
0
0
0
0
0
0
0
0
0
0
0
0
4.30576e-17
0
0
0
0
0
0
0
0
0
0
0
0
0
1.15121e-15
0
0
0
0
-9.11744e-16
7.96925e-16
0
0
0
0
0
0
0
0
0
0
0
0
0
0
0
0
0
0
0
0
0
0
0
-2.07386e-16
4.69167e-16
0
0
0
0
0
0
0
0
0
0
0
0
0
0
0
0
-1.17999e-16
0
0
0
0
0
0
0
0
0
0
0
0
0
0
0
0
0
0
0
0
0
0
5.61455e-15
-8.41665e-15
0
0
0
0
0
0
0
0
0
0
-9.77122e-17
9.03279e-17
0
0
0
0
0
0
0
0
0
1.84794e-16
0
0
0
0
0
0
0
0
0
0
0
0
0
0
0
0
0
0
0
0
0
0
0
0
0
0
1.05463e-12
0
0
0
0
0
0
0
0
0
0
0
0
0
0
0
0
0
0
0
0
0
0
0
0
0
0
0
0
0
0
0
0
0
0
0
0
0
0
0
0
0
3.0569e-16
6.85818e-17
0
0
0
-5.90618e-16
0
0
0
0
0
0
0
0
0
0
0
0
0
0
0
0
0
0
0
0
0
0
0
0
0
0
0
0
0
0
0
0
0
0
0
2.77356e-16
-3.71676e-17
0
3.07582e-16
0
0
0
0
0
0
0
0
0
0
0
0
0
0
0
0
0
0
0
0
0
0
0
0
0
0
0
0
0
0
0
0
0
0
0
0
1.66291e-16
0
0
0
0
1.07439e-15
2.23213e-16
0
0
0
0
0
0
0
0
0
0
0
0
0
0
0
0
-1.0099e-14
0
0
0
0
0
0
0
0
0
0
0
0
0
0
5.91629e-16
-5.83018e-15
0
0
0
0
0
0
0
0
0
0
-6.11484e-12
0
0
0
1.0566e-14
0
0
0
0
0
0
0
0
0
0
0
0
0
0
0
0
0
0
0
0
0
0
0
0
0
0
0
0
0
1.03178e-15
0
0
0
0
-1.8745e-15
3.41853e-15
0
0
0
0
1.24231e-15
0
0
0
0
0
0
0
0
0
0
0
0
0
0
0
0
0
0
0
-2.76597e-15
1.64244e-16
-4.53261e-15
0
0
0
0
0
0
0
0
0
0
0
0
0
0
0
0
-1.20119e-16
-2.09772e-15
0
0
-2.83795e-14
1.15226e-16
0
0
0
0
0
0
0
1.67974e-15
-2.15278e-15
-1.93689e-16
0
0
0
0
0
0
0
0
0
0
0
0
0
0
0
0
0
0
0
0
0
0
0
0
0
0
0
0
0
0
0
0
0
0
0
0
0
0
0
0
0
0
0
0
0
0
0
0
0
0
0
0
0
0
0
0
0
0
0
0
0
0
0
0
0
0
0
0
0
0
0
0
0
0
0
1.54667e-16
0
0
0
0
0
0
0
0
0
0
0
0
0
0
0
0
0
0
0
0
0
0
0
0
0
0
0
0
0
0
0
0
0
0
1.3501e-16
0
0
0
0
0
-2.76233e-16
0
0
0
0
0
0
0
4.80443e-16
-2.6289e-16
0
0
0
2.21626e-17
2.5055e-17
0
0
0
0
0
0
0
0
0
0
2.17789e-30
6.21385e-15
0
0
-3.46718e-15
0
-7.16582e-15
0
0
0
0
0
1.16703e-15
-3.08393e-17
0
0
0
0
0
0
0
0
0
0
0
0
0
0
0
0
0
0
0
0
0
0
0
0
0
0
0
0
0
0
0
0
0
0
0
0
0
0
0
0
0
0
-1.84848e-17
-1.12862e-15
0
0
0
0
0
0
0
0
0
0
0
0
0
0
0
0
0
0
0
0
0
0
0
0
0
0
0
0
0
0
0
-8.42095e-17
0
0
0
1.50199e-17
0
0
0
0
0
2.13966e-17
-1.07462e-16
0
0
0
0
0
0
0
0
-1.46223e-12
0
0
0
0
0
0
0
0
0
0
0
0
0
0
0
0
0
-1.53125e-15
0
4.89938e-16
-4.03966e-16
3.85789e-16
0
0
0
0
0
0
0
0
0
0
0
0
0
0
0
0
0
0
0
0
0
2.49847e-15
0
0
0
0
0
0
0
0
0
0
0
0
0
0
0
0
0
0
0
0
0
0
0
0
0
0
0
0
0
0
0
0
0
0
0
0
0
0
0
0
0
0
0
0
0
0
0
0
0
8.19792e-17
-2.42028e-15
0
0
0
0
0
0
0
0
0
0
0
0
0
0
0
0
0
0
0
0
0
0
0
0
0
0
0
0
0
0
0
0
0
0
0
0
0
0
0
0
0
0
0
0
0
0
0
0
0
0
0
0
0
0
0
0
0
0
0
0
-1.3254e-13
-9.10359e-14
-1.74252e-15
0
0
0
0
0
0
0
0
0
0
0
0
0
0
0
0
0
0
0
0
0
0
-4.16516e-15
2.15046e-15
0
0
0
0
0
2.87916e-16
0
0
0
0
0
0
0
0
0
-4.16097e-16
0
0
0
0
-1.70018e-12
-2.2198e-12
-9.31597e-17
9.40633e-17
0
0
0
0
0
0
0
0
0
0
0
0
0
3.57089e-15
0
0
0
0
0
0
0
0
-5.44226e-17
5.28407e-14
0
9.58305e-17
0
0
0
0
0
0
0
0
0
0
8.09894e-17
0
0
0
0
0
0
0
0
0
0
0
0
0
0
0
-1.84334e-15
0
0
0
0
0
0
0
0
0
0
0
0
0
0
0
0
0
0
0
0
0
0
0
0
0
0
0
0
0
0
1.08731e-15
1.10191e-15
1.35493e-16
0
0
0
0
0
-1.58413e-15
5.74224e-16
0
0
0
2.09803e-16
0
0
0
0
0
0
0
0
0
0
0
0
0
0
0
0
0
0
0
0
0
0
0
0
0
0
0
0
0
0
0
0
0
0
0
0
0
0
0
0
0
0
0
0
0
0
0
0
0
0
-2.6951e-15
0
0
0
0
0
0
0
0
0
0
2.38404e-12
0
1.23507e-15
0
0
0
0
0
0
0
0
0
0
0
0
0
0
0
0
0
0
0
0
0
0
0
0
0
0
0
0
0
0
0
0
0
0
0
0
0
-7.47325e-16
2.09169e-15
-1.20057e-11
-1.03925e-15
0
0
0
0
0
0
0
0
0
0
0
0
0
0
0
4.5485e-17
-1.34229e-16
0
0
0
0
-7.53815e-15
9.74865e-17
0
9.30071e-17
-2.84635e-16
-4.3329e-15
0
0
0
0
0
0
0
0
0
0
0
0
0
0
1.04066e-16
1.19757e-15
0
0
0
0
0
0
0
0
0
0
4.40225e-16
-3.97395e-15
0
0
0
0
0
0
0
0
0
0
0
0
0
0
0
0
0
0
0
0
0
0
0
1.6824e-15
0
0
0
0
0
1.93401e-16
-1.1298e-16
1.15445e-16
0
0
0
0
0
0
0
0
-2.73629e-14
-4.4828e-14
0
0
0
0
0
0
0
0
0
0
0
0
0
0
0
0
0
0
0
0
0
0
0
0
0
0
1.39082e-15
2.59321e-16
1.68368e-15
0
0
0
0
0
0
2.5448e-15
0
0
0
0
0
0
0
0
0
0
0
0
0
0
0
0
0
0
0
0
0
0
0
0
0
0
0
0
0
0
0
0
0
0
0
0
0
2.09611e-16
0
0
0
0
0
0
0
0
0
0
0
0
0
0
0
0
0
0
0
0
0
0
0
0
0
0
0
0
0
0
0
0
0
0
0
0
0
0
0
0
0
0
0
0
0
0
0
0
0
0
0
0
0
0
0
0
0
0
0
0
0
0
0
0
0
0
0
1.99726e-15
0
0
0
0
0
0
0
0
0
0
0
0
0
0
0
0
0
0
0
6.31445e-17
-3.84729e-16
3.58287e-15
0
0
0
0
0
0
0
0
0
0
1.44553e-15
0
0
0
0
0
0
0
0
0
0
0
0
0
0
0
0
0
0
0
0
0
0
0
0
0
0
0
0
0
0
0
0
0
0
0
0
0
0
0
0
0
0
0
0
0
0
0
2.79168e-15
0
1.75168e-16
0
0
0
0
0
0
0
0
0
0
0
0
0
0
0
0
0
0
0
0
0
0
0
0
3.00775e-15
0
0
0
0
0
0
0
0
0
1.58598e-16
0
0
0
0
0
0
0
0
0
0
0
0
0
0
7.86393e-15
0
0
-1.51146e-15
0
0
0
0
0
0
0
0
0
0
0
0
0
0
0
0
0
0
0
-8.65941e-16
2.31587e-14
0
0
2.20806e-15
3.11597e-15
0
0
0
0
0
0
0
0
0
0
0
0
0
0
0
0
0
0
0
0
0
0
0
0
0
0
0
0
0
0
0
0
0
0
0
0
0
0
0
0
0
0
0
0
0
0
-2.07589e-16
-1.88191e-15
1.46738e-16
0
0
0
0
0
0
-7.74633e-15
-3.27565e-15
0
0
0
0
0
0
0
0
4.67093e-17
0
0
0
0
0
0
0
0
0
0
0
0
0
0
0
0
0
0
0
8.67813e-15
-3.2606e-16
0
0
0
0
0
0
0
0
0
0
0
0
0
0
0
0
0
0
0
0
0
0
0
0
0
0
0
0
1.80478e-16
0
0
0
0
0
0
0
0
0
0
0
0
3.57193e-15
0
0
0
0
0
0
0
0
0
0
0
0
0
0
0
0
0
0
0
0
0
0
0
0
0
0
0
0
0
0
0
0
0
0
0
0
0
0
0
0
0
0
0
0
0
0
0
0
-1.5853e-15
0
0
0
0
0
0
0
0
0
0
0
0
0
0
0
0
0
0
0
0
0
0
0
0
0
0
0
0
0
0
0
0
0
0
-1.47563e-15
0
0
0
0
0
0
0
0
0
0
0
0
0
0
0
0
0
0
0
0
0
0
0
0
0
0
0
0
0
0
0
0
0
0
0
0
0
0
0
0
0
0
0
0
0
0
0
0
0
0
0
0
0
0
0
0
0
0
0
0
0
0
0
0
0
0
0
0
0
0
0
0
0
0
0
0
1.58903e-16
1.6163e-16
0
0
0
0
0
0
0
0
0
0
0
0
0
0
0
7.17763e-18
0
0
0
0
0
0
0
0
0
0
0
0
0
0
0
0
1.35978e-14
0
0
0
0
0
0
0
0
0
0
0
0
0
0
0
0
0
0
0
0
0
0
0
0
0
0
0
0
0
0
0
0
0
0
0
0
0
0
0
0
0
0
0
0
-8.2646e-14
0
0
0
0
0
6.25812e-16
0
0
0
0
0
0
0
0
0
0
0
0
0
0
0
0
0
0
0
0
0
0
0
0
0
0
0
0
0
0
0
0
0
0
0
0
0
0
-1.46566e-16
0
0
0
0
0
0
0
0
0
0
0
0
0
0
0
0
0
0
0
0
0
0
0
4.26212e-16
0
0
0
0
0
0
0
0
0
0
0
0
0
0
0
0
0
0
0
0
0
0
0
0
0
0
4.17619e-17
0
-3.30838e-15
0
0
0
0
0
0
0
0
0
0
0
0
0
0
0
0
0
0
0
0
0
0
0
0
0
0
2.02888e-17
5.44094e-14
-2.20465e-14
0
0
0
0
0
0
0
0
0
0
0
0
0
0
0
0
0
9.40975e-16
0
0
0
0
0
0
0
0
1.26917e-14
2.25438e-16
-9.69361e-17
0
0
0
0
0
-1.85187e-16
0
5.48474e-15
0
0
0
0
0
0
0
0
0
0
0
0
0
0
0
0
0
0
0
0
0
0
0
0
0
0
0
0
0
0
0
0
0
0
0
0
0
0
0
0
0
0
0
0
0
0
0
0
0
-1.46749e-16
0
6.76407e-17
0
0
0
0
0
0
0
0
0
0
0
0
0
0
0
0
0
0
0
0
0
0
0
0
0
0
0
0
-2.24758e-30
-3.311e-16
-1.11072e-30
0
0
0
0
0
0
0
0
1.13066e-15
0
0
0
0
0
0
0
0
2.68621e-15
0
-2.80599e-15
0
0
0
0
0
0
0
0
0
0
0
0
0
0
0
0
0
0
0
0
0
0
0
0
-6.23706e-17
0
0
0
0
0
-8.15613e-17
0
0
3.31854e-17
0
0
0
0
0
0
0
0
0
-3.04654e-16
-1.36244e-14
0
0
0
0
0
0
0
0
0
0
0
0
0
0
0
0
0
0
0
0
0
0
0
0
0
0
0
0
0
0
0
0
0
1.28377e-14
0
-1.06612e-14
0
0
0
0
0
0
0
0
0
0
0
0
0
0
0
0
0
0
0
0
0
0
0
0
0
0
0
0
0
0
0
0
0
0
0
0
0
0
0
0
0
0
3.91612e-16
0
0
0
0
0
0
0
0
0
0
1.25175e-15
0
0
0
0
0
0
0
0
7.2424e-17
0
2.11812e-15
0
0
0
0
0
0
0
0
0
0
0
0
0
0
0
0
0
0
0
0
0
0
0
0
0
0
0
0
0
0
0
0
0
0
0
0
0
0
0
0
0
0
0
0
0
0
0
0
0
0
0
0
0
0
0
0
0
0
0
0
-9.57792e-18
0
0
0
0
0
0
0
0
0
0
0
0
0
0
0
0
0
0
0
0
0
0
0
0
0
0
0
0
0
0
0
0
0
0
0
0
0
0
0
0
0
0
0
0
-6.18948e-16
-8.80822e-16
-2.22174e-15
-1.73635e-16
0
0
0
0
0
0
0
0
0
0
0
0
0
0
0
0
0
0
0
-6.12402e-15
0
0
0
0
0
0
0
0
0
0
0
0
0
0
0
0
0
0
0
0
0
-6.36971e-16
3.55677e-16
0
0
0
0
0
0
0
0
0
0
0
0
0
0
0
0
0
0
0
0
0
0
0
0
0
0
0
0
0
0
0
0
0
0
0
0
0
0
0
0
0
0
0
0
0
0
0
0
0
0
0
0
0
0
0
-7.70831e-17
-2.74358e-14
0
0
0
0
0
0
0
0
0
0
0
0
0
0
0
0
0
-7.32998e-17
0
0
0
0
0
0
0
0
0
0
0
0
0
0
0
0
0
0
0
0
0
0
0
0
0
0
0
0
0
0
0
0
-1.45891e-15
0
0
0
0
0
0
0
0
0
0
0
0
0
0
0
0
0
0
0
0
0
0
0
0
0
0
0
0
0
0
0
0
0
0
0
0
0
0
0
0
0
0
0
0
0
0
0
0
0
0
0
0
0
0
0
0
0
0
3.08915e-14
-2.95554e-11
0
0
0
0
0
0
0
0
0
0
0
0
0
0
0
0
0
0
0
0
0
0
0
0
0
0
0
0
0
0
0
0
0
0
0
0
0
0
0
0
-8.32938e-16
-1.22881e-17
0
0
0
0
0
0
0
0
0
0
0
0
0
0
0
0
0
0
0
0
0
0
0
0
0
0
0
0
0
0
0
0
0
0
0
0
0
0
0
0
0
0
0
0
0
4.25875e-15
0
0
-6.97447e-17
-6.23959e-17
-3.7502e-17
0
0
0
0
0
0
0
0
0
0
0
0
0
0
0
0
0
0
0
0
0
0
0
3.39098e-15
-1.65287e-14
0
0
0
0
0
0
0
0
0
0
0
0
0
0
0
0
0
0
0
0
0
0
0
0
0
0
0
0
0
0
-1.10074e-14
1.24259e-14
-7.46718e-16
0
0
0
0
0
0
0
0
0
0
0
0
0
0
0
0
0
0
0
0
2.4675e-15
0
1.02273e-16
-2.16838e-17
0
0
0
0
0
0
0
0
0
0
0
0
0
0
0
0
0
0
0
0
0
0
0
0
0
0
0
0
0
0
0
0
0
0
0
0
0
0
0
0
0
0
0
0
0
0
0
0
0
0
0
0
0
0
0
0
0
0
-4.20948e-16
0
0
0
0
0
0
0
0
0
0
0
-1.39014e-16
0
0
0
0
0
0
0
0
0
0
0
0
0
0
0
0
0
0
0
0
0
0
0
0
0
0
0
0
0
0
0
0
0
0
0
0
0
0
0
0
0
0
-2.60012e-14
0
0
0
0
0
0
0
0
0
-4.12556e-16
0
0
0
0
0
0
-3.6055e-14
0
0
0
0
0
0
0
0
0
0
0
0
0
0
0
0
0
0
-4.26355e-16
0
2.17186e-14
0
0
0
0
0
0
0
0
0
0
0
0
0
0
0
0
0
0
0
0
0
0
0
0
0
0
0
0
0
0
0
0
0
0
0
0
0
0
0
0
0
0
0
0
0
0
0
0
0
0
0
0
0
0
0
0
0
0
0
0
0
0
0
0
0
0
0
0
0
0
0
0
0
0
0
0
-1.18539e-14
0
0
0
0
0
0
0
0
0
0
0
0
0
0
0
0
0
0
3.24497e-16
-1.13906e-16
-7.96893e-17
0
0
0
0
0
0
-5.95788e-17
3.5909e-17
-8.48418e-17
0
0
0
0
0
0
0
0
0
0
0
0
0
0
0
0
0
0
9.24905e-15
0
0
0
0
0
0
0
0
0
0
0
0
0
0
0
0
0
0
0
0
0
0
0
0
0
0
0
0
0
0
0
0
0
0
0
0
0
0
0
-4.91946e-16
0
0
0
0
0
0
0
0
0
0
0
0
0
0
0
0
0
0
0
0
0
0
0
0
0
0
0
0
0
0
0
0
0
0
0
0
0
0
0
0
0
0
0
0
0
0
0
0
0
0
0
0
0
0
0
0
0
0
0
0
0
0
0
0
0
0
0
0
0
0
3.94315e-15
-4.32907e-14
0
0
0
0
0
0
0
0
2.65694e-16
5.24393e-16
0
0
0
0
0
0
0
0
0
0
0
0
0
0
0
0
0
0
0
0
0
0
0
0
0
0
0
0
0
0
0
0
0
0
0
0
0
0
0
0
0
0
0
0
0
0
0
0
0
0
0
0
0
0
0
0
0
0
0
0
0
0
0
0
0
0
0
0
0
0
0
0
0
0
4.09047e-16
-2.05561e-16
0
0
0
0
0
0
0
0
0
5.21799e-16
-4.94977e-16
0
0
0
0
0
0
0
0
0
0
0
0
0
0
0
0
0
0
0
0
0
0
0
0
0
0
0
0
0
0
0
0
0
0
0
0
0
0
0
0
0
0
0
0
0
0
0
0
0
0
0
0
0
0
0
0
0
0
0
0
0
0
0
0
0
0
0
0
0
0
0
0
0
0
0
3.11666e-16
-6.84354e-14
0
0
0
0
0
0
0
0
0
0
0
0
0
0
0
0
0
0
6.68607e-17
-7.05391e-17
-8.17907e-17
0
0
0
0
0
0
0
0
0
0
0
0
0
0
0
0
0
0
-2.48492e-15
0
0
0
0
0
0
0
0
0
0
0
0
0
0
0
0
0
0
0
0
0
-1.25525e-15
0
0
0
0
0
0
0
0
0
0
0
0
0
0
0
0
0
0
0
0
0
-1.37776e-16
0
0
0
0
0
0
3.52628e-16
-1.55118e-16
0
0
0
0
0
0
0
1.13982e-15
0
0
0
0
0
0
0
0
0
0
0
0
0
0
0
0
0
0
0
0
0
0
0
0
0
0
0
0
0
0
0
0
0
0
0
0
0
0
0
0
0
0
0
0
0
0
0
0
0
0
2.43251e-16
0
0
0
0
0
0
0
0
0
0
0
0
0
0
0
0
0
1.12025e-14
1.02021e-14
5.2399e-17
0
0
0
0
0
0
0
0
0
0
0
0
0
0
0
0
0
0
0
0
0
0
0
0
0
0
0
0
0
0
0
0
0
0
0
0
0
0
0
0
0
0
0
8.32104e-15
0
0
0
0
0
0
0
0
0
0
0
0
0
0
0
0
0
0
0
0
0
0
0
0
0
0
0
-4.34834e-15
0
0
0
0
0
0
0
0
0
0
0
0
0
0
0
0
0
0
0
0
0
0
0
0
0
0
0
0
0
0
0
0
0
0
0
0
9.12148e-17
-1.43208e-16
0
0
0
0
0
0
0
0
0
0
0
0
0
0
0
0
0
0
0
0
0
0
0
0
0
0
0
0
0
-8.73731e-15
-2.39831e-15
0
0
0
0
0
0
0
0
0
0
0
0
0
0
0
0
0
0
0
0
0
0
0
0
0
0
0
0
0
0
0
0
0
0
0
0
0
0
0
0
0
0
0
0
0
0
0
0
0
0
0
0
0
0
0
0
0
0
0
0
0
0
0
0
0
0
0
0
0
0
0
0
0
0
0
0
0
0
0
0
0
0
0
0
0
0
0
0
0
0
1.07223e-15
0
0
0
0
0
0
0
0
0
0
0
0
1.5514e-15
0
0
0
0
0
0
0
0
0
0
0
0
0
0
0
0
0
0
0
0
0
0
0
0
0
0
0
0
0
0
0
0
0
0
0
0
0
0
0
0
0
0
0
0
0
0
0
0
0
0
0
0
0
9.88504e-16
-4.84914e-16
0
0
0
0
0
0
0
0
0
0
0
0
0
0
0
0
0
0
0
0
0
0
0
0
0
0
0
0
0
0
0
0
0
0
0
0
0
0
0
0
0
0
0
0
0
0
0
0
0
0
0
0
0
0
0
0
0
0
0
0
0
0
0
0
0
1.55478e-16
1.02539e-16
0
0
0
0
0
0
0
0
0
0
0
0
0
0
0
0
0
0
0
0
0
0
0
0
0
0
0
0
0
0
0
0
0
0
0
0
0
0
0
0
0
0
0
0
0
0
0
0
0
0
0
0
3.3622e-15
1.2818e-15
0
0
0
0
0
0
0
0
0
0
0
0
0
0
0
0
0
0
0
0
0
0
0
0
0
0
0
0
0
0
0
0
0
0
0
0
0
0
0
0
0
0
0
0
0
0
0
0
0
0
0
0
0
0
0
0
0
0
0
0
0
0
0
0
0
0
0
0
0
0
0
0
0
0
0
0
0
0
0
4.79585e-15
0
0
0
0
0
0
0
0
0
0
0
0
0
0
0
0
0
0
0
0
0
0
0
0
0
0
0
0
0
0
-8.50988e-17
2.39549e-17
0
0
0
0
0
0
0
0
0
0
0
0
0
0
0
0
0
-1.95927e-15
-1.52582e-15
0
0
0
0
0
0
0
-9.6857e-17
-8.87127e-17
0
0
0
0
0
0
0
0
0
0
0
0
0
0
0
0
0
0
0
0
0
0
0
0
0
0
0
0
0
0
0
0
0
0
0
0
0
0
0
0
0
0
0
0
0
0
0
0
0
0
0
0
0
0
0
0
0
0
0
0
0
0
0
0
0
0
0
0
0
0
0
0
0
0
0
0
0
0
0
0
0
0
0
0
0
9.22386e-15
-9.39569e-16
-1.40996e-16
-6.80803e-16
0
0
0
0
0
0
0
0
0
0
0
0
0
0
0
0
0
0
0
0
0
0
0
0
0
0
0
0
0
0
0
0
0
0
0
0
0
0
0
0
0
0
0
0
0
0
0
0
0
0
0
0
0
0
0
0
0
0
0
0
0
0
0
0
0
-1.15472e-15
0
0
0
0
0
0
0
0
0
0
0
0
0
0
0
0
0
0
0
0
0
0
0
0
0
0
0
0
0
0
0
0
0
0
0
0
0
0
-4.30173e-16
-8.37804e-16
0
5.81106e-14
0
0
0
0
0
0
0
0
0
0
7.96436e-16
2.37593e-17
0
0
0
0
0
0
0
0
0
0
0
0
-6.31742e-16
1.51987e-15
0
0
0
0
0
0
0
0
0
0
0
0
0
0
0
0
0
0
0
0
0
0
0
0
0
0
0
-2.65494e-16
4.33612e-17
0
0
0
0
0
0
0
0
0
0
-9.52557e-17
-8.34743e-17
0
0
0
0
0
0
0
0
0
0
-2.86014e-16
0
0
0
0
0
0
0
0
0
0
0
0
0
0
0
0
0
0
0
0
0
0
0
2.27128e-15
-1.74783e-16
3.3601e-16
0
0
0
0
0
0
0
0
0
0
0
0
0
0
0
0
0
0
0
0
0
0
0
0
0
0
0
0
0
0
0
0
0
0
0
0
0
0
0
0
0
0
0
0
0
0
0
0
0
0
0
0
0
0
0
0
0
0
0
0
0
0
0
0
0
0
0
0
0
0
0
0
0
0
0
0
0
0
0
0
0
0
0
0
0
0
0
0
0
0
0
0
0
0
0
0
0
0
0
0
0
0
0
0
0
0
0
0
0
0
0
0
0
0
0
0
0
0
0
0
0
0
0
0
0
0
0
0
0
0
0
0
0
0
0
0
0
0
0
0
0
0
0
0
0
0
0
0
0
0
0
0
0
0
-9.40632e-16
0
0
0
0
0
0
0
0
0
0
0
0
0
0
0
0
0
0
0
0
0
0
0
0
0
0
0
0
0
0
0
8.01131e-14
0
0
0
0
0
0
0
0
0
0
0
0
0
0
0
0
0
0
0
0
0
0
0
0
0
0
0
0
0
0
0
0
0
0
0
0
0
0
0
0
0
0
0
-5.79219e-17
0
-2.8036e-14
0
0
0
0
0
0
0
0
0
0
0
0
0
0
0
0
0
0
0
0
0
0
0
0
0
0
0
0
0
0
-9.05504e-14
0
0
0
0
0
0
0
0
0
0
0
0
0
0
0
0
0
0
0
0
0
0
0
0
0
0
0
0
0
0
0
0
0
0
0
0
0
0
0
0
0
0
0
0
0
0
0
0
-2.43197e-15
0
0
0
0
0
0
0
0
0
0
0
0
0
0
0
0
0
1.27574e-16
-1.7814e-16
0
0
0
0
0
0
0
0
0
0
0
0
0
0
0
0
0
0
0
0
0
0
0
-3.47001e-15
-1.98884e-16
-3.20853e-15
0
0
0
0
0
0
0
0
0
0
0
0
0
0
0
0
0
0
0
0
0
0
0
7.25631e-15
0
0
0
0
0
0
0
0
0
0
0
0
0
0
0
0
0
0
0
0
1.81116e-15
-1.64332e-14
0
0
0
0
0
0
0
0
0
0
0
0
0
0
0
0
0
0
0
0
0
0
0
0
0
0
0
0
0
0
0
0
0
0
0
0
0
0
0
0
0
0
0
0
0
0
0
0
0
0
0
0
0
0
0
0
1.49846e-16
0
0
0
0
-3.43025e-16
0
0
0
0
0
0
0
0
0
-1.26714e-16
2.55121e-16
0
0
0
0
0
0
0
0
0
0
0
0
0
0
0
0
0
0
0
0
0
0
0
0
0
0
0
0
0
0
0
0
0
0
0
0
0
0
0
0
0
0
0
0
0
0
0
0
0
0
0
0
0
0
0
0
0
0
0
0
0
0
0
0
0
0
0
0
0
0
0
0
0
0
0
0
0
0
0
0
0
0
0
0
0
0
0
0
0
0
0
-5.17348e-15
0
0
0
0
0
0
0
0
0
0
0
0
0
0
0
0
0
0
0
0
0
0
-1.09803e-16
0
0
0
0
0
0
0
0
0
0
0
0
0
0
0
0
0
0
0
0
0
0
0
0
0
0
0
0
0
0
0
0
0
0
0
0
0
0
0
0
0
0
0
0
0
0
0
0
0
0
0
-2.77235e-16
0
0
0
0
0
0
0
0
0
0
6.85083e-15
4.76398e-15
0
0
0
0
0
1.44046e-15
0
0
0
0
0
0
0
0
0
0
0
0
0
0
0
0
0
8.3881e-14
0
0
0
0
0
0
0
0
0
0
4.84539e-17
-6.74707e-17
0
0
0
0
0
0
0
0
0
0
0
0
0
0
0
0
0
0
0
2.61931e-15
0
0
0
0
0
0
0
0
0
0
0
0
0
0
0
0
0
0
0
0
0
0
0
0
0
0
0
0
0
0
1.06006e-15
0
0
0
0
0
0
0
0
0
0
0
0
0
0
0
0
0
0
0
0
0
0
0
0
0
0
0
0
0
0
0
0
0
0
0
0
0
0
0
0
0
0
0
0
0
0
0
0
0
0
0
2.43638e-16
0
0
0
0
0
0
0
0
0
0
0
0
-1.93383e-14
1.3492e-16
0
0
0
0
0
0
0
0
0
0
0
0
0
0
0
0
0
0
0
0
0
0
0
0
0
0
0
0
0
0
0
0
0
0
0
0
0
0
0
0
0
0
0
0
0
0
0
0
-3.25887e-16
0
0
0
0
0
0
0
0
0
0
0
0
0
0
0
0
0
0
0
0
0
0
0
0
0
0
0
0
0
0
0
0
0
0
0
0
0
0
0
0
0
0
0
0
0
0
0
0
0
0
0
0
0
0
0
0
7.69314e-17
3.57301e-16
0
0
0
0
0
0
0
0
0
0
0
0
0
0
0
-6.53082e-14
1.74776e-13
0
0
0
0
0
0
0
0
0
0
0
0
0
0
0
0
0
0
0
0
0
0
0
0
0
0
0
2.13918e-16
1.02732e-14
0
0
0
0
0
0
0
0
0
0
0
0
0
0
0
0
0
0
0
0
0
0
0
0
0
0
0
0
0
0
0
0
0
0
0
0
-2.14281e-15
0
0
0
0
0
0
0
0
0
0
0
0
0
0
0
0
0
0
0
0
0
0
0
0
6.87222e-16
-4.95789e-16
0
-6.85632e-16
0
0
0
0
0
0
0
0
0
0
0
0
0
0
0
0
0
0
0
1.46286e-15
7.74488e-14
0
0
0
0
0
0
0
0
0
0
0
0
0
0
0
0
0
0
0
0
0
0
0
0
0
0
0
0
0
0
0
0
0
0
0
0
0
0
0
0
0
0
1.91085e-16
0
0
0
0
0
0
0
0
0
0
0
0
0
0
0
0
0
0
0
0
0
0
0
0
0
0
0
0
-9.56848e-17
-2.23899e-14
0
5.05834e-17
0
0
0
0
0
0
0
0
0
0
0
0
0
0
0
0
0
0
0
0
0
0
0
0
0
0
0
0
0
0
0
0
0
0
0
0
0
0
0
0
-1.39586e-15
0
0
0
0
0
0
0
-2.80894e-14
-1.07476e-14
0
0
0
0
0
0
0
0
0
0
0
0
0
0
0
0
0
0
0
0
0
0
0
0
5.00344e-17
0
0
0
0
0
0
0
0
0
0
0
0
0
0
0
0
0
0
0
0
0
0
0
0
0
0
0
0
0
0
0
0
0
0
0
0
0
0
0
0
0
0
0
0
0
0
0
0
0
0
0
0
0
0
0
0
0
0
0
0
0
0
0
0
0
0
0
0
0
0
0
0
0
0
0
0
0
0
0
0
0
0
0
0
0
0
0
0
0
0
0
0
0
0
0
0
0
0
0
0
0
-2.31715e-16
0
0
0
0
0
0
0
0
0
0
0
0
0
0
0
0
0
0
0
0
0
0
0
0
0
0
0
0
0
0
0
0
0
0
0
0
0
0
0
0
0
0
0
0
0
0
0
0
0
0
0
0
0
0
0
0
0
0
0
0
0
0
0
0
0
0
0
0
0
0
0
0
0
0
0
0
0
0
0
0
0
0
0
0
0
0
0
0
0
0
0
0
0
0
0
0
0
0
0
0
0
0
0
0
0
0
0
0
0
0
0
0
0
0
0
0
0
0
0
0
0
0
0
0
0
0
0
0
0
0
0
0
-5.23323e-16
-1.47269e-16
0
0
0
0
0
0
0
0
0
0
0
0
0
0
0
0
0
0
0
0
0
0
0
0
0
0
0
0
0
0
0
0
0
0
0
0
0
0
0
0
0
0
0
0
0
0
0
0
0
0
0
0
0
0
0
0
0
0
0
0
0
0
0
0
0
0
0
0
0
0
0
0
0
0
0
0
0
0
0
0
0
0
0
0
0
0
0
0
0
0
0
0
0
0
0
0
0
0
0
0
0
0
0
0
0
0
0
0
0
0
0
0
0
0
0
0
1.45559e-16
-5.56996e-31
0
0
0
0
0
0
0
0
0
0
0
0
0
0
0
0
0
0
0
0
0
0
0
0
0
0
0
0
0
0
0
0
0
0
0
0
0
0
0
0
0
0
0
0
0
0
0
0
0
0
0
0
0
0
0
0
0
0
0
0
0
0
0
0
0
0
0
0
0
-1.28585e-15
0
0
0
0
0
0
0
0
0
0
0
0
0
0
0
0
0
0
0
0
0
0
0
0
0
0
0
0
0
0
0
0
0
0
0
0
0
0
0
0
0
0
0
6.77513e-17
0
0
0
0
0
0
0
0
0
0
0
0
0
0
0
0
0
0
0
0
0
0
0
0
0
0
0
0
0
0
0
0
0
0
0
0
0
0
0
0
0
0
0
0
0
0
0
0
0
0
0
0
0
0
0
0
0
0
0
0
0
0
0
0
0
0
0
0
0
0
0
0
0
0
0
0
0
0
0
0
0
3.41587e-16
0
0
0
0
0
0
0
0
0
0
0
3.1522e-15
0
0
0
0
0
0
0
0
0
0
0
0
0
0
0
0
0
0
0
0
0
0
0
0
0
0
0
0
0
0
0
0
0
8.30131e-15
0
-3.48662e-14
0
0
0
0
0
0
0
0
0
0
0
0
0
0
0
0
0
0
0
0
0
0
0
0
0
0
0
0
0
0
0
0
0
0
0
0
0
0
0
0
0
0
0
0
0
0
0
0
0
0
0
0
0
0
0
0
0
0
0
0
0
0
0
0
0
0
0
0
0
0
0
0
0
0
0
0
0
0
0
0
0
0
0
0
0
0
0
0
0
0
0
0
0
0
0
0
0
0
0
0
0
0
0
0
0
0
0
0
0
0
0
0
0
0
0
0
0
0
0
0
0
0
1.76725e-16
0
0
1.81652e-16
-1.40973e-13
0
0
0
0
0
0
0
0
0
0
0
0
0
0
0
0
0
0
0
0
0
0
0
0
0
0
0
0
0
0
0
0
0
0
0
0
0
0
0
0
0
0
-1.26615e-16
-7.02818e-16
0
0
0
0
0
0
0
0
0
0
0
0
0
0
0
0
0
0
-1.01795e-13
0
0
0
0
0
0
0
0
0
0
0
0
0
0
0
0
0
-1.96927e-15
0
0
0
0
0
0
-2.34331e-15
0
0
0
0
0
0
0
0
0
0
0
0
0
0
0
0
0
0
0
0
0
0
0
0
0
0
0
0
0
0
0
0
0
0
0
0
0
0
0
0
0
0
0
0
0
0
0
0
0
0
0
0
0
0
0
0
0
0
0
0
0
0
0
0
0
0
0
0
0
0
0
0
0
0
0
0
6.54851e-15
2.82848e-15
0
0
0
0
0
0
0
0
0
0
0
0
0
0
0
0
0
0
0
0
0
0
0
0
0
0
0
0
0
0
0
0
0
0
0
0
0
0
0
0
0
0
0
0
0
0
0
0
0
0
0
0
0
0
0
0
0
0
0
0
0
0
0
0
0
0
0
0
0
0
0
0
0
0
0
0
0
0
0
0
0
0
0
0
0
0
0
0
0
0
0
0
0
0
0
0
0
0
0
0
0
0
0
0
0
0
0
0
0
0
0
0
0
0
0
0
0
0
0
0
6.05419e-16
0
0
0
0
0
0
0
0
0
0
0
0
0
0
0
0
0
0
0
0
0
0
0
0
0
0
0
0
0
0
0
0
0
0
0
0
0
0
0
0
0
0
0
0
0
0
0
0
0
0
0
0
0
0
0
0
0
0
0
0
0
0
0
0
0
0
0
0
0
0
0
0
0
0
0
0
0
0
0
0
0
0
0
0
0
0
0
0
0
0
0
0
0
0
0
0
0
0
0
0
0
0
0
0
0
0
0
0
0
0
0
0
0
0
0
0
0
0
0
0
0
0
0
0
0
0
0
0
0
0
0
0
0
0
0
0
0
0
0
0
0
0
0
0
0
0
0
0
0
0
0
0
0
0
0
0
0
0
0
0
0
1.34775e-16
2.95979e-17
0
0
0
0
0
0
0
0
0
0
0
0
0
0
0
0
0
4.25675e-17
-2.23452e-30
0
0
0
0
0
0
0
0
0
0
0
0
0
0
0
0
0
0
0
0
0
0
0
0
0
0
0
0
0
0
0
0
0
0
0
0
0
0
0
0
0
0
0
8.59409e-17
0
-5.84662e-17
0
0
0
0
0
0
0
0
0
0
0
0
0
0
0
0
0
0
0
0
0
0
0
0
0
0
0
0
1.09595e-16
-1.23527e-16
0
0
0
0
0
0
0
0
0
0
0
0
0
0
0
0
0
0
0
0
0
0
0
0
0
0
0
0
0
0
0
0
0
0
0
0
0
0
0
0
0
0
0
0
0
0
0
0
0
0
0
0
0
0
0
0
0
0
0
0
0
0
0
0
0
0
0
0
0
0
0
0
0
0
0
0
0
0
0
0
0
0
0
0
0
0
0
0
0
0
0
0
0
0
0
0
0
0
0
0
0
0
0
0
0
0
0
0
0
0
0
0
0
0
0
0
0
0
0
0
0
0
0
0
0
0
0
0
0
0
0
0
0
0
0
0
0
0
0
0
0
0
0
0
0
0
0
0
0
0
0
0
0
0
0
0
0
0
0
0
0
0
0
0
0
0
0
0
0
0
0
0
0
0
0
0
0
0
0
0
0
0
0
0
0
0
0
0
0
0
0
0
0
0
0
0
0
0
0
0
0
0
0
0
0
0
0
0
0
0
0
0
0
0
0
0
0
0
0
0
0
0
0
0
0
0
0
0
0
0
0
0
0
0
0
0
0
0
0
0
0
0
0
0
0
0
0
0
0
0
0
0
0
0
0
0
0
0
0
-3.17368e-16
0
0
0
0
0
0
0
0
0
0
0
0
0
0
0
0
0
0
0
0
0
0
0
0
0
0
0
0
0
0
0
0
0
0
0
0
0
0
0
0
0
0
0
0
0
0
0
0
0
0
0
0
0
0
0
0
0
0
0
0
0
0
0
0
0
0
0
0
0
0
0
0
0
0
0
0
0
0
0
0
0
0
0
0
0
0
0
0
0
0
0
0
0
0
0
0
0
0
0
0
0
0
0
0
0
0
0
0
0
0
0
0
0
0
0
0
0
0
0
0
0
0
0
0
0
0
0
0
0
0
0
0
0
0
0
0
0
0
0
0
0
0
0
0
0
0
0
0
3.85225e-14
0
0
0
0
0
0
0
0
0
0
0
0
0
0
0
0
0
0
0
0
0
0
0
0
0
0
0
0
0
0
0
0
0
0
0
0
0
0
0
0
0
6.77445e-16
0
0
0
0
0
0
0
0
0
0
0
0
0
0
0
0
0
0
0
0
0
0
0
0
0
0
0
0
0
0
0
0
0
0
0
0
0
-5.44568e-17
4.78221e-16
0
0
0
0
0
0
2.32301e-14
0
0
0
0
0
0
0
0
0
0
0
0
0
0
0
0
0
0
0
0
0
0
0
0
0
0
0
0
0
0
0
0
0
0
0
0
0
0
0
0
0
0
0
0
0
0
0
0
0
0
0
0
0
0
0
0
0
0
0
0
0
0
0
0
0
0
0
0
0
0
0
0
0
0
0
0
0
0
0
0
0
0
0
0
0
0
0
0
1.78627e-13
0
0
0
0
0
0
0
0
0
0
0
0
0
0
0
0
0
0
0
0
0
0
0
0
0
0
0
0
0
0
0
0
0
0
0
0
0
0
0
0
0
0
0
0
0
0
0
0
0
0
0
0
0
0
0
0
0
0
0
0
0
0
0
0
0
0
0
0
-2.36206e-16
0
0
0
0
0
0
0
0
0
0
0
0
0
0
0
0
0
0
0
0
0
0
0
0
0
0
0
0
0
0
0
0
0
0
0
0
0
0
0
0
0
0
0
0
0
0
0
0
0
0
0
0
0
0
0
0
0
0
0
0
0
0
0
0
0
0
0
0
0
0
0
0
0
0
0
0
0
0
0
0
0
0
0
0
0
0
0
0
0
0
0
0
0
0
0
0
0
0
0
0
0
0
0
0
0
0
0
0
0
0
0
0
0
0
0
0
0
0
0
0
0
0
0
0
0
0
0
0
0
0
0
0
0
0
0
0
0
0
0
0
0
0
0
0
0
0
0
0
0
0
0
0
0
0
0
0
0
0
0
0
0
0
0
0
0
0
0
0
0
0
0
0
-8.93208e-14
1.69402e-14
0
0
0
0
0
0
0
0
0
0
0
0
0
0
0
0
0
0
0
0
0
0
0
0
0
0
0
0
0
0
0
0
0
0
0
0
0
0
0
0
0
0
0
0
0
0
0
0
0
0
0
0
0
0
0
0
0
0
0
0
0
0
0
0
0
0
0
0
0
0
0
0
0
0
0
0
0
0
0
0
0
0
0
0
0
0
0
0
0
0
0
0
0
0
0
0
0
0
0
0
0
0
0
0
0
0
0
0
0
0
0
0
0
0
0
0
0
0
0
0
0
0
0
0
0
0
0
0
0
0
0
0
0
0
0
0
0
0
0
0
0
0
0
0
0
0
0
0
0
0
0
0
0
0
0
0
0
0
0
0
0
0
0
0
0
0
0
0
0
0
0
0
0
0
0
0
0
0
0
0
0
0
0
0
0
0
0
0
0
0
0
0
0
0
0
0
0
0
0
0
0
0
0
0
0
0
0
0
0
0
0
0
0
0
0
0
0
0
0
0
0
0
0
0
0
0
0
0
0
0
0
0
0
0
0
0
0
0
0
0
0
0
0
0
0
0
0
0
0
0
0
0
0
0
0
0
0
0
0
0
0
0
0
0
0
0
0
0
0
0
0
0
0
0
0
0
0
0
0
0
0
0
0
0
0
0
0
0
0
0
0
0
0
0
0
0
0
0
0
0
0
0
0
0
0
0
0
0
0
0
0
0
0
0
0
0
0
0
0
0
0
0
0
0
6.46876e-15
0
0
0
0
0
0
0
0
0
0
0
0
0
0
0
0
0
0
0
0
0
0
0
0
0
0
0
0
0
0
0
0
0
0
0
0
0
0
0
0
0
0
0
0
0
0
0
0
0
0
0
0
0
0
0
0
0
0
0
0
0
0
0
0
0
0
0
0
0
0
0
0
0
0
0
0
0
0
0
0
0
0
0
0
0
0
0
0
0
0
0
0
0
0
0
0
0
0
0
0
0
0
0
0
0
0
0
0
0
0
0
0
0
0
0
0
0
0
0
-6.60098e-15
0
0
0
0
0
0
0
0
0
0
0
0
0
0
0
0
0
0
0
0
0
0
0
0
0
0
0
0
0
0
0
0
0
0
0
0
0
0
0
0
0
0
0
0
-1.65805e-14
0
0
0
0
0
0
0
0
0
0
0
0
0
0
0
0
0
0
0
0
0
0
0
0
0
0
0
0
0
0
0
0
0
0
0
0
0
0
0
0
0
0
0
0
0
0
0
0
0
0
0
0
0
0
-7.05826e-14
0
0
0
0
0
0
0
-5.85e-14
0
0
0
0
0
0
0
0
0
0
0
0
0
0
0
0
0
0
0
0
0
0
0
0
0
0
1.12661e-16
-3.56392e-16
0
0
0
0
0
0
0
0
0
0
0
0
0
0
0
0
0
0
0
0
0
2.20713e-14
-9.33168e-14
0
0
0
0
0
0
0
0
0
-8.82745e-14
0
0
0
0
0
0
0
2.279e-17
0
0
0
0
0
0
0
0
0
0
0
0
0
0
0
0
0
0
0
0
0
0
0
0
0
0
0
0
0
0
0
-9.56922e-17
0
0
0
0
0
0
0
0
0
0
0
0
0
0
0
0
0
0
0
0
0
0
0
0
0
0
0
0
0
0
0
0
0
0
0
0
0
0
0
0
0
0
0
0
0
0
0
0
0
0
0
0
0
0
0
0
0
0
0
0
0
0
0
0
0
0
0
0
0
0
0
0
0
0
0
0
0
0
0
0
0
0
0
0
0
0
0
0
0
0
0
0
0
0
0
1.24705e-14
0
0
0
0
0
0
0
0
0
0
0
0
0
0
0
0
0
0
0
0
0
0
0
0
0
0
0
0
0
0
0
0
0
0
0
0
0
0
0
0
0
0
0
0
0
0
0
0
0
0
0
0
0
0
0
0
0
0
0
0
0
8.1989e-14
0
0
0
0
0
0
0
0
0
0
0
0
0
0
0
0
0
0
0
0
0
0
0
0
0
0
0
0
0
0
0
0
0
0
0
0
0
0
0
0
0
0
0
0
0
0
0
0
0
0
0
0
0
-9.50256e-15
0
0
0
0
0
0
0
0
0
0
0
0
0
0
0
0
0
0
0
0
0
0
0
0
0
0
0
0
0
0
0
0
0
0
0
0
0
0
0
0
0
0
0
0
0
0
0
0
0
0
0
0
0
0
0
0
0
0
0
0
2.27519e-14
-1.64416e-14
0
0
0
0
0
0
0
0
0
0
0
0
0
0
0
0
1.25645e-16
0
0
0
0
2.11986e-15
0
0
0
0
0
0
0
0
0
0
0
0
0
0
0
0
0
0
0
0
0
0
0
0
0
0
0
0
0
0
0
0
0
0
0
0
0
0
0
0
0
0
0
0
0
0
0
0
0
0
0
0
0
0
0
0
0
0
0
0
0
0
0
0
0
0
0
0
0
0
0
0
0
0
0
0
0
0
0
0
0
0
0
0
-2.34315e-16
0
0
0
0
0
0
0
0
0
0
0
0
0
0
0
0
0
-1.2909e-17
-4.64182e-16
0
0
-3.69808e-16
0
0
0
0
0
0
0
0
0
0
0
0
0
0
0
0
0
0
0
0
0
0
0
0
0
0
0
0
0
0
0
-3.35769e-16
0
0
0
0
0
0
0
0
-1.32217e-16
0
0
0
0
0
0
0
0
0
0
0
0
0
0
0
0
0
0
0
0
0
0
0
0
0
0
0
0
0
0
0
0
0
0
0
0
0
0
0
0
0
0
0
0
0
0
0
0
0
0
0
0
0
0
0
0
0
0
0
0
0
0
0
0
0
0
0
0
0
0
0
0
0
0
0
0
-3.2453e-15
0
0
0
0
0
0
0
0
0
0
0
0
0
0
0
0
0
0
0
0
0
0
0
0
0
0
0
0
0
0
0
0
0
0
0
0
0
0
0
0
0
0
0
0
0
0
0
0
0
0
0
0
0
0
0
0
0
0
0
0
0
0
0
0
0
0
0
0
0
0
0
0
0
0
0
0
0
0
0
0
0
0
0
0
0
0
0
0
0
0
0
0
0
0
0
0
0
0
0
0
0
0
0
0
0
0
0
0
0
0
0
0
0
-1.7007e-14
0
0
0
0
0
0
0
0
0
0
0
0
0
0
0
-1.90655e-17
0
0
0
0
0
0
0
0
0
0
0
0
0
0
0
0
0
0
0
0
0
0
0
0
0
0
0
0
0
0
0
0
0
0
0
0
0
0
0
0
0
0
0
0
0
0
0
0
0
1.25001e-14
0
0
0
0
0
0
0
0
0
0
0
0
0
0
0
0
0
0
0
0
0
0
0
0
0
0
0
0
0
0
0
0
0
0
0
0
0
-8.58487e-14
-1.13301e-14
0
0
0
0
0
0
0
0
0
0
0
0
0
0
0
-1.54414e-15
-2.75736e-16
0
0
0
0
0
0
0
0
0
0
0
0
0
0
0
0
0
0
0
0
0
0
0
0
0
0
0
0
0
0
0
0
0
0
0
0
0
0
0
0
0
0
0
0
0
0
0
0
0
0
0
0
0
0
0
0
0
0
0
0
0
0
0
0
0
0
0
0
0
0
0
0
0
0
0
0
0
0
0
0
0
0
0
0
0
0
0
0
0
0
0
0
0
0
0
0
0
3.23379e-16
-3.68519e-16
0
0
0
0
0
0
0
0
0
0
0
0
0
0
0
1.29458e-15
0
0
0
0
0
0
0
0
0
0
0
0
0
0
0
0
0
0
0
0
0
0
0
0
0
0
0
0
0
0
0
0
0
0
0
0
0
0
0
0
0
0
0
0
0
0
0
0
0
0
0
0
0
0
0
0
0
0
0
0
0
0
0
0
0
0
0
0
0
0
0
0
0
6.92806e-16
0
0
0
0
0
0
0
0
0
0
0
0
0
0
0
0
0
0
0
0
0
0
0
0
0
0
0
0
0
0
0
0
0
0
0
0
0
0
0
0
0
0
0
0
0
0
0
0
0
0
0
1.31437e-14
0
0
0
0
0
0
0
0
0
0
0
0
0
0
0
0
0
0
0
0
0
0
0
0
0
0
0
0
0
0
0
0
0
0
0
0
0
0
0
0
0
0
0
0
0
0
0
0
0
0
0
0
0
0
0
0
0
0
0
0
0
0
0
0
0
0
0
0
0
0
0
1.412e-16
0
0
0
0
0
0
0
0
0
0
0
0
0
0
0
0
0
0
0
0
0
0
0
0
0
0
0
0
0
0
0
0
0
0
0
0
0
0
0
0
0
0
0
0
0
0
0
0
8.21226e-17
-9.85471e-15
-6.03515e-16
1.02719e-15
0
0
0
0
0
0
1.04167e-14
0
0
0
0
0
0
0
0
0
0
0
0
0
0
0
0
0
0
0
0
0
0
0
0
0
0
0
0
0
0
0
0
0
0
0
0
0
0
0
0
0
0
0
0
0
0
0
0
0
0
0
0
0
0
0
0
0
0
0
0
0
0
0
0
0
0
0
0
0
0
0
0
0
0
0
0
0
0
0
0
0
0
0
0
0
0
0
0
0
0
0
0
0
0
0
0
0
0
0
0
0
0
0
0
0
0
0
0
0
0
0
0
0
0
0
0
0
0
0
0
0
0
0
0
0
0
0
0
0
0
0
0
0
0
0
0
0
0
-6.77268e-17
0
0
0
0
0
0
0
0
0
0
0
1.75926e-16
0
0
0
0
0
0
0
0
0
0
0
0
0
0
0
0
0
0
0
0
0
0
0
0
0
0
0
0
0
0
0
0
0
0
0
0
0
0
0
0
0
0
0
0
0
0
0
0
0
0
0
0
0
0
0
0
0
0
0
0
0
0
0
0
0
0
0
0
0
0
0
0
0
0
0
0
0
0
0
0
0
0
0
0
0
0
0
0
0
0
0
0
0
0
0
0
0
0
0
0
0
0
0
0
0
0
0
0
0
0
0
0
0
0
0
0
0
0
0
0
0
0
0
0
0
0
0
0
1.70195e-14
0
0
0
0
0
0
0
0
0
0
0
0
0
0
0
0
0
0
0
0
0
0
0
0
0
0
0
0
0
0
0
0
0
0
0
0
0
0
0
0
0
0
0
0
0
0
0
0
0
0
0
0
0
0
0
0
0
0
0
0
0
0
0
0
0
0
0
0
0
0
0
0
0
0
0
0
0
0
0
0
0
0
0
0
0
0
0
0
0
0
0
0
0
0
0
0
0
0
0
0
0
0
0
0
0
0
0
0
0
0
0
0
0
0
0
0
0
0
0
0
0
0
0
0
0
0
0
0
0
0
0
0
0
0
0
0
0
0
0
0
0
0
0
0
0
0
0
0
0
0
0
0
0
0
0
0
0
0
0
0
0
0
0
0
0
0
0
0
0
0
0
0
0
0
0
0
0
0
0
0
0
0
0
0
0
0
0
0
0
0
0
0
0
0
0
0
0
0
0
0
0
0
0
0
0
0
0
0
0
0
0
0
0
0
0
0
0
0
3.13502e-14
0
0
0
-3.39616e-14
0
0
0
0
0
0
0
0
0
0
0
0
0
0
-3.88544e-15
-1.1622e-15
0
0
0
0
0
0
0
0
0
0
0
0
0
0
0
0
0
0
0
0
0
0
0
0
0
0
0
0
0
0
0
0
0
0
0
0
0
0
0
0
0
0
0
0
0
0
0
0
0
0
0
0
0
0
0
0
0
0
0
0
0
0
0
0
0
0
0
0
1.39709e-14
1.45019e-14
0
0
0
0
0
0
0
0
0
0
0
0
0
0
0
0
0
0
0
0
0
0
0
0
0
0
0
0
0
0
0
0
-3.02154e-15
0
0
0
0
0
0
0
0
0
0
0
0
0
0
0
0
0
0
0
0
0
0
0
0
0
0
0
0
0
0
0
0
0
0
0
0
0
0
0
0
0
0
0
0
0
0
0
0
0
0
0
0
-2.54859e-14
0
0
0
0
0
0
0
0
0
0
0
0
0
0
0
0
0
0
0
0
0
0
0
0
0
0
0
0
0
0
0
0
0
0
0
0
0
0
0
0
0
0
0
0
0
0
0
0
0
0
0
0
0
0
0
0
0
0
0
0
0
0
0
0
0
-3.01527e-11
4.59664e-12
0
0
0
0
0
0
0
0
0
0
0
0
0
0
0
0
0
0
0
0
0
0
0
0
0
0
0
0
0
-4.91484e-16
-1.69453e-12
0
0
0
0
0
0
0
0
0
0
0
0
0
0
0
0
0
0
0
0
0
0
-6.1411e-12
0
0
0
1.63101e-15
0
0
0
0
0
0
0
0
0
0
0
0
0
0
0
0
0
0
0
0
0
0
0
0
0
0
0
0
0
0
0
0
0
0
0
0
0
0
0
0
0
0
0
0
0
0
0
0
0
0
0
0
0
0
0
8.62417e-14
-1.47021e-14
0
0
0
0
0
0
0
0
0
0
0
0
0
0
0
0
0
0
0
0
0
0
0
0
0
0
0
0
0
0
0
0
0
0
0
0
0
0
0
0
0
0
0
0
0
0
0
0
0
0
0
0
0
0
0
0
0
0
0
0
0
0
0
0
0
0
0
0
0
0
0
0
0
0
0
0
0
0
0
0
0
0
0
0
0
0
0
0
0
0
0
0
0
0
0
0
0
0
0
0
0
0
0
0
0
0
0
0
0
0
0
0
0
0
0
0
0
0
0
0
0
0
0
0
0
0
0
0
0
0
0
0
0
0
0
0
0
0
0
0
0
0
0
0
0
0
0
0
0
-2.09173e-15
1.63878e-15
0
0
0
0
0
0
0
0
0
0
0
0
0
0
0
0
0
0
0
0
0
0
0
0
0
0
0
0
0
0
0
0
0
0
0
0
0
0
0
0
0
0
0
0
0
0
0
0
0
-1.28114e-14
0
0
0
0
0
0
0
0
0
0
0
0
0
0
0
0
0
0
0
0
0
-2.57078e-15
3.52809e-16
9.68787e-17
0
0
0
0
0
0
0
0
0
0
0
0
0
0
0
0
0
0
0
0
0
0
0
0
0
0
0
0
0
0
0
0
0
0
0
0
0
0
0
0
0
0
0
0
0
0
0
0
-8.97406e-15
1.71219e-14
0
0
0
0
0
0
1.23097e-14
0
3.7448e-15
0
4.7095e-14
-9.31801e-14
0
0
0
0
0
0
0
0
0
0
0
0
0
0
0
4.29651e-16
0
0
0
9.25673e-16
-4.20545e-17
-1.03933e-15
0
0
0
0
0
0
0
0
0
0
0
0
0
0
0
0
0
0
0
0
0
0
0
0
0
0
0
0
0
0
0
0
0
0
0
0
0
0
0
0
0
0
0
0
0
0
0
0
0
0
0
0
0
0
0
0
0
0
0
0
0
0
0
0
0
0
0
0
0
0
0
0
0
0
0
0
0
0
0
0
0
0
0
0
0
0
0
0
0
0
0
0
0
0
0
0
0
0
0
0
0
0
0
0
0
0
0
0
0
0
0
0
0
0
0
0
0
0
0
0
0
0
0
0
0
0
0
0
0
0
0
0
0
0
0
0
0
0
0
0
0
0
0
0
0
0
0
0
0
0
0
0
0
0
0
0
0
0
0
0
0
0
0
0
0
0
0
0
0
0
0
0
0
0
0
0
0
0
0
0
0
0
0
0
0
0
0
0
0
0
0
0
0
0
0
0
0
0
0
0
0
0
0
0
0
0
0
0
0
0
0
0
0
0
0
0
0
0
0
0
0
0
0
0
0
0
0
0
0
0
0
0
0
0
0
0
0
0
0
0
0
0
0
0
0
0
0
0
0
0
0
0
0
0
0
0
0
0
0
0
0
0
0
0
0
0
0
-8.12257e-15
1.76358e-15
0
0
0
0
0
0
2.19595e-15
1.68713e-16
0
0
0
0
0
0
0
0
0
0
0
0
0
0
0
0
0
0
0
0
1.34634e-16
0
0
0
0
0
0
0
0
0
0
0
0
0
0
0
0
0
0
0
0
0
9.06694e-15
0
0
0
0
0
0
0
0
0
-8.25527e-16
0
-4.18234e-14
-1.1899e-16
0
0
0
0
0
0
0
0
0
0
0
0
0
0
0
1.72474e-16
1.37719e-17
-1.7674e-16
0
0
0
0
0
0
0
0
0
-6.63338e-17
0
0
0
0
0
0
0
0
0
0
0
0
0
0
4.46903e-30
0
0
0
0
0
0
0
0
0
0
0
0
0
0
0
0
0
0
0
0
2.02657e-15
-2.53715e-16
0
0
0
0
0
0
0
0
0
0
0
0
0
0
0
0
0
0
0
0
0
0
0
0
0
0
0
0
0
0
0
0
0
0
0
0
0
0
1.17031e-14
0
0
0
0
0
0
0
0
0
0
0
3.55432e-29
0
-2.74351e-14
0
0
0
0
0
0
0
0
0
0
0
0
0
0
0
0
0
0
0
0
0
0
0
0
0
0
0
0
0
0
0
0
0
0
0
0
0
0
0
0
0
0
0
0
0
0
0
0
0
0
0
0
0
0
0
0
0
0
0
0
0
0
0
0
0
0
0
0
0
0
0
0
0
0
0
0
0
0
0
0
0
0
0
0
0
0
0
0
0
0
0
0
0
0
0
0
0
-2.49597e-17
0
0
0
0
0
0
0
0
0
0
0
0
0
0
0
0
0
0
0
0
0
0
0
0
0
0
0
0
0
0
0
0
0
0
0
0
0
0
0
0
0
0
0
0
0
0
0
0
0
0
0
0
0
0
0
0
0
0
0
0
0
0
0
0
0
0
0
0
0
0
0
0
0
0
0
0
0
0
0
0
0
0
0
0
0
0
0
0
0
0
0
0
0
0
0
0
0
0
0
0
0
-1.4579e-15
0
0
0
0
0
0
0
0
0
0
0
0
0
0
0
0
0
0
0
0
0
0
0
0
0
0
0
0
0
0
0
0
-1.69476e-16
3.06743e-16
-1.81638e-16
0
0
0
0
0
0
0
0
0
0
0
0
0
0
0
0
0
0
0
0
0
0
0
0
0
0
0
0
0
0
0
0
0
0
0
0
0
0
0
0
0
0
0
0
0
0
0
0
0
0
0
0
0
0
0
0
0
0
0
0
0
0
0
0
0
0
0
0
0
0
0
0
0
0
0
0
0
0
0
0
0
0
0
0
0
0
0
0
0
0
0
0
0
0
-4.18157e-15
0
0
0
0
0
0
0
0
0
0
0
0
0
0
0
0
0
0
0
0
0
0
0
0
0
-6.39175e-17
2.28402e-16
0
0
0
2.59722e-15
0
0
0
0
0
0
-5.1502e-16
-1.17137e-15
0
0
0
0
0
0
0
-7.26649e-15
-1.3279e-15
0
0
0
0
0
0
0
0
0
0
0
0
0
0
0
0
0
0
-1.54459e-14
0
0
0
0
0
0
0
0
0
0
0
0
0
0
0
0
0
0
0
0
0
0
0
0
0
0
0
0
0
0
0
0
0
0
0
0
0
0
0
0
0
0
0
0
0
0
0
0
-8.60682e-15
0
0
0
0
0
0
0
0
0
0
3.28093e-16
1.41542e-14
0
0
0
0
0
0
0
0
0
0
0
0
-2.21709e-16
0
0
0
0
0
0
0
0
0
-2.05845e-16
1.64989e-15
3.73855e-17
0
0
0
0
0
0
0
0
0
0
0
0
0
0
0
0
3.14434e-16
0
0
0
0
0
0
0
0
0
0
0
0
-1.13161e-14
2.83652e-15
0
0
0
0
0
0
0
0
0
0
0
0
0
3.18384e-17
-1.12359e-15
0
0
0
0
0
0
0
0
0
0
0
0
0
0
0
0
0
0
0
0
0
0
2.79621e-07
-3.09617e-07
3.07588e-07
-2.97293e-07
3.11689e-07
0
0
0
0
0
0
-2.95196e-16
-3.34524e-30
0
0
0
9.12774e-15
7.71233e-17
6.57422e-16
0
0
0
0
0
0
0
0
0
0
0
0
0
0
-2.72802e-07
2.58261e-07
0
0
0
0
0
0
0
0
0
0
0
0
0
0
-3.02213e-07
2.71349e-07
0
0
0
0
0
0
0
0
0
0
0
0
0
1.52739e-07
6.43765e-08
7.51825e-08
1.6225e-07
2.14027e-07
1.00481e-07
2.0658e-07
4.6493e-08
1.03431e-07
1.98985e-07
1.7351e-07
1.00593e-07
2.0481e-07
8.52451e-08
0
0
0
0
0
0
2.0365e-16
-7.14517e-16
0
0
0
0
0
0
0
0
0
0
0
0
0
0
0
0
9.41603e-17
1.77329e-17
0
0
0
0
0
0
0
3.30579e-17
0
4.81028e-17
0
0
0
0
0
0
0
0
0
0
0
0
0
9.37169e-15
0
0
0
0
0
0
0
0
0
0
0
0
0
0
0
0
0
0
0
0
0
0
0
0
0
0
0
0
-2.26075e-15
0
0
0
0
0
0
0
0
0
0
0
0
0
0
0
0
0
0
0
0
0
0
0
0
0
0
4.08022e-15
-1.0734e-14
0
0
0
0
0
0
0
0
0
0
0
0
0
0
1.04297e-14
-1.37694e-14
0
0
0
0
0
0
0
0
0
0
0
0
0
0
0
0
0
0
0
0
0
0
0
0
0
0
0
0
-1.52323e-14
0
0
0
0
0
0
0
0
0
0
0
0
0
0
-1.15135e-11
2.05451e-17
0
0
0
0
0
0
0
0
0
0
0
0
0
0
0
0
0
0
0
0
0
0
0
0
0
0
0
0
0
0
0
0
0
0
0
0
0
0
0
0
-1.79561e-16
1.2326e-16
0
0
0
0
0
0
0
0
-7.06442e-17
1.10974e-16
0
0
0
0
0
0
0
6.10125e-16
0
0
0
0
0
0
0
0
0
0
0
0
0
0
-6.14265e-15
0
0
0
0
0
0
0
0
0
0
0
0
0
0
0
0
0
0
0
0
0
1.54771e-07
6.64088e-08
0
0
0
0
0
0
0
7.59634e-15
0
0
0
0
0
0
0
0
0
0
0
0
0
0
0
0
0
0
0
0
0
0
0
0
0
0
0
0
0
0
0
4.94481e-08
1.99662e-07
1.64145e-07
7.73369e-08
-2.51556e-16
0
0
0
0
0
0
0
0
0
0
0
0
-7.55219e-15
0
0
0
0
0
0
0
0
0
0
0
0
0
0
0
0
0
3.84284e-17
0
0
0
0
0
0
0
8.23168e-08
1.51297e-07
0
0
0
0
0
0
0
0
0
1.05536e-07
1.64626e-07
0
0
0
-1.07504e-16
0
0
0
0
0
0
0
0
0
0
0
0
0
0
0
0
-5.56584e-16
0
0
0
0
0
0
0
0
0
-9.52031e-16
1.97208e-16
0
0
0
0
0
2.01172e-07
1.05305e-07
0
0
0
0
0
0
0
0
0
0
0
0
0
9.67779e-08
1.89398e-07
0
0
0
3.42308e-17
-6.82658e-17
0
0
0
0
0
0
0
0
0
0
8.0323e-08
1.49084e-07
0
0
0
0
0
9.38472e-14
-9.54417e-15
0
0
0
0
0
0
0
0
0
0
0
0
0
0
0
0
0
-2.80168e-14
0
0
0
0
0
0
0
9.15457e-15
0
0
0
0
0
0
0
0
0
0
0
0
0
0
0
0
0
0
0
0
0
0
0
0
0
0
0
0
0
0
0
0
0
0
0
0
0
0
0
0
0
0
0
0
0
0
0
0
0
0
1.79782e-07
4.5163e-08
0
0
2.87244e-07
-2.85516e-07
0
0
0
0
2.4228e-16
0
0
0
0
0
0
0
0
0
0
0
0
0
2.93343e-07
-3.04033e-07
0
0
0
0
0
0
0
0
0
0
0
0
0
0
0
0
0
0
0
0
0
0
0
0
0
0
0
0
0
0
0
0
0
0
0
0
0
0
0
-3.62082e-17
0
0
0
0
0
0
0
0
0
0
0
0
7.11211e-08
1.74298e-07
0
0
0
0
0
0
0
0
0
0
0
0
0
0
0
0
0
0
0
0
0
0
0
0
0
0
0
0
0
0
0
0
0
0
0
0
0
0
0
0
0
0
0
0
0
-1.30282e-15
2.2355e-17
0
0
0
0
0
0
0
0
0
0
0
0
1.66014e-15
0
0
0
0
0
0
0
0
0
0
0
0
0
0
0
0
0
0
0
0
0
0
0
0
0
0
0
0
0
0
0
0
0
0
0
0
0
0
0
3.01369e-07
-2.83524e-07
-2.66402e-07
2.92455e-07
0
0
0
0
0
0
0
0
0
0
0
0
0
0
0
0
0
0
0
0
-1.20184e-14
0
0
-5.55362e-31
0
0
-3.28588e-07
3.10005e-07
0
0
0
0
0
0
0
1.16314e-07
1.4996e-07
0
2.77445e-07
-3.04373e-07
0
0
0
0
0
0
0
0
0
0
0
0
2.37302e-15
0
0
0
0
0
0
0
0
0
0
0
0
0
0
0
0
0
0
0
0
0
0
0
0
0
0
0
0
0
0
-4.28672e-17
3.11885e-17
0
0
0
0
0
0
0
0
0
0
0
0
0
0
0
0
0
0
0
0
0
0
0
0
0
0
0
0
0
0
0
0
0
0
0
0
0
0
0
0
0
0
0
0
0
0
0
0
0
0
1.08931e-07
2.0166e-07
0
0
0
0
0
0
0
0
0
0
0
0
0
0
0
0
0
0
0
0
0
0
0
2.55199e-16
0
0
0
0
0
0
0
0
0
0
0
0
0
1.12286e-07
1.70052e-07
0
0
0
0
0
0
0
0
0
0
0
0
0
0
0
0
0
0
0
0
0
0
0
0
0
0
0
0
0
0
0
0
0
0
0
0
0
0
0
0
0
0
1.13687e-16
0
0
0
0
0
0
0
3.36164e-16
0
0
0
0
0
0
0
-7.6317e-16
0
0
0
0
0
0
3.75016e-16
0
0
0
0
0
0
0
0
0
0
0
0
0
0
0
0
0
6.43506e-16
-3.07343e-16
0
0
0
0
0
0
0
0
0
0
8.76955e-15
3.35249e-16
0
0
0
0
0
0
0
0
0
0
0
0
0
0
0
0
0
0
0
-1.42096e-15
-4.20972e-16
-1.6348e-16
0
0
0
0
0
0
0
0
0
0
0
0
0
0
0
0
0
0
0
0
0
0
0
0
0
0
2.21294e-16
7.45334e-14
0
-6.36513e-17
-1.59927e-15
0
-3.07266e-17
0
0
0
0
0
0
0
5.67123e-16
2.06077e-16
0
0
0
0
0
0
0
0
0
0
0
0
0
0
0
0
0
0
0
0
0
0
0
0
0
0
0
0
0
0
0
0
-1.42313e-14
7.85216e-15
1.67649e-16
-1.42558e-14
4.875e-15
-2.19212e-15
-7.39347e-17
0
2.84914e-07
-2.78991e-07
0
0
0
0
0
0
0
0
0
0
0
0
-3.16812e-17
0
0
0
0
0
0
0
0
0
0
1.07912e-14
0
0
0
0
0
0
0
0
0
0
0
0
0
0
0
0
-6.60041e-15
2.62551e-16
0
0
0
0
0
-3.40787e-16
0
0
0
0
0
0
0
0
0
0
0
0
0
0
0
0
0
-4.61843e-16
-4.35572e-14
0
0
0
0
0
0
0
-5.82801e-16
0
0
0
0
0
0
0
0
0
0
0
0
0
0
0
0
0
0
0
0
0
0
-9.2451e-17
-4.73688e-16
0
0
0
0
0
0
0
0
0
0
0
0
0
0
-2.99726e-07
2.64939e-07
0
6.06995e-15
-1.38752e-16
-5.41103e-15
0
0
0
0
0
0
0
0
0
0
0
0
-1.1847e-15
0
0
0
0
0
0
0
0
0
0
0
9.15889e-17
-7.72125e-17
0
0
0
0
0
0
0
0
0
0
0
0
0
0
0
0
0
0
0
0
0
0
0
0
0
0
0
0
0
2.50487e-16
-3.05786e-15
5.56996e-31
0
6.90283e-15
0
0
0
0
0
0
0
0
0
0
0
0
0
1.07353e-14
0
0
0
0
0
0
0
0
0
0
0
0
0
0
0
0
0
0
0
0
3.39199e-16
0
0
0
0
0
0
0
0
0
0
0
0
0
0
0
0
0
0
0
2.96014e-07
-2.74077e-07
0
0
0
0
0
0
0
0
0
0
-1.55665e-16
0
0
0
0
0
0
0
0
0
0
0
0
0
0
0
-2.84651e-15
7.43136e-15
0
0
0
0
0
0
0
0
0
0
0
-2.82913e-07
2.6033e-07
0
0
0
0
0
0
0
0
0
0
0
0
0
0
0
0
0
0
1.82533e-15
0
0
0
0
0
-1.49523e-16
0
0
0
0
0
0
0
0
0
0
0
0
0
0
0
-2.61569e-15
-2.93919e-15
-2.60088e-16
0
0
0
0
0
0
0
0
0
0
0
0
0
0
0
-1.419e-16
0
0
0
0
0
0
0
0
0
0
0
0
0
0
0
0
0
0
0
0
0
0
0
0
0
0
0
0
0
0
0
0
0
0
0
0
0
0
0
0
0
0
0
0
0
0
0
0
0
0
-2.97407e-11
3.19709e-12
0
0
-2.84591e-14
0
0
-6.29569e-16
-1.69578e-16
0
0
0
0
0
0
0
0
0
0
0
0
0
0
0
1.2528e-15
0
0
0
0
0
0
0
0
0
1.10276e-12
0
0
0
0
0
0
0
0
0
0
-2.49423e-15
-3.54311e-15
0
0
0
0
0
0
0
0
0
0
0
0
2.86448e-12
0
0
0
-2.56073e-15
0
0
0
0
0
0
0
0
0
-1.91469e-16
2.98015e-15
0
0
0
0
0
0
-2.73481e-17
0
0
0
0
-6.59713e-15
0
2.91209e-14
0
0
0
0
0
0
0
0
0
4.62547e-12
0
4.44894e-12
0
0
0
0
0
0
0
0
0
0
0
0
0
0
0
0
0
0
0
0
0
-1.05871e-11
-4.51689e-12
0
2.69235e-16
-1.7726e-16
0
0
0
0
0
0
0
0
0
0
0
0
0
0
0
0
6.5213e-13
0
0
0
0
0
0
0
0
0
0
0
0
0
0
0
0
0
0
0
-1.14636e-14
0
0
0
0
0
0
0
0
0
0
0
5.06476e-16
0
0
0
0
-9.47821e-16
-3.73111e-15
0
3.25822e-11
0
0
2.00586e-16
-2.75313e-15
0
0
0
0
0
0
0
0
0
0
0
0
-2.96746e-15
0
0
0
0
0
0
0
0
3.15438e-11
0
0
0
0
2.1648e-16
0
0
0
0
1.22904e-16
0
0
0
0
1.1518e-16
0
0
0
0
0
0
0
0
0
0
0
0
-1.6366e-15
0
-4.15507e-16
-3.91958e-16
0
0
0
0
0
0
0
0
0
0
0
0
0
0
0
0
0
0
0
0
0
0
0
0
0
3.61983e-11
0
0
0
0
0
0
0
0
0
0
0
0
0
0
0
0
0
0
-1.56214e-14
0
0
0
0
0
0
0
0
0
0
0
0
0
0
0
0
0
0
0
0
0
0
0
0
0
0
0
0
-1.87474e-16
0
0
0
0
0
0
0
0
0
0
0
0
0
0
0
0
0
0
0
0
0
0
0
0
0
0
0
0
0
0
0
0
1.24043e-12
0
0
0
0
0
0
0
0
0
0
0
0
0
0
0
0
0
0
0
0
0
0
0
0
0
0
0
0
0
0
-8.56229e-17
0
0
0
0
0
8.14404e-15
0
0
0
0
-1.68538e-15
0
0
0
0
0
0
0
0
0
0
0
0
0
0
-1.44952e-12
1.47342e-12
0
0
0
0
0
0
0
0
0
0
0
0
0
0
0
0
0
0
0
0
0
-1.84612e-14
-2.24758e-30
0
0
0
0
0
0
2.07593e-07
1.11068e-07
0
0
0
0
0
0
0
0
0
0
0
0
0
0
-3.10077e-07
2.71247e-07
0
0
8.47437e-14
0
0
0
0
0
0
0
0
0
0
0
0
0
0
0
0
0
0
0
0
0
0
0
0
0
0
0
0
0
0
0
0
0
0
0
0
0
0
0
0
0
4.24496e-16
0
0
0
0
0
0
0
0
0
0
0
0
0
0
0
0
0
0
0
0
0
0
0
0
0
0
0
0
0
0
0
0
0
0
0
0
3.21723e-15
8.67229e-16
0
0
0
0
0
0
0
-4.88597e-15
4.59039e-14
0
0
3.47107e-11
8.15713e-16
0
0
0
0
0
0
0
0
0
0
1.88867e-15
0
0
0
0
0
0
0
-1.27299e-15
1.59143e-17
1.80373e-16
0
3.68665e-12
0
0
0
0
0
5.3879e-14
0
0
0
0
0
0
0
0
0
0
0
8.44224e-17
0
0
0
0
0
0
0
0
0
3.78959e-17
3.91115e-16
0
5.62977e-17
0
0
0
0
0
0
0
0
0
0
0
-6.7102e-15
0
0
0
0
0
0
0
0
0
0
0
2.02813e-15
0
0
0
0
0
1.61554e-15
0
0
0
0
0
0
0
0
0
0
0
0
0
0
0
-9.53367e-17
0
0
0
0
0
-2.4757e-15
0
0
0
0
0
0
0
0
0
0
0
1.01961e-14
0
0
0
0
0
0
0
0
3.55584e-16
0
2.8625e-15
0
0
0
0
0
0
0
0
0
0
2.31353e-15
0
0
0
0
0
-3.42082e-17
-1.92369e-15
0
0
0
0
0
0
0
0
0
8.39989e-15
-6.3823e-17
1.9776e-15
0
0
0
0
0
0
0
0
0
3.64466e-15
0
2.31341e-16
-7.53283e-16
0
0
0
0
0
0
0
0
0
0
0
0
0
0
0
9.84911e-08
1.99803e-07
0
0
0
1.89773e-15
-3.3787e-15
8.83844e-15
1.29919e-15
-5.74245e-17
0
0
0
0
2.10917e-07
-1.52865e-17
-3.37916e-17
0
0
0
0
0
0
0
0
0
0
0
4.05584e-17
-3.3675e-16
0
0
1.28806e-16
0
-3.13902e-15
-4.59209e-16
0
0
0
0
0
0
0
0
0
0
-6.97781e-15
7.92303e-15
7.74687e-15
0
0
0
0
0
0
9.34119e-17
0
0
0
0
0
0
0
0
0
0
0
0
0
0
0
0
0
0
0
0
0
0
-8.86486e-16
-2.80856e-11
0
0
0
0
0
0
0
0
0
0
0
0
0
0
0
0
0
-3.06948e-16
0
0
0
0
0
0
0
0
0
0
0
0
0
0
2.77525e-12
0
0
0
0
0
0
0
0
0
0
0
0
0
0
0
0
0
0
0
0
0
0
0
0
0
-6.82791e-17
0
0
0
0
0
0
-3.81937e-14
0
0
0
0
0
0
0
0
0
0
5.18851e-12
0
0
0
0
0
0
0
0
0
0
0
0
0
0
0
0
0
0
0
0
5.58629e-31
0
0
0
0
-4.9655e-15
3.49561e-16
0
0
0
0
0
0
0
0
0
0
0
0
7.26646e-17
0
0
0
0
0
0
0
0
2.94168e-11
0
0
0
0
0
0
0
0
0
0
0
0
4.72176e-13
-4.84999e-12
1.81936e-12
7.28225e-13
0
0
0
0
0
0
2.94652e-11
0
0
0
0
0
0
0
0
0
0
0
0
0
0
0
0
0
0
-2.13397e-07
0
0
4.27765e-17
0
0
0
0
0
0
0
0
0
0
0
0
0
0
0
0
0
0
0
0
0
0
0
0
0
0
0
0
0
0
0
0
0
0
0
0
0
0
0
0
0
0
0
0
0
0
-4.25686e-17
-2.42262e-17
1.61955e-16
-1.51627e-16
0
0
0
0
0
0
0
-3.51384e-17
1.0045e-16
0
0
0
0
0
0
0
0
0
0
0
0
0
3.75509e-14
0
0
0
0
0
0
0
0
0
0
0
0
0
0
0
0
0
0
0
0
0
0
0
0
0
0
0
0
0
8.06332e-08
0
0
0
3.05542e-14
0
0
0
0
0
0
0
0
0
0
0
0
0
0
0
0
0
0
0
0
0
0
0
0
0
0
6.82165e-13
0
0
0
0
0
0
-7.21555e-16
0
0
0
0
0
0
0
1.96953e-14
0
0
0
0
0
0
0
-1.47701e-15
-4.93521e-16
0
0
0
0
0
0
0
0
0
0
0
0
0
0
0
0
0
0
0
0
0
0
-4.28406e-15
0
0
0
0
2.45289e-16
0
0
2.23306e-16
-7.93973e-15
0
0
0
0
0
0
0
0
-2.78827e-14
0
0
1.36059e-16
0
0
0
0
0
0
0
0
0
0
0
0
0
-7.6224e-17
0
0
0
0
0
0
0
0
0
0
0
0
0
0
0
0
2.17579e-17
1.0916e-17
0
0
0
0
0
0
0
0
0
0
0
0
0
0
0
0
0
0
0
0
0
0
0
0
0
0
0
0
0
0
-3.46642e-16
0
0
0
0
0
0
0
0
0
0
0
0
0
0
0
0
0
0
0
0
0
-1.31398e-11
2.63222e-12
0
0
0
0
0
0
0
0
0
0
0
0
0
0
0
0
0
0
0
0
0
0
0
0
0
0
0
-8.5157e-16
0
0
0
0
0
0
0
0
0
0
0
0
0
0
0
0
0
0
0
0
0
1.83005e-16
-7.28311e-15
0
0
0
0
0
0
0
0
0
0
0
0
0
0
0
-5.55165e-12
8.99306e-13
0
0
0
0
0
0
0
1.9673e-16
0
-4.33555e-16
0
0
0
0
0
0
0
0
0
-1.27398e-15
1.17955e-15
1.88277e-16
-4.00539e-16
0
0
0
0
4.06907e-16
0
0
0
0
0
0
0
0
0
0
2.93699e-11
0
0
0
0
0
0
0
0
0
0
0
0
0
0
0
0
0
0
0
-9.12184e-12
0
0
0
0
0
0
0
0
0
0
0
0
0
0
0
0
0
0
0
0
0
0
0
0
0
0
0
5.0674e-12
-1.05901e-15
0
0
0
0
0
-1.51299e-16
0
0
0
0
0
0
0
0
0
0
0
0
0
0
0
0
0
2.91865e-16
7.78318e-15
0
0
0
0
-8.03973e-12
0
0
0
-1.6855e-15
0
0
0
0
0
0
0
0
0
0
1.55098e-15
0
0
0
0
0
0
0
0
0
0
0
1.36856e-16
2.32244e-16
0
0
0
0
8.37783e-16
0
0
0
0
0
0
-2.7188e-14
-2.202e-15
0
0
0
-2.09906e-15
0
0
0
0
0
0
0
0
0
0
0
0
0
0
0
0
0
-5.43104e-16
0
0
0
0
0
0
0
0
0
0
0
0
2.95158e-15
3.23931e-15
0
0
0
0
0
-1.18907e-15
0
0
0
0
0
-1.10963e-15
0
0
0
0
0
0
0
0
0
0
0
0
5.18017e-15
0
0
0
0
0
0
0
0
0
0
0
-3.07788e-16
0
0
0
0
0
0
0
0
0
0
0
0
0
-1.85618e-17
-2.46705e-16
0
0
0
0
0
0
0
-6.72168e-16
-1.37748e-15
0
0
0
0
0
0
0
0
0
0
0
7.66848e-16
0
0
0
0
0
0
0
0
0
0
0
0
0
0
0
0
0
0
0
0
0
0
0
0
0
0
0
0
0
0
0
0
0
0
0
0
0
0
0
0
0
0
0
0
0
0
0
0
0
0
0
0
0
1.38004e-11
0
0
0
0
0
0
0
0
7.08361e-17
0
0
0
0
0
-1.89352e-15
-2.53346e-16
0
0
6.53367e-33
0
0
0
0
0
0
0
0
0
0
0
0
0
0
0
0
0
0
0
0
0
0
0
0
0
0
0
0
0
0
0
1.83026e-16
-1.68487e-15
0
0
0
0
-7.85631e-16
0
-8.54378e-17
0
0
0
0
0
0
0
0
0
0
0
0
0
0
0
0
0
0
0
0
0
0
0
0
0
0
0
0
0
0
0
0
0
0
0
2.71855e-15
0
0
0
0
0
0
0
0
0
0
0
0
0
0
0
0
0
0
0
0
0
0
-2.57918e-16
0
0
-1.51477e-15
-2.57325e-12
0
0
0
0
0
4.95505e-16
0
0
0
0
-3.44994e-17
0
0
0
0
0
0
0
0
0
0
0
0
0
0
0
0
0
0
0
0
0
0
0
0
0
0
0
0
0
0
0
0
0
0
0
0
0
0
0
0
0
0
0
0
0
0
0
0
0
0
0
0
0
0
8.20811e-15
0
0
0
0
1.66988e-14
0
0
0
0
0
0
0
0
0
0
0
0
0
0
0
0
0
0
0
0
0
0
0
-2.91342e-17
0
0
0
0
0
0
0
0
0
0
0
0
0
0
0
0
0
1.30862e-14
0
0
0
0
0
0
0
-2.1298e-15
0
0
-1.39485e-13
0
0
-2.12685e-16
0
0
0
0
0
0
0
0
0
0
0
0
0
1.23862e-16
6.2792e-17
1.30951e-15
-1.10547e-11
-1.62587e-17
0
0
0
0
0
0
0
0
0
0
0
0
0
0
0
0
0
0
0
0
0
0
0
0
0
0
0
0
0
0
0
0
0
0
-1.68578e-07
0
0
0
0
0
0
0
0
0
0
0
0
0
0
0
0
0
0
0
0
0
0
0
0
0
0
0
0
0
0
0
0
0
-5.9983e-15
0
0
0
0
0
0
0
-2.48408e-16
0
0
0
0
0
-8.90863e-15
1.60262e-16
0
0
-3.49589e-16
0
0
0
-3.42078e-16
0
0
0
0
0
-5.55595e-14
0
5.02162e-13
0
0
0
0
0
0
0
0
0
3.98268e-16
0
0
0
0
0
0
0
0
0
0
-6.76426e-18
0
0
0
0
0
0
0
0
0
0
0
0
5.16902e-17
0
0
0
3.7626e-17
0
0
0
0
0
0
0
0
0
0
0
0
0
0
3.4924e-15
2.87866e-15
0
0
0
0
0
0
0
0
0
0
-7.52438e-17
8.57049e-16
0
0
1.87077e-14
0
0
0
0
0
-1.09664e-07
0
-2.4251e-15
0
0
0
-1.85383e-16
3.50266e-16
0
0
0
0
0
0
0
0
0
0
0
0
0
0
0
0
0
0
0
0
0
0
0
0
0
0
0
0
3.80244e-14
0
0
0
0
0
0
0
0
0
0
0
0
0
0
0
0
0
0
1.052e-15
0
0
0
0
0
0
0
-1.64189e-07
0
0
0
0
0
0
0
0
0
5.30801e-15
-3.26349e-11
0
0
0
0
1.94022e-16
0
-2.61749e-16
0
0
-2.89886e-15
8.29609e-17
0
0
-1.25436e-07
0
0
0
0
0
0
0
0
0
7.44912e-18
0
0
0
4.96746e-16
0
0
0
0
0
0
0
0
0
0
0
0
0
0
0
0
0
0
0
0
0
0
0
0
0
0
1.61935e-16
0
0
0
0
0
-1.73433e-16
7.495e-17
0
0
0
0
-1.9396e-16
0
0
0
0
0
1.30539e-15
0
0
2.16479e-07
0
0
-3.96055e-17
2.0375e-07
0
0
0
0
0
0
0
0
-2.24379e-15
0
0
-3.35236e-16
0
0
0
0
0
0
0
0
0
-1.76655e-14
1.00118e-16
0
0
-7.11613e-15
0
-1.06197e-16
-1.2393e-15
0
0
-2.13258e-16
1.14756e-16
0
0
0
0
0
0
0
0
0
0
0
0
-5.01898e-17
0
0
0
0
0
0
0
0
0
-1.64373e-17
0
0
0
0
0
-2.10257e-07
0
0
0
0
0
0
0
0
0
0
0
0
0
0
0
0
0
0
0
-2.78226e-31
0
0
0
0
0
0
9.32205e-17
0
1.86994e-16
0
0
0
0
0
0
0
0
0
0
0
0
0
-8.58415e-16
0
0
0
0
0
0
0
0
0
0
0
6.20354e-17
-5.37325e-17
0
0
0
0
0
0
0
0
0
0
0
0
0
0
0
-2.13784e-07
0
0
0
4.87657e-16
0
0
0
0
0
0
0
0
0
0
0
0
0
0
0
0
0
0
0
0
0
0
0
0
0
0
0
0
0
0
0
0
0
0
0
0
0
0
0
0
0
0
0
0
0
0
0
0
0
0
0
0
0
0
0
1.02526e-12
0
2.45237e-15
0
0
0
0
0
0
0
0
0
0
0
0
0
0
0
0
0
0
0
0
0
0
0
0
0
0
0
0
0
0
0
0
0
0
0
0
0
0
0
0
0
0
0
0
0
0
0
0
0
0
0
0
0
0
0
3.16179e-14
0
0
0
0
0
0
0
0
0
0
0
0
0
0
0
0
0
-5.58727e-15
0
0
0
0
0
0
2.92607e-15
0
0
0
0
0
0
0
0
0
0
0
2.30024e-16
0
6.04327e-17
0
0
0
0
0
0
1.00161e-14
0
0
3.75658e-16
0
0
0
0
0
1.52116e-15
0
0
0
0
0
0
0
0
0
0
0
0
0
0
0
1.21586e-15
0
0
0
0
0
0
0
-2.84943e-17
9.06784e-17
0
7.1627e-16
-1.06677e-14
-1.73223e-15
0
0
0
0
0
0
0
0
0
0
0
0
0
0
0
0
0
-4.82988e-16
0
0
0
0
0
0
0
0
0
0
0
0
0
0
0
0
0
0
0
0
0
0
0
0
0
0
0
0
0
0
0
0
0
0
0
0
0
0
0
0
0
0
0
0
0
0
0
0
0
0
0
0
0
0
0
0
0
0
0
0
0
0
0
0
0
0
0
0
0
0
0
0
0
0
0
0
0
1.0275e-15
0
0
0
0
0
0
0
0
0
0
0
0
0
0
6.12856e-17
0
0
8.71156e-33
0
0
0
0
0
0
0
0
0
0
9.94341e-16
0
0
0
0
0
0
0
0
0
0
0
0
0
0
0
0
9.59179e-16
3.76711e-15
1.12107e-16
0
0
0
0
0
0
0
0
0
0
0
0
0
0
0
0
0
0
-7.05421e-15
0
0
0
0
0
0
0
0
0
0
0
0
0
0
0
0
0
0
0
0
-1.20066e-16
3.01423e-16
0
0
0
0
0
0
0
0
0
0
0
0
0
0
0
0
0
0
0
0
0
0
8.11755e-15
0
0
0
-3.78025e-15
0
0
0
0
0
0
0
0
0
0
0
0
0
0
0
0
0
0
0
0
0
0
0
0
0
0
0
0
0
0
0
0
0
0
0
-2.82435e-15
0
0
0
0
0
0
0
3.75774e-16
0
0
0
0
0
0
-1.10293e-15
0
0
0
0
0
0
-1.50443e-17
0
0
0
8.58681e-15
0
0
0
0
0
0
0
0
0
0
0
0
0
0
0
0
0
0
0
0
0
0
0
0
0
0
0
1.36927e-07
0
0
-1.70795e-12
0
0
0
0
0
3.25675e-15
0
0
4.44263e-16
0
0
0
0
0
0
0
0
0
-7.91421e-18
0
0
0
0
0
0
0
0
0
0
3.89645e-15
0
0
0
0
4.97183e-17
0
0
0
0
0
0
0
0
0
0
0
0
0
0
0
0
0
0
0
0
0
0
0
0
0
0
0
0
0
0
0
0
0
0
0
0
0
0
0
0
0
0
0
0
0
0
0
0
0
0
-8.04919e-12
0
0
0
0
0
0
0
0
0
0
0
0
0
0
0
0
0
0
0
0
0
0
0
0
0
0
0
0
0
0
0
0
0
0
0
0
0
0
9.35486e-08
0
0
0
0
0
0
0
0
0
0
0
0
0
0
0
0
0
0
0
0
0
0
0
0
0
0
0
0
0
0
-6.30297e-15
0
0
0
0
-1.68648e-16
0
0
0
0
0
0
0
0
0
0
0
0
3.10462e-17
0
0
0
0
0
0
0
0
0
0
0
0
0
0
0
0
0
0
0
0
0
0
0
0
0
0
0
0
0
0
0
0
0
0
8.22308e-12
0
0
0
0
0
0
0
0
-9.19043e-17
0
0
0
0
0
0
0
0
0
0
0
0
0
0
0
0
0
0
0
0
0
0
1.19716e-15
0
0
0
0
0
0
0
0
0
0
0
0
0
0
0
0
0
0
0
0
0
0
0
0
0
0
0
0
0
0
0
0
0
0
0
0
0
0
0
0
0
0
0
0
0
0
0
0
0
0
0
0
0
0
0
0
0
0
0
0
0
0
6.09575e-13
8.26043e-13
0
0
0
0
0
0
0
0
0
0
0
0
0
0
0
0
7.02453e-13
0
0
-7.33153e-15
2.23452e-30
-2.14029e-16
0
0
0
0
0
0
0
0
0
0
0
0
0
0
0
0
0
0
0
0
0
0
0
0
0
0
3.51193e-17
0
3.63033e-15
0
0
0
0
0
0
0
0
0
0
0
0
0
0
0
0
0
0
0
0
0
0
0
0
0
0
0
0
0
0
0
0
0
0
0
0
0
0
0
0
0
0
0
0
0
0
0
0
0
0
3.2242e-15
0
0
0
0
0
0
0
0
0
0
0
0
0
0
0
0
0
0
0
0
0
0
0
0
0
0
5.46976e-13
0
1.91791e-15
-7.16965e-13
-4.08518e-16
0
0
0
0
0
0
0
0
0
0
0
0
0
0
0
6.04457e-13
0
0
0
0
0
6.4134e-12
0
0
0
0
0
0
0
0
0
0
0
0
0
0
-3.26323e-13
-1.94432e-16
0
0
0
7.1802e-12
0
0
0
0
0
0
0
0
0
0
0
0
0
0
0
0
0
)
;

boundaryField
{
    frontback
    {
        type            empty;
        value           nonuniform List<scalar> 0();
    }
    topbottom
    {
        type            calculated;
        value           uniform 0;
    }
    outlet
    {
        type            calculated;
        value           uniform 0;
    }
    inlet
    {
        type            calculated;
        value           nonuniform List<scalar> 0();
    }
    walls
    {
        type            calculated;
        value           nonuniform List<scalar> 
45
(
-6.09254e-08
4.06169e-09
-2.84319e-08
2.84319e-08
6.09254e-08
-4.34602e-07
-4.75218e-07
-6.29563e-07
-5.07712e-07
-6.05193e-07
-5.48329e-07
-5.80823e-07
-4.42725e-07
-4.99589e-07
-4.83342e-07
-4.67095e-07
-5.40206e-07
-6.13316e-07
-5.72699e-07
-4.58972e-07
-4.50848e-07
-4.0617e-09
2.03085e-08
-4.91465e-07
-3.65553e-08
-5.28021e-08
3.65553e-08
-5.32082e-07
5.28021e-08
-6.2144e-07
-5.64576e-07
-1.21851e-08
6.90488e-08
-4.46787e-08
4.46787e-08
-6.37686e-07
7.71722e-08
-5.97069e-07
-6.4581e-07
-5.88946e-07
-5.56452e-07
-5.23959e-07
-5.15835e-07
1.21851e-08
-2.03085e-08
)
;
    }
    procBoundary3to1
    {
        type            processor;
        value           nonuniform List<scalar> 
205
(
-4.04635e-07
0
0
2.63107e-14
-2.27001e-17
2.79154e-14
0
6.63835e-17
0
4.02301e-16
1.28249e-16
-6.98791e-17
-2.23038e-17
-1.3652e-16
4.04495e-15
-4.64019e-15
0
2.80713e-16
5.4987e-17
0
-4.63421e-15
0
0
4.14142e-15
3.41142e-17
-1.01655e-15
0
0
-8.85335e-16
2.72633e-16
2.48651e-16
2.52779e-16
-4.71904e-16
3.38645e-15
-2.90302e-15
0
0
0
0
0
-5.05983e-16
0
2.53147e-14
0
0
0
2.06039e-16
0
0
3.07142e-15
0
0
5.11518e-15
-8.90386e-15
-4.43484e-17
-1.09983e-16
2.05655e-14
-3.88683e-17
0
0
5.55362e-31
8.81777e-16
0
-7.5596e-17
0
0
0
0
0
2.98331e-16
-4.99601e-17
-1.30812e-14
1.0238e-14
0
0
0
2.60442e-15
-8.03123e-17
0
0
0
0
0
-8.98073e-15
2.33553e-15
0
-2.33219e-15
-1.36038e-15
3.34069e-15
-3.44806e-15
6.60484e-15
0
2.35346e-16
0
0
0
1.1741e-15
0
-2.4151e-14
0
0
-8.80584e-14
0
0
0
0
-7.44675e-16
0
0
0
0
0
0
0
0
0
0
0
5.95348e-14
0
0
0
0
3.33031e-16
0
1.03336e-15
0
0
0
0
0
0
0
0
0
0
7.47935e-17
0
0
0
0
0
3.04136e-17
0
0
0
6.02294e-17
0
2.21323e-16
0
0
0
0
-9.63571e-17
0
0
0
0
-1.21173e-15
0
2.61652e-16
0
0
0
3.64829e-15
0
2.4304e-16
-1.55893e-15
0
-2.54519e-16
0
1.60272e-16
-5.43676e-16
-1.4041e-16
8.17918e-17
7.15797e-17
0
-6.22734e-15
8.90309e-15
-7.815e-15
0
6.72285e-15
0
-1.00655e-15
0
0
0
-2.79609e-15
0
0
8.73683e-15
-7.2694e-17
2.47351e-14
-3.04208e-16
-1.76443e-16
-3.86852e-16
0
3.79989e-12
0
0
0
0
-3.23689e-16
0
5.89634e-16
)
;
    }
    procBoundary3to2
    {
        type            processor;
        value           nonuniform List<scalar> 
99
(
0
0
1.78648e-12
0
0
0
0
0
0
0
0
0
0
0
0
0
-1.17685e-15
0
0
0
0
0
0
0
0
0
0
0
0
0
0
0
0
0
-4.17489e-16
0
0
0
0
0
0
0
0
0
0
0
0
0
0
0
0
0
0
0
0
0
0
0
0
0
0
0
0
0
0
0
0
0
0
-6.65585e-08
0
0
0
0
0
0
0
0
0
0
0
0
0
-1.6536e-15
0
0
0
0
0
0
0
0
0
0
0
0
0
0
0
)
;
    }
}


// ************************************************************************* //
