/*--------------------------------*- C++ -*----------------------------------*\
| =========                 |                                                 |
| \\      /  F ield         | OpenFOAM: The Open Source CFD Toolbox           |
|  \\    /   O peration     | Version:  v2012                                 |
|   \\  /    A nd           | Website:  www.openfoam.com                      |
|    \\/     M anipulation  |                                                 |
\*---------------------------------------------------------------------------*/
FoamFile
{
    version     2.0;
    format      ascii;
    class       surfaceScalarField;
    location    "750";
    object      meshPhi;
}
// * * * * * * * * * * * * * * * * * * * * * * * * * * * * * * * * * * * * * //

dimensions      [0 3 -1 0 0 0 0];
oriented        oriented;


internalField   nonuniform List<scalar> 
20537
(
0
0
0
-4.70834e-16
1.03943e-15
7.46156e-16
0
0
0
0
0
0
0
0
0
0
0
0
0
0
0
0
0
0
0
0
0
-1.55449e-15
0
4.09652e-15
0
0
0
0
0
0
0
0
0
-2.63714e-15
-5.52858e-31
1.98495e-16
0
0
0
0
0
0
0
0
0
0
0
0
0
0
0
0
0
0
0
0
0
0
0
0
0
0
0
0
0
0
0
0
0
0
6.26147e-08
3.01036e-12
0
0
0
0
0
0
0
0
0
0
0
0
0
0
0
0
2.47718e-15
-1.10248e-30
0
0
0
0
0
0
0
0
-4.04468e-15
0
0
0
0
0
0
0
0
-3.20588e-12
0
-2.52474e-12
0
0
0
0
0
4.26411e-16
-2.31702e-16
0
0
0
0
0
-6.54131e-16
2.8493e-14
0
0
0
0
0
0
0
0
0
0
0
0
-1.32258e-12
-3.93686e-12
0
0
0
0
0
0
0
0
0
0
0
0
5.54669e-17
-9.10158e-17
0
0
0
0
0
0
0
-2.0787e-16
0
5.098e-16
0
0
0
0
0
0
0
0
0
0
0
0
0
0
0
0
0
0
0
0
0
7.15893e-13
5.79416e-15
-1.25997e-12
0
0
0
6.68166e-15
-1.18845e-14
0
0
0
0
0
0
0
0
0
0
-9.48827e-13
-1.59397e-16
-4.77229e-13
0
0
0
-7.21293e-15
-5.53094e-13
0
0
0
0
0
0
0
0
0
0
0
0
0
0
0
0
0
0
0
0
0
0
0
0
0
0
0
0
5.64049e-16
0
0
0
0
0
0
0
0
0
0
0
0
0
0
0
0
0
0
0
0
0
0
3.64951e-17
-3.31754e-16
-3.57115e-15
0
0
0
0
0
0
0
0
0
0
0
0
0
0
0
0
0
0
0
0
0
0
0
0
0
0
0
0
0
0
0
0
0
0
0
1.02716e-16
-8.33894e-15
0
0
0
0
0
0
0
0
0
0
0
1.59304e-12
-9.57626e-12
0
0
0
0
0
0
0
0
0
0
0
0
0
0
0
0
0
0
0
0
0
0
0
0
0
-3.20796e-14
0
0
0
-1.22868e-16
0
0
0
0
0
0
0
0
0
0
0
2.80022e-15
-5.56092e-31
1.11952e-16
1.41804e-17
4.10552e-16
0
0
0
0
0
0
0
0
0
0
0
0
0
0
0
0
0
0
0
0
0
0
0
0
0
0
0
2.31947e-17
8.81487e-17
0
0
0
0
0
0
0
0
0
0
0
0
0
0
0
0
0
0
0
0
0
0
0
0
0
0
0
0
0
0
0
0
0
0
0
0
0
0
0
0
0
0
-2.07958e-12
1.37598e-13
0
0
0
0
0
1.49392e-16
2.29017e-17
0
0
1.62925e-14
0
0
0
0
0
0
0
0
0
0
0
0
0
0
0
0
0
0
0
0
0
0
0
0
0
0
0
0
0
0
0
0
0
0
0
0
0
0
0
0
0
0
0
0
0
2.43523e-16
0
0
0
0
0
0
0
0
0
0
0
0
0
0
0
2.69251e-16
2.59628e-16
0
0
0
0
0
0
0
0
0
0
0
0
0
0
0
0
0
0
0
0
0
0
0
0
0
-1.55627e-15
5.76052e-16
0
0
0
3.47408e-16
-3.2823e-16
0
0
0
0
0
0
0
0
0
0
0
0
0
0
0
0
0
0
0
0
0
0
0
0
0
0
0
0
0
0
0
0
0
0
0
0
0
0
0
0
4.35741e-17
-1.32184e-16
4.50357e-17
0
0
0
0
0
0
0
0
0
0
0
0
0
0
0
0
7.2168e-16
-2.5209e-15
0
0
0
0
0
0
0
0
0
0
0
0
0
0
0
0
0
0
0
0
0
0
0
0
0
0
0
0
0
0
0
0
0
0
0
0
0
0
0
0
0
0
0
0
-3.63786e-16
5.2187e-15
0
0
0
9.18949e-16
-9.34237e-16
4.34315e-12
-2.81354e-08
-7.74682e-08
0
0
0
0
0
0
0
0
0
0
0
0
0
0
0
0
0
0
0
0
0
0
0
0
0
0
0
0
0
0
4.21144e-14
0
-2.89225e-14
0
0
0
0
0
0
0
0
0
0
0
0
0
0
0
0
0
0
0
0
0
0
0
0
0
0
0
0
0
0
0
0
0
0
0
0
0
-2.25797e-15
0
0
0
0
0
0
0
0
0
0
0
0
0
0
0
0
0
0
0
0
0
0
0
0
0
0
0
0
0
0
0
-1.16579e-15
0
1.36458e-15
0
0
0
0
0
0
0
0
0
0
0
0
0
0
0
8.38548e-15
1.64506e-14
0
0
0
0
0
0
0
0
0
0
0
0
0
0
0
0
0
0
0
0
0
0
0
0
0
0
0
0
0
0
0
4.01971e-13
3.39358e-12
0
0
0
0
0
0
0
0
0
0
0
0
0
-1.22723e-14
-1.44704e-15
0
0
0
0
0
0
0
0
0
0
0
0
0
0
0
0
3.40749e-16
0
-6.76361e-16
3.06388e-16
0
0
0
0
0
0
0
0
0
0
0
0
0
0
0
0
0
0
0
0
0
0
0
0
0
0
0
0
0
0
0
0
0
0
0
0
-1.36847e-14
0
0
1.28505e-16
-1.16677e-15
0
0
0
0
0
0
0
0
0
0
0
0
0
0
0
0
0
0
0
0
0
0
0
0
0
0
0
0
0
0
0
0
0
2.13223e-14
0
0
0
0
0
0
0
0
0
0
0
-4.05933e-17
0
0
0
0
0
0
0
0
2.69286e-17
-3.92232e-17
4.26777e-17
0
0
0
0
0
0
0
0
0
0
0
0
0
0
0
0
0
0
0
0
0
0
0
0
0
0
1.19353e-16
-6.78207e-17
0
0
0
0
0
0
0
0
0
0
0
0
0
0
3.79026e-15
2.14793e-14
0
0
0
0
0
0
0
0
0
0
0
-2.71399e-15
0
0
0
0
0
0
0
0
0
0
0
0
0
0
0
0
0
0
0
0
0
0
0
0
0
0
0
0
0
0
0
0
0
0
0
0
0
0
0
0
0
0
0
0
0
0
0
0
0
0
0
0
0
0
0
0
0
0
0
-4.95198e-13
0
0
0
0
0
0
0
0
0
0
0
0
0
-4.18226e-15
8.97509e-16
0
0
0
0
0
0
0
0
-9.13619e-18
4.82554e-16
0
0
0
0
0
0
0
1.36595e-15
0
0
0
0
0
0
0
0
0
0
0
0
0
0
0
0
0
0
0
0
0
7.254e-17
3.32368e-15
1.56864e-16
0
0
0
0
3.20946e-17
0
-2.29769e-16
0
0
0
0
0
0
0
0
0
0
0
0
0
0
0
0
0
0
0
0
0
0
0
0
0
0
0
0
0
0
0
0
0
0
0
0
0
0
0
0
0
0
0
0
0
0
0
0
0
0
0
0
0
0
0
0
6.19411e-17
-4.53021e-17
2.56995e-17
0
0
0
0
0
0
0
0
0
0
0
1.28574e-15
4.00797e-16
0
0
0
0
0
0
0
0
0
0
0
0
2.28054e-17
0
4.26487e-17
0
0
0
2.97339e-12
-8.52114e-12
0
0
0
0
0
0
0
0
0
0
0
0
0
0
0
0
0
0
0
0
0
0
0
0
0
0
0
0
0
0
0
0
0
0
0
0
0
0
0
0
0
0
0
0
0
0
0
0
0
0
0
0
0
0
0
0
0
0
0
0
0
0
0
0
-1.07368e-16
0
-5.94015e-16
-2.1706e-16
0
0
0
-4.62367e-14
-1.01837e-16
0
0
1.04763e-14
0
0
0
0
0
0
0
0
0
0
-6.54558e-16
0
1.92605e-16
0
0
0
0
0
0
0
0
0
0
0
0
0
0
0
0
0
0
0
0
0
0
0
0
-6.32142e-15
1.14266e-16
0
0
0
0
-4.86912e-17
0
0
0
0
0
0
0
0
0
0
0
0
0
0
0
0
0
0
0
0
0
0
0
0
0
0
0
0
0
0
0
0
0
-5.21354e-14
0
0
0
0
0
0
0
0
0
0
0
0
0
0
-1.61257e-14
-6.08117e-16
0
0
0
0
0
0
0
0
0
0
0
0
3.39065e-15
0
0
0
0
0
0
0
0
0
0
-7.7858e-16
0
0
0
0
0
2.29863e-15
1.709e-16
0
0
0
0
0
0
0
0
0
0
0
-7.44792e-17
1.06898e-15
0
0
0
1.64507e-16
-1.77701e-15
-2.64482e-16
4.44047e-16
0
0
0
-5.01751e-13
-3.35204e-13
0
0
0
0
0
0
0
0
0
0
0
0
0
0
0
0
0
0
0
0
0
0
0
0
0
0
0
0
0
0
0
0
0
0
0
0
0
0
0
0
0
0
0
0
0
0
0
0
0
0
0
0
0
0
0
0
0
-4.00903e-16
7.7589e-16
0
0
0
0
0
0
0
0
0
0
0
0
0
0
-1.51667e-15
0
0
0
0
0
0
0
0
0
0
0
0
0
0
0
2.08228e-16
0
-1.46226e-16
0
0
0
0
0
0
0
0
0
0
0
0
0
0
0
0
0
0
0
0
0
0
0
0
0
0
0
0
0
0
0
0
0
0
0
0
0
0
0
0
0
0
0
0
0
0
0
0
0
0
0
0
0
0
0
0
0
0
0
0
-3.43493e-15
3.53935e-15
-9.95555e-17
0
0
0
0
0
0
0
0
0
0
0
-2.05519e-17
5.05197e-17
0
0
0
0
0
0
0
-1.55197e-14
-2.90751e-14
0
0
-4.59381e-18
0
0
0
0
0
0
0
0
0
-1.06487e-16
0
-2.26238e-16
0
0
1.19215e-15
0
9.11768e-17
0
0
0
0
0
0
0
0
0
0
0
0
2.12307e-15
0
-1.42216e-16
9.96646e-17
-4.37169e-15
0
0
1.7963e-15
8.23491e-16
0
0
0
0
0
9.41103e-17
3.44255e-15
0
0
0
0
0
0
0
0
0
0
0
0
0
2.96034e-16
0
0
0
0
0
0
0
-5.4101e-15
0
1.15799e-15
0
0
0
0
0
0
0
0
0
0
8.70735e-15
0
0
0
0
0
0
0
0
3.44323e-14
3.67907e-14
3.08011e-12
-8.94187e-12
1.45509e-12
5.31447e-16
0
0
0
0
0
0
0
0
0
0
0
0
0
0
0
0
0
-5.2844e-17
0
0
0
0
0
0
0
0
0
0
0
0
0
0
0
0
0
0
0
0
0
0
0
0
0
0
4.7815e-16
0
0
0
0
0
0
3.09733e-14
-1.41191e-14
0
0
0
0
0
0
0
0
0
0
0
0
0
0
0
0
0
0
0
0
0
0
0
0
0
0
0
0
0
0
0
0
0
0
0
0
0
0
0
0
0
0
0
-7.78702e-15
0
0
0
0
0
0
0
0
0
0
0
0
0
0
0
0
0
0
0
0
0
0
0
0
0
0
0
0
0
0
0
0
0
0
0
0
0
0
0
0
0
0
0
0
0
0
0
0
0
0
0
0
0
0
0
0
0
0
0
0
0
-2.00589e-16
0
0
0
0
0
0
0
0
0
0
0
0
0
-3.36008e-17
-1.18792e-15
0
0
0
0
0
0
0
0
0
0
0
0
0
0
0
-9.4585e-16
-3.962e-12
2.67285e-13
0
0
0
0
0
0
4.71201e-13
0
2.52114e-13
0
0
0
0
0
0
1.02459e-15
-1.80859e-12
0
0
0
0
0
0
0
0
0
0
0
0
0
0
0
0
0
0
0
0
-1.29127e-16
5.51263e-17
0
0
0
-3.75377e-16
1.53155e-14
0
0
0
0
0
0
0
4.5536e-16
7.97218e-17
0
0
0
0
0
0
0
0
0
0
0
0
-2.60201e-15
-1.5787e-15
0
0
0
0
0
0
0
0
0
0
0
0
0
0
0
0
0
0
0
0
0
0
0
0
0
0
0
-2.11944e-14
0
0
0
0
0
0
7.33239e-13
-2.86415e-14
0
0
0
0
0
0
0
0
-1.1203e-16
-1.16117e-15
0
0
0
0
0
0
0
0
0
0
0
0
0
-2.16508e-16
0
0
0
0
0
0
0
0
0
0
0
0
0
0
0
0
0
0
0
0
0
-7.26592e-16
-8.77036e-15
-8.43013e-15
0
0
0
0
0
0
0
0
0
0
0
0
0
0
0
0
0
0
0
0
0
0
0
0
0
0
0
0
0
0
0
0
0
0
0
0
0
0
0
2.10981e-13
6.47177e-13
0
0
0
0
0
0
0
0
0
0
0
0
0
0
0
0
0
0
0
0
0
0
0
0
0
0
0
0
0
0
0
-2.84784e-12
-1.3781e-31
-1.85248e-12
0
0
0
0
0
0
0
0
0
0
0
0
0
0
-4.86092e-13
0
0
0
0
0
1.94828e-15
3.42322e-14
0
7.28219e-17
-3.69191e-12
9.43118e-14
0
0
0
0
0
0
0
0
0
0
0
0
2.59443e-15
8.49173e-17
-2.63617e-17
0
0
0
1.02312e-16
-2.01089e-15
0
0
0
0
0
0
0
0
0
0
0
0
0
0
0
0
0
0
0
0
0
0
0
0
0
0
0
2.16407e-15
-3.1084e-17
0
0
0
0
0
0
0
0
0
0
0
0
0
0
0
0
0
-3.28344e-14
0
0
0
0
4.90362e-17
1.53781e-16
0
0
0
-1.68922e-15
-5.23713e-16
0
0
0
0
0
0
0
0
0
-2.50379e-16
2.3381e-17
0
0
0
0
0
0
0
0
0
0
0
0
0
-1.9322e-17
0
1.06467e-15
0
0
0
0
0
0
0
0
0
0
0
0
0
0
0
0
0
0
0
0
0
0
0
0
0
0
0
0
0
3.44832e-15
0
0
0
0
0
0
0
0
-1.38594e-16
-3.67159e-17
0
0
0
0
0
0
0
0
0
0
0
0
0
0
0
0
0
0
0
0
0
-5.59471e-17
3.21261e-15
-7.03941e-15
0
0
0
0
0
0
0
0
-2.78514e-14
-2.61522e-15
0
0
0
0
0
0
0
0
0
0
0
0
0
0
0
0
0
0
0
0
0
0
0
0
0
0
0
0
0
0
0
0
0
0
0
0
0
0
0
0
0
0
0
0
0
0
0
0
0
0
0
0
0
0
0
0
0
0
0
0
0
0
0
0
0
0
-3.58704e-13
-3.07672e-13
0
0
0
0
0
0
0
0
0
0
0
0
0
0
0
0
0
0
0
0
0
0
0
0
0
0
0
0
0
0
0
1.10892e-14
0
-6.65982e-16
0
0
0
0
0
0
0
0
0
0
0
0
0
0
0
0
7.33065e-16
0
0
1.28065e-17
-4.10519e-16
0
-1.87997e-15
0
0
0
0
0
0
0
0
0
0
0
0
0
0
0
0
0
0
0
0
0
-1.37078e-15
-2.59498e-16
-1.03321e-15
0
0
0
0
0
0
0
0
0
0
0
0
0
-8.6177e-15
-9.0464e-15
-2.23659e-16
4.21009e-17
-1.90421e-16
1.18454e-14
-2.44347e-14
0
0
0
0
0
0
0
-2.81098e-16
0
0
0
0
0
0
0
0
0
0
0
0
0
0
0
0
0
0
0
0
0
0
0
0
0
0
0
0
0
0
0
0
0
0
0
0
0
0
0
0
0
0
0
0
0
0
0
0
5.6387e-17
-3.53944e-12
1.07381e-13
0
0
0
0
0
0
0
0
0
0
0
0
0
0
0
0
0
0
0
0
0
0
0
-1.2368e-16
-9.30924e-17
0
0
-1.83488e-16
-1.95311e-16
0
0
0
0
0
0
-3.65205e-13
3.6916e-16
-3.3094e-13
0
0
0
0
0
0
0
0
0
0
0
2.60534e-16
0
2.50244e-15
0
0
0
0
0
0
0
0
0
0
0
0
0
0
2.44359e-15
-4.03886e-15
0
0
0
0
0
0
0
0
0
0
1.17409e-15
0
0
0
0
0
-6.00038e-12
3.4338e-13
0
0
0
0
0
0
-7.23253e-17
0
0
0
0
0
0
0
0
0
0
0
0
0
-3.6354e-16
-2.25027e-17
0
0
0
0
0
0
0
0
0
0
0
0
0
0
0
0
0
0
0
0
0
0
0
0
0
0
0
0
0
0
0
0
0
0
0
0
-4.30644e-13
0
0
0
8.22005e-16
0
0
0
0
0
0
0
0
0
0
0
-1.82842e-15
0
0
0
0
0
0
0
0
0
0
0
0
-7.50553e-16
-7.28624e-17
0
0
0
0
0
0
0
0
0
0
0
0
0
0
0
0
0
0
0
0
0
0
0
0
0
0
0
0
0
-3.58537e-15
9.06536e-17
0
0
0
0
0
0
-1.9821e-15
1.95478e-15
0
0
0
0
0
0
0
0
0
0
0
0
0
0
0
0
0
0
0
0
0
0
0
0
0
0
-4.76174e-16
0
0
0
-1.13304e-14
4.65964e-15
0
0
0
0
0
0
0
0
-2.78714e-14
0
4.71028e-14
0
0
0
0
0
0
0
0
0
0
0
0
0
0
0
0
2.96422e-16
4.87721e-17
0
-5.12303e-17
0
0
0
0
0
0
0
0
0
0
0
0
0
0
-1.1952e-15
0
0
0
0
0
0
-3.19613e-17
0
0
0
0
0
0
0
0
0
0
0
0
0
0
0
0
0
0
0
0
0
0
0
0
0
0
0
0
0
0
0
0
0
3.0637e-13
1.80794e-13
0
0
0
0
0
0
0
0
0
0
0
0
0
0
0
0
0
0
0
0
0
0
0
0
0
0
0
0
0
0
0
0
0
0
0
0
0
0
0
0
0
0
0
0
0
0
0
0
0
3.29984e-16
0
0
0
0
0
0
0
0
0
0
0
0
0
0
0
0
0
0
0
0
0
0
0
0
0
0
0
0
0
0
0
0
0
0
0
0
0
0
0
0
0
0
0
0
0
0
0
0
0
0
0
0
-5.71291e-17
-4.54967e-16
0
0
0
0
0
0
0
0
0
0
0
0
0
0
0
-5.97919e-17
7.30299e-17
0
0
0
0
0
0
0
0
-5.03199e-16
0
0
0
0
0
0
0
0
0
0
0
0
0
0
0
0
0
0
0
0
0
0
0
0
0
-2.75005e-17
2.82424e-16
0
0
0
0
0
0
0
0
0
0
0
0
2.24016e-15
0
0
0
0
1.56607e-15
2.02567e-15
0
0
0
0
0
0
0
0
0
0
0
0
0
0
0
0
0
0
0
0
0
0
0
0
0
0
0
0
0
0
0
0
0
-5.10662e-16
0
8.28194e-16
0
0
0
0
0
-4.53747e-16
0
-5.48492e-17
8.55121e-17
1.17475e-16
-3.1237e-17
0
0
0
0
0
0
0
0
0
0
0
0
0
0
0
0
0
0
0
0
0
0
0
0
0
0
0
2.23253e-13
-1.22596e-12
2.30325e-15
0
0
0
0
0
0
-3.23309e-33
0
6.22936e-17
0
0
0
0
0
0
0
0
0
0
0
0
0
5.60315e-16
0
-1.0278e-15
4.10889e-17
0
0
0
0
0
0
8.14154e-15
-3.55899e-29
0
0
0
0
0
0
0
0
0
0
0
0
0
0
0
0
0
0
0
0
0
0
0
-1.59495e-16
0
0
4.80218e-15
5.55055e-17
0
0
0
0
0
0
0
0
0
0
0
0
0
0
0
0
0
0
0
0
0
0
0
0
0
0
0
0
-9.34298e-13
0
-4.78422e-13
0
-1.09406e-14
-1.23384e-14
0
0
0
0
0
0
0
0
0
0
0
0
0
0
0
0
0
0
0
0
0
0
0
0
0
0
0
0
0
4.10701e-17
-2.0562e-17
1.02945e-17
0
0
0
0
0
0
0
0
0
0
-8.25012e-17
0
0
0
0
0
0
6.00085e-17
-2.51439e-16
0
0
0
0
0
0
0
0
0
0
0
1.381e-14
0
0
0
0
0
0
0
0
0
0
0
0
0
0
5.05726e-17
-1.67198e-15
0
0
0
0
0
0
5.93409e-15
0
4.07809e-15
0
0
0
0
0
0
0
0
0
0
0
0
0
0
-9.04074e-17
1.87972e-16
0
0
0
0
0
0
0
2.06439e-14
-1.31731e-12
-6.07429e-17
0
0
0
0
-2.4266e-17
0
0
0
0
0
-9.79189e-15
0
0
0
0
0
0
0
0
0
0
0
0
0
0
0
0
0
0
0
0
0
0
0
1.4497e-15
-9.13807e-17
0
0
0
0
0
0
0
0
0
0
0
0
0
0
0
0
0
0
0
0
0
0
0
-3.79625e-13
-8.02836e-12
0
0
0
0
0
0
0
0
0
0
0
0
0
0
0
0
0
-5.99046e-16
-6.42197e-16
0
0
1.7289e-15
0
5.61386e-16
0
0
0
0
0
0
0
1.15028e-16
-2.14396e-17
0
0
0
0
0
0
0
0
0
0
0
0
0
-4.40178e-13
-2.76581e-12
8.36081e-17
0
0
-1.13622e-12
-9.22089e-16
0
0
0
0
0
0
0
0
0
0
0
0
0
0
2.21955e-15
8.36278e-15
0
0
0
0
0
0
0
0
0
0
0
0
0
4.4536e-17
0
0
0
0
0
0
0
0
0
0
0
0
0
0
0
0
0
0
0
0
0
0
0
0
0
0
1.3168e-16
0
0
0
0
0
0
0
0
0
0
0
0
0
0
0
-4.08349e-17
-1.12747e-16
3.51251e-16
0
0
0
0
0
0
0
0
0
0
-2.74047e-16
1.5676e-16
0
0
-2.73097e-14
0
0
0
0
0
0
0
0
0
0
1.33775e-17
0
0
0
0
0
0
0
0
0
2.80445e-16
0
0
3.2618e-15
1.09687e-14
0
0
0
0
0
0
3.63832e-16
-2.07397e-12
0
0
0
0
0
0
0
0
0
0
0
0
0
0
0
0
0
0
0
0
0
0
0
0
0
0
0
0
0
0
0
0
0
0
-1.33287e-16
-3.13906e-16
0
0
1.74291e-15
8.11687e-16
1.40215e-15
0
0
0
0
0
0
0
0
0
1.15943e-12
0
0
0
-1.80404e-16
0
0
0
0
0
0
0
0
0
0
0
0
0
0
0
0
0
0
-1.63624e-15
0
0
0
0
0
0
0
0
0
0
0
0
0
0
0
0
0
-2.32799e-16
-1.08632e-30
0
0
0
0
0
0
0
0
0
0
0
0
0
0
0
0
0
0
0
0
0
0
-9.79006e-17
7.55775e-17
7.98719e-15
-2.29995e-16
0
0
0
0
0
0
0
0
0
0
0
0
3.596e-15
1.30781e-15
0
0
0
0
0
0
0
0
0
0
0
0
0
0
0
0
0
0
0
0
0
0
2.10403e-15
-2.62579e-15
1.09704e-14
0
0
0
0
0
0
0
0
0
0
0
0
0
0
0
0
0
0
0
-1.07985e-15
0
-5.08959e-17
0
0
0
0
0
0
0
0
0
0
0
0
0
0
0
0
0
0
0
0
0
0
0
0
0
0
4.96873e-17
0
-1.02868e-16
0
0
0
0
0
0
0
0
0
0
0
0
0
0
0
0
0
0
0
0
0
0
0
0
0
0
0
0
0
0
9.51481e-17
-2.59075e-15
-2.94146e-16
-1.02001e-15
1.18196e-15
0
0
1.12046e-14
-3.61003e-16
0
0
0
0
0
0
0
0
0
4.90665e-15
0
0
0
0
0
0
0
0
0
4.00125e-17
1.10572e-30
0
0
0
0
0
0
0
0
0
0
0
0
0
0
0
0
0
0
0
0
0
0
0
0
0
0
1.0662e-16
0
0
0
0
0
0
0
0
0
0
0
0
0
0
0
0
0
0
0
0
0
0
0
0
1.01471e-17
0
0
0
0
0
0
0
0
0
1.27142e-15
0
0
0
0
0
0
0
0
0
0
0
0
0
0
0
0
0
0
6.77229e-14
0
2.40077e-14
1.05727e-17
9.25692e-16
7.60857e-17
0
0
0
0
0
0
0
0
0
0
0
0
0
0
0
0
0
0
0
0
4.14397e-17
9.66e-17
-1.27046e-15
0
0
0
0
0
0
0
0
0
0
0
0
0
0
0
2.56923e-15
1.04111e-14
0
0
0
0
0
0
0
0
0
0
0
0
-4.26128e-17
0
0
0
0
0
0
0
0
0
0
0
0
0
1.20785e-15
0
0
0
0
0
0
0
-4.56647e-15
0
0
0
0
0
0
0
0
0
0
0
-1.99472e-17
5.52858e-31
0
0
0
0
0
0
0
0
0
0
0
0
0
0
0
0
0
0
0
0
0
0
0
0
0
0
0
0
0
0
0
0
0
0
0
0
0
0
0
0
0
0
0
0
0
0
0
0
0
0
0
0
0
0
0
0
0
0
0
0
0
7.18341e-16
1.09042e-15
-1.29838e-15
0
0
0
0
0
0
-2.13588e-15
3.39345e-15
0
0
0
0
0
4.67062e-17
0
0
0
0
0
0
0
0
0
0
0
1.36328e-16
0
0
0
0
0
0
0
0
0
2.91623e-13
0
0
0
0
0
0
0
0
0
0
0
0
-4.60343e-16
0
0
0
0
0
0
0
0
-2.05739e-15
0
-1.20546e-15
0
0
0
0
0
0
0
0
0
0
0
0
0
0
0
0
0
0
0
0
0
0
0
0
0
0
0
0
0
0
0
0
0
0
0
-2.05837e-15
8.41087e-15
0
0
0
0
0
0
0
0
0
0
0
0
0
0
0
0
0
0
0
0
0
0
-3.67836e-17
0
0
0
0
0
0
0
0
0
0
0
0
0
0
0
0
0
0
0
0
0
0
0
0
0
1.17563e-15
-3.15346e-16
0
0
0
0
0
0
0
0
0
0
0
-2.46861e-16
0
3.35169e-14
2.96015e-14
0
0
0
0
0
0
0
0
0
0
0
0
0
0
0
0
0
0
0
0
0
0
0
0
0
0
0
0
0
0
0
0
0
0
0
0
0
0
-4.00223e-16
0
0
0
0
0
0
0
-1.69064e-12
0
0
0
0
0
0
0
0
0
0
0
0
0
0
0
0
0
0
0
0
0
0
0
0
0
0
0
0
0
0
0
0
0
0
0
0
0
0
0
0
0
0
0
0
0
0
0
0
0
0
0
0
0
0
0
0
0
0
0
0
0
0
0
0
0
0
0
0
0
0
0
0
0
0
0
0
0
0
0
0
0
0
0
0
1.92167e-15
0
0
0
0
0
0
0
0
0
0
0
0
-1.96756e-15
2.07591e-15
0
0
0
0
0
0
0
0
0
0
0
0
0
0
0
0
0
0
0
0
0
0
0
0
0
8.44621e-16
0
0
0
0
0
0
0
0
0
-3.94404e-16
0
0
0
0
0
0
0
0
0
0
0
0
0
0
0
3.4059e-14
-9.45934e-17
0
0
0
-1.27534e-15
0
0
0
0
0
0
0
0
0
0
0
0
0
0
0
0
0
0
0
0
1.68961e-17
0
0
0
0
0
0
0
0
0
0
0
0
0
0
0
0
0
0
0
0
0
0
0
0
0
0
0
0
0
0
0
0
3.40496e-16
0
0
0
0
0
0
0
0
0
0
0
0
0
0
0
0
0
-5.53762e-17
0
2.89289e-17
0
0
0
0
0
0
0
0
0
0
0
0
0
0
0
0
0
0
0
-4.02018e-15
-2.6755e-15
0
-1.06098e-17
6.10414e-17
0
0
0
0
0
0
0
0
0
0
0
0
0
0
0
0
0
0
0
0
0
0
0
0
0
0
0
0
0
7.13186e-16
-3.21675e-16
0
0
0
0
0
0
0
0
0
0
0
-4.57345e-17
2.04811e-17
0
0
0
0
0
0
0
0
0
0
0
0
0
0
0
0
0
-1.71978e-16
2.40833e-16
0
0
0
0
0
0
0
0
-6.80755e-16
0
0
0
-1.81798e-16
0
-1.69809e-15
0
2.15696e-15
0
0
0
0
0
-1.27564e-15
4.25408e-17
0
0
0
0
0
0
0
0
-4.03462e-13
0
0
0
0
0
-5.2639e-16
0
0
0
0
0
0
0
0
0
0
0
0
0
0
0
0
0
0
0
0
0
0
0
0
0
0
0
0
0
0
0
0
0
0
0
0
0
0
0
0
0
0
0
0
0
0
0
0
0
0
0
0
0
0
0
0
0
0
0
0
-2.1408e-16
0
0
0
0
0
0
0
0
0
0
0
0
0
0
-1.09479e-14
0
0
0
0
0
0
0
0
0
0
0
-4.05662e-17
-2.35676e-15
0
0
0
0
0
0
0
0
0
0
0
0
0
0
0
0
0
0
0
0
0
0
0
1.24842e-14
-2.06648e-16
0
0
0
0
0
0
0
0
0
0
0
0
0
0
0
0
0
0
0
0
0
0
0
0
0
8.48271e-16
-5.53955e-17
0
0
0
0
0
0
0
0
-3.5742e-14
-2.55105e-14
0
7.12407e-15
0
0
0
0
0
0
0
0
0
0
0
0
0
0
0
0
0
0
0
0
0
0
0
0
0
0
0
0
-9.49807e-17
0
0
0
-2.25747e-16
0
0
0
0
0
0
0
0
0
0
-4.7056e-13
-6.139e-13
-9.21973e-17
1.86183e-16
0
0
3.31876e-16
0
0
-9.80711e-16
0
0
0
0
0
0
0
0
0
0
0
0
0
0
0
0
-1.07721e-16
0
0
1.89681e-16
0
0
0
0
0
0
0
0
0
0
0
0
0
0
0
0
0
0
0
0
0
0
0
0
-1.92565e-15
6.82682e-17
1.14683e-16
2.30847e-16
0
-2.96224e-16
7.25505e-17
0
0
0
0
0
0
0
0
0
0
0
0
0
0
0
0
0
0
0
0
0
0
0
0
0
0
1.93803e-17
0
0
0
0
0
0
0
0
0
0
0
0
0
0
0
0
0
0
0
0
0
0
0
0
0
0
0
0
0
0
-4.05763e-16
-2.96191e-16
0
0
0
0
0
0
0
0
0
-3.77088e-15
-4.76538e-16
0
0
0
0
0
0
0
0
0
0
0
0
0
0
0
0
0
0
0
0
0
0
0
0
0
0
0
0
0
0
0
6.59172e-13
-4.3401e-16
0
0
0
0
0
0
0
0
0
0
0
0
0
0
0
0
0
0
0
0
0
0
0
0
0
0
0
0
0
0
0
0
0
0
0
0
0
0
0
0
-3.31945e-12
0
0
0
0
0
0
-6.9921e-16
2.36806e-17
0
0
0
0
0
0
0
0
3.00101e-17
6.6421e-17
0
0
0
0
0
0
0
0
0
0
0
0
0
0
0
0
0
0
0
0
0
0
0
0
5.52858e-31
1.17521e-15
0
0
0
1.27259e-14
0
0
0
5.59616e-15
0
2.00391e-15
1.25147e-15
0
0
0
0
0
0
0
0
0
0
0
0
0
0
0
0
0
0
0
1.00888e-14
0
8.22716e-15
0
0
0
0
0
0
0
0
-5.46867e-17
3.35439e-16
-9.97244e-15
0
0
-4.51878e-16
0
0
0
0
0
0
0
0
0
0
0
0
0
0
0
0
0
0
0
0
0
0
0
0
0
0
0
0
0
0
0
0
0
-1.37645e-15
-2.21281e-17
3.65451e-17
0
0
0
0
0
0
-2.67455e-15
0
0
0
0
0
0
0
0
0
0
0
0
0
0
0
0
0
0
0
0
0
0
0
0
0
0
0
0
0
0
0
0
0
0
0
0
0
5.18615e-16
0
0
0
0
0
0
0
0
0
0
0
0
0
0
0
0
0
0
0
0
0
0
0
0
0
0
0
0
0
0
0
0
0
0
0
0
0
0
0
0
0
0
-2.18244e-16
1.30291e-15
0
0
0
0
0
0
0
0
0
0
0
0
0
0
0
0
0
0
0
0
4.02968e-14
0
-2.06918e-31
-1.77711e-15
0
0
0
0
0
0
0
0
0
0
0
0
0
0
0
0
0
0
0
-8.23519e-15
1.26918e-16
0
0
0
0
0
0
0
0
0
0
0
0
0
0
0
0
0
0
0
0
0
0
0
0
0
0
0
0
0
0
0
0
0
9.70336e-16
0
0
0
0
0
0
0
0
0
0
-1.92543e-15
8.08458e-15
0
0
0
0
0
0
0
0
0
0
0
0
0
0
0
4.33396e-17
0
0
0
0
0
0
0
-2.62999e-16
0
0
0
0
0
0
0
0
0
0
0
0
0
0
0
0
0
0
0
0
0
0
0
0
0
0
0
0
0
0
0
0
0
0
0
0
0
0
-1.02127e-14
0
0
0
0
0
0
0
0
0
0
0
0
0
0
0
0
0
0
0
0
0
0
0
0
0
0
0
0
0
0
0
0
0
0
0
0
0
0
0
0
0
0
0
0
0
0
0
0
0
0
0
0
0
0
0
0
0
0
0
0
0
0
0
0
0
0
0
0
0
0
0
0
0
0
0
0
0
-1.54298e-16
2.04626e-15
-3.63054e-17
0
4.00593e-16
0
0
0
0
0
0
0
0
0
0
0
0
0
0
-2.56815e-17
0
0
0
0
0
0
0
0
0
0
0
0
0
0
0
0
0
0
0
-8.48869e-15
1.99762e-16
0
0
0
0
0
0
0
0
0
0
0
0
0
0
0
0
0
0
0
0
0
0
0
0
0
0
0
0
0
0
0
0
0
0
0
0
0
0
0
0
0
0
0
0
0
0
0
0
0
0
0
0
0
0
0
0
0
0
0
0
0
0
0
0
0
0
0
0
0
0
0
0
0
0
0
0
0
0
0
0
0
0
0
0
0
0
0
0
0
0
-7.7857e-17
0
0
-1.49092e-16
3.0903e-16
0
0
0
0
0
0
0
0
0
0
0
0
-2.58456e-15
-2.55949e-15
0
0
0
6.37392e-15
-3.0671e-15
6.08308e-16
5.41511e-15
0
0
0
0
0
0
0
0
0
-7.30195e-16
1.21275e-14
0
0
0
0
0
0
0
0
0
0
0
0
0
0
0
0
0
0
0
0
0
0
0
0
0
0
0
0
0
0
0
0
-1.39026e-13
0
0
0
0
0
0
0
0
0
0
0
0
0
0
0
0
0
0
0
0
0
0
0
0
0
0
0
0
0
0
0
0
0
0
0
0
0
0
0
0
0
0
-1.74734e-16
-5.89326e-17
0
0
0
0
0
0
0
0
0
0
0
0
0
0
0
1.65431e-16
0
0
0
0
0
0
1.17422e-15
0
0
0
0
0
0
0
0
0
0
0
0
0
0
0
0
0
0
0
0
0
0
0
0
0
0
-3.98607e-15
1.95299e-17
0
0
0
0
0
0
0
0
0
0
0
0
0
0
0
0
0
0
0
0
0
0
0
0
0
0
0
0
0
0
0
0
4.25393e-16
0
0
0
0
0
0
0
0
0
0
0
0
0
0
0
0
0
0
0
0
0
0
0
0
0
-5.89096e-16
1.13306e-15
0
0
0
0
0
0
0
0
0
0
0
0
0
0
0
0
0
0
0
0
0
0
0
0
0
0
0
0
0
0
0
0
0
0
0
0
3.79225e-15
0
0
0
0
0
0
0
0
0
0
0
0
0
0
0
0
0
0
0
0
0
0
0
0
0
2.06653e-17
0
0
0
0
0
0
0
0
0
0
0
0
0
0
0
0
0
0
0
0
0
0
0
0
0
0
0
0
0
0
0
0
0
0
0
0
0
0
0
0
0
0
0
0
0
0
0
0
9.63892e-16
5.49633e-17
0
0
0
0
0
0
0
2.2082e-30
-1.54557e-14
1.9187e-16
0
0
0
0
0
-1.83274e-16
0
2.728e-15
0
0
0
0
0
0
-1.28448e-14
0
0
0
0
0
0
0
0
0
0
0
0
0
0
0
0
0
0
0
0
0
0
0
0
0
0
0
0
0
0
0
0
0
0
0
0
0
0
0
0
0
0
-3.38878e-16
0
-8.82877e-15
0
0
0
0
0
0
0
0
0
0
0
0
0
0
0
-9.5077e-15
5.08774e-16
8.63197e-17
9.4304e-16
0
0
0
0
0
0
0
0
0
-1.16996e-16
0
7.38971e-15
0
0
0
0
0
0
0
0
0
0
0
0
0
0
0
0
0
0
0
0
0
0
0
0
0
0
0
0
0
0
0
0
0
0
0
0
0
0
0
0
0
0
0
0
0
1.64997e-15
0
0
0
0
0
0
1.96696e-15
3.28426e-17
0
0
0
0
0
0
0
0
0
0
0
0
0
0
1.68467e-15
-2.51603e-16
0
0
0
0
0
0
0
0
0
0
0
0
0
0
0
0
0
0
0
0
0
0
0
0
0
0
0
0
0
0
0
0
0
0
0
0
0
0
0
0
0
0
0
0
0
0
0
0
0
0
0
0
0
0
0
0
0
0
0
0
0
0
0
0
0
0
0
0
0
0
0
0
0
0
0
0
0
0
0
0
0
0
0
0
0
0
0
0
0
0
0
0
0
-1.15122e-14
2.13266e-16
0
0
0
0
0
0
0
0
0
0
0
0
0
0
0
0
0
0
0
0
0
0
0
0
0
0
0
0
0
0
0
0
0
0
0
0
0
0
0
0
0
0
0
0
0
0
0
0
0
0
0
-1.7588e-29
0
0
0
0
0
0
0
0
0
-1.16754e-15
0
0
0
0
0
0
0
0
0
0
0
0
0
1.42928e-14
0
0
0
0
0
0
0
0
0
0
-9.28717e-16
-6.15373e-16
-8.43457e-16
0
0
0
0
0
0
0
0
0
0
0
0
0
0
0
0
0
0
0
0
0
0
0
0
0
0
0
0
0
0
0
0
0
0
0
0
0
0
0
0
-9.60003e-15
0
0
0
0
0
0
0
-3.07258e-15
2.58647e-32
0
0
0
0
0
0
0
0
0
0
0
0
3.65932e-16
0
0
0
0
0
0
0
0
0
0
0
0
0
0
0
0
0
0
0
0
0
0
0
0
0
0
0
0
0
0
0
0
0
0
0
0
0
0
0
0
0
0
0
0
0
0
0
0
0
0
0
0
0
0
0
0
-7.62869e-17
-2.94102e-17
0
0
0
0
0
0
0
0
0
0
0
0
0
0
0
0
-8.10209e-16
7.85054e-15
0
0
0
0
0
0
0
0
0
0
0
0
0
0
0
0
0
0
0
0
0
0
0
0
0
0
0
0
0
0
0
0
0
0
0
0
0
0
0
0
0
0
0
0
5.12487e-15
0
0
0
0
0
9.13368e-15
6.96595e-16
0
0
0
0
0
0
0
0
0
0
0
0
0
0
0
0
0
0
0
0
0
0
0
0
0
0
0
0
0
0
0
0
0
-1.39496e-14
0
0
0
0
0
8.77681e-15
-8.17195e-12
0
0
0
0
0
0
0
0
0
0
0
0
0
0
0
0
0
0
0
0
0
0
0
0
0
0
0
0
0
0
0
0
0
0
0
0
0
0
0
0
8.18904e-16
1.21612e-17
0
0
0
0
0
0
0
0
0
0
0
0
0
0
0
0
9.84769e-16
-2.87434e-17
0
0
0
0
0
0
0
0
0
0
0
0
0
0
0
0
0
0
0
0
0
0
0
0
0
0
0
0
0
0
3.45121e-17
6.17513e-17
7.01054e-17
0
0
0
0
0
0
0
0
0
0
0
0
0
0
0
0
0
0
0
0
0
0
0
0
0
0
0
0
0
0
0
0
0
0
0
0
0
0
0
0
0
0
0
0
0
0
0
0
0
0
3.20191e-14
0
0
0
-1.11647e-15
-9.00478e-15
1.30978e-14
0
2.06035e-16
0
0
0
0
0
0
0
0
0
0
0
0
0
-5.31671e-16
-3.83854e-16
0
0
0
0
0
0
0
1.07299e-17
0
0
0
0
0
0
0
0
0
0
0
0
0
0
0
0
0
0
0
0
0
0
0
0
0
0
0
0
0
0
0
0
0
0
0
0
0
0
0
0
0
0
0
0
0
0
0
0
0
0
0
0
0
0
0
0
0
0
4.166e-16
0
0
0
0
0
0
0
0
0
0
0
-5.50311e-17
0
0
0
0
0
0
0
0
0
0
0
0
0
0
0
0
0
0
0
0
0
0
0
0
0
0
0
0
0
5.72471e-15
-1.87818e-15
0
0
0
0
0
0
0
0
0
0
1.13761e-15
-5.0804e-16
0
0
0
0
0
0
0
0
0
0
-2.06133e-16
2.80735e-15
0
0
0
0
0
0
0
0
0
0
0
0
0
0
-7.0352e-29
0
0
0
0
0
0
0
0
3.24007e-15
0
0
0
0
0
0
0
0
0
0
0
0
0
0
0
0
0
0
0
0
0
0
0
0
0
0
0
0
0
0
0
0
0
0
0
0
0
0
0
0
0
0
0
0
0
0
0
0
0
0
0
0
0
0
0
0
0
0
0
0
0
0
0
0
0
0
0
0
0
0
0
0
0
0
0
0
0
0
0
0
0
0
-3.42389e-15
2.82442e-14
0
0
0
0
0
0
0
0
0
0
0
0
0
3.18849e-15
-1.33253e-14
-7.88661e-17
0
0
0
0
0
0
5.89633e-17
1.13722e-16
6.37224e-15
0
0
0
0
0
0
0
0
0
0
0
0
0
0
0
0
0
0
7.73303e-17
0
0
0
0
0
0
0
0
0
0
0
0
0
0
0
0
0
0
0
0
0
0
0
0
0
0
0
0
0
0
0
0
0
0
0
0
0
0
0
0
0
0
0
0
0
0
0
0
0
0
0
0
0
0
0
0
0
0
0
0
0
0
0
0
0
0
0
0
0
0
0
0
0
0
0
0
0
0
0
0
0
0
0
0
0
0
0
0
0
0
0
0
0
0
0
0
0
0
0
0
0
0
0
0
0
0
0
0
0
0
0
0
0
0
0
0
0
0
0
0
0
0
0
0
0
0
0
0
0
0
0
0
0
0
0
0
0
0
0
0
0
0
0
0
0
0
0
0
0
0
0
0
0
0
0
0
0
-1.61951e-16
0
0
0
0
0
0
0
0
0
0
0
0
0
-2.4009e-16
0
-3.40117e-16
0
0
0
0
0
0
0
0
-1.67316e-14
0
0
0
0
0
0
0
0
0
0
0
0
3.0468e-17
1.92084e-16
2.48809e-14
0
0
0
0
0
0
0
0
7.27954e-17
0
-2.44932e-16
0
0
0
0
0
0
0
0
0
0
0
0
0
0
0
0
0
0
0
0
0
0
0
0
0
0
0
0
0
0
0
0
0
0
0
0
0
0
0
0
0
0
0
0
0
0
0
0
0
0
0
0
0
0
0
0
0
0
0
0
0
0
0
0
0
0
0
0
0
0
0
0
0
0
0
0
0
0
0
0
0
0
0
0
0
0
0
0
0
0
0
0
0
0
0
0
0
0
0
0
0
0
0
0
0
0
0
0
0
0
0
0
0
0
-2.40107e-14
-1.43374e-14
0
0
0
0
0
0
0
0
0
0
0
0
0
0
0
0
0
0
0
0
0
0
0
0
0
0
0
0
0
0
0
0
0
0
0
0
0
0
0
0
0
0
0
0
0
0
0
0
0
0
0
-4.18782e-16
5.41819e-17
0
0
0
0
0
0
0
2.19367e-17
0
0
0
0
0
0
0
0
0
0
0
0
0
0
0
0
0
0
0
0
0
0
0
0
0
0
0
0
0
0
0
0
0
0
0
0
0
0
0
0
0
0
0
0
0
0
0
0
0
0
-4.81477e-16
0
0
0
0
0
0
0
0
0
0
0
0
0
0
0
0
0
0
0
1.10628e-15
0
0
0
0
0
0
0
0
0
0
0
0
0
0
0
0
0
0
0
0
0
0
0
0
0
0
0
0
0
0
0
0
0
0
0
0
0
0
0
0
0
0
0
0
0
0
0
0
0
0
0
0
0
0
0
0
0
0
0
0
4.17411e-16
0
-1.78634e-14
0
0
0
0
0
0
0
0
1.51519e-15
0
0
0
0
0
0
0
0
0
0
0
0
0
0
0
-7.89835e-16
0
0
0
0
0
0
0
0
0
0
-8.95418e-17
0
-3.50827e-14
0
0
0
0
0
0
0
2.60787e-16
4.25187e-16
0
0
0
0
0
0
0
0
0
0
0
0
0
0
0
0
0
0
0
0
0
0
0
0
0
0
0
0
0
-2.1985e-30
3.39284e-15
0
0
0
0
0
0
0
0
0
0
0
0
0
0
0
0
0
0
0
0
0
0
0
0
0
0
0
0
0
0
0
0
0
0
0
0
0
0
0
0
0
3.19873e-16
0
0
0
0
0
0
4.06662e-16
1.05035e-14
-2.01465e-16
0
0
0
0
0
8.24982e-16
1.26414e-14
0
0
0
0
0
0
0
0
0
0
0
0
0
0
0
2.36071e-14
0
0
3.65026e-14
-1.73122e-15
0
0
0
0
0
0
0
0
0
0
0
0
-8.84296e-17
0
0
0
0
0
0
0
0
0
0
0
0
0
0
0
0
0
0
0
0
0
0
0
0
0
0
0
0
0
0
0
0
0
0
0
0
0
0
0
0
0
0
0
0
0
0
0
0
0
0
0
0
0
0
0
0
0
0
0
0
0
0
0
0
0
0
0
0
0
0
0
0
0
0
0
0
0
0
0
0
0
0
0
0
0
0
0
0
0
-5.85626e-14
0
0
0
0
0
0
0
0
0
0
0
0
0
0
0
0
0
0
0
0
0
0
0
0
0
0
0
0
0
0
0
0
0
0
0
0
0
0
0
0
0
0
0
-3.07743e-16
0
0
0
0
0
0
0
0
0
0
0
0
0
0
0
0
0
0
0
0
0
0
0
0
0
0
0
0
0
0
0
0
0
0
0
0
0
0
0
0
0
0
0
0
0
0
0
0
0
0
0
0
0
0
0
0
0
0
0
0
0
0
0
0
0
0
0
0
0
0
0
0
0
0
0
0
0
0
0
0
0
0
0
0
0
0
0
0
-2.63776e-15
0
0
0
0
0
0
0
0
0
0
0
0
0
0
0
0
0
0
0
0
0
0
0
0
0
0
0
0
0
3.78257e-17
0
0
0
0
0
0
0
0
0
0
0
0
0
0
0
0
0
0
0
0
0
0
0
8.24331e-14
4.321e-14
0
0
0
0
0
-6.88615e-15
1.78069e-14
0
0
0
0
0
0
0
0
0
0
0
0
0
0
0
0
0
0
0
1.67495e-14
5.90125e-15
0
0
0
0
0
0
0
0
0
0
0
0
0
0
0
0
0
0
0
0
0
-1.11833e-16
5.26778e-16
0
0
0
0
0
0
0
0
0
0
0
0
0
0
0
0
0
0
0
0
0
-1.29947e-15
0
0
0
0
0
0
0
-2.97918e-14
-1.5737e-16
0
0
0
0
0
0
0
0
0
0
0
0
0
0
0
0
0
0
0
0
0
0
0
0
0
0
0
0
0
0
0
0
0
0
0
0
-6.69801e-17
-5.66354e-16
0
6.20196e-16
-3.32624e-16
0
0
0
0
8.18776e-15
0
0
0
0
0
0
0
0
3.10242e-16
0
0
0
1.40448e-15
-3.78567e-16
1.1634e-14
0
0
0
0
0
0
0
0
0
0
0
0
0
0
0
0
0
0
0
0
0
0
0
0
0
0
0
0
-1.09895e-15
0
0
0
0
0
0
0
0
0
0
0
0
0
0
0
0
0
0
5.29721e-15
0
0
0
0
0
0
0
0
0
0
0
0
0
0
0
0
0
0
0
0
0
0
0
0
0
0
0
0
0
0
0
0
0
0
0
0
0
0
0
0
0
0
0
0
0
0
0
0
0
0
7.87783e-16
0
0
1.12656e-15
0
1.23892e-16
2.87037e-14
0
0
0
0
-7.27829e-16
0
0
0
0
0
0
0
0
0
0
0
0
0
0
1.24641e-15
0
0
0
0
0
0
0
0
0
0
0
0
0
0
0
0
0
0
0
0
0
0
0
0
0
-7.82254e-14
-1.22509e-15
0
0
0
0
0
0
9.25446e-15
0
1.07231e-16
0
0
0
0
0
0
0
0
0
0
0
0
0
0
0
0
0
0
0
0
0
0
0
0
-1.04178e-15
0
0
-6.77829e-17
3.24505e-16
0
0
0
0
0
0
0
0
0
0
0
0
0
0
0
0
2.52706e-15
4.32442e-17
4.78696e-16
0
0
0
0
0
0
0
0
0
0
0
0
0
0
0
0
5.98393e-16
0
0
4.5914e-16
0
0
0
0
0
0
0
0
0
0
0
0
0
0
0
0
0
0
3.07172e-14
0
-1.84771e-15
0
0
0
0
0
0
0
0
0
0
0
6.77081e-17
0
0
0
0
0
0
0
0
0
0
0
0
0
0
0
0
0
0
0
0
0
0
0
0
0
0
0
0
0
0
0
0
0
0
0
0
0
-3.98192e-14
0
0
0
0
0
0
0
0
0
5.88244e-16
1.12136e-15
0
0
0
0
0
0
0
0
0
0
0
0
0
0
0
0
0
0
0
0
0
0
0
0
0
0
0
0
0
0
0
0
0
0
0
0
0
0
0
0
0
0
0
0
0
0
0
0
0
0
0
0
0
0
0
0
0
0
0
0
0
0
0
2.7071e-15
0
0
0
0
0
0
0
0
0
0
0
0
0
0
0
0
-1.43631e-16
-1.71715e-16
0
0
0
0
0
0
0
0
0
0
0
0
0
0
0
0
0
0
0
0
0
0
0
0
0
0
0
0
0
0
0
0
0
0
0
0
0
0
0
0
0
0
0
0
0
0
-5.49625e-31
0
0
0
0
0
0
0
0
0
0
0
0
0
0
0
0
0
0
0
0
0
0
0
0
0
0
0
0
0
0
0
0
0
0
0
0
0
0
0
0
0
0
0
0
0
0
0
0
0
0
0
0
0
0
0
0
0
0
0
0
0
0
0
0
-1.60384e-16
-6.58466e-16
-1.99174e-15
0
0
0
0
0
0
-3.6268e-17
0
0
0
0
0
0
0
0
0
0
0
0
0
0
0
0
0
0
0
0
0
0
0
0
1.25108e-16
0
-3.52599e-16
0
0
0
0
0
0
0
0
0
0
0
0
0
1.11147e-14
-1.25521e-15
0
0
0
0
0
1.25891e-15
0
0
-3.42924e-16
3.63496e-16
0
0
0
0
0
3.18679e-16
0
0
0
0
0
0
0
0
0
0
0
0
0
0
0
0
0
0
0
0
0
0
0
0
0
0
0
0
0
0
0
0
0
0
0
0
0
0
0
0
0
1.05887e-15
-8.21826e-16
0
0
0
0
0
0
0
0
0
0
0
0
0
0
0
0
0
0
0
0
0
0
0
0
0
1.08211e-14
0
0
0
0
0
0
0
-5.80066e-15
0
1.26041e-15
3.0919e-17
0
0
0
0
0
0
0
0
0
0
0
0
0
0
0
0
0
0
0
0
0
0
8.48703e-16
0
0
0
0
0
0
0
0
0
0
0
0
0
0
0
0
0
0
0
0
0
0
0
0
0
0
0
0
0
0
0
0
0
0
0
0
0
0
0
0
0
0
0
0
0
0
0
0
0
0
0
0
0
0
0
0
0
0
0
5.62945e-16
0
0
0
0
0
0
0
0
0
0
0
0
0
0
0
0
0
0
0
0
0
0
0
0
0
-5.24638e-15
1.13381e-13
0
0
0
0
0
0
0
0
0
0
0
0
0
0
0
0
0
0
0
0
0
0
0
0
0
0
0
0
0
0
0
0
0
0
0
0
0
0
0
0
0
0
0
0
4.88716e-17
0
0
0
0
0
0
0
0
0
0
0
0
0
0
0
0
0
0
0
0
0
0
0
0
0
0
0
0
0
0
0
0
0
0
0
0
0
0
0
0
0
0
0
0
-5.33186e-16
-1.05858e-14
0
0
4.73553e-17
0
0
0
0
0
0
-1.03369e-15
0
0
0
0
0
0
0
0
0
0
0
0
0
0
0
0
0
0
0
0
0
0
0
0
0
0
0
0
0
0
0
0
0
0
0
0
0
0
0
0
0
0
0
0
0
0
0
0
0
0
0
0
0
0
0
0
0
0
0
0
0
0
0
0
0
0
0
0
0
0
0
0
0
0
0
0
0
0
0
5.05901e-15
0
0
0
0
0
0
0
0
0
0
0
0
0
0
0
0
0
0
0
0
0
0
0
0
0
0
0
0
0
0
0
2.09137e-15
0
0
0
0
0
0
0
0
0
0
0
0
0
0
0
0
0
0
0
0
0
0
0
0
0
0
0
0
-3.61682e-16
-3.48018e-17
0
0
0
0
0
0
0
0
0
0
0
0
-4.45088e-17
0
0
0
0
0
0
0
0
0
0
0
0
0
0
0
0
0
0
0
0
0
0
0
0
0
0
0
0
0
0
0
0
0
0
0
0
0
0
0
0
0
0
0
0
0
0
0
1.29215e-16
3.47409e-14
0
0
0
0
0
0
0
0
0
0
0
0
0
0
0
0
0
0
0
0
0
0
0
0
0
0
0
0
0
0
0
0
0
0
0
0
0
0
0
0
0
0
0
0
0
0
0
0
0
0
0
0
0
0
0
0
0
0
0
0
0
0
0
0
0
0
7.8746e-14
9.23667e-14
0
0
0
0
0
0
0
0
0
0
0
0
0
0
0
0
0
0
0
0
0
0
0
0
0
0
0
0
0
0
0
0
0
0
0
1.00894e-14
0
0
0
0
0
0
0
0
0
-8.57388e-17
0
0
0
0
0
0
0
0
0
0
0
0
0
0
0
0
0
3.07171e-16
-8.82412e-17
0
0
0
0
0
0
0
0
0
0
0
0
0
0
0
0
0
0
0
0
0
0
1.96228e-15
0
0
0
0
0
0
0
0
0
0
0
0
0
0
0
0
0
0
0
0
0
0
0
0
0
0
0
0
0
0
0
0
0
0
0
0
0
0
0
0
0
0
0
0
2.41751e-15
0
0
0
0
0
0
0
0
0
0
0
0
0
0
0
0
0
0
0
0
0
0
0
0
0
0
0
0
0
0
0
0
0
0
0
0
0
0
0
0
0
0
0
0
0
0
0
0
0
0
0
0
0
0
0
0
0
0
0
0
0
0
0
0
0
0
0
0
0
0
0
0
0
0
0
0
-1.02167e-15
1.74521e-13
0
0
0
0
0
0
0
0
0
0
0
0
0
0
0
0
0
0
0
0
0
0
0
0
0
0
0
0
0
0
0
0
0
0
0
0
0
0
0
0
0
0
0
0
0
0
0
0
0
0
0
0
0
0
0
0
0
0
0
0
0
0
0
0
0
0
0
0
0
0
0
0
0
0
0
0
0
0
0
0
0
0
0
0
0
0
0
0
0
0
0
0
0
0
1.00342e-16
0
0
0
0
0
0
0
0
0
0
0
0
0
0
0
0
0
0
0
0
0
0
0
0
0
0
0
0
0
0
0
0
0
0
0
0
0
0
0
0
0
0
0
0
0
0
0
0
0
0
0
0
0
0
0
0
0
0
0
0
0
0
0
0
0
0
0
0
0
0
0
0
0
0
0
0
0
0
0
0
0
0
0
0
0
0
0
0
0
0
0
0
0
0
0
0
0
0
0
0
0
0
0
0
0
0
0
0
0
0
0
0
0
0
0
0
0
0
0
0
0
0
0
0
0
0
0
0
0
0
0
0
0
0
0
0
0
0
0
0
0
0
0
0
0
0
0
0
0
0
0
0
0
0
0
0
0
0
0
0
0
0
0
0
0
0
0
0
0
0
0
0
0
0
0
0
0
0
0
0
0
0
0
0
0
0
0
0
0
0
0
0
0
0
0
0
0
0
0
0
0
0
0
0
0
0
0
0
-1.32085e-15
-1.62849e-15
0
0
0
0
0
0
0
0
0
0
0
0
0
0
0
0
0
0
0
0
0
0
0
0
0
0
0
0
0
0
0
0
0
0
0
0
0
0
0
0
0
0
0
0
0
0
0
0
0
0
0
0
0
0
0
0
0
0
0
0
0
0
0
0
0
0
0
0
0
-8.38314e-15
0
0
0
0
0
0
0
0
0
0
0
0
0
0
0
0
0
0
0
0
0
0
0
0
0
0
0
0
0
0
0
0
0
0
0
0
0
0
1.15244e-16
1.7014e-15
0
0
0
0
0
0
0
0
0
0
0
0
0
0
0
0
0
0
0
0
0
0
0
0
0
0
0
0
0
0
0
0
4.146e-14
0
0
0
0
0
0
0
0
0
0
0
0
0
0
0
0
0
0
0
0
0
0
0
0
0
0
0
0
0
0
0
0
0
0
0
0
0
0
0
0
0
0
0
0
0
0
0
0
0
0
0
0
0
0
0
0
0
-1.76225e-29
0
0
0
0
0
0
0
0
0
0
0
0
0
0
0
0
0
0
0
0
0
0
7.76162e-15
0
0
0
0
0
0
0
0
0
0
0
0
0
0
0
3.57719e-15
0
0
0
0
0
0
0
0
0
0
0
0
0
0
0
0
0
0
0
0
0
0
0
0
0
0
0
0
0
0
0
0
0
0
0
0
0
0
0
0
0
0
0
0
0
0
0
0
0
0
0
0
0
0
0
0
0
0
0
0
0
0
0
0
0
-3.38058e-16
0
0
0
0
0
0
0
0
0
0
0
1.03459e-14
0
0
0
0
0
-2.44947e-16
0
0
0
0
0
0
0
0
0
0
0
0
0
0
0
0
0
0
0
0
0
0
0
0
0
0
0
0
0
0
0
0
0
0
0
0
0
0
0
0
0
0
0
0
0
0
0
2.00996e-14
8.87358e-14
0
0
0
0
0
0
0
0
0
0
0
0
0
0
0
0
0
0
0
0
0
0
0
0
0
0
0
0
0
0
0
0
0
0
0
0
0
0
0
0
0
0
0
0
0
0
0
0
0
0
0
0
0
0
0
0
0
0
0
0
0
0
0
0
0
0
0
0
0
0
0
0
0
0
0
0
0
-2.57822e-14
3.90858e-15
0
0
0
0
0
0
0
0
0
0
0
0
0
0
0
0
0
0
0
0
0
0
0
0
0
0
0
0
0
0
0
0
0
0
0
0
0
0
0
0
0
0
0
0
0
0
0
0
0
0
0
0
0
0
0
0
0
0
0
0
0
0
0
0
0
0
0
0
0
0
0
0
0
0
0
0
0
0
0
0
0
0
0
0
0
0
0
0
0
0
0
0
0
0
0
0
0
0
0
0
0
0
0
0
0
0
0
0
0
0
0
0
0
0
0
0
0
-5.05539e-17
0
1.78144e-16
0
0
0
0
0
0
0
0
0
0
0
0
0
0
0
0
0
0
0
0
0
0
0
0
0
0
0
0
0
0
0
0
0
0
0
0
0
0
0
0
0
0
0
0
0
0
0
0
0
0
0
0
0
0
0
0
0
0
0
0
0
0
0
0
0
0
0
0
0
0
0
0
0
0
0
0
0
0
0
0
0
0
0
0
0
0
0
0
0
0
0
0
0
0
0
0
0
0
0
0
0
0
0
0
0
0
0
0
0
0
0
0
0
0
0
0
0
0
0
0
0
0
0
0
0
0
0
0
0
0
0
0
0
0
0
0
0
0
0
0
0
0
0
0
0
0
0
0
0
0
0
0
0
0
0
0
0
0
0
0
0
0
0
0
0
0
0
0
0
0
0
0
0
0
0
0
0
0
0
0
0
0
0
0
0
0
0
0
0
0
0
0
0
0
0
0
0
0
0
0
0
0
0
0
0
0
0
0
0
0
0
0
0
0
0
0
0
0
0
0
0
0
0
0
0
0
0
0
0
0
0
0
6.61146e-14
0
0
0
0
0
0
0
0
0
0
0
0
0
0
0
0
5.88329e-14
0
0
0
0
0
0
0
0
0
0
0
0
0
0
0
0
0
0
0
0
0
0
0
0
0
0
0
-1.51885e-16
4.87709e-16
0
0
0
0
0
0
0
0
0
0
0
0
0
0
0
0
0
0
0
0
0
0
0
0
0
0
0
0
0
0
0
0
0
0
0
0
0
0
0
0
0
0
0
0
0
0
0
0
0
0
0
0
0
0
0
0
0
0
0
0
0
0
0
0
0
0
0
0
0
0
0
0
0
0
0
0
0
0
0
0
0
0
0
0
0
0
0
0
0
0
0
0
0
0
0
0
0
0
0
0
0
0
0
0
0
0
0
0
0
0
0
0
0
0
0
0
0
0
0
0
0
0
0
0
0
0
0
0
0
0
0
0
0
0
0
0
0
0
0
0
0
0
0
0
0
0
0
0
0
0
0
0
0
0
0
0
0
0
0
0
0
0
0
0
0
0
0
0
0
0
0
0
0
1.11526e-15
6.11253e-17
0
0
0
0
0
0
0
0
0
0
0
0
0
0
0
0
0
0
0
0
0
0
0
0
0
0
0
0
0
0
0
0
0
0
0
0
0
0
0
0
0
0
0
0
0
0
0
0
0
0
0
0
0
0
0
0
0
0
0
0
0
0
0
0
0
0
0
0
0
0
0
0
0
0
0
0
0
0
0
0
0
0
0
0
0
0
0
0
0
0
0
0
0
0
0
0
0
0
0
0
0
0
0
0
0
0
0
0
0
0
0
0
0
0
0
0
0
0
0
0
0
0
0
0
0
0
0
0
0
0
0
0
0
0
0
0
0
0
0
0
0
0
0
0
0
0
0
0
0
0
0
0
0
0
0
0
0
0
0
0
0
0
0
0
0
0
0
0
0
0
0
0
0
0
0
0
0
0
0
0
0
0
0
0
0
0
0
0
0
0
0
0
0
0
0
0
0
0
0
0
0
0
0
0
0
0
0
0
0
0
0
0
0
0
0
0
0
0
0
0
0
0
0
0
0
0
0
0
2.64162e-16
0
0
0
0
0
0
0
0
0
0
0
0
0
0
0
0
0
0
0
0
0
0
0
0
0
0
0
0
0
0
0
0
0
0
0
0
0
0
0
0
0
0
0
0
0
0
0
0
0
0
0
0
0
0
0
0
0
0
0
0
0
0
0
0
0
0
0
0
0
0
0
0
0
0
0
0
0
0
0
0
0
0
0
0
0
0
0
0
0
0
0
0
0
0
0
0
0
0
0
0
0
0
0
0
0
0
0
0
0
0
0
0
0
0
0
0
0
0
0
0
0
0
0
0
0
0
0
0
0
0
0
0
0
0
0
0
0
0
0
0
0
0
0
0
0
0
0
0
0
0
0
0
0
0
0
0
0
0
0
0
0
0
0
0
0
-1.78012e-16
2.54599e-16
0
0
0
0
0
0
0
0
0
0
0
0
0
0
0
0
0
0
0
0
0
2.50811e-16
0
0
0
0
0
0
0
0
0
0
0
0
0
0
0
0
0
0
0
0
0
0
0
0
0
0
0
0
0
0
0
0
2.89694e-14
0
0
0
0
0
0
0
0
0
0
0
0
0
0
0
0
0
0
0
0
0
0
0
0
0
0
0
0
0
0
4.21851e-15
7.56716e-14
0
0
0
0
0
0
0
0
0
0
0
0
0
0
0
0
0
0
0
0
0
0
0
0
0
0
0
0
0
0
0
0
0
0
0
0
0
0
0
0
0
0
0
0
0
0
0
0
0
0
0
0
0
0
0
0
0
0
0
0
0
0
0
0
0
0
0
0
0
0
0
0
0
0
0
0
0
0
0
0
0
0
0
0
0
0
0
0
0
0
0
0
0
0
0
0
0
0
0
0
0
0
0
0
0
0
0
0
0
0
0
0
0
0
0
0
0
0
0
0
0
0
0
0
0
0
0
0
0
0
0
0
0
0
0
0
0
0
0
0
0
0
0
0
0
0
0
0
0
0
0
0
0
0
0
0
0
0
0
0
0
0
0
0
0
0
0
0
0
0
0
0
0
0
0
0
0
0
0
0
0
0
0
0
0
0
0
0
0
0
0
0
0
0
0
0
0
0
0
0
0
0
0
0
0
0
0
0
0
0
0
0
0
0
0
0
0
0
0
0
0
0
0
0
0
0
0
0
0
0
0
0
0
0
0
0
0
0
0
0
0
0
0
0
0
0
0
0
0
0
0
0
0
0
0
0
0
0
0
0
0
0
0
0
0
0
0
0
0
0
0
0
0
0
0
0
0
0
0
0
0
0
0
0
0
0
0
0
0
0
0
0
0
0
0
0
0
0
0
0
0
0
0
0
0
0
0
0
0
0
0
0
0
0
0
0
0
0
0
0
0
0
0
0
0
0
0
0
0
0
0
0
0
0
0
0
0
0
0
0
0
0
0
0
0
0
0
0
0
0
0
0
0
0
-1.59915e-14
-1.42359e-28
0
0
0
0
0
0
0
0
0
0
0
0
0
0
0
0
0
0
0
0
0
0
0
0
0
0
0
0
0
0
0
0
0
0
0
0
0
0
-3.76788e-14
0
0
0
0
0
0
0
0
0
0
0
0
0
0
0
0
0
0
0
0
0
0
0
0
0
0
0
0
0
0
0
0
0
0
0
0
0
0
0
0
0
0
0
0
0
0
0
0
0
0
0
0
0
0
0
0
0
0
0
0
0
0
0
0
0
0
0
0
0
0
0
0
0
0
0
0
0
0
0
0
0
0
0
0
0
0
0
0
0
0
0
0
0
0
0
0
0
0
0
0
0
0
0
0
0
0
0
0
0
0
0
0
0
0
0
0
0
0
0
0
0
0
0
0
0
0
0
0
0
0
0
0
0
0
0
0
0
0
0
0
0
0
0
0
0
0
0
0
-7.06915e-16
0
0
0
0
0
0
0
0
0
0
0
0
0
0
0
0
0
0
0
0
0
0
0
0
0
0
0
0
0
0
0
0
0
0
0
0
0
0
0
0
0
0
0
0
0
0
0
0
0
0
0
0
0
0
0
0
0
0
0
0
0
0
0
0
0
0
0
0
0
0
0
0
0
0
0
0
0
0
0
0
0
0
0
0
0
0
0
0
0
0
0
0
0
0
0
0
0
0
0
0
0
0
0
0
0
0
0
0
0
3.98668e-14
7.79687e-15
0
0
0
0
0
0
0
0
0
0
0
0
0
0
0
0
0
0
0
0
0
0
0
0
0
0
0
0
0
0
0
0
0
0
0
0
0
0
0
0
0
0
0
0
0
0
0
0
0
0
0
0
0
0
0
0
0
0
0
0
0
0
0
0
0
0
0
0
0
0
0
0
0
0
0
0
0
0
0
0
0
0
0
0
0
0
0
0
0
0
0
0
0
0
0
0
0
0
0
0
0
0
0
0
0
0
0
0
0
0
8.06757e-14
-3.34556e-14
0
0
0
0
0
0
0
0
0
0
0
0
0
0
0
0
0
0
0
0
0
0
0
0
0
0
0
0
0
0
0
0
0
0
0
0
0
0
0
0
0
0
0
0
0
0
0
0
0
0
0
0
0
0
0
0
0
0
0
0
0
0
0
0
0
0
0
0
0
0
0
0
0
0
0
0
0
0
0
0
0
0
0
0
0
0
0
0
0
0
0
0
0
0
0
0
0
0
-3.24635e-17
-5.76832e-16
0
0
0
0
0
0
0
0
0
0
0
0
0
0
0
0
0
0
0
0
0
0
0
0
0
0
0
0
0
0
0
0
0
0
0
0
-1.51759e-15
0
0
0
0
0
0
0
0
0
0
0
0
0
0
0
0
0
0
0
0
0
0
0
0
0
0
0
0
0
0
0
0
0
0
0
0
0
0
0
0
0
0
0
0
0
0
0
0
0
0
0
0
0
0
0
9.50336e-17
0
0
0
0
0
0
0
0
0
0
0
0
0
0
0
0
0
0
0
0
0
0
0
0
0
0
0
0
0
0
0
0
0
0
0
0
0
0
0
0
0
0
0
0
0
0
0
0
0
0
0
0
0
0
0
0
0
0
0
0
0
0
0
0
0
0
0
0
0
0
0
0
0
0
0
0
0
0
1.7124e-17
6.5261e-17
-4.21811e-14
-4.80308e-14
0
0
0
0
0
0
0
0
0
0
0
0
0
0
0
0
0
0
0
0
0
0
0
1.18764e-13
0
0
0
0
0
0
0
0
0
0
0
0
0
0
0
0
0
0
0
0
0
0
0
0
0
0
0
0
0
0
0
0
0
0
0
0
0
0
0
0
0
0
0
0
0
0
0
0
0
0
0
0
0
0
0
0
0
0
0
0
0
0
0
0
0
0
0
0
0
0
0
0
0
0
0
0
0
0
0
0
0
0
0
0
0
0
0
0
0
0
0
0
0
0
0
0
0
0
0
0
0
0
0
0
0
0
0
0
0
0
0
0
0
0
0
0
0
0
0
0
0
0
0
0
0
0
0
0
0
0
0
0
0
0
0
0
0
0
0
0
0
0
0
0
0
8.57948e-15
0
0
0
0
0
0
0
0
0
0
0
0
0
0
0
0
0
0
0
0
0
0
0
0
0
0
0
0
0
0
0
0
0
0
0
0
0
0
0
0
0
0
0
0
0
0
0
0
0
0
0
0
0
0
0
0
0
0
0
0
0
0
0
0
0
0
0
0
0
0
0
0
0
0
0
0
0
0
0
0
0
0
0
0
0
0
0
0
0
0
0
0
0
0
0
0
0
0
0
0
0
0
0
0
0
0
0
0
0
-8.53031e-14
-4.43094e-14
0
0
0
0
0
0
0
0
0
0
0
0
0
0
0
0
0
0
0
0
0
0
0
0
5.15626e-14
0
0
0
0
0
0
0
0
0
0
0
0
0
0
0
0
0
0
0
0
0
0
0
0
0
0
0
8.83024e-14
-2.25359e-14
0
0
0
0
0
0
0
0
0
0
0
0
0
0
0
0
0
0
0
0
0
0
0
0
0
0
5.67413e-15
-4.05819e-15
0
0
0
0
0
0
0
0
0
0
0
0
0
0
0
0
0
-4.15325e-16
9.42143e-15
-4.46801e-14
0
0
0
0
0
0
0
0
0
0
0
0
0
0
0
0
0
0
2.18085e-17
0
0
0
0
0
0
0
0
0
0
0
0
0
0
0
0
0
0
0
0
0
0
0
0
0
0
0
0
0
0
0
0
0
0
0
0
0
0
0
0
0
0
0
0
0
0
0
0
0
0
0
0
0
0
0
0
0
0
0
0
0
0
0
0
0
0
0
0
0
0
0
0
0
1.10356e-30
-4.65823e-16
0
0
0
0
0
0
0
0
0
0
0
0
0
0
0
0
0
0
0
0
0
0
0
0
0
0
0
0
0
0
0
5.36222e-15
0
0
0
0
0
0
0
0
0
0
0
0
0
0
0
0
0
0
0
0
0
0
0
0
0
0
0
0
0
0
0
0
0
0
0
0
0
0
0
0
0
0
0
0
0
0
0
0
0
0
0
0
0
0
0
0
0
0
0
0
0
0
0
0
7.45661e-16
0
0
0
0
0
0
0
0
0
0
0
0
0
0
0
0
0
0
0
0
0
0
0
-8.83616e-14
0
0
0
0
0
0
0
0
0
0
0
0
0
0
0
0
0
0
0
0
0
0
0
0
0
0
0
0
0
0
0
0
0
0
0
0
0
0
0
0
0
0
0
0
0
-6.47167e-16
0
0
0
0
0
0
0
0
0
0
0
0
0
0
0
1.43244e-16
0
0
0
0
0
0
0
3.52795e-29
-1.08049e-14
0
0
0
0
0
0
0
0
0
0
0
0
0
0
0
0
0
0
0
0
0
0
0
0
0
0
0
0
0
0
0
0
0
0
0
0
0
0
0
0
0
0
0
0
0
0
0
0
0
0
0
0
0
0
0
0
0
0
0
0
0
0
0
0
0
0
0
0
0
0
0
0
0
0
0
0
0
0
0
0
0
0
0
0
0
0
0
0
0
0
0
0
0
0
0
0
0
0
0
0
0
0
0
0
0
0
0
0
0
0
0
0
0
0
0
0
0
0
0
0
0
0
0
0
0
0
0
0
0
0
0
0
0
0
0
0
0
0
-9.88085e-14
0
0
0
0
0
0
0
0
0
0
0
0
0
0
0
0
0
0
0
0
0
0
3.77859e-16
0
0
0
0
0
0
0
0
0
0
0
0
0
0
0
0
0
0
0
0
0
0
0
0
0
0
0
0
0
0
0
0
0
0
0
0
0
0
0
0
0
0
0
0
0
0
0
0
0
0
0
0
0
0
0
0
0
0
0
0
0
0
0
0
0
0
0
0
0
0
0
0
0
0
8.47423e-14
1.13436e-13
0
0
0
0
0
0
0
0
0
0
0
0
0
0
0
0
0
0
0
0
0
0
0
0
0
0
0
0
0
0
0
0
0
0
0
-6.60485e-14
3.04969e-14
0
0
0
0
0
0
0
0
0
0
0
0
0
0
0
0
0
0
0
0
0
0
0
0
0
0
0
0
0
0
0
0
0
4.02382e-16
0
0
0
0
0
0
0
0
0
0
0
-3.82727e-15
0
0
0
0
0
0
0
0
0
0
0
0
0
0
0
0
4.32626e-16
0
0
0
0
0
0
0
0
0
0
0
0
0
0
0
0
0
0
0
0
0
0
0
0
0
0
0
0
0
0
0
0
0
0
0
0
0
0
0
0
0
0
0
-8.17436e-15
0
-1.52362e-16
0
0
0
0
0
0
0
0
0
0
0
0
0
0
0
0
0
0
0
0
0
0
0
-4.06371e-16
0
5.11955e-16
-3.38859e-16
0
0
0
0
0
0
0
0
0
0
0
0
0
0
0
0
0
0
0
0
0
0
0
0
0
0
0
0
0
0
0
0
0
0
0
0
0
0
0
0
0
0
0
2.94362e-14
0
0
0
0
0
0
0
0
0
0
0
0
0
0
0
0
0
0
0
0
0
0
0
0
0
0
0
0
0
0
0
0
0
0
0
0
0
0
0
0
0
0
0
0
0
0
0
0
0
0
0
0
0
0
0
0
0
0
0
0
0
0
0
0
0
0
0
0
0
0
0
0
0
0
0
0
0
0
0
0
0
0
0
0
0
0
0
0
0
0
0
0
0
0
0
0
0
1.73811e-29
0
0
0
0
0
0
0
0
0
0
0
0
0
0
0
-1.04465e-16
0
0
0
0
0
0
0
0
0
0
0
0
0
0
0
0
0
0
0
0
0
0
0
0
0
0
0
0
0
0
0
0
0
0
0
0
0
0
0
0
0
0
0
0
0
0
0
0
0
0
0
0
0
0
0
0
0
0
0
0
0
0
0
0
0
0
0
0
0
0
0
0
0
0
0
0
0
0
0
0
0
0
0
0
0
0
0
0
0
0
0
0
0
0
0
0
0
0
0
0
0
0
0
0
0
0
0
0
0
0
0
0
0
0
0
0
0
0
0
0
0
0
0
0
0
0
0
0
0
0
0
0
0
0
0
0
0
0
0
0
0
0
0
0
0
0
0
0
0
0
0
0
0
0
0
0
0
0
0
0
0
0
0
0
0
0
0
0
0
0
0
0
0
0
0
0
0
0
0
0
0
0
0
0
0
0
0
0
0
0
0
0
0
0
0
0
0
0
0
0
0
0
0
0
0
0
0
0
0
0
0
0
0
0
0
0
0
0
0
0
0
0
0
0
0
0
0
0
0
0
0
0
0
0
0
0
0
0
0
0
0
0
0
0
0
0
0
0
0
0
0
0
0
0
0
0
0
0
0
0
0
0
0
0
0
0
0
0
0
0
0
0
0
0
0
0
0
0
0
3.03631e-14
-4.54086e-14
0
0
-1.1623e-13
0
0
0
0
0
0
0
0
0
0
0
0
0
0
0
0
7.84967e-17
0
0
0
1.4632e-14
0
0
0
0
0
0
0
0
0
0
0
0
0
0
0
0
0
0
0
0
0
0
0
0
0
0
0
0
0
0
0
6.38661e-14
0
0
0
0
0
0
0
0
0
0
0
0
0
0
-3.13921e-14
0
0
0
0
0
0
0
0
-1.05206e-14
1.4098e-28
0
0
0
0
8.17594e-16
7.20347e-15
0
0
0
0
0
0
0
0
0
0
0
0
0
0
0
0
0
0
0
0
0
0
0
0
0
0
0
0
0
0
0
0
0
0
0
0
0
0
0
0
0
0
0
0
0
0
0
0
0
0
0
0
0
0
0
0
0
0
0
0
0
0
0
0
0
0
0
0
0
0
0
0
0
0
5.86179e-14
0
0
0
0
0
0
0
0
0
0
0
0
0
0
0
0
0
0
0
0
0
0
0
-6.58858e-17
0
0
0
0
0
0
0
0
0
0
0
0
0
0
-4.05724e-15
0
0
0
0
0
0
0
0
2.15076e-14
0
0
0
0
0
0
0
0
0
0
0
0
0
0
0
0
0
0
0
0
0
0
0
0
0
0
0
0
0
0
0
0
-1.28847e-14
7.5531e-15
0
0
0
0
0
0
0
0
0
0
0
0
0
0
0
0
0
0
0
0
0
0
0
0
0
0
0
0
0
0
0
0
0
0
0
0
0
0
0
0
0
0
0
0
0
0
0
0
0
0
0
0
0
0
0
0
0
0
0
0
3.46847e-15
0
0
0
-8.33985e-12
1.27166e-12
0
0
0
0
0
0
0
0
0
0
0
0
0
0
0
0
0
0
0
0
0
0
-7.75182e-15
0
0
0
-2.67728e-15
0
1.51512e-15
0
-4.67895e-13
0
0
0
0
0
0
5.37386e-16
0
0
0
0
0
0
0
0
0
0
0
0
0
0
0
-1.69847e-12
0
0
0
-1.69078e-15
-1.0221e-16
0
0
-1.02834e-14
0
0
0
0
0
0
0
0
0
0
0
0
0
0
0
0
0
0
0
0
0
0
0
0
0
0
0
0
0
0
0
0
0
0
0
0
0
0
0
0
0
0
0
0
0
0
0
0
0
0
0
0
0
0
0
0
0
0
0
0
0
0
0
0
0
0
0
0
0
0
0
0
0
0
0
0
0
0
0
0
0
0
0
0
0
0
0
0
0
0
0
0
0
0
0
0
0
0
0
0
0
0
0
-1.70561e-15
0
0
0
0
0
0
0
0
0
0
0
0
0
0
0
0
0
0
0
0
0
0
0
0
0
0
0
0
0
0
0
0
0
0
0
0
0
0
0
0
0
0
0
0
0
0
0
0
0
0
0
-3.22383e-16
0
0
0
0
0
0
0
0
0
0
9.44632e-16
0
0
0
0
0
0
0
0
0
0
0
0
0
0
0
0
-3.69198e-14
0
0
0
0
0
0
0
0
0
0
0
0
0
0
0
0
0
0
-2.01743e-15
1.63971e-15
0
0
0
0
0
0
0
0
0
0
0
0
0
0
0
0
0
0
0
0
0
0
0
0
0
0
0
0
0
0
0
0
0
0
0
0
0
0
0
0
0
0
0
0
0
0
0
0
0
2.53107e-16
0
0
0
0
0
0
0
0
0
0
0
0
0
0
0
0
0
0
0
0
0
-2.36112e-16
3.49164e-16
4.55479e-15
0
0
0
0
0
0
0
0
0
0
0
0
0
0
0
0
0
0
0
0
0
0
0
0
0
0
0
0
0
0
0
0
0
0
0
0
0
0
0
0
0
0
0
0
0
0
0
0
0
0
0
0
0
0
0
0
1.07832e-14
-9.41956e-15
0
0
0
0
0
0
0
0
0
0
0
0
0
0
0
0
0
0
0
0
0
0
0
0
-2.77467e-17
-2.47481e-16
0
0
0
0
0
0
0
0
0
0
0
0
0
0
0
0
0
0
0
0
0
0
0
7.26508e-15
0
0
0
0
0
0
0
0
0
0
0
0
0
0
0
0
0
0
0
0
0
0
0
0
0
0
0
0
0
0
0
0
0
0
0
0
8.13864e-15
0
0
0
0
0
0
0
0
0
0
0
0
0
0
0
0
0
0
1.52767e-15
0
0
0
0
0
0
0
0
0
0
0
0
0
0
0
0
0
0
0
0
0
0
0
0
0
0
0
0
0
0
0
0
0
0
0
0
0
0
0
0
0
0
0
0
0
0
0
0
0
0
0
0
0
0
0
0
0
0
0
0
0
0
0
0
0
0
0
0
0
0
0
0
0
0
0
0
0
0
0
0
0
0
0
0
0
0
0
0
0
0
0
0
0
0
0
0
-5.13455e-17
1.17859e-15
0
0
0
0
0
0
0
0
0
0
0
0
0
0
0
0
0
0
0
0
0
0
0
0
0
0
0
0
0
0
0
0
0
0
0
0
0
0
0
0
0
0
0
0
0
0
0
0
0
0
0
0
0
0
0
0
0
0
0
0
0
0
0
0
0
0
0
0
0
0
0
0
0
0
0
0
0
0
0
0
0
0
0
0
0
0
0
0
0
0
0
0
0
0
0
0
0
-2.17972e-16
5.0091e-16
0
0
0
0
0
0
0
0
0
0
0
0
0
0
0
0
0
0
0
3.90876e-16
0
0
0
0
0
0
0
0
0
0
0
0
0
0
0
0
0
0
0
0
0
0
7.67115e-16
0
0
0
0
0
0
0
0
0
0
0
0
-5.88803e-17
0
0
0
0
0
0
0
0
0
0
0
0
0
0
0
5.68976e-17
4.0889e-17
-8.74573e-17
0
0
0
0
0
0
0
0
0
1.64121e-16
0
0
0
0
0
0
0
0
0
0
0
0
0
0
0
0
0
0
0
-4.18779e-14
0
0
0
0
0
0
0
0
0
0
0
0
0
0
0
2.4219e-17
2.15223e-16
0
0
0
0
0
0
0
0
0
0
0
0
0
0
0
0
0
0
0
0
0
0
0
0
0
0
0
0
0
0
0
0
0
0
0
0
0
0
6.74445e-17
0
0
0
0
0
0
0
0
0
0
0
0
0
0
0
0
0
0
0
0
0
0
0
0
0
0
0
0
0
0
0
0
0
0
0
0
0
0
0
0
0
0
0
0
0
0
0
0
0
0
0
0
0
0
0
0
0
0
0
0
0
0
0
0
0
0
8.1898e-15
0
0
0
0
0
0
0
0
0
0
0
0
0
0
0
0
0
0
0
0
0
0
0
0
0
0
0
0
0
0
0
0
0
0
1.18006e-14
0
0
0
0
0
0
0
0
0
2.32994e-14
0
0
0
0
0
0
0
0
0
0
0
0
0
0
0
0
0
0
0
0
0
0
0
0
0
0
0
0
-2.84486e-16
0
0
0
0
0
0
0
0
0
0
0
0
0
0
0
0
0
0
0
0
0
0
0
0
0
0
0
0
0
0
0
0
0
0
0
0
0
0
0
0
0
0
0
0
0
0
0
0
0
0
0
0
0
0
0
0
0
0
0
0
0
0
0
0
0
0
0
-7.07526e-17
0
0
0
0
9.29149e-17
0
0
0
0
0
0
0
0
0
0
0
0
0
0
0
0
0
0
0
0
0
0
0
0
0
0
0
0
0
0
0
0
-1.12008e-16
7.58936e-17
5.13605e-17
0
0
0
0
0
0
0
0
0
0
0
0
0
0
0
0
0
0
0
0
0
0
0
0
0
0
0
0
0
0
0
0
0
0
0
0
0
0
0
0
0
0
0
0
0
0
0
0
0
0
0
0
0
0
0
0
0
0
0
0
0
0
0
0
0
0
0
0
0
0
0
0
0
0
0
0
0
0
0
0
0
0
0
0
0
0
0
0
0
0
0
0
0
0
-8.27675e-15
0
0
0
0
0
0
0
0
0
0
0
0
0
1.58293e-16
9.13755e-17
0
0
0
0
0
0
0
0
0
0
0
0
0
0
0
0
0
0
0
0
0
0
0
0
0
0
0
0
0
0
0
0
0
0
0
0
0
0
0
0
0
0
0
0
0
0
0
0
0
0
0
0
0
0
0
0
0
0
0
0
0
0
0
0
0
0
0
0
0
0
0
0
0
0
0
0
0
0
0
0
0
0
0
0
0
0
0
0
0
0
0
0
0
0
0
0
0
0
0
0
0
0
0
0
0
0
0
0
0
0
0
-3.82351e-15
0
0
0
0
0
0
0
0
0
0
0
0
-1.39336e-14
-2.19419e-16
0
0
0
0
0
0
0
0
0
-1.22231e-16
1.60543e-15
1.34543e-17
0
0
0
0
0
0
0
0
0
0
0
0
0
0
0
0
0
0
0
0
0
0
0
0
2.46521e-15
0
0
0
0
0
0
0
0
0
0
0
0
0
0
0
0
0
0
0
2.88837e-17
-1.10179e-17
0
0
0
0
0
0
0
0
0
0
0
0
0
0
0
0
0
0
0
0
0
0
7.03698e-08
-7.79183e-08
7.74081e-08
-7.48168e-08
7.84401e-08
0
0
0
0
0
0
1.84154e-14
-1.24423e-15
0
0
0
2.41083e-16
2.2898e-16
7.22923e-17
0
0
0
0
0
0
0
0
0
0
0
0
0
0
-6.86536e-08
6.49946e-08
0
0
0
0
0
0
0
0
0
0
0
0
0
0
-7.60551e-08
6.82883e-08
0
0
0
0
0
0
0
0
0
0
0
0
0
3.84385e-08
1.6201e-08
1.89205e-08
4.08319e-08
5.38622e-08
2.52872e-08
5.19881e-08
1.17004e-08
2.60295e-08
5.00768e-08
4.36658e-08
2.53154e-08
5.15428e-08
2.14528e-08
0
0
0
0
0
0
0
0
0
0
0
0
0
0
0
0
0
0
0
0
0
0
0
0
5.59126e-16
-3.76066e-17
0
0
0
0
0
0
0
-9.81494e-17
0
0
0
0
0
0
0
0
0
0
0
0
0
0
0
0
4.04103e-15
0
0
0
0
0
0
0
0
0
0
0
0
0
0
0
0
0
0
0
0
0
0
0
0
0
0
0
0
0
0
0
0
0
0
0
0
0
0
0
0
0
0
0
0
0
0
0
0
0
0
0
0
0
0
0
0
0
0
0
0
0
0
0
0
0
0
0
0
0
0
0
0
0
0
0
0
0
0
0
0
0
0
0
0
0
0
0
0
0
0
0
0
0
0
0
0
-1.76327e-16
0
0
0
0
0
0
0
0
0
0
0
0
0
0
0
0
0
0
-3.18402e-12
8.43028e-16
0
0
0
0
0
0
0
0
0
0
0
0
0
0
0
0
0
0
0
2.92213e-16
0
0
0
0
0
0
0
0
0
0
0
0
0
0
0
0
0
0
0
0
5.92355e-17
1.21986e-16
0
0
0
0
0
0
0
0
-4.89401e-16
-7.96832e-15
0
0
0
0
0
0
0
0
0
0
0
0
0
0
0
0
0
0
0
0
0
0
0
0
0
0
0
0
0
0
1.06492e-14
-3.18682e-15
0
0
0
0
0
0
0
0
0
2.25514e-16
-2.76021e-16
0
3.89497e-08
1.67125e-08
-1.60404e-16
0
0
0
1.48409e-15
-8.261e-16
0
0
0
0
0
0
0
0
0
5.46635e-15
0
0
0
0
0
0
0
0
0
0
0
0
0
0
3.40068e-17
1.0203e-16
0
0
0
0
0
0
0
1.24441e-08
5.02471e-08
4.1309e-08
1.94627e-08
0
0
0
0
0
0
0
0
0
0
0
0
0
-7.64858e-17
0
0
0
0
0
0
0
0
0
0
0
0
0
0
0
0
0
0
0
0
0
0
0
0
0
2.0716e-08
3.80757e-08
0
0
0
0
0
0
0
0
0
2.65592e-08
4.14301e-08
0
0
0
5.31969e-17
0
0
0
0
0
0
0
0
0
0
0
0
0
0
0
0
-6.63456e-16
0
0
0
0
0
0
0
0
0
0
0
0
0
0
0
0
5.06273e-08
2.65013e-08
0
0
0
0
0
0
0
0
0
0
0
0
0
2.43552e-08
4.7664e-08
0
0
-1.82452e-17
-1.23677e-15
6.75607e-17
0
0
0
0
0
0
0
0
0
0
2.02142e-08
3.75185e-08
0
0
0
0
0
0
0
0
0
0
0
0
0
0
0
0
5.45461e-16
0
0
0
0
0
0
0
0
0
0
0
0
6.32203e-15
0
0
0
0
0
0
0
0
0
0
0
0
0
0
0
0
0
0
-1.52766e-16
0
0
0
0
0
0
0
0
0
0
0
0
0
0
0
0
0
1.85821e-14
0
0
0
0
0
0
0
0
0
0
0
0
0
0
0
0
4.52441e-08
1.13658e-08
0
0
7.22885e-08
-7.18531e-08
0
0
0
0
0
0
0
-2.15648e-15
0
0
0
0
0
0
0
0
0
0
7.38233e-08
-7.65132e-08
0
0
0
0
0
0
0
0
0
0
0
0
0
0
0
0
0
0
0
0
0
0
0
0
0
0
0
0
0
0
0
0
0
0
0
0
0
0
0
0
0
0
0
0
0
0
0
0
0
0
0
0
1.78984e-08
4.3864e-08
0
0
0
0
0
0
0
0
0
0
0
0
0
0
0
0
0
0
0
0
0
0
0
0
0
0
0
0
0
0
0
0
0
0
0
0
0
0
0
0
0
0
0
0
0
-1.18267e-15
-6.63721e-17
0
0
0
0
-1.09449e-15
8.92641e-15
0
0
0
0
0
0
0
0
0
0
0
0
0
0
0
0
0
0
0
0
0
0
0
0
0
0
0
0
0
0
-4.88378e-17
0
0
0
0
0
0
0
0
0
0
2.17652e-16
0
0
0
0
7.5843e-08
-7.13519e-08
-6.70429e-08
7.35998e-08
0
0
0
0
0
0
8.54369e-17
0
0
0
0
0
-3.69239e-15
0
0
0
0
0
0
0
0
0
0
0
0
0
-8.26928e-08
7.80163e-08
0
0
0
0
0
0
0
2.92719e-08
3.77392e-08
0
6.98225e-08
-7.65986e-08
0
0
0
0
0
0
0
0
0
0
0
0
0
0
0
-2.36251e-16
-8.67266e-17
0
0
0
0
0
0
7.91041e-15
0
0
0
0
0
0
0
0
0
0
0
0
0
0
1.11062e-15
-2.74237e-15
0
0
0
-8.48487e-17
-1.68578e-15
0
0
0
0
0
1.69061e-15
0
1.02824e-15
0
0
0
0
0
0
0
0
0
-7.21255e-15
0
0
0
0
0
0
0
0
0
0
0
0
0
0
0
0
0
0
0
0
0
0
0
-1.46435e-15
2.70809e-15
0
0
0
0
0
0
0
2.74136e-08
5.07499e-08
0
0
0
0
0
0
0
0
0
0
0
0
0
0
0
0
0
0
5.80167e-15
-1.39815e-14
0
0
0
0
0
0
5.08302e-17
0
0
0
0
0
1.5607e-16
0
0
0
0
2.82581e-08
4.27955e-08
0
0
0
0
0
0
0
0
0
0
0
0
0
0
0
0
0
0
0
0
0
0
0
0
0
0
0
0
0
0
0
0
0
0
0
0
0
0
0
-2.84529e-16
0
0
2.38316e-16
0
0
0
0
0
0
0
8.42649e-15
0
0
0
0
0
0
0
1.27985e-14
0
0
0
-9.04145e-16
0
0
0
0
0
0
0
0
0
0
0
0
0
0
0
0
0
0
0
0
-6.36859e-16
0
0
0
0
0
0
0
0
0
0
0
-8.32359e-17
-2.48839e-16
0
0
0
0
0
0
0
0
0
0
0
0
0
0
0
0
0
0
0
0
0
0
0
0
0
0
0
0
0
0
0
0
0
0
0
0
0
0
0
0
0
0
0
0
0
0
0
0
0
2.00981e-14
1.58529e-15
1.25988e-16
-1.82477e-15
0
0
0
0
0
1.62755e-14
0
0
0
0
0
0
0
0
0
0
0
0
0
0
0
0
0
0
0
0
0
0
0
0
0
0
0
0
0
0
0
0
0
0
0
0
0
0
0
3.31834e-16
1.49021e-14
-1.84324e-15
0
0
0
7.1702e-08
-7.0211e-08
0
0
0
0
0
0
0
0
0
0
0
0
-2.19478e-16
0
0
0
0
0
0
0
0
0
0
-2.59767e-16
0
0
0
0
0
0
0
0
0
0
0
0
0
0
1.12268e-17
0
1.50567e-14
-2.59838e-16
0
0
0
0
0
0
0
0
0
0
0
0
0
0
0
0
0
0
0
0
0
0
7.34519e-15
-1.61497e-16
2.12282e-14
0
0
0
0
0
0
0
0
0
-3.39495e-16
0
0
0
0
-1.34152e-16
0
0
0
0
0
0
0
0
0
0
0
0
0
0
0
2.74488e-16
-1.33941e-16
0
0
0
0
0
0
0
0
0
0
0
0
0
0
-7.54291e-08
6.6675e-08
0
-2.80736e-15
0
-2.58966e-15
0
0
0
0
0
0
0
0
0
0
0
0
0
0
0
0
0
2.90099e-14
0
0
0
0
0
0
1.59733e-17
-1.33726e-16
0
0
0
0
0
0
0
0
1.22777e-15
2.69647e-16
0
0
0
0
0
0
0
0
0
0
0
0
0
0
0
0
0
0
0
9.13315e-17
2.94391e-15
0
0
0
0
0
0
0
0
0
0
0
0
0
0
0
0
0
0
0
0
0
0
0
0
0
0
0
0
0
0
9.18567e-17
-6.01652e-17
0
0
-2.29821e-16
-2.58606e-16
0
-4.19619e-17
0
0
3.25441e-15
0
0
0
0
0
0
0
0
0
0
0
0
0
0
0
0
7.44954e-08
-6.89744e-08
0
0
0
0
0
0
0
0
0
0
0
0
0
0
0
0
0
0
0
0
0
0
0
0
0
0
0
0
0
0
0
0
0
0
0
0
0
0
0
-7.11979e-08
6.55152e-08
0
0
0
0
0
0
0
0
0
0
0
0
0
0
0
0
0
0
0
0
0
0
0
0
2.95957e-16
0
0
0
0
0
0
0
1.65929e-14
0
0
0
0
0
0
0
0
2.38374e-17
-1.0296e-16
0
0
0
0
0
0
0
0
0
0
0
0
0
0
0
0
0
0
0
0
0
0
0
0
0
-3.81921e-14
0
0
0
0
0
0
0
0
0
0
0
0
0
0
0
0
0
0
0
0
0
0
0
0
0
0
0
0
0
0
0
0
0
0
0
0
0
0
0
0
-8.22263e-12
8.84062e-13
0
0
0
0
0
0
0
0
0
0
0
0
0
0
0
0
0
0
0
5.02172e-16
0
0
3.13321e-17
0
0
0
0
0
0
0
0
0
3.04956e-13
0
0
0
0
0
0
0
0
0
0
0
0
0
0
0
0
0
0
0
0
0
0
0
0
7.92566e-13
0
0
0
0
0
0
0
0
-1.95388e-15
0
0
0
1.8297e-16
0
0
1.09134e-15
0
0
0
0
0
-4.05983e-17
0
0
0
0
0
0
0
0
0
0
0
0
0
0
0
0
1.27939e-12
1.14061e-14
1.2305e-12
0
0
0
0
0
0
0
0
0
0
0
0
0
0
0
0
0
0
0
0
0
-2.9275e-12
-1.24865e-12
0
2.36848e-16
0
0
0
0
0
0
0
0
0
0
0
0
0
0
0
0
-1.25518e-14
1.80472e-13
0
0
0
0
0
0
0
0
0
0
0
0
0
0
0
0
0
0
0
0
0
0
0
0
7.82635e-16
0
-1.41343e-16
0
0
0
0
0
0
0
0
0
0
0
0
9.00971e-12
0
0
-2.3057e-15
2.78029e-15
0
0
0
0
0
0
0
2.42133e-14
0
0
0
0
0
0
0
0
0
0
0
0
0
8.7239e-12
0
0
0
0
0
0
0
0
1.68324e-16
-2.18142e-15
0
0
0
1.70465e-16
0
0
0
0
0
0
0
0
0
0
0
0
0
-9.10923e-17
0
0
0
0
0
0
0
0
0
0
0
0
0
0
0
0
0
0
0
0
0
0
0
0
0
0
0
0
1.00116e-11
0
0
0
0
0
0
0
0
0
0
0
0
0
0
0
0
0
-2.82872e-16
7.43845e-17
-1.78529e-15
0
0
0
0
0
0
0
0
0
0
0
0
0
0
0
0
0
0
0
0
0
0
0
0
0
2.05147e-15
2.0418e-15
0
0
0
0
0
0
0
0
0
0
0
0
0
0
0
0
0
0
0
-1.70524e-15
0
0
0
0
0
0
0
0
0
0
0
0
0
3.4293e-13
0
3.771e-16
0
0
0
0
0
0
0
0
0
0
0
0
0
0
0
0
0
0
0
0
0
0
0
0
0
0
0
0
0
0
0
0
0
0
0
0
0
0
0
-7.63026e-16
0
0
0
0
2.18502e-14
0
0
0
0
0
0
0
0
0
-4.0102e-13
4.07607e-13
0
0
0
0
0
0
0
0
0
0
0
0
0
0
0
0
0
0
0
0
0
-8.46942e-15
-3.32902e-16
0
0
0
0
0
0
5.22431e-08
2.79516e-08
0
-4.397e-30
2.10234e-15
0
0
0
0
0
0
0
0
0
-1.2536e-15
0
-7.80343e-08
6.82625e-08
0
0
0
0
0
2.11796e-16
0
0
0
0
0
0
6.34437e-16
0
0
0
0
0
0
0
0
0
0
0
0
0
0
0
0
0
1.76225e-15
0
0
0
-2.67282e-16
0
0
0
0
0
0
0
0
0
0
0
0
0
0
0
0
0
0
0
0
0
4.30923e-15
3.13514e-16
0
0
0
0
0
0
0
0
0
0
0
-1.04737e-15
0
0
0
0
0
0
0
0
0
0
-2.95082e-16
0
0
7.53976e-17
-3.56911e-17
0
0
0
0
0
0
0
0
1.87306e-15
9.60062e-12
0
0
0
0
0
0
0
0
0
0
0
0
0
0
0
0
0
0
0
0
-1.21622e-15
1.07589e-16
1.26889e-15
1.01953e-12
0
0
0
0
0
0
0
0
0
0
0
0
0
0
0
0
-2.06617e-15
-2.38364e-15
0
0
0
0
0
0
0
0
0
0
0
0
0
0
0
0
0
0
0
0
0
0
0
0
0
0
0
0
0
0
0
0
0
0
0
1.75731e-15
0
0
0
0
0
0
-3.22808e-15
0
0
0
0
0
0
-1.729e-15
3.1514e-17
0
0
0
0
0
0
0
0
0
0
0
0
1.27189e-14
1.20622e-15
0
0
0
0
0
0
0
0
0
0
0
0
0
0
1.65534e-30
0
0
0
0
0
0
0
0
0
0
0
0
0
0
0
0
0
0
1.76629e-16
0
0
0
0
0
0
1.13659e-16
0
0
0
0
0
0
0
0
0
0
2.27928e-15
-5.49625e-31
2.32988e-17
-1.14225e-15
0
0
0
0
0
0
0
0
0
0
0
0
0
0
0
0
0
-1.38816e-15
0
0
0
1.04529e-15
0
-1.64084e-15
0
0
2.47864e-08
5.02827e-08
0
0
0
-6.64914e-17
1.62329e-15
-3.08206e-16
9.03623e-18
0
0
0
0
0
5.30797e-08
-1.25266e-15
7.80325e-17
0
0
0
0
0
0
0
0
0
0
0
2.00697e-17
-5.59091e-17
0
2.30454e-16
-1.03028e-16
0
-2.85042e-15
0
0
0
0
0
0
0
0
0
0
0
0
-1.36872e-16
-3.69036e-16
0
0
0
0
0
0
0
0
0
0
0
0
0
0
0
0
0
0
0
0
0
0
0
0
0
-1.9554e-15
0
5.10207e-16
0
0
-7.76728e-12
0
0
0
0
0
0
0
0
0
0
0
0
0
0
0
0
0
-4.05037e-17
0
0
0
0
0
0
0
0
0
0
0
0
0
0
7.67903e-13
0
0
0
0
-1.8862e-15
-3.83234e-16
0
0
0
-6.79241e-17
4.07998e-15
0
0
0
0
0
0
0
0
0
0
0
0
0
0
0
0
0
0
0
0
0
0
0
0
0
0
0
0
0
0
0
0
1.43446e-12
0
0
0
0
0
0
0
0
0
0
0
0
0
0
0
0
0
0
0
0
0
0
0
0
0
0
0
0
0
-1.38936e-16
0
0
0
0
0
0
0
0
0
-4.31484e-16
0
0
0
0
0
0
0
0
8.13416e-12
0
0
0
0
0
0
0
0
0
0
0
0
1.30114e-13
-1.34162e-12
5.02126e-13
2.01718e-13
0
0
0
0
0
0
8.14616e-12
0
0
0
0
0
0
0
0
0
0
0
0
0
0
0
0
0
0
-5.37036e-08
0
0
-2.11673e-17
0
0
0
0
0
0
0
0
0
0
0
0
0
0
0
0
-4.7822e-16
0
0
0
0
0
0
0
0
0
0
0
0
0
0
0
0
0
0
0
0
0
-2.75106e-16
0
0
0
0
0
0
0
2.63306e-17
-1.19282e-15
-5.34974e-17
0
0
0
0
0
0
0
0
2.31836e-17
7.17982e-17
0
0
0
0
0
0
0
0
0
0
0
0
0
0
4.36809e-16
0
0
0
0
0
0
0
0
0
0
0
0
0
0
0
0
0
0
0
0
0
0
0
0
0
0
0
0
2.02922e-08
0
0
0
0
0
0
0
0
0
0
-7.51984e-14
0
0
0
0
0
0
0
0
0
0
0
3.50513e-16
0
0
0
0
0
0
0
1.87949e-13
0
0
0
0
0
0
1.4282e-16
0
0
0
0
-1.60037e-15
0
0
0
0
0
0
0
0
0
0
0
0
0
0
0
0
0
0
0
0
0
0
0
0
0
0
0
0
0
0
0
0
0
0
0
0
-4.66003e-16
9.15779e-15
0
0
0
0
2.77425e-16
2.02599e-16
0
0
0
0
0
0
0
0
-2.78543e-14
0
0
0
0
0
0
0
0
2.29426e-15
0
0
0
0
0
0
0
3.01747e-17
0
0
0
0
0
0
0
0
0
0
0
0
0
0
0
0
-5.38329e-17
0
0
0
0
0
0
0
0
0
0
0
0
0
0
0
0
0
0
0
0
0
0
0
-4.48351e-16
-4.3582e-15
0
-2.5997e-15
0
0
0
0
0
0
0
0
0
0
0
0
0
0
0
0
0
0
0
0
0
0
0
0
0
0
-3.63375e-12
7.29269e-13
0
0
0
0
0
0
0
0
0
0
0
0
0
0
0
0
-7.76583e-14
0
0
0
0
0
0
0
0
0
0
5.05664e-16
0
0
0
0
0
0
0
0
0
0
0
0
0
0
0
0
0
0
0
0
0
-2.9964e-15
0
0
0
0
0
0
0
0
0
-1.22052e-14
-1.09925e-30
0
0
0
0
0
-1.5351e-12
2.47905e-13
0
0
0
0
0
0
0
0
0
-3.90069e-17
0
-4.03704e-15
0
0
0
0
0
0
0
1.02114e-17
1.22768e-15
-3.72664e-16
0
0
0
0
0
0
0
0
0
0
0
0
0
0
0
0
8.12243e-12
0
0
0
-1.6629e-16
3.47223e-16
0
0
0
0
0
0
0
0
0
0
0
0
0
0
-2.52248e-12
0
0
0
0
0
0
0
0
0
0
0
0
0
0
0
0
0
0
0
0
0
0
0
0
0
0
0
1.40167e-12
0
0
0
0
-8.47189e-17
1.13557e-16
1.12302e-16
0
0
0
0
0
0
0
0
0
0
0
0
0
0
0
0
0
2.16638e-16
-7.76349e-15
0
0
8.62317e-16
0
-2.22332e-12
0
0
0
0
0
0
0
0
0
0
0
0
0
0
0
0
0
-5.26735e-17
0
6.94083e-14
0
0
0
0
0
0
2.13735e-15
1.92344e-15
0
0
0
0
0
0
0
0
0
0
0
0
0
0
0
0
0
0
0
0
0
0
0
0
0
0
0
0
0
0
0
0
0
0
0
-6.75064e-15
0
0
0
0
0
0
0
0
0
0
0
0
0
0
0
0
0
0
2.35358e-16
0
0
0
0
0
0
0
0
0
0
0
0
0
0
0
0
0
0
0
0
0
0
0
0
0
0
0
0
0
0
0
0
0
0
0
0
0
0
0
0
0
0
0
-1.09726e-15
-8.41652e-16
2.08869e-16
0
0
0
0
0
0
0
2.28568e-14
0
0
0
0
0
0
0
0
0
0
0
0
2.75973e-16
0
0
0
0
0
0
0
0
0
0
0
0
0
0
0
0
0
0
0
0
0
0
0
0
0
0
0
0
0
0
0
0
0
0
0
0
0
0
0
0
0
0
0
0
0
0
0
0
0
0
0
0
0
3.81742e-12
0
0
0
0
0
0
0
0
-1.10787e-30
1.32815e-15
0
0
0
0
0
0
0
0
0
0
0
0
0
0
0
0
0
0
0
0
0
0
0
0
0
0
0
0
0
0
0
0
0
0
0
0
-1.4452e-15
-1.33901e-15
0
0
0
-9.39809e-15
0
0
0
0
0
0
0
0
0
0
0
0
0
0
0
0
0
0
0
0
0
0
0
0
0
0
0
0
0
0
0
0
0
0
9.48388e-15
0
0
0
0
0
0
0
0
0
0
0
0
0
0
0
0
0
0
0
0
0
0
0
0
0
0
0
0
0
0
0
0
0
7.46853e-15
-7.12838e-13
0
0
0
0
0
0
0
0
0
0
-1.70329e-15
0
0
0
0
0
0
0
0
0
0
0
0
0
0
0
0
0
0
0
0
0
0
0
0
0
0
0
0
0
0
0
0
0
0
0
0
0
0
0
0
0
0
0
0
0
0
0
0
0
0
0
0
0
-5.85846e-16
8.22925e-15
0
0
0
0
-8.2429e-15
0
0
0
0
0
0
0
0
0
0
0
0
0
0
0
0
0
0
0
0
0
0
0
0
0
0
0
0
0
0
0
0
0
0
0
0
0
0
0
0
0
0
0
0
0
0
0
0
0
0
0
0
0
0
0
-4.20977e-16
0
0
0
0
0
0
0
1.17625e-14
0
0
0
0
0
1.73058e-16
-1.24287e-17
-1.23012e-15
-3.05782e-12
8.44819e-16
0
0
0
0
0
0
0
-5.36034e-14
0
0
0
0
0
0
0
0
0
0
0
0
0
0
0
0
0
0
0
0
0
0
0
0
0
0
-4.24244e-08
0
0
0
0
0
0
0
0
0
0
0
0
-5.51242e-31
-6.92374e-17
0
0
0
0
-2.04098e-16
0
0
0
0
0
0
0
0
0
0
0
0
0
0
3.33243e-16
-2.74813e-31
4.02377e-15
0
0
0
0
0
0
0
0
0
0
0
0
-1.58607e-16
0
0
0
0
0
0
0
0
0
0
0
0
0
0
1.37981e-13
0
0
0
7.60473e-14
0
0
0
0
0
0
0
0
0
0
4.72822e-16
0
0
0
0
0
-6.69439e-18
0
0
0
0
0
0
0
0
0
0
0
0
0
0
0
0
-7.44746e-17
0
0
0
0
0
0
0
0
0
0
0
0
0
0
-6.52942e-15
-2.62559e-15
0
0
0
0
0
0
0
0
0
0
-5.95732e-17
4.13836e-31
0
0
0
0
0
0
0
0
-2.75981e-08
1.69199e-16
-4.76394e-15
0
0
0
0
0
0
-9.33049e-15
-1.00077e-13
-8.85376e-14
0
0
6.42732e-16
0
0
0
0
0
0
0
0
0
0
0
1.57025e-15
0
0
3.35537e-16
0
0
0
0
0
0
0
0
0
0
0
0
0
0
0
0
0
0
0
0
0
0
0
0
0
0
0
0
0
0
0
0
0
-4.132e-08
0
0
0
0
0
0
0
0
0
0
-9.02561e-12
0
0
0
0
-6.30715e-17
0
-1.72697e-16
0
0
7.83941e-17
-2.46312e-16
0
0
-3.15673e-08
0
0
0
5.24894e-17
0
0
0
0
0
0
0
0
0
0
0
0
0
0
0
0
0
0
0
0
0
0
0
0
0
0
-4.07835e-16
4.36733e-17
0
0
0
4.69771e-16
0
0
0
0
0
6.90585e-17
0
0
0
0
0
0
0
0
0
0
0
0
0
0
0
0
0
0
-1.33368e-14
5.44793e-08
0
0
0
5.12758e-08
0
0
0
0
0
0
0
0
0
0
0
0
0
-9.60826e-16
0
0
0
-1.38299e-14
0
0
0
0
0
0
0
0
0
3.50333e-17
2.12345e-17
0
0
1.19185e-15
1.89117e-15
2.2936e-16
0
0
0
0
0
0
0
0
0
0
0
-2.76429e-31
0
0
0
0
0
0
0
0
0
-6.50701e-17
0
0
0
0
0
-5.29137e-08
0
0
0
0
0
0
0
0
1.13401e-15
0
0
0
0
0
0
0
7.42042e-14
-1.00713e-13
-1.56953e-16
7.76714e-17
0
0
0
0
0
0
9.22575e-17
0
-1.43937e-16
0
0
0
0
0
0
0
0
0
0
0
0
0
-1.81641e-17
0
0
0
0
0
0
0
0
0
0
0
0
0
0
0
0
0
0
0
0
0
0
0
0
0
0
0
0
-5.38014e-08
0
0
0
-2.68562e-15
0
0
0
0
1.72702e-15
0
0
0
0
0
0
0
0
0
0
0
1.84563e-15
-1.70821e-14
0
0
0
0
-1.02315e-15
0
0
0
0
-8.94063e-16
0
-3.49596e-17
0
0
0
0
0
0
0
0
0
0
0
0
0
0
0
0
0
0
0
0
9.44625e-17
0
0
0
0
2.83237e-13
0
0
0
0
0
0
0
0
0
0
-1.99174e-16
0
0
0
0
0
0
0
0
0
0
0
0
0
0
0
0
0
0
0
0
0
2.09314e-15
0
0
0
0
0
0
0
-1.27503e-16
0
0
0
0
0
0
0
0
0
0
0
0
0
0
0
0
0
0
0
0
-9.42761e-16
0
0
0
0
0
0
0
0
0
0
0
0
-1.84421e-16
-1.29043e-16
0
0
0
0
0
0
-5.10539e-18
0
0
0
0
0
0
0
0
0
0
0
0
0
-1.99362e-17
0
0
0
0
0
0
0
0
0
1.02233e-16
0
0
0
0
-7.87709e-16
0
0
0
0
0
0
0
0
0
0
0
0
0
0
0
0
-1.20728e-15
0
0
0
0
0
0
0
-8.45998e-17
4.48708e-17
0
0
0
0
0
0
0
0
0
0
0
0
0
0
0
0
0
0
0
0
0
0
0
0
0
0
0
0
0
0
0
0
0
0
0
0
0
0
0
0
0
0
0
0
0
0
0
0
0
0
0
0
0
0
0
0
0
0
0
0
0
0
0
0
0
0
0
0
0
-2.5963e-16
0
0
0
0
0
0
0
0
0
0
0
0
0
0
0
0
0
0
0
0
0
0
0
0
0
0
0
0
0
0
0
0
0
0
0
0
0
0
0
0
0
0
0
0
-2.02175e-17
0
0
0
0
0
0
0
0
0
0
0
0
0
0
0
0
0
0
0
0
0
0
0
0
-1.65997e-15
0
0
0
0
0
0
-7.16241e-15
2.21898e-16
0
0
0
0
6.69078e-14
0
0
0
0
0
0
0
0
0
0
0
0
0
0
0
0
0
0
0
0
-4.0923e-15
0
0
0
0
0
0
0
0
0
0
0
9.68678e-16
0
-4.95107e-17
0
-5.46445e-16
0
0
0
0
0
0
0
0
0
0
0
0
0
0
0
0
0
0
0
0
0
-7.481e-15
0
0
0
-6.99344e-15
0
0
0
0
0
0
0
0
0
0
0
0
0
0
0
0
1.10572e-30
0
0
0
0
0
0
0
0
-2.02643e-15
0
0
0
0
0
0
0
8.79401e-16
-2.50623e-16
5.05291e-15
0
0
0
0
0
0
0
0
0
0
0
0
0
0
0
0
0
0
0
0
0
1.27362e-15
0
0
0
0
0
0
0
0
0
0
0
0
0
0
0
0
0
0
0
0
0
0
0
5.04109e-16
0
0
0
0
0
0
0
3.44591e-08
0
0
-4.71915e-13
0
0
0
0
0
2.91706e-15
0
0
0
0
0
0
0
0
-4.11355e-15
0
5.81181e-14
0
-4.04136e-34
0
0
0
0
0
0
0
0
0
0
-1.90166e-15
0
0
0
0
0
0
0
0
0
0
0
0
0
-3.72668e-16
0
0
0
0
0
0
0
0
0
0
0
0
0
0
0
0
0
0
0
0
0
0
0
0
0
0
0
3.82599e-16
0
0
0
0
0
0
0
0
0
0
0
0
0
-2.22584e-12
0
0
0
0
0
0
0
0
0
0
0
0
0
0
0
0
0
0
0
0
0
0
0
0
0
0
0
0
0
0
0
0
0
0
0
0
0
0
2.35425e-08
0
0
0
0
0
0
0
0
0
0
0
0
0
0
0
0
0
0
0
0
0
0
0
0
0
0
0
0
0
0
0
0
0
0
0
9.5375e-17
0
0
0
0
0
0
0
0
0
0
0
0
3.07255e-17
1.65885e-15
0
0
0
0
0
0
0
0
0
0
0
0
0
0
0
0
0
0
0
0
0
0
0
0
0
0
0
0
0
0
0
0
0
2.27462e-12
0
0
0
0
0
0
0
0
0
0
0
0
0
0
0
0
0
0
0
0
0
0
0
0
0
0
0
0
0
0
-1.20768e-16
0
0
0
0
0
0
0
0
0
0
0
0
0
0
0
0
0
0
0
0
0
0
0
0
0
0
0
0
0
0
0
0
0
0
0
0
0
0
0
0
0
0
0
0
-4.66416e-16
0
0
0
0
0
0
0
0
0
0
0
0
0
0
0
0
0
0
1.68301e-13
2.28819e-13
0
0
0
0
0
0
2.87593e-16
0
0
0
0
0
0
0
0
0
1.94935e-13
0
0
0
0
0
0
0
0
0
0
0
0
0
0
0
0
0
0
0
0
0
0
0
0
0
0
0
0
0
0
0
0
0
0
0
0
0
0
-2.1173e-15
0
0
0
0
0
0
0
0
0
0
0
0
0
0
0
0
0
0
0
0
0
0
0
0
0
0
0
0
0
0
0
0
0
0
0
0
0
0
0
0
0
0
0
0
0
0
0
0
0
0
0
0
0
0
0
0
0
0
0
0
0
0
0
0
0
0
0
0
0
0
0
0
1.51939e-13
0
0
-1.98219e-13
0
0
0
0
0
0
0
0
0
0
0
0
0
0
0
0
1.6666e-13
0
1.1432e-16
0
0
0
1.77352e-12
0
-2.86829e-16
-1.20842e-15
0
0
0
0
-5.10584e-17
0
-6.50607e-16
0
0
0
-2.63468e-15
-9.05343e-14
5.7727e-16
0
0
1.56714e-15
1.98561e-12
0
0
0
0
0
0
0
0
0
0
0
0
0
0
0
0
0
)
;

boundaryField
{
    frontback
    {
        type            empty;
        value           nonuniform List<scalar> 0();
    }
    topbottom
    {
        type            calculated;
        value           uniform 0;
    }
    outlet
    {
        type            calculated;
        value           uniform 0;
    }
    inlet
    {
        type            calculated;
        value           nonuniform List<scalar> 0();
    }
    walls
    {
        type            calculated;
        value           nonuniform List<scalar> 
45
(
-1.53326e-08
1.02217e-09
-7.15519e-09
7.15519e-09
1.53326e-08
-1.09372e-07
-1.19594e-07
-1.58436e-07
-1.27771e-07
-1.52303e-07
-1.37993e-07
-1.4617e-07
-1.11417e-07
-1.25727e-07
-1.21638e-07
-1.1755e-07
-1.35949e-07
-1.54348e-07
-1.44126e-07
-1.15505e-07
-1.13461e-07
-1.02217e-09
5.11085e-09
-1.23683e-07
-9.19953e-09
-1.32882e-08
9.19953e-09
-1.33904e-07
1.32882e-08
-1.56392e-07
-1.42082e-07
-3.06651e-09
1.73769e-08
-1.12439e-08
1.12439e-08
-1.60481e-07
1.94212e-08
-1.50259e-07
-1.62525e-07
-1.48215e-07
-1.40037e-07
-1.3186e-07
-1.29816e-07
3.06651e-09
-5.11085e-09
)
;
    }
    procBoundary3to1
    {
        type            processor;
        value           nonuniform List<scalar> 
205
(
-1.01831e-07
0
0
0
0
0
0
0
0
0
0
0
0
1.3511e-16
1.83971e-15
-1.62149e-16
5.67807e-17
0
5.4419e-17
0
0
0
0
3.1622e-16
0
0
0
0
0
-6.74541e-17
4.92164e-17
-2.29662e-15
3.11353e-16
-2.88953e-17
-2.70536e-17
0
0
0
8.83475e-17
1.50575e-16
0
3.52892e-14
8.89002e-17
2.49321e-14
0
0
-2.7188e-16
-5.83152e-17
-1.18206e-15
0
-2.44349e-15
3.87556e-16
-4.22796e-17
0
0
0
0
-2.30801e-16
5.7411e-16
0
6.01941e-17
0
6.56361e-16
-1.4963e-16
0
8.09763e-16
0
-4.19951e-17
0
-4.28773e-15
1.2361e-16
-2.59689e-14
0
-3.96258e-14
-2.85602e-14
0
0
0
0
3.88044e-17
-1.47521e-15
-2.66553e-16
9.28773e-16
-8.12346e-15
0
0
0
0
0
-7.03822e-15
3.027e-17
0
-1.55276e-16
0
0
0
0
-4.58543e-16
1.71518e-16
0
0
0
0
0
-2.52478e-16
0
0
0
0
0
0
-3.53194e-16
0
0
0
5.05668e-17
0
0
0
0
0
0
0
0
0
0
0
0
0
0
0
0
0
0
4.54213e-17
0
0
0
2.33017e-16
0
0
1.2716e-16
1.3672e-14
0
0
9.15153e-17
1.19214e-16
0
0
0
0
0
0
0
0
0
0
0
7.1953e-16
0
0
0
2.78e-16
-2.29216e-16
-3.11332e-15
-9.81257e-15
0
2.69386e-17
8.12292e-17
0
7.98531e-15
-2.30007e-15
1.35772e-15
0
8.09469e-17
-8.57356e-15
-1.68154e-16
-6.22623e-15
2.17422e-16
-7.93355e-15
8.02606e-15
0
-1.52432e-16
0
0
0
1.47723e-16
1.45983e-16
-2.79597e-15
4.66943e-17
1.62324e-16
0
0
-5.92139e-15
0
0
0
1.0496e-12
1.23246e-17
0
0
0
-1.67582e-16
0
0
)
;
    }
    procBoundary3to2
    {
        type            processor;
        value           nonuniform List<scalar> 
99
(
0
0
4.94936e-13
0
0
0
0
0
0
0
0
0
0
6.66898e-16
0
0
0
0
0
0
0
0
0
0
0
0
0
0
0
0
0
0
0
0
0
0
0
0
0
0
0
4.397e-30
0
0
0
0
0
0
0
0
0
0
0
0
0
0
0
0
0
0
0
0
0
0
0
0
0
0
0
-1.67502e-08
0
0
0
0
0
0
0
0
0
0
0
0
0
0
0
0
0
0
0
0
0
0
0
0
0
0
0
0
0
)
;
    }
}


// ************************************************************************* //
