/*--------------------------------*- C++ -*----------------------------------*\
| =========                 |                                                 |
| \\      /  F ield         | OpenFOAM: The Open Source CFD Toolbox           |
|  \\    /   O peration     | Version:  v2012                                 |
|   \\  /    A nd           | Website:  www.openfoam.com                      |
|    \\/     M anipulation  |                                                 |
\*---------------------------------------------------------------------------*/
FoamFile
{
    version     2.0;
    format      ascii;
    class       surfaceScalarField;
    location    "400";
    object      meshPhi;
}
// * * * * * * * * * * * * * * * * * * * * * * * * * * * * * * * * * * * * * //

dimensions      [0 3 -1 0 0 0 0];
oriented        oriented;


internalField   nonuniform List<scalar> 
20580
(
0
0
0
0
0
0
0
0
0
0
0
0
0
0
0
0
0
0
0
0
0
0
0
0
0
0
0
0
0
0
0
0
0
0
0
0
0
1.56278e-12
-3.75503e-12
0
0
0
0
0
-1.01905e-15
1.38446e-15
5.76045e-12
-6.77564e-12
-6.89862e-13
0
0
0
-2.16413e-16
4.44539e-16
0
0
0
0
0
0
0
0
0
0
0
0
0
0
0
0
0
0
0
0
0
0
0
0
0
0
0
0
0
0
0
0
0
0
0
0
0
0
0
0
0
0
0
0
0
0
0
0
0
0
0
0
0
0
0
0
0
0
0
0
0
8.45752e-18
0
8.25073e-18
0
0
8.29285e-08
1.34713e-07
0
0
0
0
0
0
0
0
0
0
0
1.00575e-15
-8.26498e-16
0
0
0
0
0
0
1.49947e-12
6.20261e-13
-4.23255e-12
0
0
0
0
0
0
0
0
-1.30619e-12
0
-8.95975e-13
0
0
0
0
0
-1.55784e-18
0
0
0
-3.13957e-12
-1.51608e-13
0
0
0
0
0
0
0
0
0
0
0
0
0
0
0
-3.68244e-13
-4.81478e-12
0
0
0
0
0
0
0
0
0
0
0
0
0
0
0
0
0
2.90159e-12
-5.98262e-12
0
0
0
0
0
0
1.14553e-12
0
0
0
0
0
0
0
0
0
0
0
0
0
0
0
0
-1.83364e-12
-4.20864e-13
0
-4.90274e-13
0
0
0
0
0
0
7.12818e-13
-4.34551e-12
1.4398e-12
0
0
0
0
0
0
0
0
0
9.67531e-09
9.39348e-08
0
0
0
0
0
0
0
0
0
0
0
0
0
0
1.09376e-12
8.15051e-13
-3.82337e-12
0
0
0
0
0
0
0
0
0
0
0
0
0
0
0
0
0
0
0
0
0
0
0
0
0
0
0
0
0
0
0
0
0
0
0
0
0
0
0
0
0
0
0
0
0
0
0
0
0
0
0
0
0
0
0
0
0
0
0
0
0
0
0
0
0
0
0
0
-1.69998e-15
2.26599e-17
-1.09782e-15
0
0
0
0
0
0
0
0
0
0
0
0
0
0
0
0
0
0
0
0
0
0
0
0
0
0
0
0
0
0
0
0
0
0
0
0
0
0
0
0
0
0
0
0
0
0
0
0
0
0
0
0
0
0
0
0
0
0
0
0
0
0
0
0
0
0
0
0
0
0
0
0
0
0
0
0
0
0
0
0
0
0
0
0
0
0
0
0
0
0
0
0
0
8.66283e-16
0
-2.47383e-12
0
0
0
0
0
-9.27243e-13
0
0
0
0
0
0
0
0
0
0
0
0
0
0
0
0
0
0
0
0
0
0
0
0
0
0
0
0
0
0
0
0
0
0
0
0
0
0
0
0
1.18217e-07
7.10752e-08
0
0
0
0
0
0
0
0
0
0
0
0
0
0
0
0
0
-2.58247e-13
-5.68245e-12
0
0
0
0
0
0
0
0
0
0
0
0
0
0
0
0
-1.11072e-30
-1.72326e-15
0
0
0
0
0
0
0
0
0
0
0
0
0
0
0
0
0
0
0
0
0
0
0
0
0
0
0
0
-1.09054e-16
0
-4.55751e-16
0
0
0
0
0
0
0
0
0
0
0
0
0
0
0
0
0
0
0
0
8.75796e-17
-1.27173e-11
0
0
0
0
0
5.03104e-13
-5.99248e-12
0
0
0
0
0
0
0
0
0
0
0
0
0
0
0
0
0
3.48752e-16
-1.09e-15
0
0
0
0
0
0
0
2.85723e-16
9.57819e-18
0
0
0
0
0
0
0
0
0
0
0
0
0
0
-1.88812e-12
-2.13068e-13
0
0
0
0
0
0
0
0
0
0
0
0
0
0
0
0
0
0
0
7.66022e-17
-4.19253e-13
-7.86958e-13
0
0
0
0
0
0
0
0
0
0
0
0
-4.00134e-16
0
4.96924e-16
0
0
0
0
0
0
0
0
0
0
0
0
0
0
0
0
0
0
0
0
0
0
0
0
0
0
0
0
0
0
0
0
0
0
0
0
0
0
4.1444e-13
-5.83629e-12
8.27867e-13
0
0
0
0
0
0
0
0
0
0
0
0
0
0
0
0
0
1.31918e-12
6.80234e-13
-4.00205e-12
0
0
0
0
0
0
0
0
0
0
0
0
0
0
0
0
0
0
0
0
0
0
0
0
0
0
0
0
0
0
0
1.25606e-17
9.067e-17
-1.20726e-17
0
0
0
0
0
0
0
0
0
0
0
0
0
0
0
1.90554e-12
-4.47677e-12
4.00156e-13
0
0
0
0
0
0
-9.98958e-13
-2.84054e-13
0
-5.39296e-16
0
-6.52106e-16
0
0
0
0
0
0
0
0
0
0
0
-6.17193e-13
9.06205e-18
0
0
0
0
0
0
0
-5.06724e-16
0
2.44247e-16
0
0
0
0
0
0
0
0
0
0
0
0
0
0
0
0
0
0
4.1983e-16
0
1.41695e-16
-1.18461e-07
-4.6206e-08
0
0
0
0
0
0
0
0
0
0
0
4.17171e-15
2.40965e-15
0
-1.30582e-12
-6.96454e-16
0
1.11726e-30
0
0
0
0
0
0
0
0
0
0
2.6566e-16
0
0
0
0
0
0
0
0
0
0
6.6028e-14
-3.22822e-12
0
0
0
0
0
0
0
0
0
0
0
0
0
0
0
0
0
0
0
0
0
0
0
0
0
-4.13835e-16
1.45919e-15
0
0
0
8.42208e-16
0
0
0
0
0
0
0
0
0
0
0
0
0
0
0
0
-1.17789e-12
1.02536e-18
0
0
0
0
0
0
0
0
0
0
0
0
-1.29855e-12
-1.53975e-12
0
0
0
0
0
0
6.23574e-12
-1.69007e-07
0
0
0
-4.57398e-16
0
0
0
0
0
0
0
0
0
0
0
0
0
0
0
0
0
0
0
0
0
0
0
0
0
0
0
0
0
0
0
0
0
0
0
0
0
-5.19813e-14
-2.38188e-14
-4.22067e-16
0
0
0
0
0
0
0
0
0
-3.49137e-16
0
0
0
0
0
0
0
0
-1.50555e-15
5.9731e-16
0
-4.08886e-14
-1.46705e-12
-5.547e-12
0
0
0
0
0
0
0
0
0
0
0
0
0
0
1.59249e-07
4.56297e-08
0
0
0
0
0
0
0
0
0
0
0
0
-8.53246e-14
0
0
0
0
-1.40781e-13
-3.47543e-13
0
0
0
0
0
0
0
0
0
0
0
0
0
0
0
0
-3.51758e-12
4.62494e-13
0
0
0
0
0
0
0
0
0
0
0
0
0
0
0
0
0
0
0
0
0
0
0
0
0
0
0
0
0
0
0
0
0
0
0
0
0
0
0
0
0
0
0
0
0
0
0
0
0
0
0
0
0
0
0
0
0
0
0
0
0
0
0
0
0
0
0
0
0
0
0
0
0
0
0
0
0
0
0
0
0
0
0
0
0
0
0
0
0
0
0
0
0
0
-4.10413e-16
5.86912e-17
1.6707e-11
-2.63947e-07
2.29404e-07
0
0
0
0
0
0
0
0
0
-8.8895e-16
1.97994e-15
0
0
0
0
0
0
0
0
0
0
0
0
0
0
0
0
0
0
0
0
0
0
0
0
0
0
0
0
0
0
0
0
0
0
0
0
0
0
0
0
0
0
0
0
6.98901e-13
6.76879e-13
-2.76402e-12
0
0
0
0
-1.65451e-13
-7.55355e-14
5.52511e-14
0
0
0
0
0
0
0
0
0
0
0
0
0
0
0
0
0
0
0
0
0
0
0
0
0
0
0
0
0
0
0
0
0
0
0
0
0
0
0
0
0
0
0
0
0
0
0
0
0
0
0
0
0
0
0
0
0
0
0
0
0
0
0
0
0
0
0
0
0
0
4.51891e-16
0
0
0
0
0
0
0
0
-1.3469e-12
0
-1.0685e-12
0
0
0
0
0
0
0
0
0
0
0
0
0
0
0
0
0
0
0
0
0
0
0
0
0
0
0
0
0
0
0
0
0
-4.54171e-13
7.1245e-17
1.16644e-12
0
0
6.28565e-17
0
0
0
0
0
0
0
0
0
0
0
0
0
0
0
0
0
0
0
0
0
0
0
0
0
0
0
0
0
0
0
0
0
0
0
0
0
0
-9.67523e-13
0
0
0
0
1.23194e-13
3.87868e-12
0
0
0
0
0
0
0
0
0
0
0
0
0
0
0
0
0
0
0
0
0
0
0
0
0
0
0
0
0
0
1.78689e-16
0
0
0
0
0
0
0
0
0
0
0
0
0
0
0
0
0
0
0
0
0
0
0
0
-9.60024e-08
4.10809e-12
0
0
0
0
0
0
0
0
9.52663e-12
4.20174e-12
0
0
0
0
0
0
0
0
0
0
0
-2.27596e-15
0
-2.29521e-15
0
0
0
0
0
0
0
0
0
0
0
0
0
0
0
0
0
0
0
0
0
5.37826e-16
8.04986e-13
0
0
0
0
0
0
0
0
0
0
0
0
0
0
0
0
0
0
0
0
0
0
0
0
0
0
0
0
-3.21597e-12
-1.8872e-12
-7.01311e-17
0
0
0
0
0
-2.17225e-13
-3.82632e-16
0
1.62977e-16
1.50854e-16
0
0
0
0
0
0
0
0
0
0
0
0
0
0
0
0
0
0
1.51324e-16
1.81608e-13
0
0
0
0
0
0
0
0
0
0
0
6.23603e-13
-3.59313e-12
1.20509e-12
0
0
0
0
0
0
0
0
0
0
0
0
0
0
1.54493e-12
-9.68309e-12
0
0
0
0
0
0
0
0
0
0
0
0
0
0
0
0
0
0
0
0
0
0
0
0
0
0
0
0
0
0
0
0
0
0
0
0
0
0
-7.81023e-15
0
0
0
0
0
0
0
0
0
0
0
1.03115e-16
0
0
0
0
0
0
0
0
0
0
0
0
0
0
0
0
0
0
0
0
0
0
0
-8.41573e-17
0
0
0
0
0
0
0
0
0
0
0
-4.78662e-12
1.09113e-12
0
0
0
0
0
0
0
0
0
0
0
1.4424e-12
-4.29908e-12
0
0
0
0
0
0
0
-9.39566e-13
0
0
0
0
0
0
0
0
0
0
0
0
0
0
0
0
0
0
0
0
0
0
0
0
0
0
0
0
0
0
0
0
0
0
0
0
0
0
0
7.0237e-32
-9.49542e-13
0
0
0
0
0
0
0
0
0
0
0
0
0
0
0
0
0
0
0
0
0
0
0
-6.52853e-20
5.71088e-18
0
0
0
0
0
0
3.74174e-16
1.15008e-16
0
0
0
0
0
-1.01627e-14
0
1.00991e-19
0
0
0
0
0
0
0
0
0
0
0
0
0
0
0
0
0
0
0
0
0
0
0
0
0
0
0
0
0
0
0
0
0
0
0
0
-3.57264e-12
-1.83807e-12
0
0
0
0
0
0
0
0
0
0
0
0
0
0
0
0
0
0
0
0
0
0
0
0
0
0
0
0
0
0
0
0
0
0
0
0
0
0
1.26067e-15
0
0
0
0
0
0
0
0
0
0
0
0
0
0
0
0
0
0
0
0
0
0
0
0
0
0
0
0
0
0
0
0
0
0
0
0
0
0
0
0
0
0
0
0
0
0
0
0
0
0
0
0
0
0
0
0
0
0
0
0
0
0
0
0
0
0
0
0
0
0
0
0
0
0
0
0
0
0
0
0
0
0
0
0
0
0
0
0
0
0
0
0
0
0
0
0
0
0
0
1.07445e-12
-9.25521e-12
0
0
0
0
0
0
0
0
0
0
0
0
-1.65331e-12
-1.39431e-16
0
0
0
0
0
0
0
0
0
0
0
0
0
0
0
0
0
0
0
0
0
0
0
-3.3844e-15
0
8.09914e-16
0
0
0
0
0
0
0
0
0
0
0
0
0
0
0
0
0
1.88182e-16
0
5.58629e-31
-1.08876e-16
0
-8.15001e-16
0
0
0
0
0
0
1.03103e-12
-2.93664e-12
4.05594e-13
0
0
0
0
0
0
0
0
0
0
0
0
0
0
0
0
0
0
0
-2.52397e-16
2.62949e-16
0
0
0
0
0
0
0
0
0
0
0
0
0
0
0
0
0
0
-1.91843e-17
-2.34805e-18
0
0
0
0
0
0
0
0
0
0
0
0
0
4.13619e-16
0
0
0
0
0
0
0
0
0
0
0
0
0
0
0
0
0
0
0
0
9.64398e-17
-9.97554e-13
0
0
-7.10094e-08
0
0
0
0
0
0
0
0
0
0
8.35469e-13
7.70683e-13
-3.2552e-12
-2.3818e-15
-9.71051e-17
0
0
0
0
0
0
0
0
0
0
0
0
0
0
0
0
0
0
0
0
0
0
0
0
0
0
0
0
0
0
0
5.89643e-17
-2.88054e-16
0
0
0
0
0
0
0
0
0
0
-1.99496e-16
0
0
0
0
0
-3.41513e-12
0
0
0
0
5.94803e-12
-1.56208e-07
0
0
0
0
0
0
0
0
0
0
0
0
0
0
0
0
0
-2.70521e-12
-2.39539e-12
0
0
0
0
0
0
0
0
0
0
-2.68758e-16
0
-3.50484e-16
0
0
0
0
0
8.55456e-13
7.65825e-13
-3.27057e-12
-1.18259e-12
-1.28687e-12
0
0
0
0
0
0
0
0
0
0
0
0
0
0
0
0
0
0
0
0
0
0
0
0
0
0
0
0
0
0
0
0
0
0
0
0
0
0
0
0
0
0
0
0
0
0
0
0
0
0
0
0
0
0
0
0
0
0
0
0
9.48294e-15
0
0
0
0
0
0
0
0
0
0
0
0
0
0
0
0
7.46249e-15
-1.34733e-14
-1.15069e-08
3.54243e-12
-9.34852e-08
5.91599e-18
1.21385e-17
3.83087e-19
0
2.46502e-17
2.97633e-16
2.92486e-16
-9.07352e-16
0
0
0
0
-1.79722e-16
0
-9.66626e-16
0
0
0
0
0
0
0
0
0
0
0
0
1.47167e-12
-6.25015e-12
0
0
0
0
0
0
0
0
0
0
0
0
0
0
0
0
0
0
0
0
0
0
-3.8097e-12
5.70267e-13
0
0
0
0
0
0
0
0
0
0
0
0
8.57941e-17
-5.19605e-12
0
0
0
0
0
0
0
0
0
0
-1.28538e-12
-1.13501e-12
0
0
0
0
0
0
0
0
0
0
0
0
0
0
0
0
0
0
0
0
0
0
0
0
0
0
0
0
0
0
0
0
0
0
0
-1.7254e-15
5.13111e-17
0
0
0
0
0
0
0
0
0
0
0
-6.48115e-13
1.22597e-16
0
0
0
0
-9.93498e-13
-1.19176e-12
0
0
0
0
0
0
0
-7.23167e-15
0
0
0
0
0
0
0
0
0
0
0
0
0
0
0
0
0
0
0
0
6.158e-12
-8.00817e-08
0
0
0
0
1.04325e-15
-3.51114e-16
0
0
0
0
0
0
0
0
0
0
0
0
0
0
0
0
0
0
0
0
0
0
1.13686e-30
-2.00965e-16
0
0
0
0
0
0
4.3104e-16
-1.90557e-16
0
0
0
0
1.48571e-16
0
0
0
0
1.27802e-15
-1.75188e-15
0
0
-3.77667e-17
0
0
0
0
0
0
0
0
0
0
0
0
0
0
-1.42647e-16
0
0
0
0
0
-1.1356e-17
0
0
0
0
0
0
0
-1.01829e-16
0
-3.60737e-15
0
0
0
0
0
0
0
0
0
0
0
0
0
0
0
0
0
-1.47854e-16
0
-1.42015e-12
-2.59507e-12
0
0
0
0
0
0
0
0
0
0
5.07582e-08
0
0
0
0
0
0
0
0
0
0
0
0
0
0
0
0
0
0
0
0
0
0
0
0
0
0
-3.49116e-15
0
5.35689e-16
-6.9551e-16
0
0
-5.50318e-12
0
0
0
0
0
-8.06874e-17
-4.25748e-17
1.67101e-18
8.51281e-17
0
0
0
0
1.10801e-07
0
9.59332e-18
5.74968e-17
0
0
0
0
0
0
0
2.54276e-17
1.82685e-17
0
0
0
0
0
0
0
0
0
0
0
0
0
6.24949e-13
4.50362e-13
-2.15937e-12
0
0
0
0
0
0
0
0
0
0
1.21072e-16
-6.15109e-16
0
0
0
0
0
0
0
0
0
0
0
0
0
0
0
0
0
0
0
0
0
0
0
0
0
0
0
0
0
0
0
0
0
0
0
1.48221e-12
-6.15856e-12
0
0
0
0
0
0
0
0
0
0
0
0
0
0
0
0
0
0
0
2.64905e-16
0
0
0
0
-1.60139e-19
0
0
0
0
0
0
0
0
0
0
0
0
0
0
0
0
0
0
0
0
7.50755e-15
0
0
0
3.47115e-15
0
-1.97696e-16
0
0
0
0
0
0
0
0
0
0
0
0
0
-8.62026e-13
0
0
0
0
0
-3.73027e-16
0
0
0
0
0
0
0
0
0
0
0
0
0
0
0
0
0
0
0
0
0
0
0
0
0
0
0
-5.6539e-16
0
0
0
0
0
0
0
0
0
0
0
0
0
0
0
0
0
0
0
0
0
0
0
0
0
0
0
0
0
0
0
0
0
0
0
0
0
0
0
4.59972e-16
0
1.1359e-17
0
0
0
0
0
0
0
0
0
0
0
0
0
0
0
0
-7.00364e-14
0
0
0
0
0
-5.71758e-08
3.65052e-12
0
0
0
0
0
0
0
0
0
0
0
0
0
0
0
0
-6.9375e-13
0
0
0
0
0
0
0
0
0
0
0
0
0
0
0
0
0
0
0
0
0
0
0
3.79068e-14
0
0
0
0
0
0
0
0
0
0
0
0
0
0
0
0
0
0
0
0
0
0
0
9.88133e-15
0
-6.70823e-16
0
0
0
0
0
0
0
0
0
0
-1.10739e-08
0
0
0
0
0
0
0
0
0
0
0
0
0
0
0
0
0
0
0
0
0
0
0
0
0
0
0
0
0
0
0
0
0
0
0
0
3.30101e-12
-1.57333e-07
9.79721e-13
-3.85232e-12
0
0
0
0
0
0
0
5.94492e-16
-4.32837e-17
0
3.69402e-15
0
0
0
0
0
0
0
0
0
0
0
0
0
0
0
0
0
0
0
0
0
0
0
0
0
0
0
0
0
0
0
0
0
0
0
0
0
0
0
0
0
0
0
0
0
0
0
0
0
0
0
0
1.90942e-16
0
0
0
0
0
0
0
0
0
0
0
0
0
0
0
0
0
0
0
0
0
0
0
0
0
0
0
0
0
0
0
0
0
0
0
-4.05509e-18
3.85502e-18
0
0
0
0
0
0
-7.17636e-16
-3.72552e-15
0
0
0
0
0
0
0
0
0
0
0
0
0
0
0
0
0
0
0
0
0
0
0
0
0
0
0
0
0
0
0
0
0
0
0
0
0
0
0
0
0
0
0
0
0
0
0
0
0
0
0
0
0
0
0
0
0
0
0
0
0
0
0
2.08806e-16
0
0
6.61053e-13
-3.62308e-12
0
0
0
0
0
0
0
0
0
0
0
0
0
0
0
0
-3.07651e-15
0
0
0
0
0
0
0
0
0
0
0
0
0
0
0
0
0
-1.06888e-15
2.268e-16
0
0
0
0
2.49381e-15
1.19626e-17
0
0
0
0
0
0
0
0
0
0
0
-3.32378e-16
0
-1.04322e-12
-5.96915e-13
0
0
0
0
0
0
0
0
0
0
0
0
0
0
0
0
0
0
0
-1.09192e-15
0
0
0
0
0
0
0
3.22856e-16
1.26024e-16
0
0
0
0
0
-2.484e-12
0
0
0
0
0
0
0
0
0
0
0
-1.70751e-16
0
0
0
0
0
0
0
0
0
0
0
0
0
0
0
0
0
0
0
0
0
0
0
0
0
9.36938e-15
0
0
0
0
0
-1.71773e-15
-1.37843e-15
0
0
0
0
0
0
0
0
0
-1.06962e-12
0
0
0
0
0
0
0
0
0
-4.84152e-16
0
7.75224e-16
0
0
0
0
0
0
0
0
0
0
0
0
0
0
0
0
0
0
0
0
0
0
0
0
5.77646e-19
0
0
1.44167e-15
8.87746e-16
0
0
1.32665e-14
0
0
0
0
-1.43969e-12
-9.64345e-13
0
0
0
0
0
0
0
0
0
0
0
0
0
0
0
7.30078e-18
-5.77664e-19
0
0
0
0
0
-1.88845e-12
-2.52923e-16
0
0
0
0
0
0
0
0
0
0
6.159e-16
0
0
0
0
0
0
0
-5.34354e-16
0
0
0
0
0
0
-1.09766e-30
-3.98877e-16
0
0
0
0
0
0
0
0
0
0
0
0
0
0
0
0
0
0
0
0
0
0
0
0
0
0
0
0
0
0
0
0
0
0
0
0
0
0
0
0
0
0
0
0
0
0
0
0
0
0
0
0
0
0
0
0
0
0
0
0
0
3.03843e-16
1.16154e-15
0
0
0
0
0
0
0
0
0
0
0
0
0
0
0
0
0
0
0
0
0
0
0
0
0
0
0
0
0
0
0
-1.81377e-14
-3.83237e-16
-3.59952e-14
0
-6.62139e-16
0
0
0
0
0
0
-5.61342e-16
2.22693e-16
0
0
0
0
0
-3.61775e-15
0
0
0
0
0
0
0
0
0
0
0
0
0
0
0
0
0
0
0
-1.27485e-15
-2.17789e-33
0
0
2.53611e-15
-2.1925e-15
-3.36698e-15
0
0
0
0
0
0
0
0
0
0
0
0
2.33019e-16
-8.6995e-13
0
0
0
0
0
0
0
0
0
0
0
0
0
0
0
0
0
0
0
0
0
0
0
0
0
0
0
0
0
0
0
0
0
0
0
0
0
0
0
0
0
0
0
0
0
2.4049e-15
-6.20255e-15
0
0
0
0
0
0
0
0
0
0
0
0
0
0
0
0
0
0
0
0
0
0
0
0
0
0
0
0
0
0
0
0
0
0
0
0
0
0
0
0
0
-7.21259e-13
0
0
0
0
0
0
-1.21888e-15
4.64623e-15
0
0
0
0
0
0
0
0
0
0
0
0
0
0
0
0
0
0
0
0
0
0
0
0
0
0
0
0
0
0
0
0
0
0
0
0
0
0
0
0
0
0
0
0
0
0
0
0
0
0
0
0
7.76276e-16
0
0
0
0
0
0
0
0
0
0
0
0
0
0
0
0
0
0
0
0
-1.16431e-16
0
0
0
0
0
0
-8.61182e-17
2.82124e-17
0
0
0
0
0
0
0
0
0
0
0
0
0
0
0
0
0
0
0
0
0
0
0
0
0
0
0
0
0
0
0
0
0
0
0
0
0
0
0
0
0
0
0
0
0
0
0
0
0
-1.73955e-17
6.76002e-17
0
0
0
0
0
0
0
-6.17938e-16
0
-2.24487e-16
0
0
0
0
0
0
0
0
0
-4.32472e-12
-4.11859e-16
0
0
0
0
0
0
0
0
7.32561e-18
0
0
0
0
9.9772e-16
0
0
0
0
0
0
0
0
0
0
0
0
0
0
0
0
0
0
0
0
0
0
0
0
0
0
0
0
0
3.85656e-16
-1.78049e-15
0
0
0
0
0
0
0
0
0
0
0
0
0
0
0
0
0
0
0
0
0
0
0
0
0
0
0
0
8.0618e-17
0
4.00645e-16
0
0
0
0
0
0
-9.90346e-13
0
0
0
0
0
0
0
0
0
0
0
0
0
0
0
0
0
0
0
0
0
0
0
-1.72808e-17
0
0
-5.51199e-14
-1.46152e-13
0
0
0
0
0
0
0
0
0
0
-5.68337e-18
-2.43187e-16
0
0
0
0
0
0
0
0
0
0
-2.97024e-13
-5.23073e-13
0
0
0
0
0
0
0
0
0
0
0
0
0
0
0
0
0
0
0
0
0
0
0
0
0
0
0
0
0
0
0
0
0
0
0
0
0
0
0
0
0
0
0
0
0
0
0
0
-4.81556e-16
0
9.04279e-16
0
0
0
0
0
0
0
0
0
0
0
0
0
0
0
0
0
0
0
0
0
0
0
0
0
0
0
0
0
0
-9.10647e-17
0
0
0
0
0
0
0
0
0
0
0
0
0
0
0
0
0
0
0
0
-9.29381e-13
4.56614e-16
0
0
0
0
0
0
0
-3.2063e-15
-7.90891e-16
-1.66475e-12
0
0
0
0
0
0
0
0
0
0
0
0
0
0
0
0
0
0
0
0
0
0
0
0
0
0
0
0
0
0
0
0
0
0
0
0
6.64967e-16
-6.2375e-13
0
0
0
0
0
0
0
0
0
0
0
0
0
0
0
0
0
0
1.06116e-12
7.248e-13
0
0
0
0
0
0
0
0
0
0
0
0
0
0
0
0
0
0
4.26281e-15
0
1.07351e-15
0
0
0
0
-1.23368e-16
0
0
0
-2.19815e-12
0
0
0
0
0
0
0
0
0
-4.07164e-16
0
0
0
0
0
0
0
0
0
0
0
0
0
0
0
0
0
-4.38253e-17
0
0
0
-3.12492e-16
0
0
0
0
0
0
0
0
0
0
0
0
0
0
0
0
0
0
0
0
0
0
0
0
0
0
0
0
0
0
0
0
0
0
0
0
0
0
1.60107e-15
3.05083e-15
0
0
0
0
0
0
0
-6.90719e-15
0
0
0
0
0
0
0
0
0
0
0
0
0
0
0
0
0
0
0
0
0
0
0
0
0
0
0
0
0
0
0
-1.95788e-16
6.75695e-16
0
0
0
0
0
0
0
0
0
0
0
0
0
0
0
0
0
0
0
0
0
0
0
0
0
0
0
2.96519e-16
0
0
-6.08876e-16
0
-1.20595e-17
0
0
0
0
7.16272e-16
0
0
0
0
0
0
0
0
0
0
0
0
0
0
0
0
0
5.29887e-15
0
-4.1551e-15
0
0
0
0
0
0
0
0
0
0
0
0
0
0
0
0
0
0
0
0
0
0
0
0
0
0
0
-5.02963e-16
0
0
0
0
0
0
0
0
0
0
0
0
0
0
8.02154e-15
0
0
0
0
0
0
0
0
0
0
0
0
0
0
0
0
0
0
0
0
0
0
0
0
0
0
0
0
0
0
-1.96579e-12
-1.16014e-12
-1.43662e-16
0
0
-3.40669e-16
0
0
0
0
0
0
0
-1.12221e-13
4.65943e-13
-2.02171e-12
0
0
0
0
0
0
0
0
0
0
0
1.19265e-12
-4.17746e-12
0
0
0
0
0
0
0
0
0
0
0
0
0
0
0
5.68421e-16
1.08968e-15
0
0
0
0
0
0
0
0
0
-1.09977e-18
0
0
0
0
0
0
0
0
0
0
0
0
0
0
0
0
0
0
0
0
0
0
0
0
0
0
0
0
0
0
0
0
0
0
0
0
0
0
0
0
0
0
0
0
0
0
0
0
0
0
0
0
0
0
0
0
0
0
0
0
0
0
0
0
0
0
0
0
0
0
0
0
0
0
0
0
0
0
0
0
0
0
0
0
0
0
0
0
0
0
0
0
0
0
0
0
0
0
0
0
0
0
0
0
0
0
0
0
0
0
0
0
0
0
0
0
0
0
0
0
0
0
0
0
0
0
0
0
0
0
0
0
0
0
0
0
0
0
0
0
0
0
0
0
0
0
-3.38757e-16
1.99729e-16
0
0
0
0
0
0
0
0
0
0
0
0
0
0
0
0
0
0
0
0
0
0
0
0
0
0
0
0
0
0
0
0
0
0
0
0
0
0
0
0
0
0
0
0
0
0
0
3.06743e-16
0
-2.72236e-34
0
0
0
0
1.23375e-16
0
-3.24616e-16
0
0
0
0
0
0
0
0
0
-6.10132e-19
0
0
0
0
0
0
0
0
0
0
0
0
0
0
0
0
0
0
0
0
0
0
0
0
0
0
0
0
0
0
0
0
0
0
0
0
0
0
0
0
0
0
0
0
0
0
0
0
0
0
0
0
0
0
0
0
0
0
0
0
0
0
0
0
0
0
0
0
0
0
0
0
0
0
0
0
0
0
0
0
0
0
0
0
0
0
0
0
0
0
0
0
0
0
0
0
0
0
0
0
0
0
0
0
0
0
0
0
0
0
0
0
0
0
0
-1.45283e-15
-1.06144e-15
0
0
0
0
0
0
0
0
0
0
0
0
0
0
0
0
0
0
0
0
-4.00866e-16
0
4.06662e-16
0
0
1.6141e-15
0
0
0
0
0
0
0
0
0
0
0
0
0
0
0
0
0
-1.23136e-15
0
0
0
0
0
0
0
0
0
0
0
0
0
0
0
0
0
0
0
0
0
0
0
0
-1.26545e-16
3.21691e-17
0
0
0
0
0
-8.47435e-17
0
2.04908e-16
0
0
0
0
0
0
0
0
0
0
0
0
0
0
0
0
0
0
0
0
0
0
0
0
0
0
0
0
0
0
0
0
0
0
0
0
0
0
0
0
0
0
0
0
0
0
0
0
0
0
0
0
0
0
0
0
0
0
0
4.55713e-16
0
0
0
0
0
0
0
0
0
0
0
0
0
0
0
0
0
0
0
0
0
0
0
0
0
0
0
0
0
0
0
0
0
0
0
0
0
0
0
0
0
0
0
0
0
0
0
4.20807e-12
0
0
0
0
0
0
0
0
0
0
0
0
0
0
0
0
0
0
0
0
0
0
0
0
0
0
0
0
0
0
0
0
0
0
0
0
0
0
0
0
0
0
0
0
0
0
0
0
0
0
0
0
0
0
0
0
0
0
0
0
0
0
0
0
0
1.26107e-15
0
0
0
0
0
0
0
0
0
0
0
0
0
0
0
0
0
-6.95509e-17
3.14864e-15
0
0
0
0
0
0
0
0
0
0
0
-2.32364e-15
0
1.23076e-19
0
0
0
0
0
0
0
0
0
0
0
0
0
0
0
0
0
0
0
0
0
0
0
0
0
0
0
0
0
0
0
0
0
0
0
0
0
0
2.19534e-15
0
0
0
0
0
0
0
0
0
0
0
-1.35997e-17
0
-2.7613e-15
0
0
0
0
1.01349e-14
0
0
0
0
0
0
0
0
0
0
0
0
0
0
0
0
0
8.74568e-15
0
0
0
0
0
0
0
0
0
0
0
0
0
0
0
0
0
-3.92396e-12
0
0
0
0
0
0
0
0
0
0
0
0
0
0
0
0
0
-7.5679e-17
1.01591e-16
0
0
0
0
0
0
0
0
0
3.56537e-15
0
0
0
0
0
0
0
0
0
0
-1.11072e-30
0
0
0
0
0
0
0
0
0
0
0
0
0
0
0
0
0
0
0
0
0
5.68774e-16
6.14396e-16
0
0
0
-5.40475e-16
-5.47915e-16
0
0
0
0
0
0
0
0
0
0
0
0
0
0
0
0
0
0
0
0
0
0
0
0
0
0
0
0
0
0
0
0
0
0
0
0
0
0
0
0
0
0
0
0
0
0
0
0
0
0
0
0
0
0
0
0
1.80437e-16
0
5.13492e-16
0
0
0
-1.33937e-12
0
0
0
0
0
-6.38591e-17
0
0
5.00502e-17
0
-9.75854e-17
0
0
0
-3.25354e-16
-3.06108e-15
0
0
0
0
0
0
0
0
0
0
0
0
0
0
0
0
0
0
0
0
0
0
0
0
0
0
0
0
0
0
0
0
0
0
0
0
0
0
0
0
0
0
0
0
0
0
0
0
0
0
0
0
0
0
0
0
0
0
0
0
0
0
0
0
0
0
0
0
0
0
0
0
0
0
0
0
0
0
0
0
0
0
0
-1.02847e-15
0
0
0
-3.43708e-16
0
8.48763e-16
0
0
0
0
0
0
0
0
0
0
0
0
0
0
0
0
0
1.86604e-15
-1.53104e-15
0
0
0
0
0
0
0
0
0
0
0
0
0
0
0
0
0
4.78e-15
-1.61347e-15
0
0
1.21202e-07
5.56263e-08
0
0
0
0
0
0
0
0
0
0
0
0
0
0
0
0
0
0
0
0
0
-8.33993e-16
-6.13961e-12
-6.8676e-16
3.89345e-15
0
0
0
0
0
0
0
0
-3.87664e-12
2.44194e-12
0
1.66115e-17
0
0
0
0
0
0
0
0
0
0
0
0
0
0
0
0
0
0
-5.18037e-16
-7.23525e-16
0
3.20715e-15
0
0
0
0
0
0
0
0
-3.68234e-17
3.7541e-16
1.79154e-16
0
0
0
0
0
0
0
0
0
0
0
0
1.07285e-15
-1.88376e-15
0
0
0
0
0
0
0
0
0
0
0
0
0
0
-1.77843e-15
1.6744e-16
0
0
0
0
-7.22347e-16
0
0
0
0
0
0
0
0
0
0
0
-7.16006e-18
0
1.05587e-17
0
0
0
0
-1.14894e-16
-6.87396e-20
0
0
0
0
0
0
0
0
0
0
0
0
0
0
0
0
0
0
0
0
0
0
0
0
0
0
0
0
0
0
0
0
0
0
0
0
0
0
0
0
0
0
0
0
0
0
0
0
0
-6.57775e-16
0
0
0
0
0
0
0
0
0
0
0
0
0
0
0
0
0
0
-1.10277e-12
0
0
0
0
0
0
0
0
0
0
0
0
0
0
0
0
0
0
0
0
0
0
0
6.93578e-16
0
0
0
0
0
0
0
0
0
0
0
0
0
0
0
0
0
0
0
0
0
0
-2.2515e-12
2.32612e-13
-3.14143e-17
0
0
0
0
0
0
0
0
0
0
0
-4.65523e-16
0
0
0
0
3.47423e-16
0
-1.35439e-16
0
0
0
0
0
0
0
0
0
0
0
0
0
4.89047e-16
3.63209e-16
0
0
0
0
0
0
0
0
0
0
0
0
0
0
0
0
0
0
0
0
0
0
0
0
-4.12838e-16
0
0
0
0
0
0
0
0
0
0
0
0
-5.36145e-16
0
0
0
0
0
0
0
0
0
0
0
0
0
0
0
0
0
0
0
0
0
0
0
0
0
0
6.31718e-18
4.10401e-18
0
0
0
0
0
0
0
0
3.25326e-13
-3.11348e-13
0
0
0
0
0
0
0
0
0
0
0
0
0
0
0
0
0
0
0
0
0
0
0
0
0
0
-9.16969e-13
0
0
0
0
0
0
0
0
0
0
1.6845e-16
0
0
0
-9.29025e-13
0
0
0
0
0
0
0
0
0
0
0
0
0
1.11286e-15
-8.08026e-16
0
0
0
0
0
0
0
0
0
0
0
0
0
0
0
0
0
0
0
0
0
0
0
0
0
0
0
0
0
0
0
0
0
0
0
0
0
0
0
0
0
0
0
0
0
0
0
0
0
0
0
0
0
0
0
1.34172e-16
3.70124e-15
0
0
0
0
0
0
0
0
0
0
0
0
-2.55385e-16
-2.69282e-16
0
0
0
0
0
0
0
0
0
0
0
0
0
0
0
0
0
0
0
0
0
0
0
0
0
0
0
0
0
0
0
0
0
0
0
0
0
0
-1.71486e-16
0
0
0
0
0
0
0
0
0
0
0
0
0
0
0
0
0
0
0
0
0
0
0
0
0
0
0
0
0
0
0
0
-2.92715e-16
-4.42598e-16
0
0
0
0
0
0
0
0
0
0
0
0
0
0
0
0
0
0
0
0
0
0
0
0
0
0
0
0
0
0
0
0
0
0
0
0
0
0
0
0
0
0
0
0
0
0
0
-1.82767e-16
0
0
0
0
0
0
0
0
0
0
0
0
0
0
0
0
-5.08453e-08
0
1.4924e-15
0
0
0
0
0
0
-3.18727e-15
-6.86738e-15
0
0
0
1.73572e-16
2.23002e-30
0
0
0
0
0
0
0
0
0
0
0
0
0
0
0
0
0
0
0
0
0
0
0
0
0
0
0
0
0
0
0
0
0
0
0
0
0
0
0
0
0
0
0
0
0
0
0
0
0
0
0
0
0
0
0
0
0
0
0
0
0
0
0
0
0
0
0
0
-1.10241e-16
0
0
0
0
0
0
0
0
0
0
0
0
0
1.82062e-16
0
0
0
0
0
0
0
0
0
0
0
0
0
0
0
0
0
0
0
0
0
0
0
0
0
0
0
0
0
0
0
0
0
0
0
4.11662e-17
0
0
0
0
0
0
0
0
0
0
0
0
0
0
0
0
0
0
0
0
0
0
0
0
0
0
0
0
0
-3.09298e-16
0
0
0
0
0
0
0
0
0
0
0
0
0
0
0
0
0
0
0
0
0
0
0
0
0
0
0
0
0
0
0
0
0
0
0
0
0
0
0
0
0
0
0
0
0
0
0
0
0
0
0
0
0
0
0
0
0
0
0
0
0
0
0
0
0
0
0
0
0
0
3.23201e-15
4.88384e-16
0
0
0
0
0
0
0
0
0
0
0
0
0
0
0
0
0
0
0
0
0
0
0
0
0
0
0
0
0
0
0
0
0
0
0
0
0
0
0
0
0
0
0
0
0
0
0
0
0
0
1.50932e-15
0
0
0
0
0
0
0
1.96353e-15
-2.37374e-15
-4.84585e-16
0
0
0
0
0
0
0
-2.60562e-16
-3.99746e-16
0
-5.29193e-09
-6.22219e-08
0
0
0
0
0
0
0
0
0
0
0
0
0
0
0
0
0
0
0
0
0
0
0
0
0
0
0
0
0
0
0
0
0
0
0
0
0
0
0
0
0
0
0
0
9.05176e-16
0
0
0
0
0
0
0
0
0
0
0
0
0
0
0
0
0
0
0
0
0
0
0
0
3.53327e-16
0
0
0
0
0
0
0
0
0
0
0
0
0
0
0
0
-5.07825e-17
3.41597e-16
0
0
2.22848e-16
2.50237e-16
0
0
0
0
0
-1.64115e-15
0
0
0
0
0
0
0
0
0
0
0
0
0
-9.84958e-16
0
0
0
0
0
0
0
0
0
0
0
0
0
0
0
0
0
0
0
0
0
0
0
0
0
0
0
0
0
-1.85571e-12
0
0
-1.02755e-12
0
0
0
0
0
0
0
0
0
0
0
0
0
0
0
0
0
0
0
0
0
0
0
0
0
0
0
0
0
0
0
0
0
0
0
0
0
0
-2.04177e-34
0
0
0
0
0
0
0
0
0
0
0
0
0
0
0
0
0
0
0
0
0
0
0
0
0
0
-5.67288e-16
7.08348e-15
0
0
0
0
0
0
0
0
0
0
0
-4.43936e-15
0
0
0
0
0
0
0
0
0
0
0
0
0
0
0
0
0
0
0
0
0
0
0
0
0
0
0
0
0
0
0
0
0
0
0
0
0
0
0
0
0
0
0
0
0
0
0
0
0
0
0
0
0
0
0
0
0
0
0
0
0
0
0
0
0
0
0
0
-3.55204e-16
-4.35578e-33
0
0
0
0
-1.06624e-16
2.05173e-16
0
0
0
0
0
0
0
0
0
0
0
0
0
0
0
0
0
0
0
0
0
0
0
-5.01219e-16
1.75354e-14
0
0
0
0
0
0
0
0
0
0
0
0
0
0
0
0
0
0
0
0
0
0
0
0
0
0
0
0
0
0
0
0
0
0
0
0
0
0
0
0
0
0
0
5.20464e-15
0
0
0
0
0
0
0
0
0
0
0
0
0
0
0
0
0
0
0
0
0
0
9.07145e-17
-5.81377e-18
0
0
0
0
0
0
0
0
0
0
0
0
0
2.88979e-17
9.32205e-17
0
0
0
0
0
0
0
0
0
0
0
0
0
0
0
0
0
0
0
0
0
-3.49837e-16
0
0
0
0
0
0
0
0
0
0
0
0
0
0
0
0
0
0
0
0
0
0
-2.72788e-19
-7.15108e-18
-1.34838e-17
0
0
0
0
0
0
0
0
0
0
0
0
0
0
0
0
0
0
0
0
-2.42593e-16
0
-1.1424e-16
0
0
0
0
0
0
0
0
0
0
0
0
0
-7.4807e-16
0
6.34793e-16
0
0
0
0
0
0
0
0
0
0
0
0
0
0
0
7.84128e-16
-1.68516e-14
0
0
0
0
0
-5.41593e-15
0
0
0
0
0
0
0
0
0
0
-2.9508e-13
3.68709e-16
-7.17438e-16
0
0
0
0
0
0
0
0
0
0
0
0
0
0
0
0
0
0
0
0
0
0
0
0
0
0
0
0
0
0
0
0
0
0
0
0
0
0
0
0
0
0
0
0
0
0
0
0
0
0
0
0
0
0
0
-1.09691e-16
0
0
0
0
0
0
-5.5339e-14
-1.62767e-13
0
0
0
0
0
0
0
0
0
0
0
0
0
-4.50875e-16
0
-2.32006e-15
0
0
0
0
0
0
0
0
0
0
1.96508e-15
0
0
0
6.67001e-13
0
0
0
0
-1.15725e-12
0
-8.11225e-13
0
0
0
0
0
0
0
0
0
0
0
0
0
0
0
0
0
0
0
0
0
0
0
0
0
0
0
0
0
0
0
0
0
0
0
0
0
0
0
0
0
0
0
0
0
0
0
0
0
0
0
0
0
0
0
0
0
0
0
0
0
0
0
0
0
0
0
0
0
0
0
0
0
0
0
0
0
0
0
0
0
0
0
0
0
-1.20616e-16
0
-6.06855e-17
0
0
0
0
0
0
0
0
0
0
0
0
0
4.68089e-18
-3.58428e-16
0
0
0
0
0
0
0
0
0
0
0
0
0
0
0
0
0
0
0
0
0
0
0
0
0
0
0
0
0
0
0
0
1.90996e-18
-2.14822e-17
0
0
0
0
0
0
0
0
0
0
0
0
0
0
0
0
0
0
0
0
0
0
0
0
0
0
0
0
0
0
0
0
0
0
0
0
0
0
0
0
0
0
0
0
0
0
0
0
0
0
0
0
0
0
0
0
0
0
0
0
0
0
0
0
0
0
0
0
0
0
0
0
0
0
0
-2.12034e-15
0
0
0
0
0
0
0
0
0
0
0
0
0
0
0
0
0
0
0
0
0
0
0
0
0
0
0
0
0
0
0
0
0
0
0
0
0
0
0
0
5.78711e-16
-5.55362e-31
0
0
0
-2.85975e-17
-6.35332e-18
0
0
0
0
0
0
0
0
0
0
0
0
0
0
0
0
0
0
0
0
0
9.68401e-17
0
0
0
0
0
0
0
0
2.74861e-17
0
-1.07785e-17
0
0
0
0
0
0
0
0
0
1.27646e-16
0
0
0
0
0
0
0
0
0
0
0
0
0
0
0
0
3.59043e-16
-1.64582e-16
0
0
0
0
0
0
0
0
0
0
0
0
0
0
0
0
0
0
0
0
0
0
0
0
0
0
0
0
0
0
0
0
0
0
0
0
0
0
0
0
0
0
0
0
0
0
0
0
0
0
0
0
0
0
0
0
0
0
0
0
0
0
0
0
0
0
0
0
0
0
0
0
0
0
0
0
0
0
0
0
0
1.79005e-15
1.14433e-15
0
0
0
0
0
0
0
0
-1.30427e-16
3.2727e-16
0
-4.79351e-16
0
0
0
0
0
0
0
0
-8.55094e-17
0
0
0
0
0
0
0
0
0
0
0
0
0
0
0
0
0
0
0
0
0
0
0
0
0
0
0
0
0
0
0
0
0
0
0
0
0
0
0
0
0
0
0
0
0
0
0
0
0
0
0
0
0
0
0
0
0
0
0
0
0
0
0
0
0
0
1.59089e-16
-1.99085e-16
0
0
0
0
0
0
0
0
0
0
0
0
0
0
0
0
0
0
0
0
0
0
0
0
0
0
0
0
0
0
0
0
0
0
0
0
0
0
0
0
0
2.39401e-15
-1.63444e-15
0
0
0
0
0
0
0
0
0
0
0
0
0
0
0
0
0
0
0
-2.70552e-16
0
0
0
0
0
0
0
0
0
0
0
0
0
0
0
2.62819e-15
0
-2.19904e-15
0
0
0
0
0
0
0
0
0
0
0
0
0
0
0
0
0
0
0
0
0
0
0
0
0
0
0
0
0
0
0
0
0
0
5.26885e-15
0
0
0
0
0
0
0
0
0
0
0
0
0
0
0
0
-5.82532e-19
-1.73448e-17
0
0
0
0
0
0
0
0
0
0
0
0
0
0
0
0
0
0
0
0
0
6.87933e-16
0
0
0
0
0
0
0
0
0
0
0
0
0
0
0
-2.81961e-16
0
0
0
0
0
0
0
0
0
0
0
0
0
0
0
0
0
0
0
0
0
0
0
0
0
0
0
0
0
0
0
0
0
0
0
0
0
0
0
0
0
0
0
0
0
0
0
0
0
0
0
0
0
0
0
0
0
0
0
2.13347e-16
0
0
0
0
0
0
0
0
0
0
0
0
0
0
0
0
0
0
0
0
0
0
0
0
0
0
0
0
0
0
0
0
0
0
0
0
5.67353e-16
-1.85503e-16
0
0
0
0
0
0
0
0
0
0
0
0
0
0
0
0
0
0
0
0
0
0
0
0
0
0
0
0
0
0
0
0
0
0
0
0
0
0
0
0
0
0
0
0
0
0
0
0
0
0
0
0
0
0
0
0
0
0
0
0
0
0
0
0
0
0
0
0
0
0
0
0
0
0
-1.87553e-17
0
-4.55431e-19
0
0
0
0
0
0
0
0
0
0
0
0
0
0
0
0
0
0
0
0
0
0
0
0
0
0
0
0
0
0
0
0
0
0
0
0
0
0
0
0
0
0
0
0
0
0
0
0
0
0
0
0
0
0
0
0
0
0
0
0
0
-7.12685e-15
0
0
0
0
0
0
0
0
0
0
0
0
0
0
0
0
0
0
0
0
0
0
0
0
0
0
0
0
0
0
0
0
0
0
0
0
0
0
0
0
0
0
0
0
0
0
0
0
0
0
2.97493e-17
9.0693e-18
-1.27071e-18
0
0
0
0
0
0
0
0
0
0
0
0
0
0
0
0
0
0
0
0
0
0
0
0
0
-2.00956e-19
1.24312e-15
0
0
0
0
0
0
3.26574e-15
0
0
0
0
0
0
0
0
0
0
0
0
0
0
0
0
0
0
3.25578e-15
0
0
0
0
0
0
0
0
0
0
0
0
0
0
0
0
0
0
0
0
0
0
0
0
0
0
0
0
0
0
0
0
0
0
0
0
0
0
0
0
0
0
3.18829e-15
0
0
0
0
0
0
0
0
0
-6.63856e-17
0
0
0
0
0
0
0
0
0
0
0
0
0
0
0
0
0
0
0
0
0
0
0
0
0
0
0
-2.66221e-17
-7.57811e-18
0
0
0
0
0
0
0
0
-1.16531e-16
0
0
-1.87717e-14
0
0
0
0
0
0
0
0
0
0
0
0
0
0
0
0
0
0
0
0
0
0
0
0
0
0
0
0
0
0
2.10179e-17
-2.14525e-15
0
0
0
0
0
0
0
0
0
0
0
0
-1.11072e-30
0
0
0
0
0
0
0
0
0
0
0
0
0
0
0
0
0
0
0
0
0
0
0
0
0
0
0
0
0
0
0
0
0
0
0
0
0
0
0
0
0
0
0
0
0
0
0
0
-2.34272e-18
-5.13619e-18
-9.01512e-19
0
0
0
0
0
0
0
0
0
0
0
0
0
0
0
0
0
0
0
0
0
0
0
0
0
0
0
0
0
0
0
0
0
0
0
0
0
0
0
0
0
0
0
0
0
0
0
0
0
0
0
0
0
0
0
0
1.22477e-16
0
0
0
0
0
0
0
0
0
0
0
0
0
0
0
0
0
0
0
0
0
0
0
0
0
0
0
0
0
0
0
6.25759e-17
0
0
0
0
0
0
0
0
0
0
0
0
0
0
0
0
0
0
0
0
0
0
0
0
0
0
0
0
0
0
0
0
0
0
0
0
0
0
0
0
0
0
0
0
3.23421e-15
0
0
0
0
0
0
0
0
0
0
0
0
0
0
0
0
0
0
0
0
0
0
0
0
0
0
0
0
0
0
0
0
0
0
0
0
-3.24403e-15
0
0
0
0
0
0
0
0
0
0
0
0
0
0
0
0
0
0
0
0
0
0
0
0
0
0
0
0
0
0
0
0
0
0
0
0
0
0
0
0
0
0
0
0
0
0
0
0
0
0
-8.97166e-16
1.10637e-30
0
0
0
0
0
0
0
0
0
0
0
0
0
0
0
0
0
0
0
0
0
0
0
0
0
0
0
0
0
-3.61691e-12
0
0
0
0
0
0
0
0
0
0
0
0
0
0
0
0
0
0
2.74414e-31
0
0
0
0
0
0
0
0
0
0
0
0
0
0
0
0
0
0
0
0
0
0
1.54131e-16
0
-3.55088e-16
0
0
0
0
0
0
0
0
0
0
0
0
0
0
0
0
0
0
0
0
0
0
0
0
0
0
0
0
0
0
0
0
0
0
0
0
0
0
0
0
0
0
0
0
0
0
0
0
0
0
0
0
0
0
0
0
0
0
-4.38394e-16
0
0
0
0
0
0
0
0
0
0
0
0
0
0
0
0
0
0
-2.32592e-15
2.38715e-18
0
0
0
0
0
0
0
0
0
0
0
0
0
0
0
0
0
1.39975e-17
-9.18722e-16
7.78326e-16
0
0
0
0
0
4.97569e-17
-7.2684e-18
0
0
0
0
0
0
0
-3.72746e-15
1.77665e-15
0
0
0
0
0
0
0
0
0
0
0
0
0
0
0
0
0
0
0
0
0
0
0
0
0
0
0
0
0
0
0
0
0
0
0
0
0
0
0
0
7.47924e-08
0
0
0
0
0
0
0
0
0
0
0
0
0
0
0
0
0
0
0
0
0
0
1.46459e-16
0
0
0
0
0
0
0
0
0
0
0
0
0
0
0
0
0
4.22755e-15
0
0
0
0
0
0
0
0
0
0
0
0
9.12892e-17
0
0
0
-4.31633e-12
0
0
0
0
0
0
0
0
0
0
0
0
0
0
8.82598e-15
0
0
0
0
0
0
0
0
0
0
0
0
0
0
0
1.59505e-16
0
-5.82995e-16
0
0
0
-3.73833e-15
0
0
0
0
0
0
0
0
0
0
0
0
0
0
0
0
0
0
0
0
0
0
0
0
0
0
0
0
0
0
0
0
0
0
0
0
0
0
0
0
1.79816e-16
0
0
0
0
0
0
0
0
0
0
0
0
2.38043e-17
0
0
0
0
0
0
0
0
0
4.05379e-17
0
0
0
0
0
0
0
0
0
0
0
0
0
0
0
0
0
0
0
0
0
0
0
0
0
0
0
0
0
0
0
0
0
0
0
0
0
0
0
0
0
1.11932e-12
-2.91584e-12
0
0
0
0
0
0
0
0
0
0
0
0
0
0
0
0
0
0
0
0
-7.12468e-18
0
0
0
0
0
0
0
0
0
0
0
0
0
0
0
0
0
0
0
0
0
0
0
0
0
-4.3499e-16
0
0
0
0
0
0
0
0
0
0
0
0
0
0
0
0
0
0
0
0
0
0
0
0
0
0
0
0
0
0
0
0
0
0
0
0
0
0
0
0
0
0
0
0
0
0
0
0
0
0
0
0
0
0
0
0
0
0
0
0
0
0
0
0
0
0
0
3.74476e-17
-4.72299e-19
0
0
0
0
0
0
0
0
0
0
0
0
0
0
0
0
0
0
0
0
0
0
0
0
0
0
0
0
0
0
0
0
0
0
0
0
0
0
0
0
0
0
0
0
0
0
0
0
0
0
0
0
0
0
0
0
0
0
0
0
0
0
0
0
0
0
0
0
0
0
0
0
0
0
0
0
0
0
0
0
0
0
0
0
0
0
0
0
0
0
-1.63698e-16
0
0
0
0
0
0
0
0
0
0
0
0
0
0
0
0
0
0
0
0
0
0
0
0
0
0
0
0
0
0
1.44193e-16
0
0
0
0
0
0
0
0
0
0
0
0
0
0
0
0
0
0
0
0
0
0
0
5.11076e-16
-7.41355e-16
0
0
0
-2.20068e-16
7.03271e-16
0
0
0
0
2.04385e-16
0
0
0
0
0
0
0
0
0
0
0
0
0
0
0
0
0
0
3.11086e-16
0
0
0
0
0
0
0
3.95944e-16
0
0
0
0
0
0
0
0
0
0
0
0
0
0
0
0
0
0
0
0
0
0
0
0
0
0
0
0
0
0
0
-1.06235e-15
0
0
0
0
0
0
0
1.57844e-16
0
-1.66888e-15
0
0
0
0
0
0
0
0
0
0
0
0
0
0
0
0
0
0
0
0
0
0
0
0
0
0
0
0
0
0
0
0
0
0
0
0
0
0
0
0
0
0
0
0
0
0
0
0
0
0
0
0
0
0
0
0
0
0
0
0
0
0
-1.11708e-14
7.44616e-16
0
0
0
0
0
0
0
0
0
0
0
0
0
0
0
0
0
0
0
0
0
0
0
0
0
3.51858e-17
0
0
0
0
0
0
0
0
0
0
0
0
0
0
0
0
0
0
0
0
0
0
0
0
0
0
0
0
0
0
0
0
0
0
-1.1677e-12
0
0
0
0
0
0
0
0
0
0
0
0
0
0
0
0
0
0
0
0
0
0
0
0
0
0
0
0
0
1.936e-15
6.09097e-16
-2.27671e-12
0
0
0
0
0
0
0
0
0
0
0
0
0
0
0
0
0
0
-6.55422e-16
0
0
0
0
0
0
0
0
0
0
0
0
0
0
0
0
0
0
0
0
0
0
0
0
0
0
0
0
0
0
0
0
0
0
0
0
0
0
0
0
0
0
0
0
0
0
0
6.3494e-19
0
0
0
0
0
0
0
0
0
0
0
0
0
0
0
0
-1.40991e-15
0
0
0
0
0
0
0
0
0
0
0
0
0
0
0
1.08952e-16
0
0
-9.19917e-17
0
0
0
-1.07785e-15
0
0
0
0
0
0
0
0
0
0
0
0
0
0
0
0
0
0
0
0
0
0
0
0
0
0
0
0
0
0
0
0
0
0
0
0
-6.77681e-16
0
0
0
0
0
0
0
0
0
0
0
0
0
-3.59546e-12
-9.1145e-13
0
0
0
0
0
0
0
0
0
0
0
0
0
0
0
0
0
0
0
0
0
0
0
0
0
0
0
0
0
0
0
0
0
0
0
0
0
0
0
0
0
0
0
0
0
0
0
0
0
0
0
0
0
0
0
0
0
0
0
0
0
0
0
0
0
0
0
0
0
0
0
0
0
0
0
0
0
0
0
0
0
0
5.73411e-15
0
0
0
0
0
0
0
0
0
0
0
0
0
0
0
0
0
0
0
-4.22522e-16
0
0
0
0
0
0
0
0
0
0
0
0
0
0
0
0
0
0
0
0
0
0
0
0
0
0
0
0
0
0
0
0
0
0
0
0
0
0
0
0
0
0
0
0
0
0
0
0
0
5.75964e-16
0
0
0
0
0
0
0
0
0
0
0
0
0
0
0
0
0
0
0
0
0
0
0
0
0
0
0
0
0
0
0
0
0
0
0
0
0
0
0
0
0
0
0
0
0
0
0
0
0
0
0
0
0
0
0
0
0
0
0
0
0
0
0
0
0
0
0
0
0
-6.46794e-16
0
0
0
0
0
0
0
0
0
0
0
0
0
0
0
0
0
0
0
0
0
0
0
0
0
0
0
0
0
0
0
0
0
0
0
0
0
0
0
0
0
0
0
0
0
0
0
0
0
0
0
0
0
0
0
0
0
0
0
0
0
0
0
0
0
0
0
0
0
0
0
0
0
0
0
0
0
0
0
0
0
0
0
0
0
0
0
0
0
0
0
0
0
0
0
0
0
0
0
0
0
0
0
0
0
0
0
0
0
0
0
0
0
0
0
0
0
0
0
0
0
0
0
0
0
6.16883e-17
0
0
0
0
0
0
0
0
0
0
0
0
0
0
0
0
0
0
0
0
0
0
0
0
0
0
0
0
0
0
0
0
0
0
0
0
0
0
0
0
0
0
0
0
0
0
0
0
0
0
0
0
0
0
0
0
0
0
0
0
0
0
0
0
0
0
0
0
0
0
0
0
0
0
0
0
0
0
0
0
0
0
0
0
0
0
0
0
0
0
0
0
0
0
0
0
0
0
0
0
0
0
0
0
0
0
0
0
0
0
0
0
0
0
0
0
0
0
0
0
0
0
0
0
0
0
0
0
0
0
0
0
0
0
0
0
0
0
0
0
0
0
0
0
0
0
0
0
0
0
0
0
0
0
0
0
0
0
0
0
0
0
0
0
0
0
0
0
4.47662e-15
0
0
0
0
0
0
0
0
0
0
0
0
0
0
0
0
0
0
0
0
0
0
0
0
0
0
0
0
0
0
0
0
0
0
0
0
0
0
0
0
0
0
0
0
0
0
0
0
0
0
0
0
0
0
0
0
0
0
0
0
0
0
0
0
-5.69862e-13
0
0
0
0
0
0
0
0
0
0
0
0
0
0
0
0
-2.15582e-15
-4.72565e-16
0
0
0
0
0
0
0
0
0
0
0
0
0
0
0
0
0
0
0
0
0
0
0
0
0
0
0
0
0
0
0
0
0
0
0
0
0
0
0
0
0
0
0
0
0
0
0
0
0
0
0
0
0
0
0
0
0
0
0
0
0
0
0
0
0
0
0
0
0
0
0
0
0
0
0
0
0
0
0
0
0
0
0
0
7.2486e-17
-1.14016e-16
0
0
0
-6.17021e-16
0
0
0
0
0
0
0
0
0
0
0
0
0
0
0
0
0
0
0
0
0
0
0
0
0
0
0
0
0
0
0
0
0
0
0
0
0
0
0
0
0
0
0
0
0
4.54486e-17
0
0
0
0
0
0
0
0
0
0
0
0
0
0
0
0
0
0
0
0
0
0
0
0
-1.80124e-17
3.77506e-16
0
0
0
0
0
0
0
0
0
0
0
0
0
0
0
0
0
0
0
0
0
0
0
0
0
0
0
0
0
0
0
0
0
0
0
0
0
0
0
0
0
0
0
0
0
0
0
0
0
1.75285e-16
5.69533e-17
0
0
0
0
0
0
0
0
0
0
0
0
0
0
0
0
0
0
0
0
0
0
0
0
0
0
0
0
0
0
0
0
0
0
0
0
0
0
0
0
0
0
0
0
0
0
0
0
0
0
0
0
0
0
0
0
0
0
0
0
0
0
0
0
0
0
0
0
0
0
0
0
0
0
0
0
0
0
0
0
0
0
0
0
0
0
0
0
0
0
0
0
0
0
4.81111e-15
0
0
0
0
0
0
0
0
0
0
0
0
0
0
3.75516e-16
0
0
0
0
0
0
0
0
-5.54005e-16
-4.61107e-16
4.02446e-16
0
0
0
0
0
0
0
0
0
0
0
0
0
0
0
0
0
0
0
0
0
0
0
0
0
0
0
0
0
0
0
0
0
0
0
0
0
0
0
0
0
0
0
0
0
0
0
0
0
0
0
0
0
0
0
0
0
0
0
0
0
0
0
0
0
0
0
0
0
0
0
0
0
0
0
0
0
0
0
0
0
0
0
0
0
0
0
0
0
0
0
0
0
0
0
0
0
0
-1.80683e-15
-9.40113e-16
0
0
0
0
0
0
0
0
0
0
-2.33164e-15
0
0
0
0
0
0
0
0
0
0
0
0
0
0
0
0
0
0
0
0
0
0
0
0
0
0
0
0
0
0
0
0
0
0
0
0
0
0
0
0
0
0
0
0
0
0
0
0
0
0
0
0
0
0
0
0
0
0
0
0
0
0
0
0
0
0
0
0
0
0
0
0
0
0
0
-5.11503e-17
0
0
0
0
1.34242e-16
0
0
0
0
0
0
0
0
0
0
0
2.15642e-16
-3.86216e-16
0
0
0
0
0
0
0
0
0
0
0
0
0
0
0
0
0
0
0
0
0
0
0
0
0
0
0
0
0
0
0
0
0
0
0
0
0
0
0
0
7.45757e-15
-7.79592e-16
0
0
0
0
0
0
0
0
0
0
0
-1.48185e-17
6.71392e-17
0
0
0
0
0
0
0
0
0
0
0
0
0
0
0
0
0
0
0
0
0
0
0
0
0
0
0
0
0
0
0
0
0
0
0
0
0
0
0
0
0
0
0
0
0
0
0
0
0
0
0
0
0
0
0
0
0
2.74057e-16
0
0
0
0
0
0
0
0
0
0
0
0
0
0
0
0
0
0
0
0
0
0
0
0
0
0
0
0
0
0
0
0
0
0
0
0
0
0
1.11333e-17
5.10611e-19
0
0
-3.21404e-15
0
0
0
0
0
0
0
0
0
0
0
0
0
0
0
0
0
0
0
0
-3.45389e-16
-9.39579e-16
0
0
0
-1.58572e-17
0
0
0
0
0
0
0
0
0
0
0
0
0
0
0
0
0
0
0
0
0
0
0
0
0
0
0
0
0
0
0
0
0
0
0
0
0
0
0
0
0
0
0
0
0
0
0
0
0
0
0
0
0
0
0
0
0
0
2.0634e-14
0
0
0
0
0
0
0
0
0
0
0
0
0
0
0
0
0
0
0
0
0
0
0
0
0
0
0
0
0
0
0
0
0
0
0
0
0
0
0
0
4.76005e-16
-4.76208e-16
0
0
0
0
0
0
0
0
0
0
0
0
0
0
0
-2.60008e-16
0
0
0
0
0
1.17309e-15
5.75102e-16
0
0
0
0
0
0
0
0
0
0
0
0
0
0
0
0
0
0
0
0
0
0
0
0
0
0
0
0
0
0
0
0
0
0
0
0
0
0
0
0
0
0
0
0
0
0
0
0
0
0
0
0
0
0
0
0
0
0
0
0
0
0
0
0
0
0
0
-1.75192e-17
0
0
0
0
0
0
0
0
0
2.25484e-16
-2.6527e-17
0
0
0
0
0
0
0
0
0
0
0
0
0
0
0
0
0
0
1.4469e-16
-4.6973e-16
4.84099e-19
0
0
0
0
0
0
0
0
0
0
0
0
0
0
0
0
0
0
0
0
0
0
0
0
0
0
0
0
0
0
0
0
0
0
0
0
0
0
0
0
0
0
0
0
0
0
0
0
0
0
0
0
0
0
0
0
0
0
0
0
0
0
0
0
0
0
0
0
0
0
0
0
0
0
0
0
0
0
0
0
0
0
0
-1.18729e-15
1.71546e-15
0
0
0
0
0
0
0
0
0
0
0
0
0
0
0
0
0
0
0
0
7.23448e-17
-3.24719e-17
0
0
0
0
0
1.18981e-15
-8.06522e-16
0
0
0
0
0
0
0
0
0
0
0
0
0
0
0
0
0
0
0
0
0
0
0
0
0
0
0
0
0
0
0
2.06393e-16
-3.68103e-15
0
0
0
0
0
0
0
0
-7.35016e-12
0
0
0
0
0
0
0
0
0
0
0
0
0
1.80801e-15
-1.26002e-15
0
0
0
0
0
0
0
0
-1.90184e-16
0
0
0
0
0
0
0
0
0
0
0
0
0
0
0
0
0
0
0
0
0
0
0
0
0
0
0
0
0
0
0
0
-4.76512e-17
0
0
-1.16902e-15
0
0
0
0
0
0
0
0
0
0
0
0
0
0
0
0
0
0
0
0
0
0
0
0
-5.68074e-16
0
0
0
0
1.21875e-16
-5.44016e-16
0
0
0
0
0
-4.37068e-17
0
0
0
-3.93416e-18
1.55753e-20
0
3.93664e-18
0
0
0
0
0
0
0
0
0
0
0
0
0
0
0
0
0
0
0
0
0
0
0
0
0
0
0
0
0
0
0
0
0
0
0
0
0
0
0
0
0
0
0
0
0
0
0
0
0
0
0
0
0
0
0
0
0
0
0
0
0
0
0
-5.26154e-16
-9.92977e-16
0
0
0
0
0
6.56455e-16
0
0
0
0
0
0
0
0
0
0
0
0
0
0
0
0
0
0
0
0
0
0
0
0
0
0
0
0
0
0
0
0
3.57846e-15
0
0
0
0
0
0
0
0
0
0
0
0
0
0
1.02498e-15
-1.19968e-15
0
0
0
0
0
0
0
0
0
0
0
0
0
0
0
0
0
0
0
0
-1.14993e-30
0
0
0
0
0
0
0
0
0
0
0
0
0
0
0
0
0
0
0
0
0
0
0
0
0
0
0
0
0
0
0
0
0
0
0
2.03655e-15
0
0
0
0
0
0
0
0
0
0
0
0
0
0
0
0
0
0
0
0
0
0
0
0
0
0
0
0
0
0
0
0
0
0
1.61465e-15
0
0
0
0
0
0
0
0
0
0
0
0
0
0
0
0
0
0
0
0
0
0
0
0
0
0
0
0
0
0
0
0
0
0
0
0
0
0
0
0
0
0
0
0
0
0
0
0
0
0
0
0
0
0
0
0
0
0
0
0
0
0
0
0
0
0
0
0
0
0
0
0
0
0
0
0
0
0
0
0
0
0
0
0
0
0
0
0
0
0
0
0
0
0
0
0
0
0
0
0
0
0
0
0
0
-7.18283e-18
0
0
0
0
0
0
0
0
0
0
0
0
0
0
0
0
0
-1.83813e-15
-1.70381e-14
0
0
0
0
0
0
0
0
0
0
0
0
0
0
0
0
0
0
0
0
0
0
0
0
0
0
0
0
0
0
6.53468e-16
0
0
0
0
0
0
0
0
0
4.76647e-18
0
0
0
0
0
0
0
0
0
0
0
0
0
0
0
0
0
0
0
0
0
0
0
0
0
0
0
0
0
0
0
0
0
0
0
0
0
0
0
1.10851e-14
0
0
0
0
0
0
0
0
0
0
0
0
0
0
0
0
0
0
0
0
0
0
0
0
0
0
0
0
0
0
0
0
0
0
0
0
0
0
0
0
0
0
0
0
0
0
0
0
0
0
0
9.72506e-16
3.00347e-17
0
0
0
-1.48198e-15
0
0
0
0
0
0
0
0
0
-1.42541e-15
0
0
0
0
0
0
0
0
0
0
0
0
0
0
0
0
-1.57053e-15
0
0
0
0
0
0
0
0
0
0
0
0
0
0
0
0
0
0
0
0
-2.30565e-12
0
0
0
0
0
0
0
0
0
0
0
0
0
0
0
0
0
0
0
0
0
0
0
0
0
0
0
0
0
0
0
0
0
0
0
0
0
0
0
0
0
0
0
0
0
0
0
0
0
0
0
0
0
0
0
0
0
0
0
0
0
0
0
0
0
0
0
0
0
0
0
0
0
0
0
0
0
0
0
0
0
0
0
0
0
0
0
0
0
0
0
0
0
0
0
0
0
0
0
0
0
0
0
0
0
0
0
0
0
0
0
0
0
0
0
0
0
0
0
0
0
0
0
0
0
0
0
0
0
0
0
0
0
0
0
0
0
0
0
0
0
0
0
0
0
0
1.34971e-17
0
0
0
0
0
0
0
0
0
0
0
0
0
0
0
0
0
0
0
0
0
0
0
0
0
0
0
0
0
0
0
0
0
0
0
0
0
0
0
0
0
0
-1.12423e-15
0
5.16705e-16
0
0
0
0
0
0
0
0
0
0
0
0
0
0
0
0
0
0
0
0
0
0
0
0
0
0
0
0
0
0
0
0
0
0
0
0
0
0
0
0
0
0
0
0
0
0
0
0
0
0
0
0
0
0
0
0
0
0
0
0
0
0
0
0
0
0
0
-2.07146e-17
0
0
0
0
0
0
0
0
0
0
0
0
0
0
0
0
0
0
0
0
0
0
0
0
0
0
0
0
0
0
0
0
0
0
0
0
0
0
0
0
0
0
0
0
0
0
0
0
0
0
0
0
0
0
0
0
0
6.25697e-16
0
0
0
0
0
0
0
0
0
0
0
0
0
0
0
0
0
0
0
0
0
0
0
0
0
0
0
0
0
0
0
0
0
0
0
0
0
0
0
0
0
0
0
0
0
0
0
0
0
3.31782e-15
0
0
0
0
0
0
0
0
0
0
0
0
0
0
0
0
0
0
0
0
0
0
0
0
0
0
0
0
0
0
0
0
0
0
0
0
0
0
0
0
0
0
0
0
0
0
0
0
0
0
0
0
0
0
0
0
0
0
0
0
0
0
0
0
0
0
0
0
0
0
0
0
0
0
-3.17963e-14
0
0
0
0
1.02533e-15
0
0
0
0
0
0
0
0
0
0
0
0
0
0
2.06572e-16
2.18494e-16
0
0
0
0
0
0
0
0
0
0
-1.26519e-14
0
0
0
0
0
0
0
0
0
0
0
0
-4.99024e-15
0
0
0
0
0
0
0
0
0
0
0
0
0
0
0
0
0
0
0
0
-1.04171e-17
0
0
0
0
0
0
0
0
0
0
0
0
0
0
0
0
0
0
0
0
0
0
0
0
0
0
0
0
0
0
0
0
0
0
0
0
0
0
0
0
0
0
0
0
0
0
0
0
0
0
0
0
0
0
6.33757e-17
0
0
0
0
0
0
0
0
0
0
0
0
0
0
0
1.0959e-15
0
0
0
0
0
0
0
0
0
0
0
0
0
0
0
0
0
0
0
0
0
1.9931e-15
0
0
0
0
0
0
0
0
0
0
0
0
0
0
0
2.21057e-13
-6.5557e-12
0
0
0
0
0
0
0
0
0
0
0
0
0
0
0
0
0
0
0
0
0
0
0
0
0
0
0
0
0
0
0
0
0
0
0
0
0
0
0
0
0
0
0
0
0
0
0
0
0
0
0
0
0
0
0
0
0
0
0
0
0
0
0
0
0
0
0
0
0
0
0
0
0
0
0
0
0
0
0
0
0
0
0
0
0
0
0
0
0
0
0
0
0
0
0
0
0
0
0
0
0
0
0
0
0
0
0
-1.33171e-15
0
0
0
0
0
0
0
0
0
0
0
0
0
0
0
0
0
0
0
0
0
0
0
0
0
0
0
0
0
0
0
0
0
0
0
0
0
0
0
0
0
0
0
0
0
0
0
0
0
0
0
0
0
0
0
0
0
0
0
0
0
0
0
0
0
0
0
0
0
0
0
0
0
0
0
0
0
0
0
0
0
0
0
0
0
0
0
0
0
0
0
0
0
0
0
0
-8.93739e-13
0
0
0
0
0
0
0
0
0
0
0
0
0
0
0
0
0
0
0
0
0
0
0
0
0
0
0
0
0
0
0
0
0
0
0
0
0
0
0
0
0
0
0
0
0
0
0
0
0
0
0
0
0
0
0
0
0
0
0
0
0
0
0
0
0
0
0
0
0
0
0
0
0
0
0
0
0
0
0
0
0
0
0
0
1.11508e-30
0
0
0
0
0
0
0
0
0
0
0
0
0
0
0
0
0
0
0
0
0
0
0
0
0
0
0
0
0
0
0
0
0
0
0
0
0
0
0
0
0
0
0
0
0
0
0
0
0
0
1.42653e-16
0
0
0
0
0
3.35855e-17
9.94667e-19
0
0
0
0
0
0
7.58665e-16
0
0
0
0
0
0
1.03321e-17
0
5.95392e-18
0
0
0
0
0
0
0
0
0
0
0
0
-1.54725e-16
-6.55305e-18
0
0
0
0
0
0
0
-1.71141e-16
0
0
0
0
0
0
0
0
0
0
0
0
0
0
0
0
0
0
0
0
0
0
0
0
0
0
0
0
0
0
0
0
0
0
0
0
0
0
0
0
0
0
0
0
0
0
0
0
0
0
0
0
0
0
0
0
0
0
0
0
0
0
0
0
0
0
0
0
0
0
0
0
0
0
0
0
0
0
0
0
0
0
0
0
0
0
0
0
0
0
0
0
0
0
0
0
0
0
0
0
0
0
0
0
0
0
0
0
0
0
0
0
0
0
0
0
0
0
0
0
0
0
0
0
0
0
0
0
0
0
0
0
0
0
1.61008e-13
-2.9548e-12
0
0
0
0
0
0
0
0
0
0
0
0
0
0
0
0
0
0
0
0
1.91252e-18
0
0
0
0
0
0
0
0
0
0
0
0
0
0
0
0
0
0
0
0
0
0
0
8.47264e-18
0
0
0
0
0
0
0
0
0
0
0
0
0
0
0
0
0
0
-1.77852e-15
0
0
-8.52984e-16
0
0
0
0
0
0
0
0
0
0
0
0
0
0
0
0
0
0
0
0
0
0
0
0
0
0
0
0
0
0
0
0
0
0
0
0
0
0
0
0
0
0
0
0
0
0
0
0
0
0
0
0
0
4.35222e-16
8.66031e-16
0
0
0
0
0
0
0
0
0
0
0
0
0
0
0
0
0
0
0
0
0
0
0
0
0
0
0
0
0
0
0
0
0
0
0
0
0
0
0
0
0
6.41715e-16
-1.07077e-15
-1.07791e-15
0
0
0
0
0
0
0
0
0
0
0
0
0
0
0
0
0
0
0
0
0
0
0
0
8.67243e-16
0
0
0
8.68822e-16
0
0
0
0
0
0
0
0
0
0
0
0
0
0
0
-1.34453e-16
-3.78436e-12
0
0
0
0
0
0
0
0
0
0
0
0
0
0
0
0
0
-1.05131e-16
0
0
0
0
0
0
0
0
0
0
0
0
0
0
0
0
0
0
0
0
0
0
0
0
0
0
0
0
0
0
0
0
0
0
0
0
0
0
0
0
2.25816e-16
0
0
0
0
0
0
-3.44104e-12
0
0
0
0
0
1.06128e-15
7.83658e-17
0
0
0
0
0
0
0
0
0
0
0
0
0
0
0
0
0
0
0
1.32668e-15
0
4.47113e-14
-3.26353e-14
0
0
0
0
0
2.12765e-15
0
0
0
0
0
0
0
0
0
5.2285e-18
0
0
0
0
0
0
0
0
0
-4.89203e-16
0
0
0
0
0
0
0
0
0
0
0
0
0
0
-1.31319e-15
0
0
0
0
0
0
0
0
0
0
0
0
0
0
0
0
0
0
0
0
0
0
0
0
-1.19306e-16
7.5665e-16
0
0
0
0
0
0
0
0
0
0
0
0
0
0
0
0
0
0
0
0
0
0
0
0
0
0
0
0
0
0
0
0
-2.59823e-12
4.66126e-13
0
0
0
0
0
0
0
0
0
1.24436e-19
0
1.17001e-15
0
0
0
0
0
0
0
0
0
0
0
0
0
0
0
0
0
0
0
0
0
0
0
0
0
0
0
0
0
0
0
0
0
0
0
9.87977e-14
0
0
0
0
0
0
0
0
0
0
0
0
0
0
0
0
0
0
0
0
0
0
0
0
0
0
0
0
0
0
0
0
0
0
0
0
0
0
0
0
0
0
0
0
0
0
0
0
0
0
0
0
0
0
0
0
0
0
0
0
0
-1.20038e-15
0
0
0
0
0
0
0
0
0
0
0
0
0
0
0
0
0
0
0
0
0
0
-1.20056e-15
0
0
0
0
0
0
0
0
0
0
0
0
0
0
0
0
0
0
0
0
0
0
0
0
0
0
0
0
0
0
0
0
0
0
0
0
0
0
0
0
0
0
0
0
0
0
0
0
0
0
0
0
0
0
0
0
0
0
0
0
0
0
0
0
0
0
0
0
0
0
0
0
0
0
0
0
0
0
0
0
0
0
0
0
0
0
0
0
0
0
0
0
0
0
0
0
0
0
0
0
0
0
0
0
0
0
0
0
0
0
0
0
0
0
0
2.68553e-17
-4.28502e-12
0
0
0
0
0
0
0
0
0
0
0
0
0
0
0
0
0
0
0
0
0
-4.38457e-12
0
0
0
0
0
0
0
0
0
0
0
0
0
0
0
0
0
0
0
0
0
0
0
0
0
0
0
0
0
0
0
0
0
0
0
0
0
0
0
0
0
0
0
0
0
0
0
6.94406e-17
0
0
0
-2.36825e-15
0
0
0
0
0
0
0
0
0
0
0
0
0
0
0
0
0
0
0
0
0
0
0
0
0
0
0
0
0
0
0
0
0
0
0
0
0
0
0
0
0
0
0
0
0
0
0
0
0
0
0
0
0
0
0
0
0
0
0
0
0
0
0
0
0
0
0
0
0
0
0
0
0
0
0
0
0
0
0
0
0
0
0
0
0
0
-1.45415e-11
0
0
0
0
0
0
0
0
0
0
0
0
0
0
0
0
0
0
0
0
0
0
0
2.60407e-16
0
0
0
0
0
0
0
0
0
0
0
0
0
0
0
0
0
0
0
0
0
0
0
0
0
0
0
0
0
0
0
-7.31122e-13
-9.86947e-13
0
0
0
0
0
0
0
0
0
0
0
0
0
0
0
0
0
0
0
0
0
0
0
0
0
0
0
0
0
0
0
0
-4.15412e-16
0
0
0
0
0
0
0
0
0
0
0
0
0
0
0
0
0
0
0
0
0
0
-1.28367e-15
0
0
0
0
0
0
-1.05118e-14
0
0
-1.72267e-15
8.11321e-16
-3.7637e-15
0
0
0
0
0
0
0
0
0
0
0
0
0
0
0
0
0
0
0
0
0
0
0
0
0
0
0
0
0
0
0
0
0
0
0
0
0
0
0
0
0
0
0
0
0
0
0
0
0
0
0
0
0
0
0
0
0
0
0
0
0
0
0
0
0
0
0
0
0
0
0
0
0
0
0
0
0
0
0
0
3.24276e-15
0
0
0
0
0
0
0
0
0
0
0
0
0
0
0
0
0
0
0
0
0
0
0
0
0
0
0
0
0
0
0
0
0
0
0
0
0
0
0
0
0
0
0
0
0
0
0
0
0
0
0
0
-3.14987e-12
5.25169e-13
0
0
0
0
0
0
0
0
0
0
0
0
0
0
0
0
0
0
0
0
1.64387e-07
9.34709e-08
1.97689e-07
8.02159e-08
-5.97181e-08
9.0119e-09
3.53482e-09
2.48329e-09
7.24941e-08
-7.99116e-09
6.26025e-08
1.12577e-07
3.55028e-08
5.20076e-08
1.67065e-07
7.43816e-08
1.43695e-07
1.13949e-07
9.06042e-09
8.22067e-08
2.03238e-07
1.11393e-07
1.99627e-07
9.46069e-08
1.22649e-07
4.16553e-08
1.8122e-08
-1.63342e-08
5.47424e-08
1.125e-07
1.90753e-08
4.39834e-08
-2.5888e-08
3.65196e-08
-3.45192e-08
-4.00391e-08
2.56444e-08
-5.32864e-08
1.86765e-08
-1.46404e-08
-7.28619e-08
-2.46997e-08
-8.31177e-08
-9.0105e-08
-3.39559e-08
-6.95002e-08
-7.5422e-08
-1.09866e-07
-6.06096e-08
-1.2021e-07
-1.39288e-07
-5.75789e-08
0
0
0
0
0
0
0
0
0
3.60799e-15
0
0
0
0
0
0
0
0
0
0
0
0
0
0
0
0
0
0
0
0
0
0
0
0
0
0
0
0
0
0
0
0
0
0
0
0
0
0
0
0
0
0
0
0
0
0
0
0
0
0
0
0
0
0
0
0
0
0
0
0
0
0
0
0
7.95769e-09
-5.4741e-08
0
0
-5.4001e-08
-1.02678e-07
-7.3525e-08
-1.80311e-08
-3.24395e-08
-8.75553e-08
-8.49634e-08
-2.69157e-08
0
0
0
0
0
0
-7.12063e-08
-1.21888e-07
-9.23868e-08
-3.56527e-08
-1.43394e-08
-6.92187e-08
-6.21283e-08
-1.33522e-08
-6.60582e-08
1.15259e-08
0
0
1.60498e-08
-4.70472e-08
2.6583e-08
-3.69092e-08
-3.51053e-08
3.28922e-08
0
0
-2.17438e-08
-8.2031e-08
0
0
6.01109e-08
-1.7699e-08
-2.62536e-08
4.0295e-08
3.74083e-08
-3.14982e-08
0
0
0
0
0
0
0
0
0
-4.06635e-08
2.24317e-08
3.43018e-32
0
7.71944e-08
1.82659e-09
0
0
0
4.62139e-08
-2.40569e-08
0
0
0
0
0
0
0
0
0
0
0
0
6.61079e-08
-7.39535e-09
0
8.39738e-08
1.13123e-08
0
0
0
0
0
0
0
0
0
0
0
0
0
0
0
0
0
0
9.49022e-08
2.06981e-08
1.94101e-16
0
0
7.52336e-09
-5.07125e-08
0
-5.82822e-08
-9.44361e-08
0
0
0
-7.66548e-08
-1.89676e-08
-2.97738e-08
-8.61622e-08
0
-1.07578e-07
-2.81484e-08
0
0
0
0
0
0
0
0
0
0
0
0
0
0
3.42975e-08
1.09721e-07
0
0
0
0
0
0
0
0
-5.79412e-08
0
0
-6.89974e-08
-1.20054e-07
1.08892e-15
0
0
0
-1.75786e-08
-6.25235e-08
0
0
0
3.49026e-08
1.2526e-07
1.17098e-07
3.50333e-08
0
0
-6.55354e-08
6.75374e-09
0
0
0
0
0
0
0
0
0
0
0
0
-1.36323e-15
-1.13771e-07
-9.61491e-08
0
0
-1.58035e-14
0
1.6383e-08
-4.33982e-08
2.94351e-08
-3.57031e-08
0
0
0
0
0
0
0
0
0
0
6.25491e-08
-1.62197e-08
0
0
0
-2.84205e-08
3.83987e-08
9.66523e-16
1.83253e-16
0
0
0
2.04448e-08
1.0724e-07
0
0
0
0
1.55003e-07
1.2769e-08
0
3.62217e-18
0
0
0
2.55443e-14
0
2.79383e-16
0
7.94086e-08
3.67406e-09
0
0
4.85051e-08
-2.22866e-08
0
0
0
0
0
0
0
0
0
0
0
0
0
0
0
0
0
0
0
0
0
0
0
0
0
0
0
0
0
0
0
0
0
0
0
2.44093e-08
9.93226e-08
0
0
0
0
0
0
0
0
0
0
0
0
0
0
0
0
0
0
0
0
0
6.83121e-08
-5.53762e-09
0
8.82553e-08
0
0
0
0
0
0
0
0
0
0
0
0
0
0
0
0
0
0
0
0
0
4.12344e-16
0
0
0
0
0
0
0
0
0
0
0
0
0
0
9.8041e-08
2.16024e-08
0
0
0
0
0
0
0
0
0
0
0
0
0
0
0
0
0
0
0
0
0
0
0
6.98148e-08
1.67552e-07
3.02097e-08
1.09726e-07
0
0
0
0
0
0
0
0
0
0
0
0
0
0
0
0
0
0
0
0
0
0
0
0
0
0
3.22885e-08
1.23838e-07
0
0
0
0
0
0
0
0
0
0
0
0
0
0
0
0
0
0
0
0
0
-8.57386e-17
0
2.97499e-17
0
0
0
0
-1.28555e-16
0
4.32535e-16
0
0
0
0
0
0
8.10571e-08
1.72596e-07
1.68058e-07
7.74922e-08
0
0
0
0
0
0
0
0
0
0
0
0
0
0
0
0
0
0
0
0
0
0
0
0
0
0
0
0
0
0
0
0
0
4.11004e-17
0
0
0
0
0
0
0
0
0
0
0
0
0
0
3.88714e-16
0
-1.68809e-15
0
0
0
0
0
0
0
0
1.21577e-07
0
0
0
0
0
0
0
1.48266e-07
1.13977e-07
0
0
0
0
0
0
0
0
0
0
0
0
0
0
0
0
0
0
0
0
0
0
0
0
0
0
0
0
0
0
0
0
0
0
0
0
0
0
0
0
5.66781e-15
0
0
0
0
0
0
0
0
0
0
0
0
0
0
3.62502e-08
0
0
0
0
0
0
0
0
0
0
0
0
0
0
0
0
0
0
0
0
0
0
0
0
0
0
0
0
0
0
0
0
0
0
0
0
0
0
0
0
0
0
0
0
0
0
0
0
0
0
0
0
0
0
0
0
0
0
1.03255e-07
1.87043e-07
0
0
0
0
0
0
0
0
0
0
0
0
0
0
0
0
0
0
0
0
0
0
0
0
0
0
0
0
0
0
5.14871e-08
0
0
0
0
0
0
0
0
0
0
0
0
0
0
0
0
0
0
0
0
0
0
0
0
0
0
0
0
0
0
0
0
0
0
0
0
0
0
0
0
0
0
0
0
0
0
0
0
0
0
0
0
0
2.11495e-07
8.66913e-08
0
0
0
0
0
0
0
0
0
0
0
0
0
0
0
0
0
0
0
0
0
0
0
0
-4.27393e-16
-2.55247e-15
0
0
0
0
0
0
0
0
0
0
0
0
0
0
0
0
0
0
0
0
0
0
0
0
0
2.3228e-16
-3.1427e-16
0
0
0
0
0
0
0
0
0
6.33396e-16
0
0
0
1.36118e-34
0
0
0
-2.03464e-08
-7.93461e-08
6.85994e-08
1.64682e-07
0
0
0
0
0
0
0
0
0
0
0
0
0
0
0
0
3.28606e-15
3.12474e-15
0
0
0
1.03352e-07
2.07135e-07
0
0
0
0
0
0
0
0
0
0
0
0
0
0
0
0
0
0
0
0
0
0
0
0
0
0
0
0
0
0
0
0
0
0
0
0
0
0
0
0
0
0
0
0
0
0
0
0
0
0
0
0
0
0
0
0
0
0
0
0
0
0
0
0
0
0
0
0
0
0
0
0
0
7.67659e-15
1.49039e-15
0
0
0
0
0
0
0
0
0
0
0
0
0
0
0
0
0
0
0
6.4178e-16
-1.41686e-17
0
0
0
0
0
0
0
0
0
0
0
0
0
0
0
0
1.35532e-15
0
0
0
0
0
0
0
0
0
0
0
0
0
0
0
0
0
0
0
0
0
0
0
0
0
0
0
0
0
0
0
0
0
0
0
0
0
0
0
0
0
0
0
0
0
0
0
0
0
0
0
0
0
0
0
0
0
0
0
0
0
0
0
0
0
0
0
0
0
0
0
0
0
7.17253e-08
1.77803e-07
0
0
0
0
0
0
0
0
0
0
0
0
0
0
0
0
0
0
0
0
0
0
0
0
0
0
0
0
0
0
0
0
0
0
0
0
0
0
0
0
0
0
0
0
0
0
0
0
0
0
0
0
0
0
-9.11695e-12
0
0
0
0
0
0
0
0
0
0
0
0
0
0
0
0
0
0
0
0
0
0
0
0
0
0
0
0
0
0
0
0
0
0
0
0
0
0
0
0
0
0
0
0
0
0
0
0
0
0
0
0
0
0
0
0
0
0
0
0
0
0
0
0
0
0
0
0
0
0
0
0
0
0
0
0
0
0
0
0
0
0
0
0
0
0
0
0
0
0
0
0
0
0
0
0
0
0
0
0
0
0
0
0
0
0
0
0
0
0
0
0
0
0
0
0
0
0
0
0
0
0
0
0
0
0
0
0
0
0
0
0
0
0
0
0
0
0
0
0
0
0
0
0
1.7925e-07
8.6607e-08
0
0
0
0
0
0
0
0
0
0
0
0
0
0
0
0
0
0
0
0
0
0
0
0
0
0
0
0
0
0
0
0
0
0
0
0
0
0
0
0
0
0
0
0
0
0
0
0
0
0
0
0
0
1.03034e-07
2.03387e-07
0
0
0
0
0
0
0
0
0
0
0
0
0
0
0
0
0
0
4.40971e-17
0
0
0
0
0
0
0
0
0
0
0
0
0
0
0
0
0
0
0
0
0
0
0
-3.3074e-17
0
0
0
0
0
0
0
0
0
0
0
0
0
0
-6.99845e-16
3.70027e-15
0
0
0
0
0
0
0
0
0
0
0
0
0
0
0
0
0
0
0
0
0
0
0
0
0
0
0
0
0
0
0
0
0
0
0
0
0
0
-2.48237e-12
5.20536e-13
0
0
0
0
0
3.99716e-16
0
0
0
0
0
0
0
0
0
0
0
0
0
0
0
0
0
0
0
0
0
0
0
0
0
0
0
0
0
0
0
0
0
0
0
0
0
0
0
0
0
0
0
0
0
0
0
0
0
0
0
0
0
0
0
0
0
0
0
0
0
0
0
0
0
0
0
0
0
0
0
0
0
0
0
0
0
0
0
0
0
1.28927e-07
1.57698e-07
0
0
0
0
0
0
0
0
0
0
0
0
0
0
0
0
0
0
0
0
0
0
0
0
0
0
0
0
0
0
0
0
0
-2.46604e-17
0
0
0
0
0
0
0
-6.39872e-16
1.85584e-15
0
0
0
2.02521e-07
1.16215e-07
0
0
0
0
0
0
0
0
0
0
0
0
0
0
0
0
0
0
0
0
0
0
0
0
0
-1.61023e-16
3.57706e-16
0
0
0
0
0
0
0
0
2.38694e-16
0
2.19328e-16
0
0
0
0
0
0
0
0
0
0
0
0
0
0
0
0
3.16022e-15
0
0
0
0
0
0
9.0688e-17
3.57448e-17
0
0
0
0
0
0
0
0
0
0
0
0
0
0
0
0
0
0
0
0
0
0
0
0
0
0
0
0
0
0
0
0
0
0
0
0
0
0
0
0
0
0
0
0
0
0
0
0
0
0
0
0
0
0
0
0
0
0
0
0
0
0
0
0
0
0
0
0
0
0
0
-8.6813e-13
0
0
0
0
0
0
0
0
0
1.99183e-07
1.03229e-07
0
0
0
0
0
-3.06153e-17
0
4.84313e-16
0
0
0
0
0
0
0
0
0
0
0
0
0
0
0
0
0
0
0
0
0
0
0
0
0
0
0
0
0
0
0
0
0
0
0
0
0
0
1.73977e-16
0
0
0
0
0
0
0
0
0
0
0
0
1.85158e-16
2.75343e-16
0
0
0
0
0
0
0
0
0
0
0
0
0
0
0
0
0
0
0
0
0
0
0
0
0
0
0
0
0
0
0
0
0
0
0
0
0
0
0
0
0
1.01316e-15
0
0
0
0
0
0
0
0
0
0
0
0
0
0
0
0
0
0
0
0
0
0
0
0
0
0
0
0
0
0
0
0
0
0
0
0
0
0
0
0
0
0
0
0
0
0
0
0
0
0
0
0
0
0
0
0
0
0
0
0
0
0
0
0
0
0
0
0
0
0
-1.3562e-16
0
0
0
0
0
0
0
0
0
0
0
0
0
0
0
0
0
0
0
0
0
0
0
0
-1.03411e-16
0
1.32079e-16
0
0
0
0
0
0
0
0
0
0
0
0
0
0
0
0
0
0
0
0
0
0
5.48877e-16
0
0
0
0
0
0
0
0
0
0
1.87953e-16
0
0
0
0
0
0
0
0
0
0
0
0
0
0
0
0
0
0
0
0
0
0
0
0
0
0
0
0
2.03022e-16
-1.61493e-17
0
0
0
0
0
0
0
0
0
0
0
0
0
0
0
0
0
0
0
0
0
0
0
0
0
0
0
0
0
0
-6.20673e-17
-1.74293e-17
0
0
0
0
0
0
0
0
0
0
0
0
0
0
0
0
0
0
0
0
0
0
0
0
0
0
0
0
0
0
0
2.24758e-30
-8.71869e-16
0
0
0
0
0
0
0
0
0
0
0
0
0
0
0
0
0
0
0
0
0
0
0
0
0
0
6.99619e-16
0
0
0
0
0
0
0
0
0
0
0
0
0
0
0
0
0
0
-7.62039e-16
-5.48596e-16
0
0
0
0
0
0
0
0
0
0
0
0
0
0
0
0
0
0
0
0
0
0
0
0
0
0
0
1.091e-16
0
0
0
0
0
0
0
0
0
0
0
0
0
0
0
0
0
0
0
0
0
0
0
0
0
0
0
0
0
0
0
0
0
0
0
0
0
0
0
0
0
0
6.40294e-16
0
0
0
0
0
0
0
0
0
0
0
0
0
0
-1.34719e-15
0
0
0
0
0
0
0
0
0
0
0
0
0
0
0
0
0
0
0
0
4.04424e-12
0
4.5708e-12
4.75424e-12
0
0
4.39001e-12
4.7283e-12
4.76744e-12
0
0
0
0
0
0
0
0
0
0
0
0
0
0
7.24202e-16
-6.07431e-16
0
1.66334e-15
0
0
0
4.11466e-12
0
0
0
0
0
0
0
0
0
0
3.95204e-12
4.18749e-12
0
0
0
0
0
0
1.09847e-15
0
0
0
0
0
0
0
0
0
0
0
0
0
0
0
0
0
0
0
4.24509e-12
0
0
3.90468e-12
0
0
0
0
0
0
0
0
0
0
0
0
0
0
0
0
0
0
0
0
0
0
0
0
0
0
0
0
0
0
3.75692e-12
3.44797e-12
0
0
0
0
0
0
0
3.07311e-12
0
0
0
0
0
0
0
0
0
8.0975e-10
7.01367e-08
0
0
4.00909e-15
0
0
0
0
0
0
0
3.58441e-12
0
0
0
0
0
0
0
0
0
0
0
0
0
0
0
0
0
0
0
0
0
0
0
0
0
0
0
0
0
0
0
0
0
2.41935e-12
3.56749e-12
0
0
0
0
0
0
0
6.13251e-16
0
0
0
0
0
0
0
0
0
0
0
0
0
0
0
0
0
0
0
0
0
0
0
0
0
-2.46161e-15
0
0
0
0
4.57828e-14
0
0
0
0
0
0
0
5.0678e-12
0
0
1.75123e-16
0
4.94565e-12
4.69519e-12
4.04678e-12
0
-1.62793e-15
0
0
0
0
0
0
0
0
0
0
0
0
0
0
0
-6.64787e-16
1.50772e-15
0
0
0
0
0
0
0
0
0
0
0
0
0
0
0
0
0
4.19501e-12
0
0
0
0
0
7.2496e-12
2.93647e-15
-2.06271e-15
0
0
0
0
0
0
0
0
0
0
0
-1.33881e-16
0
0
0
0
0
0
0
0
0
0
0
0
0
5.08755e-17
0
4.04137e-12
3.9616e-12
0
0
0
0
0
0
0
0
0
0
0
0
0
0
3.88775e-12
3.96223e-12
0
0
0
1.86241e-12
0
0
0
0
0
0
4.9632e-15
0
0
0
0
0
0
0
0
0
0
0
0
0
0
0
0
0
1.29845e-07
1.44712e-07
0
0
0
0
0
0
0
0
0
0
0
0
0
0
0
0
0
0
0
0
2.1584e-15
0
0
0
-8.82095e-13
-9.57855e-13
3.25577e-12
2.41287e-12
0
0
0
0
0
0
0
0
0
0
0
7.15791e-16
-3.97412e-12
-8.86614e-12
0
0
0
0
0
0
0
5.39844e-09
8.17976e-08
0
0
0
0
0
0
3.54964e-12
0
0
0
0
0
0
0
0
0
0
0
0
0
0
-2.0875e-16
0
0
0
0
0
0
0
0
0
0
0
0
0
6.37238e-12
0
0
0
0
0
0
0
2.83489e-12
0
0
0
0
0
0
0
0
0
0
0
0
-5.27835e-16
0
8.65069e-16
0
0
0
0
0
0
0
0
0
0
0
0
3.03454e-12
0
5.40113e-16
0
0
0
0
0
0
0
0
4.83924e-12
0
0
0
0
0
0
0
0
0
0
0
0
0
0
-5.18416e-15
0
0
0
0
-3.42689e-12
0
0
0
0
0
0
2.07029e-12
0
0
0
0
0
0
0
0
0
0
0
0
0
0
0
0
0
0
0
0
0
0
0
0
5.04931e-12
0
0
3.24601e-12
0
0
0
0
1.72257e-07
5.26991e-08
0
0
0
0
0
0
0
0
0
0
0
0
0
0
0
0
0
0
0
0
0
0
0
0
0
0
-1.61667e-15
0
0
0
0
0
0
0
0
0
0
0
0
0
0
0
0
0
0
0
0
0
0
0
0
0
0
0
0
0
0
0
0
0
0
0
3.78671e-12
0
0
0
0
0
0
0
-9.66688e-16
6.57257e-16
0
0
0
0
0
0
0
0
0
0
0
0
0
0
0
0
0
0
0
0
0
0
0
0
0
0
0
0
0
0
0
0
0
0
0
0
0
0
0
0
0
0
0
0
0
0
-4.05452e-15
0
0
-4.55734e-16
0
0
0
0
0
0
0
0
0
0
0
-4.81775e-16
0
0
0
0
0
2.08091e-07
1.14673e-07
0
0
0
0
0
0
0
0
0
0
0
0
0
0
0
0
0
0
-1.93612e-16
0
-1.12379e-30
0
0
0
0
0
0
0
0
0
0
0
0
0
0
0
0
0
0
0
0
0
3.52901e-12
0
0
0
0
0
0
0
0
0
0
0
0
0
0
0
0
0
0
0
0
0
0
0
-2.19365e-13
0
0
0
0
0
0
0
0
0
0
0
0
0
1.14689e-12
1.23538e-12
0
0
0
0
7.21909e-16
0
0
0
0
2.72574e-16
0
0
0
0
0
0
0
0
4.44699e-16
0
0
0
0
0
0
0
0
0
0
0
0
0
0
0
0
0
0
0
0
-7.39661e-17
0
0
0
0
0
0
0
0
0
0
0
0
0
0
0
0
0
0
0
0
0
0
0
0
0
0
0
0
0
0
0
0
0
0
0
0
0
0
0
0
0
0
0
0
0
0
0
0
0
0
0
0
0
0
0
0
0
0
0
0
0
0
0
0
0
0
0
0
0
0
0
0
0
0
0
0
0
0
0
0
0
0
0
0
0
-1.86162e-16
0
0
0
0
0
0
0
0
7.47355e-16
0
6.58239e-12
0
0
0
0
0
0
0
0
0
0
0
0
0
0
0
0
0
0
0
0
0
0
0
0
0
0
0
0
-1.08931e-15
0
0
0
0
0
0
0
0
0
0
0
0
0
0
2.86377e-16
0
0
2.51921e-14
5.41974e-15
-6.44296e-15
0
0
0
-3.00031e-16
0
0
0
0
0
0
0
0
0
0
0
0
0
0
0
0
0
0
0
0
0
0
0
0
0
0
0
0
0
0
0
0
0
0
0
0
0
0
0
0
0
0
0
0
0
0
7.34458e-16
0
0
0
0
-4.54524e-17
1.15701e-15
0
0
0
0
0
0
0
0
0
0
-1.57576e-17
6.99133e-18
0
0
0
0
0
0
0
0
0
0
0
0
0
0
0
0
0
0
0
0
0
0
0
0
0
0
0
0
-2.26288e-16
0
0
0
0
0
7.23841e-16
0
0
0
-5.59728e-16
0
0
0
0
0
0
0
0
0
0
0
0
0
0
0
0
0
0
0
0
0
0
0
0
0
6.1156e-16
0
1.43468e-09
0
0
0
0
0
0
0
-3.94433e-18
3.94185e-18
0
0
0
0
0
0
0
0
0
0
0
0
1.46361e-15
0
0
0
0
0
0
0
0
0
0
0
0
0
0
0
0
0
0
0
0
0
0
0
0
0
0
0
0
0
0
0
0
0
1.07414e-12
0
0
0
0
0
0
0
0
0
0
0
0
0
0
0
0
0
0
0
0
0
0
0
0
0
0
0
0
0
0
0
0
0
0
0
0
0
0
0
0
1.17267e-07
0
0
0
0
0
0
0
0
0
0
0
0
0
0
0
0
0
0
5.59808e-12
0
0
0
0
0
0
2.63574e-12
0
0
0
0
0
0
0
0
0
0
0
0
0
0
0
0
0
0
0
0
0
0
0
0
0
0
0
0
0
0
0
0
0
0
0
0
0
0
0
0
0
0
0
0
0
0
0
0
0
0
0
0
0
0
0
0
-6.77169e-08
0
0
0
0
0
1.02512e-12
0
0
0
0
1.98399e-15
0
0
0
0
0
0
8.14835e-17
0
0
0
0
0
0
0
0
0
0
0
0
0
0
0
0
0
0
0
0
0
0
0
0
0
0
0
0
0
6.16969e-08
0
0
0
0
0
0
0
0
0
0
4.80304e-16
0
0
0
0
0
0
0
0
0
0
0
0
0
0
0
0
0
0
0
0
0
0
0
0
0
0
0
0
0
0
4.13873e-15
0
0
0
0
0
0
0
0
0
0
5.59954e-15
0
0
0
0
0
0
0
0
0
0
0
0
0
0
0
0
0
0
0
0
0
0
0
0
0
0
0
0
0
0
0
0
0
0
0
0
0
0
0
0
0
0
0
0
0
0
0
0
0
0
0
0
0
0
0
0
0
0
0
0
0
0
0
0
0
0
0
0
0
0
0
0
0
7.66364e-16
0
0
1.18985e-14
0
0
0
0
0
-1.34006e-16
1.94207e-16
0
0
0
0
0
0
0
0
0
0
0
0
0
0
0
0
0
0
0
0
0
0
0
0
0
0
0
0
0
1.53291e-12
0
0
0
0
0
0
0
0
0
0
0
0
0
0
0
0
0
0
0
0
0
0
0
0
0
0
0
0
3.14448e-16
-2.32769e-13
0
0
0
0
0
0
0
0
0
9.36719e-13
8.56674e-13
0
0
0
0
0
0
0
0
-6.37067e-14
-4.24191e-12
0
0
0
0
0
0
0
0
0
0
0
0
0
0
0
0
3.4628e-13
-9.30024e-16
0
0
0
0
0
0
0
0
0
0
0
0
0
2.54928e-18
0
0
0
0
0
0
0
0
-4.39934e-16
1.26499e-15
0
2.40283e-15
0
0
0
0
0
0
0
0
0
0
0
0
0
0
0
0
0
0
0
0
0
0
0
9.24304e-16
0
0
0
4.34973e-16
-2.2411e-16
0
0
0
7.21491e-13
0
0
0
0
0
1.38327e-08
3.01847e-12
0
0
0
0
0
0
0
0
0
0
0
0
0
0
0
0
0
0
-5.99475e-16
0
0
0
0
-8.71108e-17
9.36812e-16
0
0
0
0
0
0
0
0
0
0
0
0
-1.25976e-15
0
0
0
0
0
0
0
0
0
0
0
0
2.09156e-15
0
0
0
0
0
0
0
0
0
0
0
0
0
0
0
0
0
0
0
0
0
-6.41909e-08
0
-3.02749e-07
0
0
0
0
0
0
0
0
0
0
0
0
0
0
0
-4.23889e-08
7.28695e-13
0
3.63777e-16
-4.98039e-12
1.19303e-12
0
0
0
0
0
0
0
0
0
0
0
0
0
0
0
0
0
0
0
0
0
0
0
0
0
0
0
0
0
0
0
0
0
0
0
0
0
0
0
0
0
0
0
0
0
2.19531e-30
0
0
0
0
0
0
0
0
0
0
0
0
0
0
0
0
-1.59047e-15
1.75377e-15
0
0
0
0
0
9.54223e-16
-1.19281e-15
0
0
0
0
0
0
0
0
0
0
0
0
-8.84137e-19
0
0
0
0
0
0
0
0
0
0
0
-1.01078e-18
0
0
0
0
0
-4.77197e-16
0
0
0
0
0
0
0
0
0
0
0
0
0
0
0
0
-2.09449e-16
1.60129e-17
0
0
0
0
-2.4225e-15
0
0
8.88088e-13
8.73619e-13
0
0
0
0
1.20593e-15
0
0
0
0
0
0
0
0
0
0
0
0
0
0
0
0
3.5966e-16
0
7.46551e-16
0
0
-1.54161e-07
0
0
1.58131e-11
0
0
0
0
0
0
0
0
0
0
0
0
0
0
0
0
0
0
0
0
0
0
0
0
0
0
0
0
0
0
0
0
0
0
0
0
0
0
3.90077e-12
-4.92892e-08
2.69812e-12
0
0
0
0
0
0
0
0
0
0
0
0
0
0
0
0
0
0
0
0
0
0
0
0
0
0
0
0
0
0
0
0
0
0
0
0
0
0
0
0
0
0
0
0
0
0
0
0
0
0
0
0
0
0
0
0
0
0
0
0
0
0
0
0
0
0
0
0
0
0
0
0
0
0
-1.59298e-16
0
0
0
0
0
0
0
0
0
0
0
0
0
0
0
5.68264e-17
0
-1.99487e-12
0
0
0
-9.09345e-12
0
0
0
0
1.97803e-15
0
3.07956e-12
-4.55907e-08
0
0
0
1.27897e-15
0
0
0
0
0
-4.26787e-12
0
0
0
0
0
0
0
0
0
0
0
0
0
0
0
0
0
-1.3489e-07
4.0872e-12
-1.15496e-19
0
0
0
0
0
0
0
0
0
0
0
0
0
0
3.30511e-16
0
0
0
2.09109e-16
0
7.67988e-13
0
-6.14924e-17
0
0
0
0
0
0
0
0
-3.81633e-12
0
0
0
0
0
0
0
0
0
0
0
0
0
0
0
0
0
0
0
0
0
0
0
0
0
0
0
0
0
0
-7.52698e-16
4.81685e-16
0
0
0
0
0
0
0
2.73874e-16
-3.05816e-16
-1.01634e-12
0
0
0
0
0
0
0
1.036e-07
6.50529e-08
0
0
0
0
0
0
0
0
0
0
0
0
-3.96215e-14
-1.98435e-12
0
0
8.07727e-08
0
0
0
0
0
0
0
0
0
0
0
0
0
0
0
0
0
0
0
0
1.22787e-15
0
0
0
0
0
0
0
6.82104e-08
0
0
-1.397e-12
2.03896e-13
0
0
0
4.46903e-30
0
0
0
0
0
0
0
0
0
0
0
0
0
0
0
0
0
0
0
0
0
0
0
0
-6.61897e-08
0
0
0
0
0
0
0
-4.15277e-12
0
0
0
-9.51734e-18
0
0
0
0
0
0
0
0
0
0
0
0
0
0
0
0
0
0
0
0
0
1.61307e-11
0
0
0
0
0
0
0
0
0
0
0
0
0
0
0
-4.57259e-16
0
0
0
0
0
0
0
0
0
0
0
0
0
0
1.52592e-15
0
0
-1.70267e-16
0
0
0
0
0
0
0
0
0
0
0
0
0
0
0
0
0
0
0
0
0
0
0
0
0
0
0
0
0
0
0
0
0
0
0
0
0
0
1.09935e-07
4.68039e-12
0
0
8.57267e-17
0
0
0
0
0
0
0
0
0
0
0
0
0
0
0
0
0
0
0
0
0
0
0
0
9.23383e-13
5.62396e-13
0
0
0
6.04006e-16
0
0
0
0
0
0
0
0
0
0
0
0
-6.09208e-12
0
0
0
0
0
0
0
0
-5.10537e-12
3.231e-12
0
0
0
0
3.47146e-08
0
0
-1.91527e-08
0
-6.67202e-10
3.65184e-12
0
0
3.05742e-16
0
0
0
0
0
0
0
0
0
0
0
-1.20459e-08
0
0
0
0
0
0
0
0
-9.39644e-17
0
0
0
0
0
0
0
0
0
-1.13703e-07
0
0
0
0
0
0
0
0
0
-1.51228e-16
0
-4.14684e-12
0
0
0
0
0
0
0
5.24311e-15
-1.00102e-14
0
0
0
0
0
0
0
0
0
0
0
0
0
0
0
0
0
0
1.29653e-14
0
0
0
0
0
-2.29255e-16
0
0
0
0
0
0
0
0
0
0
0
0
0
0
0
-1.12932e-12
0
0
0
0
0
0
0
1.7793e-12
-2.19469e-08
0
0
0
0
0
0
0
0
0
0
2.12015e-16
0
0
0
0
0
0
1.01451e-07
0
0
0
0
0
0
-1.64293e-16
0
0
0
0
0
0
0
0
0
3.04372e-08
0
0
0
0
0
0
0
0
0
0
0
1.50667e-16
0
0
0
0
0
0
0
0
0
4.09228e-17
0
0
0
0
0
0
0
0
0
0
0
0
0
0
0
6.03448e-16
0
0
0
0
0
0
0
0
0
0
0
0
0
0
5.62964e-13
0
0
0
0
0
0
0
0
0
0
0
0
0
0
0
0
0
0
0
0
0
0
0
2.46544e-15
0
0
0
3.60064e-12
1.62058e-08
0
0
0
0
0
0
0
0
0
0
0
0
0
0
0
0
0
0
0
5.53648e-16
0
0
0
0
0
0
0
0
0
0
0
0
-1.62748e-16
0
0
0
0
0
0
0
0
0
0
0
0
0
0
0
0
0
0
0
0
0
0
0
0
0
-5.77888e-16
0
3.45421e-16
0
0
0
0
0
0
0
0
0
0
3.89604e-16
0
0
0
0
0
1.35697e-16
0
3.85988e-19
-5.50772e-17
0
0
0
0
0
0
0
0
0
0
0
0
0
0
0
0
0
0
0
0
0
0
0
0
0
0
0
0
0
0
0
0
0
0
0
0
0
0
0
0
0
0
0
0
0
0
0
0
-6.01592e-15
0
0
-1.63883e-07
0
0
0
0
0
0
0
0
0
0
0
0
0
0
0
0
0
0
0
0
0
0
0
0
0
0
0
0
0
0
0
8.56216e-13
0
0
0
0
0
-3.73426e-17
0
0
0
0
0
0
0
0
0
0
0
0
0
0
2.54049e-13
0
0
0
0
0
-6.20047e-08
1.85236e-12
-1.33177e-07
0
0
0
0
0
0
0
0
0
0
0
0
0
0
0
0
-1.06179e-07
0
0
3.74664e-16
2.66721e-16
0
0
-2.53945e-15
-1.84947e-15
0
0
0
0
0
0
0
0
0
0
0
0
-1.70883e-15
0
0
0
0
0
0
0
0
6.71064e-16
1.16126e-07
0
0
0
0
0
-1.13057e-12
5.40834e-08
0
0
0
0
0
1.06809e-07
0
0
0
0
4.08292e-08
0
0
0
0
6.70412e-13
5.18452e-13
8.62321e-08
0
0
-2.33987e-16
0
0
0
0
0
-5.83713e-14
3.03836e-13
0
-1.25552e-15
0
-2.09838e-09
0
0
0
-3.7177e-16
1.98339e-16
0
0
0
0
0
0
0
0
0
0
0
0
0
0
0
5.74131e-16
0
4.49873e-13
-1.67106e-07
0
0
0
0
-1.11806e-07
0
0
0
0
0
0
0
0
0
0
0
0
-1.71621e-07
0
0
0
-2.92616e-11
2.41357e-12
0
0
0
0
0
0
0
0
0
0
4.99515e-15
0
0
0
0
0
0
0
0
0
0
0
5.59805e-15
0
0
0
0
0
0
1.43275e-12
1.08404e-12
0
1.20946e-17
0
0
0
0
3.42733e-16
0
0
0
0
0
0
0
0
0
5.52256e-13
0
0
0
0
0
0
-1.29502e-17
0
0
0
0
0
0
0
0
0
0
0
0
0
0
-1.30211e-15
0
0
0
0
0
0
0
0
0
0
8.80535e-17
-2.21782e-17
0
0
0
0
0
0
0
0
0
0
7.26136e-13
0
0
0
-1.23256e-12
0
-1.05194e-12
0
0
0
0
0
0
0
0
0
0
0
0
0
0
0
-1.43083e-12
0
0
0
0
0
0
0
0
0
0
0
0
-1.11072e-30
0
0
0
0
0
0
0
0
1.38819e-12
1.544e-12
0
0
0
0
0
0
0
0
0
0
1.94902e-15
0
0
0
0
0
0
0
0
0
0
0
0
0
0
0
0
0
0
0
0
0
0
0
0
-1.10548e-07
0
0
0
0
0
0
0
0
0
0
0
0
0
0
0
0
0
8.36283e-16
0
0
0
0
0
0
0
1.95582e-07
0
0
0
2.56872e-16
1.46962e-15
0
0
0
0
0
0
0
0
0
0
0
0
0
0
0
0
0
0
0
0
0
0
0
0
0
0
-1.78676e-15
0
0
0
0
0
-1.01552e-12
0
0
0
0
0
0
0
0
0
0
0
0
0
0
0
0
0
0
0
0
0
0
-6.28379e-08
0
0
0
0
0
0
0
0
0
0
0
0
0
0
0
0
0
0
0
0
0
0
0
0
0
0
0
0
0
0
-7.13978e-13
0
-4.91138e-13
0
0
0
-1.86981e-15
0
0
5.24334e-13
0
0
0
0
0
0
0
-1.2427e-12
0
0
0
0
0
0
0
0
0
0
0
0
0
0
0
1.13011e-16
-4.75328e-17
0
0
0
0
4.92365e-12
0
0
0
0
0
0
0
0
0
0
0
0
0
0
0
0
0
1.70852e-16
0
0
1.40007e-16
0
0
0
0
0
0
0
0
0
0
0
0
0
0
0
0
0
0
0
0
0
0
3.75675e-16
0
3.5758e-12
-5.04581e-08
0
0
0
0
-6.89915e-13
0
-4.30215e-15
7.02177e-16
0
0
0
0
0
0
0
0
0
0
0
0
0
3.70045e-13
4.36991e-13
0
0
0
0
0
0
0
0
0
0
0
0
0
0
0
0
0
8.1062e-15
0
0
0
0
0
0
0
0
0
0
0
0
0
0
0
0
0
0
0
0
0
0
0
0
0
0
0
0
0
0
0
0
0
0
0
0
0
0
0
2.08368e-13
0
0
0
0
0
0
0
0
0
0
0
0
0
0
0
0
0
0
0
0
0
0
0
0
-8.65822e-13
-2.63626e-11
0
0
0
0
0
0
0
0
0
0
0
0
0
0
-2.10203e-16
-8.62747e-13
0
0
0
0
0
0
0
-2.92102e-16
0
0
0
0
0
0
0
0
0
0
0
0
0
8.03379e-13
0
-8.41301e-13
0
0
0
0
0
0
0
0
0
0
0
0
0
0
-1.67846e-12
0
0
0
0
0
0
0
0
0
0
0
0
0
0
0
0
-1.14916e-12
6.62992e-13
0
0
0
0
0
0
0
0
0
0
0
0
0
0
0
0
0
0
0
0
0
0
0
1.04097e-12
0
-5.24453e-16
0
0
0
0
0
1.20216e-16
0
0
0
0
0
2.82161e-16
0
0
0
0
0
0
-1.60953e-07
0
0
0
0
0
0
0
0
0
0
0
0
0
0
0
0
0
0
0
0
0
0
0
0
0
1.28905e-16
1.75993e-17
0
0
0
0
0
0
0
0
0
0
0
0
0
0
0
0
0
0
0
0
0
0
0
0
0
0
0
0
0
0
0
1.16272e-12
0
-1.88712e-15
0
0
-1.04922e-12
0
0
0
-3.1487e-15
0
0
0
0
0
0
0
0
4.09109e-16
-2.12676e-16
0
0
0
0
0
0
0
0
0
-4.22573e-17
0
0
0
0
0
0
0
0
0
0
0
0
0
0
0
0
0
0
0
0
0
0
0
-6.50911e-13
0
0
0
0
0
0
0
0
0
0
0
8.52205e-13
0
0
0
0
0
0
2.9215e-16
0
0
0
0
-1.95227e-18
0
0
0
8.26503e-13
0
0
0
0
0
0
0
0
0
0
0
0
0
0
0
0
0
0
0
0
0
0
-8.66448e-13
0
0
0
0
0
0
0
0
5.44752e-13
0
-7.78575e-13
0
0
0
-3.44764e-15
0
0
0
0
0
0
0
-3.21688e-16
0
0
0
-3.27996e-16
3.58709e-16
0
0
0
0
0
0
0
0
1.02151e-12
2.71513e-16
0
0
0
0
0
0
0
1.23011e-12
0
0
0
0
0
0
0
0
0
0
0
0
0
0
0
0
0
0
0
0
0
0
0
0
0
0
0
2.22888e-12
0
0
0
0
0
0
0
0
0
0
0
0
0
0
0
0
0
0
0
0
0
0
0
0
0
-2.57412e-16
0
0
0
-6.91368e-17
0
0
0
0
0
0
0
0
0
0
0
7.94874e-13
0
0
0
0
1.06522e-16
0
0
0
-2.8453e-12
0
0
0
0
0
-1.09796e-12
0
-8.5633e-13
0
0
0
0
0
0
0
0
0
1.04626e-17
0
0
0
-8.99639e-18
5.89679e-19
0
0
0
0
0
0
0
0
0
0
0
0
-1.49863e-12
0
3.01345e-13
0
0
0
0
-9.74366e-15
0
6.96207e-13
-7.45997e-13
0
0
0
0
9.60976e-13
0
-1.09133e-12
1.55175e-16
0
0
0
0
0
0
0
0
0
0
0
0
0
0
0
0
-6.94744e-13
0
0
0
4.37685e-16
0
0
0
0
0
0
0
0
0
0
0
0
0
0
0
0
0
0
0
6.03646e-17
4.87187e-16
0
0
0
0
-1.22936e-12
0
0
0
0
0
0
0
0
1.14711e-12
0
0
0
0
0
0
0
0
0
0
0
-5.03678e-13
0
0
0
0
0
0
0
0
0
0
0
0
0
0
0
-1.27655e-12
0
0
0
0
0
0
0
0
0
0
0
0
0
0
0
0
0
0
0
0
0
0
0
0
0
0
0
0
0
0
0
0
0
0
0
0
0
0
0
0
0
0
-9.88929e-08
0
0
0
0
0
0
0
0
0
0
0
0
0
0
0
0
0
0
0
0
5.32595e-13
0
0
0
0
0
0
0
0
0
0
0
0
0
0
1.06301e-15
0
0
0
0
0
0
0
0
-8.68971e-17
1.29133e-12
1.05932e-12
0
-1.14309e-12
-4.2465e-19
0
0
0
0
0
0
0
-3.45688e-16
0
0
0
0
0
0
0
0
0
0
0
0
0
0
0
0
0
0
0
-9.49193e-13
0
0
0
0
8.78594e-13
0
0
0
0
0
0
0
0
0
0
0
0
0
0
0
0
0
0
0
0
2.71394e-16
8.50239e-08
0
0
0
0
0
0
0
0
0
0
0
0
0
0
0
0
0
2.90653e-13
0
0
0
-6.60202e-15
-1.02391e-15
0
0
0
0
0
1.37207e-31
0
0
9.50239e-13
0
0
0
0
5.12061e-16
0
0
0
0
0
0
0
0
0
-1.1907e-12
0
0
0
0
0
0
0
0
0
0
1.14129e-12
0
0
0
0
0
0
0
0
0
0
0
0
-7.49729e-13
0
2.26125e-16
0
0
0
0
0
0
0
0
0
0
-9.29147e-13
0
0
7.95207e-13
0
0
0
0
0
-1.37007e-12
0
0
0
0
0
0
0
0
0
0
0
0
6.47426e-13
0
0
0
0
0
0
0
0
0
0
0
5.69592e-16
0
0
0
0
0
0
0
0
0
5.53682e-16
0
0
-1.44713e-15
0
0
0
0
0
0
0
0
0
0
0
0
0
0
0
)
;

boundaryField
{
    frontback
    {
        type            empty;
        value           nonuniform List<scalar> 0();
    }
    topbottom
    {
        type            calculated;
        value           uniform 0;
    }
    outlet
    {
        type            calculated;
        value           nonuniform List<scalar> 0();
    }
    inlet
    {
        type            calculated;
        value           uniform 0;
    }
    walls
    {
        type            calculated;
        value           nonuniform List<scalar> 
135
(
-4.34602e-07
-2.07147e-07
-3.77738e-07
3.28997e-07
-4.10231e-07
-2.1527e-07
-3.53368e-07
1.34036e-07
-5.15835e-07
-5.56452e-07
1.01542e-07
1.42159e-07
-1.50283e-07
-1.09666e-07
-2.96504e-07
-4.42725e-07
-4.83342e-07
-4.02108e-07
-3.69614e-07
-1.82776e-07
-6.29563e-07
-5.88946e-07
-3.28997e-07
-2.23393e-07
-7.71722e-08
-2.6401e-07
-3.65553e-08
-4.0617e-09
2.84319e-08
6.90488e-08
1.74653e-07
2.1527e-07
2.47763e-07
2.8838e-07
3.20874e-07
3.61491e-07
3.93985e-07
9.3419e-08
3.12751e-07
1.82776e-07
2.3964e-07
2.23393e-07
3.85861e-07
2.55887e-07
1.6653e-07
1.50283e-07
1.09666e-07
6.09254e-08
2.03085e-08
4.0617e-09
2.07147e-07
-8.52956e-08
-2.84319e-08
-1.21851e-08
3.65553e-08
-1.58406e-07
-4.46787e-08
-1.17789e-07
-1.909e-07
-2.31517e-07
8.52956e-08
3.04627e-07
1.909e-07
2.31517e-07
2.72134e-07
-2.8838e-07
3.37121e-07
3.77738e-07
1.58406e-07
-3.20874e-07
-3.04627e-07
1.17789e-07
4.18355e-07
5.28021e-08
1.21851e-08
-9.3419e-08
-2.03085e-08
-2.55887e-07
-3.37121e-07
-1.6653e-07
-5.28021e-08
-2.47763e-07
-1.25913e-07
-1.99023e-07
-2.3964e-07
-4.75218e-07
-2.80257e-07
-3.12751e-07
-5.07712e-07
-4.91465e-07
-3.45244e-07
-5.23959e-07
-3.85861e-07
-5.80823e-07
-4.18355e-07
-5.97069e-07
1.99023e-07
-4.67095e-07
-6.2144e-07
-4.99589e-07
-5.32082e-07
-6.13316e-07
-5.72699e-07
-6.37686e-07
-6.05193e-07
-1.42159e-07
-5.48329e-07
-1.74653e-07
-4.50848e-07
-6.4581e-07
3.69614e-07
1.25913e-07
7.71722e-08
-1.01542e-07
-3.93985e-07
-6.09254e-08
-3.61491e-07
4.26478e-07
3.53368e-07
-1.34036e-07
2.96504e-07
3.45244e-07
4.46787e-08
-2.72134e-07
-5.40206e-07
2.6401e-07
-6.90488e-08
-4.58972e-07
-4.26478e-07
4.10231e-07
2.80257e-07
7.71722e-08
-5.64576e-07
4.02108e-07
6.90488e-08
)
;
    }
    procBoundary0to1
    {
        type            processor;
        value           nonuniform List<scalar> 
104
(
0
0
0
0
0
0
0
0
1.84274e-12
0
0
0
0
0
0
0
0
0
0
0
0
0
0
1.21989e-16
0
0
0
0
0
0
0
0
0
0
0
0
0
0
0
0
0
0
0
0
0
0
0
0
0
0
0
0
0
0
0
0
0
0
0
0
0
0
0
0
0
0
0
-8.00972e-12
0
0
0
0
0
0
0
0
0
0
0
0
0
0
0
0
0
0
0
0
0
0
0
0
0
0
0
0
0
2.70036e-15
0
-1.1034e-07
6.84567e-16
3.31533e-16
0
0
)
;
    }
    procBoundary0to2
    {
        type            processor;
        value           nonuniform List<scalar> 
83
(
0
0
0
0
0
-5.96569e-12
-2.37684e-16
0
0
0
0
0
0
0
0
0
0
0
0
0
6.28982e-16
0
0
-9.55581e-16
-2.04629e-14
0
0
0
0
0
0
0
0
0
0
0
0
0
0
0
0
0
0
0
0
0
0
1.24947e-15
0
0
-1.19696e-14
-6.22312e-16
4.20586e-15
6.57391e-15
-1.12379e-30
-2.25486e-15
0
0
0
0
0
0
-2.28999e-07
3.42034e-16
0
2.78115e-16
-3.91949e-16
0
0
0
-2.17927e-15
3.8478e-16
0
0
-3.571e-16
0
-5.11135e-16
-5.82842e-15
0
-2.1787e-14
1.76025e-16
0
0
)
;
    }
}


// ************************************************************************* //
