/*--------------------------------*- C++ -*----------------------------------*\
| =========                 |                                                 |
| \\      /  F ield         | OpenFOAM: The Open Source CFD Toolbox           |
|  \\    /   O peration     | Version:  v2012                                 |
|   \\  /    A nd           | Website:  www.openfoam.com                      |
|    \\/     M anipulation  |                                                 |
\*---------------------------------------------------------------------------*/
FoamFile
{
    version     2.0;
    format      ascii;
    class       surfaceScalarField;
    location    "900";
    object      meshPhi;
}
// * * * * * * * * * * * * * * * * * * * * * * * * * * * * * * * * * * * * * //

dimensions      [0 3 -1 0 0 0 0];
oriented        oriented;


internalField   nonuniform List<scalar> 
20537
(
0
0
0
-3.90884e-15
1.34751e-14
0
0
0
0
0
0
0
0
0
0
0
0
0
0
0
0
0
0
0
0
0
0
-8.24783e-15
0
8.76379e-16
0
0
0
0
0
0
0
0
0
-2.06881e-17
-3.76339e-17
0
0
0
0
0
0
0
0
0
0
0
0
0
0
0
0
0
0
0
0
0
0
0
0
0
0
0
0
0
0
0
0
0
0
0
4.65819e-08
2.14661e-12
0
0
0
0
0
0
0
0
0
0
0
0
0
0
0
0
0
0
0
0
0
0
0
0
0
0
-1.33102e-15
0
0
0
0
0
0
0
0
-2.28523e-12
1.29464e-15
-1.79714e-12
0
0
0
0
0
0
0
0
0
3.72969e-14
-2.51238e-16
0
0
0
0
0
0
0
0
0
0
0
6.65458e-16
0
6.5154e-16
-3.86039e-17
-9.42009e-13
-2.80595e-12
0
0
0
0
0
0
0
0
0
0
0
-1.35101e-15
-1.83193e-17
1.22746e-16
0
0
0
0
0
0
0
-4.11924e-16
-1.39795e-16
0
0
0
0
0
0
0
0
0
0
0
0
0
0
0
0
0
0
0
0
0
0
5.10622e-13
3.96768e-15
-8.98696e-13
0
0
0
7.16395e-17
2.24944e-16
0
0
0
0
0
0
0
0
0
0
-6.75424e-13
-1.57934e-16
-3.39853e-13
0
0
0
-4.3188e-15
-3.94289e-13
0
0
0
0
0
0
0
0
0
0
0
0
0
0
0
0
0
0
0
-5.64883e-16
8.38396e-15
0
0
0
0
0
0
0
0
0
0
0
0
0
0
0
0
0
0
0
0
0
0
0
0
0
0
0
0
0
0
-1.44641e-16
-2.37681e-16
-5.78513e-18
0
0
0
0
0
0
0
0
0
0
0
0
0
0
0
0
0
0
0
0
0
0
0
0
0
0
0
0
0
0
0
0
0
0
0
3.37493e-14
3.00975e-16
0
0
0
0
0
0
0
0
0
0
0
1.13492e-12
-6.82509e-12
0
0
0
0
0
0
0
0
0
0
0
0
0
0
0
0
0
0
0
0
0
0
0
0
0
-2.20613e-14
0
0
0
6.08703e-17
0
0
0
0
0
0
0
0
0
0
0
-1.82826e-16
0
-1.7748e-16
-1.86146e-15
-6.38902e-17
0
0
0
0
0
0
0
0
0
0
0
0
0
0
0
0
0
0
0
0
0
0
0
0
0
0
0
0
-5.82265e-17
0
0
0
0
0
0
0
0
0
0
0
0
0
8.63427e-16
0
0
0
0
0
0
0
0
0
-9.38678e-16
2.59006e-16
0
0
0
0
0
0
0
0
0
0
0
0
0
0
0
-2.03368e-16
-2.67893e-15
-1.48218e-12
9.71029e-14
0
0
0
0
0
-3.52972e-16
0
0
0
0
0
0
0
0
0
0
0
0
0
0
0
0
0
0
0
0
0
0
0
0
0
0
0
0
0
0
0
0
0
0
0
2.22823e-15
-6.06285e-15
0
0
0
0
-6.48974e-17
9.63857e-17
0
0
0
0
0
0
0
-3.26606e-16
0
0
0
0
0
0
0
0
0
0
0
0
0
0
0
0
0
0
0
0
0
0
0
0
0
0
0
0
0
0
0
0
0
0
0
0
0
0
0
0
0
0
0
0
0
0
3.44219e-16
-3.25217e-16
0
0
0
0
0
0
0
0
0
0
0
0
0
0
0
0
0
0
0
0
0
0
0
0
0
0
0
0
0
0
0
0
0
0
0
0
0
0
0
0
0
-7.6642e-17
-1.11556e-17
0
0
0
0
0
0
0
0
0
0
0
0
0
0
0
0
0
0
0
0
0
0
0
0
0
0
0
0
0
0
0
0
0
0
0
0
0
0
0
0
0
2.45583e-17
0
-1.32353e-16
0
0
0
0
0
0
0
0
0
0
0
0
0
0
0
-6.15906e-15
-1.10489e-15
0
0
0
0
0
0
0
0
3.09485e-12
-2.09315e-08
-5.76317e-08
0
0
0
0
0
0
0
0
0
0
0
0
0
0
0
0
0
0
0
0
0
0
0
0
0
0
0
0
0
0
0
0
0
0
0
0
0
0
0
0
0
0
0
0
0
0
0
0
0
0
0
0
0
0
0
0
0
-1.79433e-15
0
0
0
0
4.19128e-14
2.25372e-15
0
0
0
0
0
0
0
0
0
0
0
0
0
0
0
0
0
0
0
0
0
0
0
0
0
0
0
0
0
0
0
0
0
0
0
0
0
0
0
0
0
0
0
0
0
0
0
0
0
0
0
0
0
0
0
0
0
0
0
0
0
0
0
0
0
0
0
0
0
0
0
0
0
0
0
0
0
0
0
0
0
0
0
0
0
0
0
0
0
2.84917e-13
2.41822e-12
0
0
0
0
0
0
0
0
0
0
0
0
0
0
0
0
0
0
0
0
0
0
0
0
0
0
0
0
0
0
0
0
0
0
0
0
0
0
0
4.74471e-15
-3.69479e-17
0
0
0
0
0
0
0
0
0
0
0
0
0
-2.74148e-14
0
-2.19114e-30
0
0
0
0
0
0
0
0
0
0
0
0
0
0
0
0
0
0
0
0
0
4.81659e-16
6.99971e-17
0
0
0
0
0
0
0
0
0
0
0
0
0
0
0
0
0
0
0
0
0
0
0
0
0
0
0
0
0
-4.45045e-16
8.68717e-17
0
0
0
0
0
0
0
0
0
1.89828e-14
0
0
0
0
0
0
0
0
0
-3.73539e-17
-8.61873e-16
1.47267e-15
0
0
0
0
0
0
-1.70784e-16
0
0
0
0
0
0
0
0
0
0
0
0
0
0
0
0
0
0
0
-2.09105e-15
-1.34397e-16
0
0
0
0
0
0
0
0
0
0
0
0
0
0
2.83495e-15
1.58575e-14
0
0
0
0
0
0
0
0
0
0
0
0
0
0
0
0
0
0
0
0
0
0
0
0
0
0
0
0
0
0
0
0
0
0
0
0
0
0
0
0
0
0
0
0
0
0
0
0
0
0
0
0
0
0
0
0
0
0
0
0
0
0
0
0
0
0
0
0
0
0
0
-3.53091e-13
-1.56681e-15
-1.65072e-14
0
0
0
0
0
0
0
0
0
0
0
0
0
0
-1.45439e-15
2.23265e-16
0
0
0
0
0
0
0
0
0
0
0
0
0
-2.33237e-15
1.35341e-15
-2.56894e-17
0
0
0
0
0
0
0
0
0
0
0
0
0
0
0
0
0
0
0
0
-3.81776e-15
-9.45624e-15
1.55425e-16
0
0
0
0
0
0
0
0
0
0
0
8.7247e-15
0
0
0
0
0
0
0
0
0
0
0
0
0
0
0
0
0
0
0
0
0
0
0
0
0
0
0
0
0
0
0
0
0
0
0
0
0
0
0
0
0
0
0
0
0
0
0
0
0
0
0
6.13726e-17
-1.47203e-15
-1.65044e-15
0
0
0
0
0
0
0
0
0
0
0
0
0
0
0
0
0
0
0
0
0
0
0
0
0
0
0
0
0
0
0
2.11933e-12
-6.07613e-12
0
0
0
0
0
0
0
0
0
0
0
0
0
0
0
0
0
0
0
0
0
0
0
0
0
0
0
0
0
0
0
0
0
0
0
0
0
0
0
0
0
0
0
0
0
0
0
0
0
0
0
0
0
0
0
0
0
0
0
0
0
0
0
0
0
0
0
0
0
0
0
4.59592e-14
1.51354e-16
0
0
0
0
0
0
0
0
0
0
0
0
0
0
0
0
0
0
0
0
0
0
0
0
0
0
0
0
0
0
0
0
0
-2.99075e-15
-4.41954e-15
0
5.89131e-15
9.3561e-15
0
-7.60314e-16
6.5246e-15
-8.45072e-16
0
0
0
1.60089e-16
-9.64887e-17
0
0
0
0
0
0
0
0
0
0
0
0
0
0
0
0
0
0
0
0
0
0
0
0
0
0
0
0
0
0
0
0
0
0
0
0
0
0
0
0
0
1.22603e-15
0
-1.25379e-15
0
0
0
1.71254e-14
-7.8392e-15
0
0
0
0
0
0
0
0
0
0
0
0
0
0
0
0
0
0
0
0
0
0
0
0
0
0
0
0
0
0
0
0
0
0
0
0
0
0
0
0
0
0
0
5.90365e-17
-1.09936e-15
-4.99188e-17
0
-3.9707e-16
0
0
4.16582e-14
2.19986e-16
0
0
0
-3.576e-13
-2.41376e-13
0
0
0
0
0
0
0
0
0
0
0
0
0
0
0
0
0
0
0
0
0
0
0
0
0
0
-1.11505e-14
1.76316e-29
0
0
0
0
0
0
0
0
0
0
0
0
0
0
0
0
0
0
0
0
0
0
0
0
0
0
0
0
2.80729e-15
0
0
0
0
-1.54092e-14
1.12451e-14
0
0
0
0
0
0
0
0
0
-9.64685e-17
-1.39592e-15
0
0
0
0
0
0
0
0
0
0
0
-8.849e-16
0
0
0
0
0
0
0
-6.81293e-15
0
0
0
0
0
0
0
0
0
0
0
0
0
0
0
0
0
0
0
0
0
6.58556e-15
-7.73222e-16
0
0
0
-2.64244e-15
0
0
0
0
0
0
0
0
0
-1.10562e-15
6.93512e-15
-3.0204e-16
0
4.35753e-15
0
0
0
0
0
0
0
0
0
0
0
0
0
0
0
0
0
-2.11975e-16
-9.1296e-17
2.95925e-16
0
0
0
0
0
0
0
0
0
0
0
1.35755e-17
5.83987e-17
-2.96928e-17
0
0
0
0
0
0
0
0
0
0
1.80378e-15
0
0
0
0
0
0
0
0
0
1.0551e-16
0
1.49441e-16
0
0
0
0
0
0
0
0
0
0
0
0
0
0
0
0
0
0
0
2.19407e-15
5.92499e-17
1.98177e-15
0
0
0
0
0
0
0
0
0
0
1.78877e-15
0
0
0
0
0
0
0
0
0
0
0
0
0
1.46659e-16
0
-1.10198e-30
-4.57574e-16
0
0
0
0
0
0
0
0
0
0
0
0
0
0
0
0
0
0
0
0
5.4321e-16
4.63998e-16
0
0
0
0
2.39434e-14
2.6081e-14
2.19617e-12
-6.37451e-12
1.03721e-12
0
0
0
0
1.00423e-15
1.24958e-15
0
0
0
0
0
0
0
0
0
0
0
0
0
0
0
0
0
0
0
0
0
0
0
0
0
0
0
0
0
0
0
0
0
0
0
0
0
0
0
0
0
0
0
0
0
0
0
0
0
0
0
0
0
0
0
0
0
0
0
0
0
0
0
0
0
0
0
0
0
0
0
0
0
0
0
0
0
0
0
0
0
0
0
0
0
0
0
0
0
0
0
0
0
0
0
0
0
0
-1.13077e-16
0
0
0
0
0
0
0
0
0
0
0
0
0
0
0
0
0
0
0
0
0
0
0
0
0
0
0
3.09417e-16
0
0
0
0
-2.60417e-15
0
0
0
0
0
0
0
-4.10989e-16
2.40027e-15
0
0
0
0
0
0
0
0
0
0
0
0
2.46223e-16
-2.12958e-15
0
0
0
0
0
0
0
0
0
0
0
0
4.43898e-17
-1.14707e-15
0
0
0
0
0
0
0
0
0
0
0
0
0
0
0
1.88732e-17
-2.82222e-12
1.90339e-13
0
0
0
0
0
0
3.35732e-13
0
1.79351e-13
0
0
0
0
0
0
1.03441e-15
-1.29024e-12
0
0
0
0
0
0
0
0
0
0
0
0
1.92816e-15
0
0
0
0
0
0
0
-1.27942e-16
2.73102e-17
0
0
0
0
1.0986e-14
0
0
0
0
0
0
0
0
0
0
0
0
0
0
0
0
0
0
0
0
0
0
0
0
0
0
0
0
0
0
0
0
0
0
0
0
0
0
0
0
0
0
0
-4.21016e-15
-2.42974e-15
0
0
0
0
0
0
0
0
0
0
0
0
5.22886e-13
-2.11514e-14
0
0
0
0
0
0
0
0
0
0
0
0
0
0
0
0
0
0
0
0
0
0
0
1.0726e-16
2.18502e-18
0
0
0
0
0
0
0
0
0
0
0
0
1.09557e-30
-8.52427e-16
-2.70785e-15
0
0
0
0
0
-7.99915e-17
-8.83465e-15
-8.24148e-15
0
0
0
0
1.04605e-14
1.28458e-14
0
0
0
0
0
-1.1312e-15
4.30159e-17
-4.30557e-16
0
0
0
0
0
0
0
0
0
0
0
0
0
0
0
0
0
0
0
0
0
0
0
0
0
1.50064e-13
4.60777e-13
0
0
0
0
0
0
0
0
0
0
0
0
0
0
0
0
0
0
0
0
-1.16211e-16
3.37587e-16
0
0
0
2.34707e-15
-1.60223e-15
0
0
0
0
-2.02946e-12
1.1662e-15
-1.31929e-12
0
0
1.18379e-15
0
0
0
0
0
0
0
0
0
0
0
-3.47107e-13
0
0
0
0
0
9.65201e-16
3.41355e-14
0
0
-2.63137e-12
6.73096e-14
0
0
0
0
0
0
0
0
0
1.09877e-30
0
0
2.31003e-16
8.41379e-17
3.26498e-17
0
0
0
5.06864e-17
-1.97343e-15
0
0
0
-2.18943e-15
-1.01605e-15
0
0
0
0
0
0
0
0
0
0
0
0
0
0
0
0
0
8.98468e-16
0
0
0
0
1.20713e-16
3.31678e-17
0
0
0
0
0
0
0
0
0
0
0
0
0
0
0
0
0
0
0
0
0
3.78309e-16
-6.07992e-15
-1.26975e-16
0
0
0
0
0
0
0
0
0
3.42425e-15
-3.53579e-14
0
0
0
0
0
0
0
0
0
0
0
0
0
0
0
5.05903e-17
0
0
0
0
0
0
0
0
1.42053e-15
-7.32522e-16
0
0
0
0
0
0
0
0
0
0
-1.26489e-15
3.71069e-15
0
0
5.75321e-16
0
0
0
0
0
0
0
0
0
0
0
0
0
0
0
0
0
0
-2.74645e-16
-2.18274e-16
0
0
0
0
0
0
0
0
0
0
0
0
0
0
0
0
0
0
0
0
0
-2.21734e-16
3.29688e-15
5.73363e-17
0
0
0
0
0
0
0
0
-2.5944e-18
0
0
0
0
0
0
0
0
0
0
0
6.11824e-14
0
-7.53757e-14
0
0
0
0
0
0
0
0
0
0
0
0
0
0
0
0
0
0
0
0
0
0
-1.18143e-15
0
0
0
0
0
0
0
0
0
0
0
0
0
0
0
0
0
0
0
0
0
0
0
0
0
0
0
0
0
0
-2.55453e-13
-2.20675e-13
1.67437e-16
0
0
4.84618e-16
-1.07786e-16
0
0
0
0
0
0
0
0
0
0
0
0
0
0
0
0
0
0
0
0
0
0
0
0
0
0
0
0
0
0
0
0
0
0
0
0
0
0
0
0
0
0
0
0
0
0
0
0
-2.5378e-17
-3.25401e-16
0
0
0
6.9397e-15
-1.04694e-14
0
0
0
0
0
0
0
0
0
0
0
3.843e-16
-4.58801e-16
0
0
0
0
0
0
0
0
0
0
0
0
0
0
0
0
0
0
0
0
0
0
3.87623e-17
-3.32409e-16
3.78901e-14
-9.38252e-15
0
8.9513e-15
0
0
0
0
0
0
0
0
0
0
0
0
0
0
0
0
0
0
0
0
0
0
0
0
0
0
0
0
0
0
0
0
0
0
0
0
0
0
0
0
0
0
1.26781e-15
0
0
0
0
0
0
0
0
0
0
0
0
0
-5.58694e-17
-2.52088e-12
7.67979e-14
0
0
0
0
0
0
0
0
0
0
-1.88937e-14
0
3.40203e-15
0
0
0
0
0
0
0
0
0
0
0
0
0
0
0
0
0
0
0
0
0
0
-2.60264e-13
0
-2.34921e-13
0
0
0
0
0
0
0
0
0
0
0
0
0
0
0
0
0
0
0
0
0
0
0
0
0
0
0
-3.49193e-14
0
0
0
1.14311e-15
0
0
0
0
0
0
0
0
0
0
0
0
0
0
-4.27612e-12
2.44642e-13
0
0
0
0
0
0
2.24332e-16
-2.63739e-15
0
0
0
0
0
0
0
0
0
0
-1.15002e-15
0
7.20407e-17
-2.45257e-16
0
0
0
0
0
0
0
0
0
0
0
0
0
0
0
0
0
0
0
0
0
0
0
0
0
0
0
0
0
0
0
0
0
0
0
0
-3.072e-13
0
0
0
0
0
0
0
0
0
0
0
0
0
9.01341e-16
5.93593e-16
-5.07784e-18
1.22961e-16
0
0
0
0
0
0
0
0
0
0
0
0
0
0
0
0
0
0
0
0
0
-1.99194e-15
0
0
0
0
0
0
0
0
0
0
0
0
0
0
0
0
0
0
0
0
-1.62976e-17
2.69465e-16
-2.76219e-15
0
6.61683e-17
0
0
0
-1.31679e-16
-1.86381e-15
0
1.57074e-14
1.60185e-14
0
0
0
0
0
0
0
0
0
0
0
0
0
0
0
0
0
0
0
1.43617e-15
-1.56914e-16
0
1.38353e-15
8.54244e-33
0
0
0
0
0
-7.80554e-16
0
-1.3169e-16
0
0
0
0
0
0
0
0
0
0
0
0
0
0
0
0
0
0
0
0
0
0
0
0
0
-2.41622e-17
-1.24164e-15
0
0
0
0
0
0
0
0
0
0
0
0
0
0
0
0
1.07259e-15
0
0
2.38564e-16
4.54179e-16
3.5236e-15
-6.72945e-17
0
0
0
0
0
0
0
0
0
0
0
0
0
0
0
0
0
0
0
0
0
0
0
0
0
0
0
0
0
0
0
0
0
2.1868e-13
1.28508e-13
0
0
0
0
0
0
0
0
0
0
0
0
0
0
0
-1.04685e-15
0
0
0
0
0
0
0
0
0
0
0
0
0
0
0
0
0
0
0
0
0
0
0
0
0
0
0
0
0
0
0
0
0
0
0
0
0
0
0
0
0
0
0
0
0
0
0
0
0
0
0
0
0
0
0
0
0
0
0
0
0
0
0
0
-5.38222e-15
0
0
0
0
0
0
0
0
0
0
0
0
-5.80492e-16
-7.3379e-16
0
0
0
0
0
0
0
1.53766e-15
-2.09858e-16
0
0
0
0
0
0
1.75928e-15
6.24768e-15
0
0
0
0
0
0
0
-1.97477e-17
-1.2078e-15
0
0
0
0
0
0
0
0
0
0
0
0
0
0
0
0
0
0
0
0
0
0
0
0
0
0
0
0
0
0
0
0
0
-4.18951e-15
5.44961e-17
-7.16975e-17
0
0
0
0
0
0
0
0
0
0
0
0
0
0
0
0
0
1.49116e-15
-1.68786e-15
-9.33615e-16
0
0
0
0
0
0
0
0
0
0
0
0
0
0
0
0
0
0
0
0
0
-5.12383e-15
8.8301e-15
0
-3.07632e-16
-7.27993e-16
-1.18914e-15
-3.77269e-15
0
0
0
0
0
0
0
0
0
0
0
0
0
1.74931e-15
1.08691e-16
-1.40891e-15
0
-7.14813e-16
0
0
0
0
0
0
0
0
0
0
0
0
0
0
0
0
0
0
0
0
0
0
0
0
0
-4.87666e-15
1.52517e-16
1.59202e-13
-8.73744e-13
0
0
0
0
0
-9.21698e-19
4.75008e-16
0
0
0
0
0
0
0
0
0
0
0
0
0
0
0
1.21076e-14
0
0
-3.34957e-17
-1.89897e-15
0
0
0
0
0
0
0
0
-4.35665e-30
2.55125e-15
0
0
0
0
0
0
0
0
0
0
0
0
0
0
0
0
0
0
0
0
0
-2.32771e-16
-5.47784e-31
0
0
0
0
0
0
0
0
0
0
0
0
0
0
0
0
2.08689e-15
4.20824e-15
0
0
0
0
0
0
0
0
0
0
0
0
0
-6.67275e-13
0
-3.40289e-13
0
0
0
0
0
0
0
0
0
0
0
0
0
0
0
0
0
0
0
0
0
0
0
0
0
0
0
0
0
0
0
0
-3.05199e-17
-2.73892e-31
1.11907e-15
0
-1.09664e-30
0
0
0
0
0
0
0
0
4.0872e-17
0
0
0
0
0
0
0
0
0
0
0
0
0
0
0
0
0
0
0
0
0
0
0
0
0
0
0
0
0
0
0
0
0
0
-1.81303e-15
0
9.74482e-16
0
-6.3982e-16
0
0
0
0
0
0
0
0
0
0
0
0
0
0
0
0
0
0
0
0
1.97769e-16
1.0019e-15
0
3.75277e-15
0
0
0
0
0
1.57285e-14
-9.39367e-13
0
0
0
0
0
1.12945e-15
0
0
0
2.18388e-16
1.30364e-16
0
0
0
0
0
0
0
0
0
0
0
0
0
0
0
0
0
0
0
0
0
0
0
0
0
0
0
0
0
0
0
0
0
0
0
0
0
0
0
0
0
0
0
0
0
0
0
0
0
-2.70375e-13
-5.71916e-12
0
0
0
0
0
0
0
0
0
0
0
0
0
0
-7.53281e-16
-2.32185e-14
0
0
0
0
0
0
0
0
0
0
0
0
0
0
0
-1.32277e-16
-3.18641e-17
2.24533e-16
0
0
0
0
0
0
0
0
0
0
0
0
-3.13538e-13
-1.97277e-12
0
0
0
-8.10043e-13
-1.7776e-15
0
7.82911e-15
0
0
0
0
0
0
0
0
0
0
0
0
0
0
0
0
0
0
0
0
0
0
0
0
0
0
0
-3.7728e-16
0
0
0
0
0
0
0
0
0
0
0
0
0
-3.10599e-15
-2.66195e-15
3.5864e-16
0
0
0
0
0
0
-1.76592e-13
3.21087e-15
-2.6106e-16
0
-1.30471e-16
0
0
0
0
0
0
0
1.03056e-15
2.76936e-15
0
0
0
0
0
0
-2.42761e-17
1.85169e-15
1.74013e-16
0
0
0
0
0
0
0
0
0
0
0
1.55321e-16
0
0
0
0
0
0
0
0
0
0
0
0
0
0
0
0
0
0
0
0
0
0
0
0
0
0
0
-2.01083e-17
0
0
0
0
0
0
0
-1.47839e-12
0
0
0
0
2.19114e-30
0
0
0
0
0
0
0
0
0
0
0
0
0
0
0
0
0
0
0
0
0
-2.15378e-15
0
0
0
3.30675e-17
0
0
0
0
0
0
0
1.72691e-15
-4.58243e-17
0
0
0
0
0
0
0
0
0
0
8.26826e-13
0
0
0
0
0
0
0
0
0
0
0
0
0
0
0
0
0
0
0
0
0
0
2.50637e-17
0
0
0
0
0
0
0
0
0
0
0
0
0
0
0
0
0
0
0
0
0
0
0
4.36426e-16
0
0
0
0
0
0
0
0
0
0
-8.76455e-30
0
0
0
0
0
0
-4.56808e-15
0
-7.85079e-15
3.70526e-15
0
0
0
0
0
0
0
0
0
0
0
0
0
0
0
0
0
0
0
0
0
0
0
0
0
0
0
0
0
0
0
0
0
0
0
0
-6.94907e-16
0
-1.13934e-14
0
0
0
0
0
0
0
0
0
0
0
0
0
0
0
0
0
0
0
-8.83025e-18
3.98967e-17
3.36192e-17
0
0
0
0
0
0
-1.33991e-16
2.4304e-16
0
0
0
0
0
0
0
0
0
0
0
0
0
0
0
0
-4.67312e-16
-6.36182e-16
0
1.05385e-16
-1.01924e-16
-2.33673e-14
0
-1.53833e-14
0
0
0
0
0
0
0
0
0
0
0
0
0
-9.62279e-17
0
0
0
0
0
0
0
0
3.30633e-16
-1.64935e-15
0
0
0
1.30542e-15
1.40851e-15
0
-1.9606e-17
1.83846e-17
0
0
7.86356e-16
-1.78845e-16
0
0
0
0
0
0
0
-3.68711e-14
0
0
0
0
0
0
0
0
0
0
0
0
0
-3.79138e-17
-1.4104e-15
0
0
0
0
0
-2.20395e-30
9.85734e-17
0
0
0
0
0
0
0
0
0
0
-5.27208e-17
0
-4.31652e-16
0
9.00456e-15
1.29698e-16
-4.44351e-17
0
9.38043e-17
0
0
0
0
0
2.97728e-16
0
0
0
0
0
0
0
0
0
0
0
0
0
0
0
0
0
-1.07326e-15
-1.03193e-17
0
0
0
0
0
2.14503e-15
6.52164e-17
2.30266e-17
0
0
0
0
0
0
0
0
-1.05413e-16
0
0
0
0
0
0
0
0
0
0
0
0
0
1.13216e-15
2.51134e-17
-3.76937e-17
0
0
0
4.05885e-15
0
0
0
0
0
0
0
-6.19722e-16
0
0
0
0
0
0
0
0
0
0
-1.39654e-16
0
0
0
0
0
0
0
0
0
0
0
0
0
0
0
5.09131e-15
0
0
0
0
0
0
0
0
0
0
0
0
0
-1.1101e-15
0
0
0
0
0
0
0
0
0
0
0
0
0
-1.12887e-15
0
0
0
0
0
0
0
0
0
0
0
0
0
0
0
0
0
0
0
1.38652e-15
-8.55101e-17
0
0
0
0
0
0
0
0
2.63745e-16
-5.78315e-16
0
0
0
0
0
0
0
0
0
0
0
0
0
0
0
0
1.85959e-16
1.05845e-17
0
0
0
0
0
0
-1.53192e-15
-5.72475e-17
0
0
0
0
0
0
0
0
0
0
0
0
0
0
0
0
0
0
0
0
0
0
0
0
0
-1.04147e-16
4.42872e-17
-6.67332e-17
0
0
0
0
0
0
0
0
0
0
0
0
0
-2.31387e-17
0
0
0
0
0
0
0
0
0
0
2.90893e-15
0
0
0
0
0
0
0
0
0
0
2.08127e-13
0
0
0
0
0
0
0
0
0
0
0
5.4009e-17
-7.60196e-17
0
0
0
0
0
0
0
0
0
2.79261e-16
-1.29768e-16
0
0
0
0
0
0
0
0
0
0
0
0
0
0
0
0
0
-1.58787e-15
0
3.01863e-16
0
0
1.17649e-15
0
0
0
0
-4.71972e-16
0
4.58457e-16
0
0
0
0
0
0
0
0
0
0
0
0
0
0
0
0
0
0
0
0
0
0
0
0
0
0
0
0
6.79928e-17
0
0
0
0
0
0
0
0
0
0
0
0
0
0
0
0
0
0
0
0
0
0
0
0
0
0
0
0
0
0
0
0
0
0
0
0
0
0
0
-8.15316e-17
0
0
0
0
0
0
0
0
0
0
0
0
0
0
0
0
0
0
0
0
0
0
0
0
0
0
0
0
0
6.35788e-16
0
0
0
0
0
0
0
0
0
0
0
0
0
0
0
0
0
0
0
-1.20552e-12
0
0
0
0
0
0
0
0
0
0
0
0
0
0
0
0
0
-1.50871e-15
9.28256e-17
-2.62424e-29
0
0
0
2.34941e-15
7.35515e-15
0
0
0
0
0
0
0
0
0
0
0
0
0
0
0
0
0
0
0
0
0
0
0
0
0
0
0
0
0
0
0
0
0
0
0
0
0
0
-5.37998e-16
0
1.61056e-16
0
0
0
0
0
0
0
0
0
0
0
0
0
0
0
0
0
0
0
0
0
-5.73304e-17
4.51957e-16
0
0
0
0
0
0
0
0
-2.06694e-15
9.49644e-17
0
0
0
0
0
0
0
0
0
0
0
0
0
0
0
0
0
0
0
0
0
0
0
0
0
0
0
0
0
0
0
0
0
0
0
0
0
0
0
0
0
0
0
0
0
0
0
0
0
0
0
-1.28611e-16
-4.82333e-14
0
0
0
-1.38389e-15
0
-7.86501e-16
0
0
0
0
0
0
0
0
0
0
0
0
0
0
0
0
0
0
0
8.80359e-16
0
0
0
0
0
0
0
0
0
0
0
0
0
0
0
0
0
0
0
0
0
0
4.94338e-16
0
0
0
0
0
0
0
0
-1.34948e-16
0
0
0
0
0
0
0
0
0
0
0
0
0
0
0
0
0
-1.51239e-16
1.30394e-17
1.03613e-15
0
0
0
0
0
0
0
0
0
0
0
0
0
0
0
0
0
0
0
0
0
0
-2.62811e-17
2.89806e-17
0
0
0
0
0
0
0
0
0
0
0
0
0
0
0
0
0
0
0
0
0
0
4.17709e-15
0
-1.20387e-15
0
0
0
0
0
0
-2.39598e-15
0
0
0
0
0
0
0
0
0
0
-4.77495e-17
-8.11725e-17
0
0
0
0
0
0
0
0
0
0
0
0
-9.25644e-16
1.78714e-15
4.47823e-15
0
-1.52779e-14
3.98122e-16
0
0
0
0
4.01394e-15
2.14179e-15
0
0
0
0
0
0
0
-5.16092e-17
-2.42896e-15
0
0
-7.36417e-17
0
0
0
0
0
0
4.21503e-17
0
0
0
0
0
0
0
1.32934e-16
-2.86766e-13
0
0
0
0
0
0
0
0
0
0
0
0
0
0
0
0
0
0
0
0
0
0
6.15591e-14
0
0
0
0
0
0
0
0
0
0
0
0
0
0
0
0
0
0
0
0
0
0
0
0
0
0
0
0
0
0
0
0
0
0
0
0
0
0
0
0
0
0
0
0
0
0
0
0
0
0
0
0
0
0
0
0
0
0
0
0
0
0
0
0
0
0
0
0
0
0
-4.01939e-17
0
0
0
0
0
0
0
0
0
0
0
0
0
0
0
0
0
0
0
0
0
0
0
0
0
0
0
0
1.56021e-14
0
0
0
0
0
0
0
0
0
0
0
0
0
0
0
0
-3.46791e-16
0
0
0
0
0
-6.84597e-16
1.05603e-15
0
0
0
0
0
0
0
0
-2.5865e-14
-1.83105e-14
0
0
0
0
0
0
0
0
0
0
0
0
0
-2.22544e-17
0
0
0
0
0
0
0
0
0
0
0
0
0
0
0
0
8.4698e-16
1.13295e-14
0
0
-1.46472e-16
0
0
0
0
0
0
0
0
0
0
-3.34536e-13
-4.36876e-13
-1.17997e-15
-2.76712e-16
0
0
0
0
0
0
0
0
0
0
0
0
0
0
0
0
0
0
0
0
0
0
0
0
0
-9.39701e-17
0
0
0
0
0
0
0
0
0
0
1.58834e-16
0
0
0
0
0
0
0
0
0
0
0
0
0
2.64759e-15
0
8.28024e-16
0
0
0
0
0
0
0
0
0
0
0
0
0
0
0
0
0
0
0
0
0
0
0
0
0
0
0
0
0
0
-3.84049e-17
0
0
0
0
0
0
0
-6.38054e-17
-9.87895e-16
0
0
0
0
0
0
0
0
0
0
0
0
0
0
0
0
0
0
0
-5.91573e-16
0
0
0
0
0
0
0
0
0
0
-1.15583e-16
0
0
0
0
0
0
0
0
0
0
0
0
0
0
0
0
0
0
0
0
0
0
0
0
0
0
0
0
0
0
0
1.94698e-15
0
0
4.70258e-13
-1.0603e-14
1.43767e-15
0
-5.66226e-15
0
0
0
0
0
0
0
0
0
0
0
0
0
0
0
0
0
0
4.25595e-16
0
0
0
0
0
0
0
0
0
0
0
0
-5.27181e-16
-7.46675e-15
0
0
0
0
-2.36632e-12
-4.92796e-17
0
0
0
0
0
0
0
0
0
0
0
0
0
0
0
0
0
0
0
0
0
0
0
0
2.36315e-15
-4.57171e-16
0
0
0
0
0
0
0
0
0
0
0
0
0
0
0
0
1.22875e-15
0
0
0
0
0
0
0
0
0
0
0
0
-3.0466e-15
0
0
0
0
0
0
0
0
0
0
0
0
0
0
0
0
0
0
0
0
0
0
0
0
0
0
0
0
-2.16739e-16
2.76967e-16
6.29483e-15
0
0
2.98487e-16
0
0
0
0
0
0
0
0
0
0
0
0
0
0
0
0
0
0
0
0
0
0
0
0
0
0
0
0
0
0
0
0
0
1.34913e-15
0
1.62202e-15
0
0
0
0
0
0
5.1454e-15
0
0
0
0
0
0
0
1.08916e-30
0
0
0
0
0
0
0
0
0
0
0
0
0
0
0
0
0
0
0
0
0
0
0
0
0
0
0
0
0
-1.02771e-16
0
0
0
0
0
0
0
0
0
0
0
0
0
0
0
1.8422e-14
2.83106e-15
0
0
0
0
0
-7.10125e-15
0
0
0
-1.55815e-14
3.82134e-14
0
-2.56471e-15
0
0
0
0
0
0
0
0
0
0
0
0
0
0
0
0
0
0
0
0
0
0
0
0
0
0
0
0
0
0
0
0
0
0
0
0
0
0
0
0
0
0
0
0
0
0
0
0
3.83588e-16
0
0
0
0
0
0
0
0
6.19186e-17
1.25753e-16
-7.09046e-15
0
0
0
0
0
0
0
0
0
0
0
0
0
0
0
0
0
0
1.31273e-15
0
0
0
0
0
0
0
0
0
0
0
0
0
0
0
0
0
0
0
0
0
0
0
0
0
0
0
0
0
0
0
0
0
0
0
0
0
0
0
0
1.81842e-15
3.4023e-15
0
0
0
0
0
0
0
3.31654e-16
0
-3.20399e-15
1.6397e-15
7.99521e-15
0
0
0
0
0
0
0
0
0
0
0
0
0
0
0
0
0
0
0
0
0
0
1.35991e-15
0
0
0
0
0
0
0
0
0
0
0
0
0
0
0
0
0
-2.91962e-15
0
0
0
0
0
0
0
0
0
0
0
0
0
0
0
0
0
0
0
-2.12283e-16
0
0
0
0
0
0
0
0
0
0
0
0
0
0
0
0
0
0
0
0
0
0
0
0
0
0
0
0
0
0
0
0
0
0
0
0
0
0
0
0
0
0
0
0
0
0
0
0
0
0
0
4.58645e-16
-1.21406e-16
-1.25903e-16
-8.45204e-15
0
0
0
0
0
0
0
0
0
0
0
0
0
0
0
1.26557e-15
0
0
0
0
0
0
0
0
0
0
0
0
0
0
0
0
0
0
0
-1.27127e-16
-1.36252e-30
0
0
0
0
0
0
0
0
0
0
0
0
0
-1.27322e-14
2.41755e-15
0
5.26884e-16
0
0
0
0
0
0
0
0
0
0
0
3.07275e-15
0
0
0
0
0
3.68586e-15
0
0
0
0
0
0
0
0
0
0
0
0
0
0
0
0
0
0
0
0
0
0
0
0
0
0
0
0
0
0
0
-2.61939e-15
-1.57502e-15
0
0
0
1.54217e-14
0
0
0
0
0
0
0
0
0
0
0
0
0
0
0
0
0
0
-1.58024e-15
0
0
0
0
0
0
0
0
0
0
0
0
0
0
7.85938e-16
0
0
0
0
0
0
-1.56296e-15
0
0
0
0
0
0
0
0
0
0
0
0
0
0
0
0
0
0
0
0
0
0
-4.36682e-15
1.60362e-15
0
0
0
0
0
0
0
0
0
0
0
0
0
0
0
0
0
0
0
0
0
0
0
3.70713e-16
0
0
0
0
0
0
0
0
0
0
0
0
0
0
0
0
0
0
0
0
0
0
0
0
-1.51325e-14
0
1.74266e-29
0
0
-6.95881e-14
0
0
0
0
0
0
0
0
0
0
0
1.38505e-16
-7.86572e-15
0
0
0
0
0
0
0
0
0
0
0
0
0
0
0
-8.19564e-17
0
0
0
0
0
0
-1.23701e-15
0
0
0
0
0
0
0
0
0
0
-2.6647e-15
0
0
0
0
0
0
0
0
0
0
0
0
0
3.35916e-15
0
0
0
0
0
0
0
0
0
0
0
0
0
0
1.1183e-14
9.03958e-15
0
0
0
0
0
0
0
0
0
0
0
0
0
0
0
0
0
0
0
2.13527e-17
0
0
0
0
0
0
0
0
0
0
0
0
0
0
0
0
0
0
0
0
0
0
0
0
0
0
0
0
0
0
0
0
0
0
0
0
0
0
0
0
0
0
0
0
0
0
0
0
0
0
0
0
0
0
0
0
0
0
0
0
0
0
0
0
0
0
0
-7.24111e-15
0
0
0
0
0
0
0
0
0
0
0
0
0
0
0
0
0
0
0
0
0
-6.82521e-18
0
0
0
0
0
0
0
0
0
0
0
0
0
0
0
0
0
0
0
0
0
0
0
0
0
0
0
0
-1.12159e-15
0
1.21125e-15
7.84207e-14
0
0
0
0
0
0
0
0
0
0
0
0
0
0
0
0
-9.11294e-16
0
0
0
0
0
0
0
0
9.68911e-17
1.83165e-16
0
0
0
0
0
0
9.07957e-17
2.61895e-15
2.76665e-17
0
0
0
0
0
0
2.53051e-14
0
0
0
0
0
0
0
0
0
0
0
0
0
0
0
0
0
0
0
0
0
0
0
0
0
0
0
0
0
0
0
0
0
0
0
0
0
0
0
0
0
0
3.18815e-15
0
1.32655e-16
0
0
0
0
0
0
0
0
0
0
0
0
0
0
0
2.16935e-16
-3.19061e-15
-1.72837e-16
0
0
0
0
0
0
0
0
0
0
6.95534e-16
-1.12462e-14
3.50642e-15
0
0
0
0
0
0
0
0
0
0
0
0
0
0
0
0
0
0
0
0
0
0
0
0
0
0
0
0
0
0
0
0
0
0
0
0
0
0
0
0
0
0
0
0
0
-9.26078e-17
0
0
0
0
2.10638e-15
0
-9.83289e-16
-3.25411e-17
0
0
0
0
0
0
0
0
0
-5.97479e-16
-2.89329e-17
0
0
0
0
0
0
0
0
0
0
0
0
0
0
0
0
0
0
0
0
0
0
0
0
0
0
0
0
0
0
0
0
0
0
0
0
0
0
2.93443e-15
0
0
0
0
0
0
0
0
0
0
-4.25856e-15
1.17e-14
0
0
0
0
0
0
0
-2.15608e-14
5.9895e-16
0
0
0
0
0
4.11017e-15
1.74631e-13
0
0
0
0
0
0
0
0
0
0
0
0
0
0
0
0
0
0
0
0
0
0
0
0
0
0
0
0
0
0
0
2.48563e-16
7.04363e-16
0
0
0
0
0
0
0
0
0
0
0
0
0
0
0
0
0
0
0
0
0
0
0
0
0
0
0
0
0
0
0
0
0
0
0
0
0
0
0
0
0
0
0
0
0
0
0
0
0
0
0
0
0
0
0
0
0
0
0
0
0
9.39199e-18
0
1.78137e-15
0
0
0
0
0
-1.15176e-15
0
0
0
0
0
0
0
0
0
0
0
0
0
0
0
0
-4.60097e-16
0
0
0
0
0
0
0
0
0
0
0
0
0
0
0
0
0
0
0
0
0
0
0
0
0
0
0
0
0
0
0
0
0
0
0
0
0
0
0
0
0
0
1.30484e-14
0
0
0
0
6.61887e-15
0
0
0
0
0
0
0
0
0
0
0
0
0
0
0
0
-4.49917e-16
3.75317e-16
0
0
0
0
0
0
0
0
0
0
0
0
0
0
0
0
0
0
0
0
0
0
0
0
0
0
-6.41238e-15
0
0
2.86054e-15
-7.98364e-15
0
0
0
0
0
0
0
0
0
0
0
0
0
0
0
0
0
0
0
0
0
0
0
0
-1.51173e-16
-5.82806e-17
0
0
0
0
0
0
0
0
0
0
0
0
0
0
0
0
0
7.4191e-15
0
0
0
0
0
0
0
0
0
0
0
0
0
0
0
0
0
0
0
0
0
0
0
0
0
0
0
0
0
0
0
0
0
0
0
0
0
0
0
1.32991e-16
-4.83797e-16
0
0
0
0
0
0
0
3.52357e-14
0
0
0
0
0
0
0
0
0
0
0
0
0
0
0
0
0
0
0
0
0
0
0
0
0
0
0
0
0
0
0
0
0
0
0
0
0
0
0
0
0
0
6.11907e-15
-5.82424e-12
0
0
0
0
0
0
0
0
0
0
0
0
0
0
0
0
0
0
0
0
0
0
0
0
0
0
0
0
0
-6.83377e-15
0
0
0
0
0
0
0
0
0
0
-8.0816e-16
-6.82795e-16
0
0
0
0
0
0
0
0
0
0
0
0
0
0
0
0
-9.13424e-17
-1.23317e-14
0
0
0
0
0
0
0
0
0
0
0
0
0
0
0
0
0
0
0
0
0
0
0
0
0
0
0
0
0
0
0
-6.11846e-17
8.5806e-17
0
0
0
0
0
0
0
0
0
0
0
0
0
0
0
0
0
0
0
0
0
6.94173e-15
9.981e-16
0
0
0
0
0
0
0
0
0
0
0
0
0
0
0
0
0
0
0
0
0
0
0
0
0
0
0
0
0
0
0
1.07744e-15
0
0
0
0
0
0
0
0
0
0
0
0
0
0
0
0
0
0
0
0
0
0
0
0
0
-5.1976e-15
-1.17214e-15
0
0
0
0
0
0
0
0
0
0
0
0
0
0
0
0
0
0
0
0
0
0
0
0
0
0
0
0
0
0
0
0
0
0
0
0
0
0
0
0
0
0
0
0
0
0
0
0
0
0
0
0
0
0
0
0
0
0
-1.03194e-16
0
0
0
0
0
0
0
0
0
0
0
-1.63578e-16
0
0
0
0
0
0
0
0
0
0
0
0
0
0
0
0
0
0
0
0
0
0
0
0
0
0
0
0
0
0
0
0
0
0
0
0
1.73048e-13
0
0
0
0
-1.47935e-14
-6.04052e-16
0
0
0
0
0
0
0
1.66349e-15
0
0
0
0
0
0
0
0
0
0
0
0
0
0
0
0
0
0
0
0
0
0
0
0
0
0
0
-4.18078e-16
0
0
-1.21131e-15
0
0
0
0
0
0
0
0
0
0
0
0
0
0
0
0
0
0
0
0
0
0
0
0
0
0
0
0
0
0
0
0
0
0
0
0
0
0
0
0
0
0
0
0
1.08705e-14
0
1.52754e-14
0
0
0
0
0
0
0
0
0
0
0
0
0
0
0
0
0
0
0
7.00078e-15
-6.46103e-15
0
0
0
0
0
0
0
0
0
0
0
0
0
0
0
0
0
0
0
0
0
0
0
0
0
0
3.18198e-16
-1.95466e-16
-7.81422e-16
0
0
0
0
0
0
-2.92111e-16
3.34141e-15
-3.33839e-15
0
0
0
0
0
0
0
0
0
0
0
0
0
0
0
0
0
0
4.60371e-15
-1.25044e-15
0
0
0
0
0
0
0
0
0
0
0
0
0
0
0
0
0
0
0
0
0
0
0
0
0
0
0
0
0
0
0
0
0
0
0
0
0
0
0
0
0
0
0
0
0
0
0
0
0
0
0
0
0
0
0
0
0
0
0
0
0
0
0
0
0
0
0
0
0
0
0
0
0
0
0
0
0
0
0
0
0
0
0
0
0
0
0
0
0
0
0
0
0
0
0
0
4.36946e-30
1.90674e-16
0
0
0
0
0
0
0
0
0
0
0
0
0
0
0
0
0
4.63856e-17
0
0
0
6.51339e-17
0
0
0
8.74746e-30
0
0
0
-7.18592e-15
0
0
0
0
0
1.58272e-15
0
0
0
0
0
0
0
0
0
0
0
0
0
0
0
0
-2.791e-16
0
0
0
0
0
-4.01162e-16
0
0
0
0
0
0
0
0
0
0
0
0
0
0
0
0
0
0
0
0
0
0
0
3.7103e-15
-2.75458e-14
4.47881e-15
0
0
0
0
2.93331e-14
-6.71134e-15
0
0
0
0
0
-4.52826e-16
3.88828e-16
-7.05496e-16
0
0
0
0
0
0
0
0
3.25834e-14
-2.65401e-14
-4.85367e-16
0
0
0
0
0
0
0
0
0
0
0
0
0
0
0
0
0
0
0
0
0
0
0
0
0
0
0
0
0
0
0
0
0
0
0
0
0
0
0
0
0
0
0
0
0
0
0
0
0
0
0
0
0
0
0
0
0
0
0
0
0
0
0
0
0
0
0
0
0
0
0
0
0
0
0
0
0
0
0
0
0
0
0
0
0
0
0
0
0
0
0
0
0
0
0
-6.00991e-17
8.30036e-17
2.77054e-15
0
0
0
0
0
0
0
0
0
0
0
0
0
0
0
0
0
0
1.29885e-16
0
0
0
0
0
0
0
0
0
0
0
0
0
0
0
0
0
0
0
0
-9.59474e-17
8.2167e-17
0
0
0
0
0
0
0
0
0
0
0
0
0
0
0
0
0
0
0
0
0
0
0
0
0
0
0
0
4.84095e-16
-1.07369e-16
0
0
0
0
0
0
0
0
0
0
0
0
0
0
0
0
0
0
0
0
0
0
0
0
0
0
0
0
0
0
0
0
0
0
0
0
0
0
0
0
0
0
0
0
4.5484e-16
0
0
0
0
0
0
0
0
0
0
0
0
0
0
0
0
0
0
0
0
0
0
0
0
0
0
0
0
0
0
0
0
0
0
0
0
0
0
0
0
0
0
0
0
0
0
0
0
0
0
0
0
0
0
0
0
0
0
0
0
0
0
0
0
0
0
0
0
0
0
0
0
0
0
0
0
0
0
0
0
0
0
0
0
0
3.63323e-15
-6.6263e-15
0
0
0
0
0
0
0
0
0
0
0
0
0
0
0
0
0
0
0
0
0
0
0
1.19512e-15
0
0
0
-1.3104e-13
0
0
0
0
0
0
0
0
0
0
0
0
0
0
0
0
0
7.87063e-14
-5.42691e-17
-3.55424e-14
0
0
0
0
0
0
0
2.58394e-16
0
0
0
0
0
0
0
0
0
0
0
0
0
0
0
0
0
0
0
0
0
0
0
0
0
0
0
0
0
0
1.81746e-14
-7.83917e-16
0
0
0
0
0
0
0
0
0
0
0
0
0
0
0
0
0
0
0
0
0
0
0
0
0
0
0
-1.12402e-15
2.23539e-15
0
0
0
0
0
0
0
0
0
0
0
0
0
0
0
0
0
0
0
2.65977e-14
-1.54721e-15
1.99616e-16
0
0
0
0
0
0
0
0
0
0
0
0
0
0
0
0
0
0
0
0
0
0
2.35715e-14
0
0
0
0
0
0
0
0
0
0
0
0
0
0
0
0
4.3809e-16
0
0
0
0
0
0
0
0
0
0
0
0
0
0
0
0
0
0
0
0
0
0
0
0
0
0
0
0
0
0
0
0
0
0
0
0
0
0
0
0
0
0
0
0
0
0
0
0
0
0
0
0
0
0
0
0
0
0
0
0
0
0
0
0
0
0
0
0
0
0
0
0
0
0
0
0
0
0
0
0
0
0
0
0
0
0
0
0
0
3.26446e-16
0
0
0
0
0
0
0
0
0
0
0
0
0
0
0
0
0
0
0
0
0
0
0
0
0
0
0
0
0
0
0
0
0
0
0
0
0
0
0
0
0
0
0
0
0
0
0
0
0
0
0
0
0
0
0
0
0
0
0
0
0
0
0
0
0
0
0
0
0
0
0
0
0
0
0
0
0
0
0
8.67835e-14
0
0
0
0
0
0
0
0
0
0
0
0
0
0
0
0
0
0
0
0
0
0
0
0
0
0
0
0
0
0
-1.32579e-13
0
0
0
0
0
0
0
0
0
0
0
0
0
0
0
0
0
0
0
0
0
0
0
0
0
0
0
0
0
0
0
0
0
0
0
0
0
0
0
0
0
0
0
0
0
0
0
0
0
0
0
-3.74785e-17
0
0
0
0
0
0
0
0
0
0
0
0
0
0
0
0
0
0
6.58385e-15
0
-1.73978e-14
0
0
0
0
0
0
0
0
0
0
0
0
0
0
0
0
0
0
0
0
0
0
0
0
0
0
0
0
0
0
0
0
0
0
0
0
0
0
0
0
0
5.0223e-15
-1.4521e-14
0
0
0
0
0
0
0
0
0
0
8.02192e-15
3.63349e-15
0
0
0
0
0
0
0
0
0
0
0
0
0
0
0
0
0
0
0
0
0
0
0
0
0
0
0
0
0
0
0
0
0
0
0
0
0
0
0
0
0
0
0
0
0
0
0
0
0
0
0
0
0
0
0
0
0
0
0
0
0
0
0
0
0
0
0
0
0
0
0
0
0
0
0
0
0
0
0
0
0
0
0
0
0
0
0
0
0
0
-1.65198e-14
-9.78368e-17
0
0
0
0
0
0
0
0
0
0
0
0
0
0
0
0
0
0
0
0
0
0
0
0
0
0
0
0
0
0
0
0
0
0
0
0
0
0
0
0
0
0
0
0
0
0
0
0
0
0
0
0
0
0
0
0
0
0
0
0
0
0
0
0
0
0
0
0
0
0
0
0
0
0
0
0
0
0
0
0
0
0
0
0
0
0
0
0
0
0
0
0
0
0
0
0
0
0
0
0
1.93463e-14
0
0
1.63673e-16
-2.80322e-14
0
0
0
0
3.09064e-16
0
0
0
0
0
0
0
0
0
0
0
0
0
0
0
0
0
0
0
0
0
0
0
0
0
0
0
0
0
0
0
0
0
0
0
0
0
0
0
0
0
0
0
0
0
0
0
0
-4.46298e-16
0
-5.69064e-14
0
0
0
0
0
0
0
0
0
0
3.27415e-16
0
0
0
0
0
0
0
0
0
0
0
0
0
0
0
0
0
0
0
0
0
0
0
0
0
0
0
0
0
0
-2.58152e-15
0
0
0
1.58098e-16
1.28542e-16
-8.23717e-17
0
0
0
0
-8.28171e-14
-5.26775e-15
0
0
0
0
0
3.00351e-15
0
0
0
0
0
0
0
0
0
0
0
0
0
0
0
0
0
0
0
0
0
0
0
0
0
0
0
0
0
0
0
0
0
0
0
0
0
0
0
0
0
0
0
0
0
0
0
0
0
0
0
0
0
0
0
0
0
0
0
0
0
0
0
0
0
0
0
0
0
0
0
0
0
0
0
0
0
0
0
0
0
0
0
0
0
0
0
0
0
0
0
0
0
0
0
0
0
0
0
0
0
0
0
0
0
0
0
0
0
0
0
0
0
0
0
0
0
0
0
0
0
0
0
0
0
3.4114e-15
-1.42964e-14
0
0
0
0
0
0
0
0
0
0
0
0
0
0
0
0
0
0
0
0
0
0
0
0
0
0
0
0
0
0
0
0
0
0
0
0
0
0
0
0
5.60716e-14
0
0
0
0
0
0
0
0
0
0
0
0
0
0
0
0
0
0
0
0
0
0
0
0
0
0
0
0
0
0
0
0
0
0
0
0
0
0
0
0
0
0
0
0
0
0
0
0
0
0
4.54379e-16
0
0
0
0
0
0
0
0
0
0
0
0
0
0
0
0
0
0
0
0
0
0
0
0
0
0
0
0
0
0
0
0
0
0
0
0
0
0
0
0
0
0
0
0
0
0
0
0
0
0
0
0
0
0
0
0
0
0
0
0
0
0
0
0
0
0
0
0
0
0
0
0
0
0
0
0
0
0
0
0
0
0
0
0
0
0
0
0
0
0
0
0
0
0
0
0
0
0
-1.48751e-16
0
3.49363e-16
0
0
0
0
0
0
0
0
0
0
0
0
0
0
0
0
0
0
0
0
0
0
0
1.13259e-16
-1.95023e-16
0
0
0
0
0
0
0
0
0
0
0
0
0
0
0
0
0
0
0
0
0
0
0
0
0
0
0
0
0
0
0
0
0
0
0
0
0
0
0
0
0
0
0
0
0
0
0
0
4.07141e-16
0
0
3.65214e-16
0
0
0
0
0
0
0
0
0
0
0
0
0
0
0
0
0
0
0
0
0
0
0
0
0
0
0
0
0
0
-3.1979e-15
1.62421e-15
1.45699e-15
0
0
0
0
0
0
0
0
0
0
0
0
0
0
0
0
0
0
0
0
0
0
0
3.36365e-16
0
0
0
0
0
0
0
0
0
0
3.23565e-16
0
0
0
0
0
0
0
0
0
0
0
0
0
0
0
0
0
0
0
0
0
0
0
-1.54543e-14
-1.38576e-14
0
0
0
0
0
0
0
0
0
0
0
0
0
0
0
0
0
0
0
0
0
0
0
0
0
0
0
0
0
0
0
0
0
0
0
0
0
0
0
0
0
0
0
0
0
0
0
0
0
0
0
0
0
0
0
0
0
0
0
0
0
0
0
0
0
0
0
0
0
0
0
0
0
0
0
0
0
0
0
0
0
0
0
0
0
0
0
0
0
0
0
0
0
0
9.74705e-17
1.33803e-15
0
0
0
0
0
0
0
0
0
0
0
0
0
0
0
0
0
0
0
0
0
0
0
0
0
0
0
0
0
0
0
0
0
0
0
0
0
0
0
0
0
0
0
0
2.20122e-17
0
0
0
0
0
0
0
0
0
0
0
0
0
0
0
0
0
0
0
0
0
0
0
0
0
0
0
0
0
0
0
0
0
0
0
0
0
5.96826e-14
0
0
0
0
0
0
0
0
0
-2.85079e-16
2.64643e-16
0
0
0
0
0
0
0
0
0
0
0
0
0
0
0
0
0
0
0
0
0
0
0
0
0
0
0
0
0
0
0
0
0
0
0
0
0
0
0
0
0
0
0
0
0
0
0
0
0
0
7.89982e-16
0
0
0
0
0
0
0
0
0
0
2.10151e-15
0
0
0
0
0
0
0
0
0
0
0
0
0
0
0
0
0
0
0
0
0
0
0
0
0
0
0
0
0
0
0
0
0
0
0
0
0
0
0
0
-1.62778e-14
4.48271e-16
0
0
0
0
0
0
0
0
0
0
0
0
-1.98451e-16
0
0
0
0
0
0
0
0
0
0
0
0
0
0
0
0
0
0
0
0
0
0
0
0
0
0
0
0
0
0
0
0
0
0
0
0
0
0
0
0
0
9.67244e-15
2.17696e-14
0
0
0
0
5.76132e-16
1.5978e-16
0
0
0
0
0
0
0
0
0
0
0
0
0
0
0
0
0
0
0
0
0
0
0
0
0
0
0
0
0
0
0
0
0
0
0
0
0
0
0
0
0
0
0
0
0
0
0
0
0
0
0
0
0
0
0
0
-7.54379e-17
-4.08759e-16
0
0
0
0
0
0
0
0
0
0
0
0
0
0
0
0
0
0
0
0
0
0
0
0
0
0
0
0
0
0
0
0
0
0
0
0
0
0
0
0
0
0
0
0
-8.39061e-16
1.92397e-16
0
0
0
0
0
0
0
0
0
3.39807e-16
-4.60561e-16
0
0
0
0
0
0
0
0
0
0
0
0
0
0
3.61162e-15
-1.0617e-14
0
0
0
0
0
0
0
0
0
0
0
0
0
0
0
0
0
0
0
0
0
0
0
0
0
-2.62325e-14
0
0
0
0
0
0
0
0
0
0
0
0
-1.06837e-14
0
0
0
0
0
0
0
0
0
0
0
0
0
0
0
0
0
0
0
0
0
0
0
0
0
0
0
0
0
0
7.98441e-16
0
0
0
0
0
0
0
0
0
0
0
0
0
0
0
0
1.57029e-14
0
1.49237e-14
0
0
0
0
0
0
0
0
0
0
0
0
0
0
0
0
0
0
0
0
0
0
0
0
0
0
0
0
0
0
0
0
0
0
0
0
0
0
0
0
0
0
0
0
0
0
0
0
0
0
0
0
0
0
0
0
0
0
0
0
0
0
0
0
0
0
0
0
0
0
0
0
0
0
8.28425e-14
0
0
0
0
0
0
0
0
0
0
0
0
0
0
0
0
0
0
6.38828e-17
-9.91838e-15
0
0
0
0
0
0
0
0
0
0
0
0
0
0
0
0
0
0
0
0
0
0
0
0
0
0
0
0
0
0
0
0
0
0
0
0
0
0
0
0
0
0
0
0
0
0
0
0
0
0
0
0
0
0
0
0
0
0
0
0
0
0
0
0
0
0
0
0
0
0
0
0
0
0
0
0
0
0
0
0
0
0
0
0
0
0
0
0
0
0
0
0
1.40454e-15
0
0
0
0
0
0
0
0
0
0
0
0
0
0
0
0
0
0
0
0
0
0
0
0
0
0
0
0
0
0
0
0
-2.16492e-16
4.54434e-16
0
0
0
0
0
0
0
0
0
0
0
0
0
0
0
0
0
0
0
0
0
0
0
0
0
0
0
0
0
0
0
0
0
0
0
0
0
0
0
0
0
0
0
0
0
0
0
0
0
0
0
0
0
0
0
0
0
0
0
0
0
0
0
0
0
0
0
0
0
0
0
0
0
0
0
0
0
0
0
0
0
0
0
0
0
0
0
0
0
0
0
0
0
0
0
0
0
0
0
0
0
0
0
0
0
0
0
0
0
0
0
0
0
0
0
0
0
0
0
0
0
0
0
0
0
0
0
0
0
0
0
0
-3.84873e-16
0
0
0
0
0
0
0
0
0
0
0
0
0
0
0
0
0
0
0
0
0
0
0
0
0
0
0
0
0
0
0
0
0
0
0
0
0
0
0
0
0
0
0
0
0
0
0
0
0
0
0
0
0
0
0
0
0
0
0
0
0
0
0
0
0
0
0
0
0
0
0
0
0
0
0
0
0
0
0
0
0
0
0
0
0
0
0
0
0
0
0
0
0
0
0
0
0
0
0
0
0
0
0
0
0
0
0
0
0
0
0
0
0
0
0
0
0
0
1.86885e-17
0
0
0
0
0
0
0
0
-1.62523e-15
0
0
0
0
0
0
0
0
0
0
0
0
0
0
0
0
0
0
0
0
0
0
0
0
0
0
0
0
0
0
0
0
0
0
0
0
0
0
0
0
0
0
0
0
0
0
5.24848e-29
6.79039e-15
0
0
0
0
0
0
0
0
0
0
0
0
0
0
0
0
0
0
0
0
0
0
0
0
0
0
0
0
0
0
0
0
0
0
0
0
0
0
0
0
0
0
0
0
0
0
0
0
0
0
0
0
0
0
0
0
1.32872e-16
0
0
0
0
0
0
0
0
0
0
0
0
0
0
0
0
0
0
0
0
0
0
0
0
0
0
0
0
0
0
0
0
0
0
0
0
0
0
0
0
0
0
0
0
0
0
0
0
0
0
0
0
0
0
0
0
0
0
0
0
0
0
0
0
0
0
0
0
0
0
0
0
0
0
0
0
0
0
0
0
0
0
0
0
0
0
0
0
0
0
0
0
0
-5.75237e-17
0
2.24527e-15
0
0
0
0
0
0
0
0
0
0
0
0
0
0
0
0
0
0
0
0
0
0
0
0
0
0
0
0
0
0
0
0
0
0
0
0
0
0
0
0
0
0
0
3.06049e-15
0
0
0
0
0
0
0
4.63051e-16
-3.3241e-16
0
0
0
0
0
0
0
0
0
0
0
0
0
0
0
0
0
0
0
0
0
0
0
0
0
0
0
0
0
0
0
0
0
0
0
0
0
0
0
0
0
0
0
0
0
0
0
0
0
0
0
0
0
0
0
0
0
0
0
0
0
0
0
0
0
0
0
0
0
0
0
0
0
0
0
0
0
0
0
0
0
0
0
0
0
0
0
0
0
0
0
0
0
0
0
0
0
0
0
0
0
0
0
0
0
0
0
0
0
0
0
0
0
0
0
0
0
0
0
0
0
0
0
0
0
0
0
0
0
0
0
0
0
0
0
0
0
0
0
0
0
0
0
0
0
0
0
0
0
0
-1.30387e-13
-6.89174e-16
0
0
0
0
0
0
0
0
0
0
0
0
0
0
0
0
0
0
0
0
0
0
0
0
0
0
0
0
0
0
0
0
0
0
0
0
0
0
0
0
0
0
0
0
0
0
0
0
0
0
0
0
0
0
0
0
0
0
0
0
0
0
0
0
0
0
0
0
0
0
0
0
0
0
0
0
0
0
0
0
0
0
0
0
0
0
0
0
0
0
0
0
0
0
0
0
0
0
0
0
0
0
0
0
0
0
0
0
0
0
0
0
0
0
0
0
0
0
0
0
0
0
0
0
0
0
0
0
0
0
0
0
0
0
0
0
0
0
0
0
0
0
0
0
0
0
0
0
0
0
0
0
0
0
0
0
0
0
0
0
0
0
0
0
0
0
0
-6.30364e-15
0
0
0
0
0
0
0
0
0
0
0
0
0
0
0
0
0
0
0
0
0
0
0
0
0
0
0
0
0
0
0
0
0
0
0
0
0
0
0
0
0
0
0
0
0
0
0
0
0
0
0
0
0
0
0
0
0
0
0
0
0
0
0
0
0
0
0
0
0
0
0
0
0
0
-4.4525e-16
0
0
0
0
0
0
0
0
0
0
0
0
0
0
0
0
0
0
0
0
0
0
0
0
0
0
0
0
0
0
0
0
0
0
0
0
0
0
0
0
0
0
0
0
0
0
0
0
0
0
0
0
0
-2.24812e-16
0
0
0
0
0
0
0
0
0
0
0
0
0
0
0
0
0
0
0
0
0
0
0
0
0
0
0
-1.00327e-16
5.63771e-16
-5.54569e-17
0
0
0
0
0
0
0
0
0
0
0
0
0
0
0
0
0
0
0
0
0
0
0
0
0
0
0
0
0
0
0
0
0
0
0
0
0
0
0
0
0
0
0
0
0
0
0
0
0
0
0
0
0
0
0
0
0
0
0
0
0
0
0
0
0
0
0
0
0
0
0
0
0
0
0
0
0
6.60791e-17
1.45116e-17
0
0
0
0
0
0
0
0
0
0
0
0
0
0
0
0
0
0
8.69496e-17
0
0
0
0
0
0
0
0
0
0
0
0
0
0
0
0
0
0
0
0
0
0
0
0
0
0
0
0
0
0
0
0
0
0
0
-5.02692e-15
-1.54234e-14
0
0
0
0
0
0
0
0
0
0
0
0
0
0
0
0
0
0
0
0
0
0
0
0
0
0
0
0
0
0
0
0
0
0
0
0
0
0
0
0
0
0
0
0
0
0
0
0
0
0
0
0
0
0
0
0
0
0
0
0
0
0
0
0
3.15218e-14
4.64438e-14
0
0
0
0
0
0
0
0
0
0
0
0
0
0
0
0
0
0
0
0
0
0
0
0
0
0
0
0
5.13484e-17
0
0
0
0
-8.87275e-14
0
0
0
0
0
-2.04769e-15
8.51275e-15
0
0
0
0
0
0
0
0
0
0
0
0
0
0
0
0
0
0
0
0
0
0
0
0
0
0
0
0
0
0
0
0
0
0
0
0
0
0
0
0
0
0
0
0
0
0
0
0
0
0
0
-2.94822e-16
0
0
0
0
0
0
0
0
0
0
0
0
0
0
0
0
0
0
0
0
0
8.96282e-14
0
0
0
0
0
0
0
0
0
0
0
0
0
0
0
0
0
0
0
0
0
0
0
0
0
0
0
0
0
0
0
0
0
0
0
0
0
0
0
0
0
0
0
0
0
0
0
0
0
0
0
0
0
0
0
0
0
0
0
0
0
0
0
0
0
4.38227e-30
7.39798e-16
0
0
0
0
0
0
0
0
0
0
0
0
0
0
0
0
0
0
0
0
0
0
0
0
0
0
0
0
0
0
0
0
0
0
0
0
0
0
0
0
0
0
3.20431e-14
-1.1746e-13
0
0
0
0
0
0
0
0
0
0
0
0
0
0
0
0
0
0
0
0
0
0
0
0
0
0
0
0
0
0
0
0
0
0
0
0
0
0
0
0
0
0
0
0
0
0
0
0
0
0
0
0
0
0
0
0
0
0
0
0
0
0
0
0
0
0
0
0
0
0
0
0
0
0
0
0
0
0
0
0
0
0
0
0
0
0
0
0
0
0
0
0
0
0
0
0
0
0
0
0
0
0
0
0
0
0
0
0
0
0
0
0
0
0
0
0
0
0
0
0
0
0
0
0
0
0
0
0
0
0
0
0
0
0
0
0
0
0
0
0
0
0
0
0
0
0
0
0
0
0
0
0
0
0
0
0
0
0
0
0
0
0
0
0
0
0
0
0
0
0
0
0
0
0
0
0
0
0
0
0
0
0
0
0
0
0
0
0
0
0
0
0
0
0
0
0
0
1.53298e-16
0
0
0
0
0
0
0
0
0
0
0
0
0
0
0
0
0
0
0
0
0
0
0
0
0
0
0
0
0
0
0
0
0
0
0
0
0
4.10022e-15
1.32236e-15
0
0
0
0
0
0
0
0
0
0
0
0
0
0
0
0
0
0
0
0
0
0
0
0
0
2.41707e-14
0
0
0
0
0
0
0
0
0
0
0
0
0
0
0
0
0
0
0
0
0
0
0
0
0
0
0
0
0
0
0
0
0
0
0
0
0
0
0
0
1.59116e-13
5.33229e-15
0
0
0
0
0
0
0
0
0
0
0
0
0
0
0
0
0
0
0
0
0
0
0
0
0
0
0
0
0
0
0
0
0
0
0
0
0
0
0
0
0
0
0
0
0
0
0
0
0
0
0
0
0
0
0
0
0
0
0
0
0
0
0
0
0
0
0
0
0
0
0
0
0
0
0
0
0
0
0
0
0
0
0
0
0
0
0
0
0
0
0
0
0
0
0
0
7.72068e-17
0
0
0
0
0
0
0
0
0
0
0
0
0
0
0
0
0
0
0
0
0
0
0
0
0
0
0
0
0
0
0
0
0
0
0
0
0
0
0
0
0
0
0
0
0
0
0
0
0
0
0
0
0
0
0
0
1.93018e-15
0
0
0
0
0
0
0
0
0
0
0
0
0
0
0
0
0
0
0
0
0
0
0
0
0
0
0
0
0
0
0
0
0
0
0
0
0
0
0
0
0
0
0
0
0
0
0
0
0
0
0
0
0
0
0
0
0
0
0
0
0
0
0
0
0
0
0
0
0
0
0
0
0
0
0
0
0
0
0
0
0
0
0
0
0
0
0
0
0
0
0
0
0
0
0
0
0
0
0
0
0
0
0
0
0
0
0
0
0
0
0
0
0
0
0
0
0
0
0
0
0
0
0
0
0
0
0
0
0
0
0
0
0
0
0
0
0
0
0
0
0
0
0
0
0
0
0
0
0
0
0
0
0
0
0
0
0
0
0
0
0
0
0
0
0
4.54559e-17
0
0
0
0
0
0
0
0
0
0
0
0
0
0
0
0
0
0
0
0
0
0
0
0
0
0
0
0
0
0
0
0
0
0
0
0
-3.98398e-15
0
0
0
0
0
0
0
9.85906e-15
0
0
0
0
0
0
0
0
0
0
0
0
0
0
0
0
0
0
0
0
0
0
0
0
0
0
0
0
0
0
0
0
0
0
0
0
0
0
0
0
0
0
0
0
0
0
0
0
0
0
0
0
0
0
0
0
0
0
0
0
0
0
0
0
0
0
0
0
0
0
0
0
0
0
0
0
0
0
0
0
0
0
0
0
0
0
0
0
0
0
0
0
0
0
0
0
0
0
0
0
0
0
0
0
0
0
0
0
0
0
0
0
0
0
0
0
0
0
0
0
0
0
0
0
0
0
0
0
0
0
0
0
0
0
0
0
0
0
0
4.62252e-17
-3.18304e-14
0
0
0
0
0
0
0
0
0
0
0
0
0
0
0
0
0
0
0
0
0
0
0
0
0
0
0
0
0
0
0
0
0
0
0
0
0
0
0
0
0
0
0
0
0
0
0
0
0
0
0
0
0
0
0
0
0
0
0
0
0
0
0
0
0
0
0
0
0
0
0
0
0
0
0
0
0
0
0
0
0
0
0
0
0
0
0
0
0
0
0
0
0
0
0
0
0
0
0
0
0
0
0
0
0
0
0
0
0
0
0
0
0
0
0
0
0
-1.59974e-14
0
0
0
0
0
0
0
0
0
0
0
0
0
0
0
0
0
0
0
0
0
0
0
0
0
0
0
0
0
0
0
0
0
0
0
0
0
0
0
0
0
0
0
0
0
0
0
0
0
0
0
0
0
0
0
0
0
0
0
0
0
0
0
0
0
0
0
0
0
0
0
0
0
0
0
0
0
0
0
0
0
0
0
0
0
0
0
0
0
0
0
0
0
1.78601e-14
0
0
0
0
0
0
0
0
0
0
0
0
0
8.79857e-14
0
0
0
0
0
0
0
0
0
0
0
0
0
0
0
0
0
0
0
0
0
0
0
0
0
0
0
0
0
0
0
0
0
0
0
0
0
0
0
0
0
0
0
0
0
0
0
0
0
0
0
0
0
0
0
0
0
0
0
0
0
0
0
0
0
0
0
0
0
0
0
0
0
0
0
0
0
0
0
0
0
0
0
-2.03742e-16
0
0
0
0
0
0
0
0
0
0
0
0
0
0
0
0
0
0
0
0
0
0
0
0
0
0
0
0
0
0
0
0
0
0
0
0
0
0
0
2.43358e-17
0
0
0
0
0
0
0
0
0
0
0
0
0
0
0
0
0
0
0
-1.3126e-15
1.42325e-15
0
0
0
0
0
0
0
0
0
0
0
0
0
0
0
0
0
0
0
0
0
0
0
0
0
0
0
0
0
0
0
0
0
0
0
0
0
0
0
0
0
0
0
0
0
0
0
7.50676e-17
0
0
0
0
0
0
0
0
0
0
0
0
0
0
0
0
0
0
0
0
0
0
0
0
0
0
0
0
0
0
0
0
0
0
0
0
0
0
-3.39337e-17
-1.29324e-16
0
0
0
0
0
0
0
0
0
0
0
0
0
0
0
0
0
0
0
0
0
0
0
0
0
-3.91737e-14
0
0
0
0
0
0
0
0
0
0
0
0
0
0
0
0
0
0
0
0
0
0
0
0
0
0
0
0
0
0
0
0
0
0
0
0
0
0
0
0
0
0
0
0
0
0
0
-1.65892e-16
0
0
0
0
0
0
0
0
0
0
0
0
0
0
0
0
6.70415e-14
0
0
0
0
0
0
0
0
0
0
0
0
0
0
0
0
0
0
0
0
0
0
0
0
0
0
0
0
0
0
9.22218e-14
0
0
0
0
0
0
0
0
0
0
0
0
0
0
0
0
0
0
0
0
0
0
0
0
0
0
0
0
0
0
0
0
0
0
0
0
0
0
0
0
0
0
0
0
0
0
0
0
0
0
6.2622e-16
0
0
0
0
0
0
0
0
0
0
0
0
0
0
0
0
0
0
0
0
0
0
0
0
0
0
0
0
0
0
0
0
0
0
0
0
0
0
0
0
0
0
0
0
0
0
0
0
0
0
0
0
0
0
-2.67414e-15
7.53916e-16
0
0
0
0
0
0
0
0
0
0
0
0
0
0
0
0
0
0
0
0
0
4.85233e-16
0
0
0
0
0
0
0
0
0
0
0
0
0
0
0
0
0
0
0
0
0
0
0
0
0
0
0
0
0
0
0
0
0
0
0
0
0
0
0
0
0
0
0
0
0
0
0
0
0
0
0
0
0
0
0
0
0
0
0
0
0
0
0
0
0
0
0
0
0
0
0
0
0
0
0
0
0
0
0
0
0
0
0
0
0
0
0
0
0
0
0
0
0
0
0
0
0
0
0
0
0
0
0
0
0
0
0
0
0
0
0
0
0
0
0
0
0
0
0
0
0
0
-1.40233e-28
-9.45079e-14
0
0
0
0
0
0
0
-7.40724e-16
0
0
0
0
0
0
0
0
0
0
0
0
0
0
0
0
0
0
0
0
4.32166e-17
0
0
0
0
0
0
0
0
0
0
0
0
0
0
0
0
0
0
0
0
0
0
0
0
0
0
0
0
0
0
0
0
0
0
0
0
0
0
0
0
0
0
0
0
0
0
0
0
0
0
0
0
0
0
0
0
0
0
0
0
0
0
0
0
0
0
0
0
0
0
0
0
0
0
0
-2.65047e-15
1.59115e-15
0
0
0
0
0
0
0
0
0
0
0
0
0
0
0
0
0
0
0
0
0
0
0
0
0
0
0
0
0
0
0
0
0
0
0
0
0
0
0
0
0
0
0
0
0
0
0
0
0
0
0
0
0
0
0
0
0
0
-3.27205e-14
0
0
0
0
0
0
0
0
0
0
0
0
0
0
0
0
0
0
0
0
0
0
0
0
0
6.0183e-14
1.40869e-15
0
0
0
0
0
0
0
0
0
0
0
0
0
0
0
0
0
0
0
0
0
0
0
0
0
0
0
0
0
0
0
0
0
0
0
0
0
0
0
0
0
0
0
7.47817e-17
0
0
0
0
0
0
0
0
0
0
0
0
0
0
0
0
0
0
0
0
0
0
0
0
0
0
0
0
0
0
0
0
0
0
0
0
0
0
0
0
0
0
0
0
0
0
0
3.39153e-14
0
2.46116e-14
-2.83858e-16
0
0
0
0
0
0
0
0
0
0
0
0
0
0
0
0
0
0
0
0
0
0
0
0
0
0
0
0
0
0
0
0
0
0
0
0
0
0
0
0
0
0
0
0
0
0
0
0
0
0
0
0
0
0
0
0
0
0
0
0
0
0
0
0
0
3.24375e-14
0
0
0
0
0
0
0
0
0
-1.95047e-14
0
0
0
0
0
0
0
0
0
0
0
0
0
0
0
0
0
-3.25604e-14
0
0
0
0
0
0
0
0
0
0
0
0
0
0
-8.59367e-14
0
0
0
0
0
0
0
0
0
0
0
0
0
0
0
0
0
0
0
0
0
0
0
0
0
0
0
0
0
0
0
0
0
0
0
0
0
0
0
0
0
0
0
0
0
0
0
0
0
0
0
0
0
0
0
0
0
0
0
0
0
0
0
0
0
0
0
0
0
0
0
0
0
0
0
0
0
0
0
0
0
0
0
0
0
0
0
0
0
0
0
0
0
0
0
0
5.59235e-14
0
0
0
0
0
0
0
0
0
0
0
0
0
0
0
0
0
0
0
0
0
0
0
0
0
0
0
0
0
0
0
0
0
0
0
0
0
0
0
0
0
0
0
0
0
0
0
0
0
0
0
0
0
0
0
0
0
0
0
0
0
0
0
0
0
0
0
0
0
0
0
0
0
0
0
0
0
0
0
0
0
0
0
0
0
0
0
0
0
0
0
-8.56941e-15
0
0
0
0
0
0
0
0
0
0
0
0
0
0
0
0
0
0
0
-3.18951e-16
0
0
0
0
0
0
0
0
0
0
0
0
0
0
0
0
0
0
2.22034e-14
0
0
0
0
0
0
0
0
0
0
0
0
0
0
0
0
0
0
0
0
0
0
0
0
0
0
0
0
0
0
2.37686e-17
0
0
0
0
0
-1.39482e-15
0
0
0
0
0
0
0
0
0
0
0
0
0
0
0
0
-2.59655e-16
0
-8.44176e-15
0
0
0
0
0
0
0
0
0
0
0
0
0
0
0
0
0
0
0
0
0
0
0
0
1.66663e-16
0
-6.71498e-16
0
0
0
0
0
0
0
0
0
0
0
0
0
0
0
0
0
0
0
0
0
0
0
0
0
0
0
0
0
0
0
0
0
0
0
0
0
0
0
0
0
0
0
-3.34148e-16
0
0
0
0
0
0
0
0
0
-1.16985e-16
0
0
0
0
0
0
2.55872e-15
0
0
0
0
0
0
0
0
0
0
0
0
0
0
0
0
0
0
0
0
0
0
0
0
0
0
0
0
0
0
0
0
0
0
0
0
8.3009e-14
0
0
0
-1.74266e-29
0
0
0
0
0
0
0
0
1.63755e-15
0
0
0
0
0
0
0
0
0
0
0
0
0
0
0
0
0
0
0
0
0
0
0
0
0
0
0
0
0
0
0
0
0
0
4.42747e-17
0
0
0
0
0
0
0
0
0
0
0
2.07013e-16
0
0
0
0
0
0
0
0
0
0
0
0
0
0
0
0
0
0
0
0
0
0
0
0
0
0
0
0
0
0
0
0
0
0
0
0
0
0
0
0
0
0
0
0
0
0
0
0
0
0
3.07315e-14
0
0
0
0
0
0
0
0
0
0
0
0
0
0
0
0
0
0
0
0
0
0
0
0
0
0
0
0
0
0
0
0
0
0
0
0
0
0
0
0
0
0
0
0
0
0
0
0
0
0
0
0
0
0
0
0
0
0
0
0
0
0
0
0
0
0
0
0
0
0
0
0
0
0
0
0
0
0
0
0
0
0
0
0
0
0
0
0
0
0
0
0
0
0
0
0
0
0
0
0
0
0
0
0
0
0
0
0
0
0
0
0
0
0
0
0
0
0
0
0
0
0
0
0
0
0
0
0
0
0
0
0
0
0
0
0
0
0
0
0
0
0
0
0
0
0
0
0
0
0
0
0
0
0
0
0
0
0
0
0
0
0
0
0
0
0
0
0
0
0
0
0
0
0
0
0
0
0
0
0
0
0
0
0
0
0
0
0
0
0
0
0
0
0
0
0
0
0
0
0
0
0
0
0
0
0
0
0
0
0
0
0
0
0
0
0
0
0
0
0
0
0
0
0
0
0
0
0
0
0
0
0
0
0
0
0
0
0
0
0
0
0
0
0
0
0
0
0
0
1.08887e-16
0
0
0
0
0
0
0
0
0
0
0
0
0
0
0
0
0
0
0
0
0
0
0
0
0
0
0
0
0
0
0
0
0
0
0
0
0
0
0
0
0
0
0
0
0
0
0
0
0
0
0
0
0
0
0
0
0
0
0
0
0
0
0
0
0
6.24028e-15
1.54143e-14
0
0
0
0
0
0
0
0
0
0
0
0
0
0
0
0
0
0
0
0
0
0
0
0
0
0
0
0
0
0
0
0
0
0
0
0
0
0
-2.7573e-14
0
0
0
0
0
0
0
0
0
0
0
0
0
0
0
0
0
0
0
0
0
0
0
0
0
0
0
0
0
0
0
0
0
0
0
0
0
0
0
0
0
0
0
0
0
0
0
0
0
0
0
0
0
0
0
0
0
0
0
1.30562e-16
0
0
0
0
0
0
0
0
0
0
0
0
0
0
0
0
0
0
0
0
0
0
0
0
0
0
1.55541e-16
0
0
0
0
0
0
0
0
0
0
0
0
0
0
0
0
0
0
0
0
0
0
0
0
0
0
0
0
0
-1.24528e-14
-4.26618e-16
0
0
0
0
0
0
0
0
0
0
0
0
0
0
0
0
0
0
0
0
0
0
0
0
0
0
0
0
2.9158e-14
0
0
0
0
0
0
0
0
0
0
0
0
0
0
0
0
0
0
0
0
0
0
0
0
0
0
0
0
0
0
0
0
1.90422e-13
5.01561e-15
0
-5.94368e-12
9.06038e-13
0
0
0
0
0
0
0
0
0
0
0
0
0
0
0
0
0
0
0
0
0
0
0
0
0
0
0
0
0
-7.29592e-17
-3.33451e-13
0
0
0
0
0
0
0
0
0
0
0
0
0
0
0
0
0
0
0
0
0
0
-1.2108e-12
0
0
0
5.06054e-17
6.75148e-17
0
0
0
0
0
0
0
0
0
0
0
0
0
0
0
0
0
0
0
0
0
0
0
0
0
0
0
0
0
0
0
0
0
0
0
0
0
0
0
0
0
0
0
0
0
0
0
0
0
0
0
0
0
0
0
0
0
0
0
0
0
0
0
0
0
0
0
0
0
0
0
0
0
0
0
0
0
0
0
0
0
0
0
0
0
0
0
0
0
0
0
0
0
0
0
0
0
0
0
0
0
0
0
0
0
0
0
0
0
0
0
0
0
0
0
0
0
0
0
0
0
0
0
0
0
0
0
0
0
0
0
0
0
0
0
0
0
0
0
0
0
0
0
0
0
0
0
0
0
0
0
0
0
0
0
0
0
0
0
0
0
0
0
0
0
0
0
0
0
0
0
0
0
0
0
0
0
0
0
0
-2.07249e-15
6.2527e-15
-2.75266e-15
0
0
0
0
0
0
0
0
0
0
0
0
0
0
0
0
0
0
0
0
0
0
-2.23742e-17
-3.53857e-17
0
0
0
0
0
0
0
0
0
0
0
0
0
0
0
0
0
0
0
0
0
0
0
0
0
0
0
0
0
0
0
0
0
0
0
0
0
0
0
0
0
0
0
0
0
0
0
0
0
2.50784e-16
0
0
0
0
0
0
0
0
0
0
0
0
0
0
0
0
0
0
0
0
0
2.4039e-15
0
2.23274e-15
-1.3874e-15
0
0
0
0
0
0
0
0
0
0
0
0
0
0
0
0
0
0
0
-2.69799e-15
0
0
0
0
0
0
0
7.6456e-16
-1.06596e-15
0
0
0
0
0
0
0
0
0
0
0
0
0
0
0
0
0
0
0
0
0
0
0
0
0
0
0
0
0
0
0
0
0
0
0
0
0
0
0
0
0
0
0
0
0
0
0
0
0
0
0
2.8219e-17
3.36634e-16
0
0
0
0
0
0
0
0
0
0
0
0
0
0
0
0
0
0
0
-9.56997e-15
0
0
0
0
0
0
0
0
0
0
0
0
0
0
0
0
0
0
0
0
0
0
0
0
0
0
0
0
0
0
0
0
0
0
0
0
0
0
0
0
0
0
0
0
0
0
0
0
0
0
0
0
0
0
0
0
0
0
0
0
0
0
0
0
0
0
0
0
0
0
0
0
0
0
0
0
0
0
0
0
0
0
0
0
0
0
0
0
0
0
0
0
0
0
-5.52243e-15
2.9884e-14
0
0
0
0
0
0
0
0
0
0
0
0
0
0
0
0
0
0
0
0
0
0
0
0
0
0
0
0
0
0
0
0
0
0
0
0
0
0
0
0
0
0
0
0
0
0
0
0
0
0
0
0
0
0
0
0
0
0
0
0
0
3.05246e-17
1.12027e-17
0
0
0
0
0
0
0
0
0
0
0
0
0
0
0
0
0
0
0
0
0
0
0
0
0
0
0
0
0
0
0
0
-7.10535e-15
2.99308e-14
0
0
0
0
0
0
0
0
0
0
0
0
0
0
0
0
0
0
0
0
0
0
0
0
0
0
0
0
0
0
0
0
0
0
0
0
0
0
0
0
0
0
0
0
0
0
0
0
0
0
0
0
0
0
0
0
0
0
0
0
0
0
0
-2.2829e-15
1.65437e-16
0
0
0
0
0
0
0
0
0
0
0
0
0
0
0
0
0
0
0
3.87289e-17
0
0
0
0
0
0
0
0
0
0
0
0
0
0
0
0
0
0
0
0
0
0
-1.84659e-14
0
0
0
0
0
0
0
0
0
0
0
0
-7.77864e-17
0
0
0
0
0
0
0
0
0
0
0
0
0
0
0
-5.63754e-17
0
2.23369e-15
0
0
0
3.16352e-15
0
-1.31941e-15
-6.4017e-16
0
0
-3.2523e-17
8.3865e-14
0
0
0
0
0
0
0
0
0
0
0
0
0
0
0
0
0
0
0
0
7.14572e-15
0
0
0
0
0
0
0
0
0
0
0
0
0
-3.35953e-17
2.13248e-16
0
0
0
0
0
0
0
0
0
0
0
0
5.95708e-15
0
0
0
0
0
0
0
0
0
0
0
0
0
0
0
0
0
0
0
0
0
0
0
0
0
0
0
0
0
0
0
0
0
0
0
0
0
0
0
0
0
0
0
0
0
0
0
0
0
0
0
0
0
0
0
0
0
0
0
0
0
0
0
0
0
0
0
0
0
0
0
0
0
0
0
0
0
0
0
0
0
0
0
0
0
0
0
0
0
0
0
0
-4.32948e-16
0
0
0
0
0
0
0
0
0
0
0
0
0
0
0
0
0
0
0
0
0
0
0
0
0
0
0
0
0
0
0
0
0
0
0
0
0
0
0
0
0
0
0
0
0
0
0
0
0
0
0
0
0
0
0
0
0
0
0
0
0
0
0
0
0
0
0
0
0
0
0
0
0
-2.81875e-16
0
0
0
0
0
0
0
0
0
0
0
0
0
0
0
0
0
0
0
0
0
0
0
0
0
0
0
0
0
0
0
0
0
0
0
0
0
0
0
0
0
0
0
0
0
0
1.12787e-15
0
0
0
0
0
0
0
0
0
0
0
0
0
0
0
0
0
0
0
0
2.1031e-16
0
0
0
0
0
0
0
0
0
0
0
0
0
0
0
3.16258e-16
0
0
0
0
0
0
0
0
0
0
0
0
0
0
0
0
0
0
0
0
0
1.0472e-16
7.5197e-17
1.78718e-16
0
0
0
0
0
0
0
0
0
0
0
0
0
0
0
0
0
0
0
0
0
0
0
0
0
0
0
0
0
0
0
0
0
0
0
0
0
0
0
0
0
0
0
0
0
0
0
0
0
0
0
0
0
0
0
0
0
0
0
0
0
0
0
0
0
0
0
0
0
1.10388e-15
0
0
0
0
0
0
0
0
0
0
0
0
0
0
0
0
0
0
0
0
0
0
0
0
0
0
0
0
0
0
0
0
0
0
0
0
0
0
1.1763e-16
6.03579e-17
0
0
0
0
0
0
0
0
0
0
0
0
0
0
0
0
0
0
0
0
0
0
-2.93579e-14
-9.84536e-16
0
0
0
0
0
0
0
1.83856e-15
4.39082e-30
0
0
0
0
0
0
0
0
0
0
0
0
0
0
0
0
0
0
0
0
0
-6.66365e-15
0
0
0
0
0
0
0
0
0
0
0
0
0
0
0
0
0
0
0
0
0
0
0
0
0
0
0
0
0
0
0
0
0
0
0
0
0
0
0
0
0
0
0
0
0
0
0
0
0
0
0
0
0
0
0
0
0
-7.44636e-17
0
0
0
0
0
0
0
0
0
0
0
1.41482e-14
3.26108e-16
0
0
0
0
0
0
0
0
0
5.38263e-17
-5.77249e-17
1.50991e-15
0
0
0
0
0
0
0
0
0
0
0
0
0
0
0
0
-3.0833e-16
0
0
0
0
0
0
0
-4.88517e-15
0
0
0
0
0
0
0
0
0
0
0
0
0
0
0
0
0
0
0
1.24881e-16
-3.82087e-17
0
0
0
0
0
0
0
0
0
0
0
0
0
0
0
0
0
0
0
0
0
0
5.23512e-08
-5.79667e-08
5.75871e-08
-5.56595e-08
5.83549e-08
0
0
0
0
0
0
1.72332e-14
3.08201e-16
0
0
0
8.71167e-15
-5.29382e-16
1.70957e-14
0
0
0
0
0
0
0
0
0
0
0
0
0
0
-5.10742e-08
4.8352e-08
0
0
0
0
0
0
0
0
0
0
-4.91212e-15
0
0
0
-5.65805e-08
5.08022e-08
0
0
0
0
0
0
0
0
0
0
0
0
0
2.85959e-08
1.20529e-08
1.40761e-08
3.03764e-08
4.00701e-08
1.88126e-08
3.8676e-08
8.70476e-09
1.93648e-08
3.7254e-08
3.24846e-08
1.88335e-08
3.83446e-08
1.59601e-08
0
0
0
0
0
0
1.99696e-17
-7.00646e-17
0
0
0
0
0
0
0
0
0
0
0
0
0
0
0
0
5.53994e-16
6.45864e-17
0
0
0
0
0
0
0
0
0
-1.88676e-16
0
0
0
0
0
0
0
0
0
0
0
0
0
0
0
0
0
0
0
0
0
0
0
0
0
0
0
0
0
0
4.12909e-14
0
0
0
0
0
0
0
0
0
0
0
0
0
0
-5.6234e-15
0
0
0
0
0
0
0
0
0
0
0
0
0
0
0
0
0
0
0
0
0
0
0
0
0
0
0
0
0
0
0
0
0
0
0
0
0
0
0
0
0
0
0
0
0
0
0
8.00398e-16
0
0
0
0
-1.36085e-15
0
0
0
0
0
0
0
0
0
0
0
0
-3.49417e-16
0
0
0
0
0
0
0
0
0
0
0
0
0
0
0
-1.27769e-14
0
0
-2.26943e-12
2.01462e-17
0
0
0
0
0
0
0
0
0
0
0
0
0
0
0
0
0
0
0
0
0
0
0
0
0
0
0
0
0
0
0
0
0
0
0
0
0
0
0
0
-4.69535e-16
8.53177e-17
0
0
0
0
0
0
1.6811e-15
-1.17468e-15
0
8.0626e-15
0
0
-5.00078e-16
0
0
0
0
1.19656e-16
0
0
0
0
0
0
0
0
0
0
0
0
0
0
0
0
0
0
0
0
0
0
0
0
0
0
0
0
0
0
0
0
0
0
0
0
2.89762e-08
1.24334e-08
-1.03853e-14
0
0
0
0
0
0
-1.81413e-15
0
0
0
0
0
0
0
0
0
0
0
-9.31579e-16
0
0
0
0
0
0
0
0
0
0
0
0
0
0
0
0
0
0
0
9.25802e-09
3.73808e-08
3.07313e-08
1.44794e-08
0
0
0
0
0
0
0
0
0
0
0
0
0
7.57838e-17
0
0
0
0
0
0
0
0
0
-3.50572e-14
1.73588e-14
0
0
0
0
0
0
3.33246e-14
0
0
0
0
0
0
0
1.54118e-08
2.83259e-08
0
0
0
0
0
0
0
0
0
1.97589e-08
3.08214e-08
0
0
0
0
0
0
0
0
0
0
0
0
0
0
0
0
0
0
0
0
0
0
0
0
0
0
0
0
0
0
0
0
0
0
0
0
0
3.76635e-08
1.97158e-08
0
0
0
0
0
0
0
0
0
0
0
0
0
1.81193e-08
3.54591e-08
0
-4.20412e-16
2.57726e-15
3.35662e-17
6.13622e-17
0
0
-9.83535e-15
0
0
0
0
0
0
0
1.50385e-08
2.79115e-08
0
0
0
0
0
0
0
0
0
-1.07529e-14
0
0
0
0
0
0
0
0
0
0
0
0
0
0
0
0
0
0
0
0
0
0
0
0
0
0
0
0
0
0
0
0
0
0
0
0
0
0
0
0
0
0
0
0
0
0
0
0
0
0
0
0
0
0
0
0
0
0
0
0
0
0
0
0
0
0
0
0
0
0
0
0
0
3.36589e-08
8.45574e-09
0
0
5.37784e-08
-5.34546e-08
0
0
0
0
0
0
0
0
0
0
0
0
0
0
0
0
0
0
5.49201e-08
-5.69214e-08
0
0
0
0
0
0
0
0
0
0
0
0
0
0
0
0
0
0
0
0
0
0
0
0
0
0
0
0
0
0
0
0
0
0
0
0
0
0
0
8.06349e-15
0
0
0
0
0
0
0
0
0
0
0
0
1.33157e-08
3.26321e-08
0
0
0
0
0
0
0
0
0
0
0
0
0
0
0
0
0
0
0
0
0
0
0
0
0
-5.5795e-14
0
0
0
0
0
0
0
0
0
0
0
0
0
0
0
0
0
0
0
0
1.09605e-16
0
0
0
0
0
0
0
0
0
0
0
0
0
0
0
0
0
0
0
0
0
0
0
0
0
0
0
0
0
0
0
0
0
0
0
0
0
0
0
0
0
0
0
0
0
0
0
0
0
0
0
0
5.64229e-08
-5.30819e-08
-4.98763e-08
5.47541e-08
0
0
0
0
0
0
0
0
0
0
0
0
0
0
0
0
0
0
0
0
0
0
0
0
0
0
-6.15186e-08
5.80394e-08
0
-2.23614e-15
0
0
0
0
0
2.17769e-08
2.80756e-08
0
5.19436e-08
-5.69848e-08
0
0
0
0
0
0
0
0
0
0
0
0
0
0
0
2.34082e-16
0
0
0
0
0
0
0
0
0
0
0
0
0
0
0
0
2.07836e-15
0
0
0
0
0
0
0
0
0
0
7.70641e-17
1.71619e-15
0
0
0
0
0
0
0
0
0
0
0
0
0
0
0
0
0
0
0
0
0
0
0
0
0
0
0
0
0
0
0
0
0
0
0
0
0
0
0
0
0
0
0
0
0
0
0
0
0
0
2.03945e-08
3.77547e-08
0
0
0
0
0
0
0
0
0
-1.32293e-14
1.02386e-15
0
0
0
0
0
0
0
0
0
0
0
0
0
0
0
0
0
0
0
0
0
0
0
0
0
0
2.10228e-08
3.18372e-08
0
0
0
0
0
0
0
0
0
0
0
0
0
0
0
0
0
0
0
0
0
0
0
0
0
0
0
0
0
0
0
0
0
0
0
0
0
0
0
0
0
0
-1.67502e-14
0
0
0
0
0
0
0
8.67879e-15
0
0
0
0
0
0
0
0
0
0
0
0
1.99272e-16
-9.93616e-17
0
0
0
0
0
0
0
0
0
0
0
0
0
0
3.31972e-14
2.73551e-14
0
0
3.15507e-16
0
0
0
0
0
0
0
0
0
0
0
8.51683e-15
-3.28741e-16
0
0
0
0
0
0
0
0
0
0
0
0
0
0
0
0
0
0
0
0
0
0
0
0
0
0
0
0
0
0
0
0
0
0
1.99256e-15
0
0
0
0
0
0
0
0
0
0
0
0
0
0
1.46291e-14
1.71153e-15
-6.24156e-17
-1.53396e-15
0
-6.02602e-17
-1.7638e-16
0
0
0
0
0
0
0
0
0
0
0
0
0
0
0
0
4.06824e-15
0
0
0
0
0
0
0
0
0
0
0
0
0
0
0
0
0
-6.18417e-14
0
0
0
0
0
0
0
3.83586e-16
5.74886e-14
0
0
-1.44999e-16
7.08849e-17
5.33421e-08
-5.2233e-08
0
0
0
0
0
0
0
0
0
0
0
0
0
0
0
0
0
0
1.42517e-14
0
0
0
0
2.57383e-16
0
0
0
0
0
0
0
0
0
0
0
0
0
-5.97165e-15
-1.91432e-16
0
0
0
0
0
0
0
0
5.56951e-17
0
0
0
0
0
0
0
0
0
0
0
0
0
0
0
0
-2.23917e-15
-6.4006e-16
0
0
0
0
0
0
0
0
0
0
-1.6819e-16
0
0
0
0
0
0
0
0
0
0
0
0
0
0
0
0
0
0
0
0
-9.06562e-17
6.6356e-17
0
0
0
0
0
0
0
0
0
0
0
0
0
0
-5.61147e-08
4.96021e-08
0
0
-4.53527e-17
2.48837e-17
0
0
0
0
0
0
0
5.45206e-16
0
0
0
0
0
0
0
0
0
0
0
0
0
0
0
0
1.08916e-30
-2.70438e-15
0
0
0
0
0
0
0
0
0
-2.67172e-16
0
0
0
0
0
0
0
0
0
0
0
0
0
0
0
0
0
0
0
2.32697e-16
-5.96203e-15
2.7229e-31
0
0
0
0
0
0
0
0
0
0
0
0
0
0
0
0
1.00256e-15
0
0
0
0
0
0
0
0
0
0
0
0
-1.21352e-16
0
0
0
0
0
0
-2.49461e-16
0
0
0
0
0
0
0
0
0
0
0
0
0
0
0
0
0
0
0
5.54203e-08
-5.13132e-08
0
0
0
0
0
0
0
0
0
6.06448e-14
-2.73892e-31
0
0
0
0
0
0
0
0
0
0
0
0
0
0
0
0
5.99869e-17
1.22158e-16
0
0
0
0
0
0
0
0
0
0
-5.29671e-08
4.87393e-08
0
0
0
0
0
0
0
0
0
0
0
0
0
0
0
0
0
0
0
-4.06725e-15
0
0
0
0
0
0
0
0
0
0
0
0
0
0
0
0
0
0
0
0
1.09556e-16
-5.83511e-15
-5.10077e-17
0
0
0
0
0
0
0
0
0
0
0
0
0
0
0
0
0
0
0
0
2.83951e-16
-2.61524e-16
0
0
0
0
0
0
0
0
0
0
0
0
0
0
0
0
0
0
0
0
0
0
0
0
-4.81691e-15
0
4.83323e-16
-6.60554e-17
1.3391e-15
0
0
0
0
0
0
0
0
0
0
0
0
0
0
0
-5.8624e-12
6.29969e-13
0
0
0
0
0
0
0
0
0
0
0
0
0
0
0
0
0
0
0
0
0
0
4.65668e-17
0
0
0
0
0
0
9.44455e-16
-2.76355e-15
0
2.17299e-13
0
0
0
0
0
0
0
0
0
0
0
0
0
0
0
0
0
0
0
0
0
0
0
0
5.64665e-13
0
0
0
0
0
0
0
0
0
0
0
0
0
0
-5.69693e-15
0
0
0
0
0
0
2.68171e-17
0
0
0
0
0
0
0
0
0
0
0
0
0
0
0
0
9.11828e-13
0
8.77139e-13
0
0
0
0
0
0
0
0
0
0
0
0
0
0
0
0
0
0
0
0
0
-2.08725e-12
-8.90554e-13
0
0
-6.50392e-15
0
0
0
0
0
0
0
0
0
0
0
0
0
0
0
0
1.28535e-13
0
0
0
0
0
0
0
0
0
0
0
0
0
0
0
0
0
0
0
0
0
0
0
0
0
0
0
0
0
0
0
0
0
0
0
0
0
0
0
6.42283e-12
0
0
-4.79855e-15
7.71287e-17
0
0
0
-1.00171e-15
0
0
0
0
0
0
0
0
5.60997e-17
0
0
0
0
0
0
0
-2.94693e-15
6.21666e-12
0
0
0
0
0
0
0
0
1.66779e-16
6.02591e-17
0
0
0
0
5.64722e-17
0
0
0
0
0
0
0
0
0
0
0
0
1.80512e-17
0
0
0
0
0
0
0
0
0
0
0
0
0
0
0
0
0
0
-3.06882e-15
-9.95466e-16
0
0
0
0
0
0
0
0
7.13546e-12
0
0
0
0
0
0
0
0
0
0
0
0
0
0
0
0
0
0
7.37018e-17
0
0
0
0
0
0
0
0
0
1.62103e-15
0
0
0
0
0
0
0
0
0
0
0
0
0
0
0
0
1.1751e-16
2.04932e-15
0
0
0
0
0
0
0
0
0
0
0
0
0
0
0
0
0
0
0
-6.74564e-17
1.23771e-16
0
0
0
0
0
0
0
0
0
0
0
0
2.44559e-13
0
-3.73639e-16
0
0
0
0
0
0
0
0
0
0
0
0
0
0
0
0
0
0
0
0
0
0
0
0
0
0
0
0
0
0
0
0
0
0
0
0
0
0
-2.57945e-16
-4.68726e-17
0
0
0
0
0
0
0
0
0
0
0
0
0
0
-2.85588e-13
2.90451e-13
0
0
0
0
0
0
0
0
0
0
0
0
0
0
0
0
0
0
0
0
0
0
0
0
0
0
0
0
0
3.88656e-08
2.07948e-08
0
0
0
0
0
0
0
0
0
0
0
0
0
0
-5.80528e-08
5.07831e-08
0
0
0
0
0
0
0
0
0
0
0
0
0
0
0
0
0
0
0
0
0
-2.37749e-15
1.94348e-15
0
0
0
0
0
0
0
0
0
0
0
0
0
0
0
0
0
0
0
0
0
-1.54573e-16
0
0
0
0
0
0
0
0
0
0
1.09557e-30
3.94688e-15
0
0
0
0
0
0
0
0
0
0
0
0
0
0
0
0
0
0
0
0
0
0
0
0
0
0
-1.27406e-15
1.76818e-16
0
0
0
0
0
0
0
0
0
6.84118e-12
0
0
0
0
0
0
0
0
0
0
0
1.81287e-15
0
0
0
0
0
0
0
0
8.32285e-17
-1.06602e-16
0
7.26959e-13
0
0
0
0
0
0
0
0
0
0
0
0
0
0
0
0
2.29516e-15
0
0
0
0
0
0
0
0
0
0
1.85801e-16
0
-3.44275e-15
0
0
0
4.44228e-15
0
0
0
0
0
0
0
0
0
0
0
0
0
0
0
0
0
0
0
0
0
0
0
0
0
0
0
0
0
0
0
0
9.64178e-17
-1.77375e-15
3.12247e-17
0
0
0
0
0
0
0
0
0
0
0
0
0
0
-6.74198e-16
0
0
0
2.31109e-15
0
-6.95927e-15
0
0
0
0
0
0
0
6.19458e-17
0
0
0
0
0
-1.74341e-16
0
0
0
0
0
0
0
0
0
0
0
0
0
0
0
0
0
0
6.70883e-17
1.68923e-16
0
0
0
0
0
0
0
0
0
0
7.823e-17
0
0
9.35764e-16
0
0
0
0
0
0
0
0
0
0
0
0
0
0
0
0
0
0
0
0
0
0
-2.9038e-16
-3.9878e-16
0
0
1.844e-08
3.74072e-08
0
0
0
0
-4.81582e-17
-8.6176e-15
-1.96973e-17
0
0
0
0
0
3.94879e-08
3.27048e-17
6.62711e-17
0
0
0
0
0
0
0
0
0
0
0
0
2.7698e-17
0
-7.61128e-17
2.22044e-16
0
6.05463e-15
0
0
0
-7.5902e-16
0
0
0
9.68422e-16
0
0
0
-2.62429e-17
0
-7.81586e-15
0
0
0
0
0
0
0
0
0
0
0
0
0
0
0
0
0
0
0
0
0
0
0
0
0
0
0
0
0
0
-5.5341e-12
0
0
0
0
0
0
0
0
0
0
0
0
0
0
0
0
0
2.40791e-16
0
0
0
0
0
0
0
0
0
0
0
0
0
0
5.46987e-13
0
0
0
0
0
0
0
0
0
0
-6.41122e-15
0
0
0
0
0
0
0
0
0
0
0
0
0
0
-6.28006e-15
0
0
0
7.90812e-17
2.68151e-16
0
0
0
0
0
0
1.34842e-15
-1.54175e-15
0
0
0
0
1.02246e-12
0
0
0
0
0
0
0
0
0
0
0
0
0
0
0
0
0
0
0
0
-1.9874e-15
0
0
0
0
0
0
0
0
6.88305e-17
0
0
0
0
0
0
0
0
0
0
0
0
0
0
0
0
0
-3.19929e-16
5.79926e-12
0
0
0
0
0
0
0
0
0
0
0
0
9.32059e-14
-9.56174e-13
3.58958e-13
1.42958e-13
0
0
0
0
0
0
5.80854e-12
0
0
0
0
0
0
0
0
0
0
0
0
0
0
0
0
0
0
-3.99522e-08
0
0
-2.0973e-17
0
0
0
0
0
0
0
5.13868e-17
0
0
0
0
0
0
0
0
0
0
0
0
0
0
0
0
0
0
0
0
0
0
0
0
0
0
0
0
0
0
-2.72581e-16
0
0
0
0
0
0
0
1.56533e-17
1.26502e-15
-1.18865e-16
4.46051e-16
0
0
0
0
0
0
0
-2.87135e-17
3.28335e-17
0
0
0
0
0
0
0
0
0
0
0
0
0
0
5.77067e-16
2.60644e-15
0
0
0
0
0
0
0
0
5.22964e-17
0
0
0
0
0
0
0
0
0
0
0
0
0
0
0
0
0
0
1.50966e-08
0
0
0
0
0
0
0
0
0
0
0
0
0
0
0
0
0
0
0
0
0
0
1.73648e-16
0
9.3749e-17
-4.37456e-16
0
0
0
0
1.35057e-13
0
0
0
0
-3.75146e-14
0
-1.41509e-16
0
0
0
0
0
0
0
0
0
0
0
0
0
0
0
0
0
0
0
0
0
0
0
0
0
0
0
0
0
0
0
0
0
0
0
0
0
0
0
0
0
-6.92589e-16
2.62634e-15
0
4.81055e-16
0
0
0
0
0
0
0
0
0
0
0
0
-2.73842e-14
0
0
3.7944e-16
6.29868e-15
3.7894e-15
0
0
0
-3.74607e-15
1.33781e-15
0
0
0
0
0
0
4.90435e-16
0
0
0
0
0
0
0
0
0
-5.70911e-17
1.27634e-16
0
0
0
0
0
2.73892e-31
-1.07041e-17
0
0
0
0
0
0
0
0
0
0
0
0
0
0
0
0
0
0
0
0
0
0
0
0
0
0
0
0
0
0
0
0
0
0
0
0
0
0
0
0
0
0
0
0
0
0
0
0
0
0
0
0
-2.58965e-12
5.19287e-13
0
0
0
0
0
0
0
0
0
0
1.96409e-16
1.31099e-15
0
0
0
0
-7.69789e-14
0
0
0
-3.55164e-15
3.23588e-15
0
0
0
0
0
0
0
0
0
0
0
-1.91741e-15
0
0
0
0
0
0
0
0
0
0
0
0
0
0
0
-2.60999e-15
7.14172e-15
0
0
0
0
0
0
0
0
0
0
0
0
0
0
0
-1.0942e-12
1.759e-13
0
0
0
0
0
0
0
-2.25163e-16
-4.10037e-31
1.54596e-16
0
0
0
0
0
0
0
0
0
5.05883e-17
0
-3.69244e-16
3.92763e-16
0
0
0
0
-6.83869e-16
0
0
0
0
0
0
0
0
0
0
5.7913e-12
0
0
0
0
0
0
0
0
0
0
0
0
0
0
0
0
0
0
0
-1.7965e-12
0
0
0
0
0
0
0
0
0
0
0
0
0
0
0
0
0
0
0
0
0
0
0
0
0
0
0
9.99176e-13
0
0
0
0
2.57473e-16
0
-1.97816e-16
4.83945e-16
0
1.20696e-14
0
0
0
0
0
0
0
0
0
0
0
0
0
0
1.43099e-16
7.45045e-15
0
0
-9.47386e-16
0
-1.58489e-12
0
0
0
0
0
0
0
0
0
0
0
0
0
0
0
0
0
-1.18542e-15
0
0
0
0
0
0
0
0
-2.11773e-15
-1.96272e-15
0
0
0
0
0
3.05762e-16
0
0
0
0
0
0
0
0
0
0
0
0
0
0
0
0
0
0
0
0
0
0
0
0
0
0
0
0
1.11897e-14
0
0
0
0
0
0
0
0
0
0
0
0
0
0
0
0
0
0
0
-1.2356e-14
0
0
0
0
0
0
0
0
0
0
0
0
0
0
0
0
0
0
2.28715e-15
0
0
0
0
0
0
0
0
0
0
0
0
0
0
0
0
0
0
0
0
0
0
0
0
1.05909e-15
-7.61121e-16
1.3286e-16
0
0
0
0
0
0
0
0
0
0
0
0
0
0
0
0
0
0
0
0
8.20321e-16
0
0
0
0
0
0
0
0
0
0
0
0
2.8876e-16
0
0
0
0
0
0
0
0
0
0
0
0
0
0
0
0
0
0
0
0
0
0
0
0
0
0
0
0
0
0
0
0
0
0
0
0
0
0
0
0
2.72007e-12
0
0
0
0
0
0
0
0
0
0
0
0
0
0
0
0
0
0
0
0
0
0
0
0
0
0
0
0
0
0
0
0
0
0
2.6556e-16
0
0
0
0
0
0
0
0
0
0
0
0
0
0
0
-2.6921e-16
0
0
0
0
0
0
0
-4.18896e-17
0
0
0
0
0
0
0
0
0
0
0
0
0
0
0
0
0
0
0
0
0
0
0
0
0
0
0
0
0
0
0
0
0
0
0
0
0
0
0
0
0
0
0
0
0
0
0
0
0
0
0
0
0
0
0
0
0
0
0
0
0
3.14298e-15
-5.07687e-13
0
0
0
0
0
0
0
0
0
0
0
0
0
0
0
0
0
0
0
0
0
0
0
0
0
0
0
0
0
0
0
0
0
0
0
0
0
0
0
0
0
0
0
0
0
0
0
0
0
0
0
0
0
0
4.63127e-14
0
0
0
0
0
0
0
0
0
0
8.29366e-15
0
0
0
0
8.48816e-15
0
0
0
0
0
0
0
0
7.04359e-14
-4.00888e-15
0
0
0
0
0
0
0
0
0
0
0
0
0
0
0
0
0
0
0
0
0
0
0
0
0
0
0
0
0
0
0
0
0
0
0
0
0
0
0
0
0
0
0
0
0
-1.25134e-15
0
0
0
0
0
0
0
0
1.19815e-15
0
0
0
-1.90404e-15
0
0
0
-2.17903e-12
8.38291e-16
0
0
0
0
0
0
0
0
0
0
0
0
0
0
0
0
0
0
0
-1.48174e-14
0
0
0
0
0
0
0
0
0
0
0
0
0
0
-3.15611e-08
0
0
0
0
0
0
0
0
0
0
0
0
0
0
0
0
0
0
0
0
0
0
0
0
0
0
0
0
0
0
0
0
0
2.85838e-15
-1.03684e-16
0
0
0
0
0
0
0
0
0
0
0
0
0
0
0
0
0
0
0
0
0
0
0
0
0
0
0
0
9.9652e-14
0
-2.48831e-15
0
0
0
0
0
0
0
0
0
0
0
0
0
0
0
0
0
0
-3.31648e-17
0
0
0
0
0
0
0
0
0
0
0
0
-5.06867e-17
0
0
0
-5.18953e-15
0
0
0
0
0
0
0
0
0
0
0
0
0
0
3.25584e-15
2.71213e-15
0
0
0
0
0
0
0
0
0
0
-4.42698e-17
-8.07916e-16
0
0
0
0
0
0
0
0
-2.05317e-08
0
1.6289e-17
0
0
0
0
0
0
0
0
0
0
0
0
0
0
0
0
0
0
0
0
0
0
0
0
0
0
0
0
0
0
0
0
0
0
0
0
0
0
0
0
0
0
0
0
0
0
0
0
0
0
0
0
0
0
0
4.03405e-16
3.06385e-16
-7.75591e-16
0
0
-3.07395e-08
0
0
0
0
0
0
0
0
0
0
-6.43119e-12
0
0
0
0
8.98309e-15
-2.60459e-16
-1.71111e-16
0
0
0
1.62701e-16
0
0
-2.34846e-08
0
0
0
-3.08989e-15
0
0
0
0
0
0
0
0
0
0
0
0
0
0
0
0
0
0
0
0
0
0
0
4.92194e-14
0
0
0
2.88483e-17
0
0
0
0
0
0
0
0
0
0
0
0
0
0
-1.70066e-16
-2.60642e-15
0
0
0
0
4.75488e-16
0
0
0
0
0
0
0
0
4.05294e-08
0
0
8.40496e-15
3.81463e-08
0
0
0
-1.59683e-15
0
0
0
0
2.13677e-15
0
0
4.38305e-16
0
0
0
0
0
0
0
0
0
0
0
0
0
0
0
-1.15706e-17
1.1942e-15
0
0
5.50311e-17
1.50037e-16
0
0
0
0
0
0
0
0
0
0
0
0
0
0
0
0
0
0
0
0
0
0
-8.05911e-18
0
0
0
0
0
-3.93646e-08
0
0
0
0
0
0
0
0
0
0
0
0
0
0
0
0
0
0
0
1.09941e-16
0
0
0
0
0
0
-3.65643e-16
0
6.11211e-17
0
1.40189e-14
0
0
0
0
0
0
0
0
0
0
0
3.95941e-17
0
0
0
0
0
0
0
0
0
0
0
0
0
0
0
0
0
0
0
0
0
0
0
0
0
0
0
0
-4.00251e-08
0
0
0
0
0
0
0
0
0
0
0
0
0
0
0
0
0
1.95682e-16
0
0
0
0
0
0
0
0
0
0
0
0
0
-5.38827e-16
0
8.52664e-16
0
0
0
0
0
0
0
0
0
0
0
0
0
0
0
0
0
0
0
0
0
0
0
0
0
2.02118e-13
0
0
0
0
0
0
0
0
0
0
0
0
0
0
0
0
0
0
0
0
0
0
0
0
0
0
0
0
0
0
0
0
-3.24508e-17
0
0
0
0
0
0
0
0
0
0
0
0
0
0
0
0
0
0
0
0
0
0
0
0
0
0
0
0
-1.75096e-15
0
0
0
0
0
0
0
0
0
0
0
0
0
0
0
0
0
0
0
0
-2.89455e-15
0
0
0
0
0
0
0
0
0
0
0
6.93951e-15
0
0
-7.50216e-14
0
0
0
0
0
0
0
0
0
0
0
0
0
0
0
0
0
0
0
0
0
0
0
0
0
0
0
0
0
0
-1.1962e-15
0
0
0
0
0
0
0
-5.58822e-17
7.40983e-17
0
-3.51182e-16
0
0
0
0
0
0
0
0
0
0
0
0
0
0
0
0
0
0
0
0
0
0
0
0
0
0
0
0
-1.49638e-15
0
0
0
0
0
0
0
0
0
0
0
0
0
0
0
0
0
0
0
0
1.66996e-14
0
0
2.37935e-15
0
0
0
0
0
0
0
0
0
0
1.06847e-16
0
0
0
-3.85871e-16
0
0
0
0
0
0
0
0
0
0
0
0
0
0
0
0
0
0
0
0
0
0
0
0
0
0
0
0
0
0
0
0
0
-1.24316e-15
0
0
0
0
0
0
0
0
0
0
-1.95635e-15
0
0
-1.52895e-15
0
0
0
0
0
0
0
0
0
0
9.43835e-17
0
0
0
0
0
0
0
0
0
0
0
0
0
0
0
0
0
1.56838e-16
3.29792e-16
0
0
0
0
0
0
0
0
0
0
0
0
0
0
0
0
0
0
0
0
0
0
-1.80716e-15
0
0
-4.29987e-15
0
0
0
0
0
0
0
0
0
0
0
-9.85393e-18
0
6.58392e-15
4.92618e-17
0
0
0
0
0
0
0
0
0
0
0
0
0
0
0
0
0
0
0
0
0
0
0
0
0
0
-3.38388e-15
0
0
0
0
0
0
0
0
0
0
0
0
0
0
0
0
0
0
0
0
0
0
0
0
0
0
0
0
0
-3.41279e-15
-5.92504e-15
0
0
0
0
0
0
0
0
0
0
0
0
0
-5.21907e-16
0
0
0
0
0
0
0
0
0
0
0
0
0
0
0
0
1.00261e-15
0
0
0
0
0
0
0
0
0
0
0
0
0
0
0
0
0
0
0
0
0
0
0
0
0
0
0
2.56354e-08
0
0
-3.37129e-13
0
0
0
0
0
4.3321e-17
0
0
-2.57289e-16
0
0
0
0
0
0
0
0
0
0
0
0
0
0
0
0
0
0
0
0
-1.86673e-15
0
0
0
0
0
0
0
0
0
0
0
0
0
0
0
0
0
0
0
2.30303e-16
0
0
0
0
0
0
0
0
0
0
0
0
0
0
0
0
3.2827e-14
-1.1716e-14
0
0
0
0
0
0
0
0
0
0
0
0
0
0
0
0
0
-1.586e-12
1.44984e-14
0
0
0
0
0
0
0
0
0
0
0
0
1.06732e-16
0
0
0
0
0
0
0
0
0
0
0
0
0
0
0
0
0
0
0
0
0
0
0
0
1.75146e-08
0
0
0
0
0
0
0
0
0
0
0
0
0
0
0
0
0
0
0
0
0
0
0
0
0
0
0
0
0
0
0
0
0
0
0
-3.18536e-15
0
0
0
0
0
-2.96556e-14
0
0
0
0
0
0
0
0
0
0
0
0
0
0
0
0
0
0
0
0
0
0
0
0
0
0
0
0
0
0
0
0
0
0
0
0
0
0
0
0
0
1.62014e-12
0
0
0
0
0
0
0
0
0
0
0
0
0
0
0
-6.87163e-16
0
0
0
0
0
0
0
0
0
0
0
1.08318e-15
0
0
4.99502e-17
0
0
0
0
0
0
0
0
0
0
0
0
0
0
0
0
0
0
0
0
0
0
0
0
0
0
0
0
0
0
0
0
0
0
0
0
0
0
0
0
0
0
0
0
0
0
0
0
0
0
0
0
0
0
0
0
0
0
0
0
0
0
0
1.1892e-13
1.63061e-13
0
0
0
0
0
0
0
0
0
0
0
0
0
0
0
-1.8738e-15
1.38659e-13
0
0
-3.47224e-15
-2.27297e-16
0
0
0
0
0
0
0
0
0
0
0
1.29074e-14
0
0
0
0
0
0
0
0
0
0
0
0
0
0
0
0
0
0
0
0
0
0
0
0
0
0
0
0
0
0
0
0
0
0
0
0
0
0
0
0
0
0
0
0
0
0
0
0
0
0
0
0
0
0
0
0
0
0
0
0
0
0
0
0
0
0
0
0
0
0
0
0
0
0
0
0
0
0
0
0
0
-8.09661e-16
0
0
0
0
0
0
0
0
0
0
0
0
0
1.07032e-13
0
0
-1.4082e-13
-2.33656e-16
0
0
0
0
0
0
0
0
0
0
0
0
0
0
0
1.18752e-13
0
0
0
0
0
1.26416e-12
0
0
0
0
0
0
0
-2.52949e-17
0
0
0
0
0
0
-6.43548e-14
-1.90657e-16
0
0
0
1.41607e-12
0
0
0
0
0
0
0
0
0
3.40774e-15
0
0
0
0
0
0
0
)
;

boundaryField
{
    frontback
    {
        type            empty;
        value           nonuniform List<scalar> 0();
    }
    topbottom
    {
        type            calculated;
        value           uniform 0;
    }
    outlet
    {
        type            calculated;
        value           uniform 0;
    }
    inlet
    {
        type            calculated;
        value           nonuniform List<scalar> 0();
    }
    walls
    {
        type            calculated;
        value           nonuniform List<scalar> 
45
(
-1.14066e-08
7.60438e-10
-5.32307e-09
5.32307e-09
1.14066e-08
-8.13669e-08
-8.89712e-08
-1.17868e-07
-9.50547e-08
-1.13305e-07
-1.02659e-07
-1.08743e-07
-8.28877e-08
-9.35339e-08
-9.04921e-08
-8.74504e-08
-1.01138e-07
-1.14826e-07
-1.07222e-07
-8.59295e-08
-8.44086e-08
-7.60437e-10
3.80219e-09
-9.2013e-08
-6.84394e-09
-9.8857e-09
6.84394e-09
-9.96174e-08
9.88569e-09
-1.16347e-07
-1.05701e-07
-2.28131e-09
1.29274e-08
-8.36482e-09
8.36482e-09
-1.19389e-07
1.44483e-08
-1.11784e-07
-1.2091e-07
-1.10264e-07
-1.0418e-07
-9.80965e-08
-9.65756e-08
2.28131e-09
-3.80219e-09
)
;
    }
    procBoundary3to1
    {
        type            processor;
        value           nonuniform List<scalar> 
205
(
-7.57566e-08
0
0
-5.85589e-17
0
0
0
1.63594e-15
0
0
0
6.48256e-15
0
2.6774e-16
0
0
-5.62595e-17
0
0
0
7.24996e-17
0
0
0
-6.51582e-15
0
0
0
0
6.6835e-17
-1.46294e-16
-2.47872e-16
0
-3.32071e-15
-1.07221e-16
0
3.55051e-16
0
8.75366e-17
2.2379e-16
4.9616e-16
-3.9599e-17
4.40421e-16
-1.81744e-16
6.21707e-16
0
-6.73462e-17
0
3.8448e-17
5.78236e-15
0
0
0
-7.55265e-17
0
0
0
1.14341e-16
0
0
8.8225e-15
0
-5.88593e-14
2.26595e-15
0
-1.45878e-16
0
6.04049e-16
0
-1.99881e-15
-2.44951e-17
-1.3081e-14
6.03539e-16
3.95721e-14
0
0
2.7229e-31
1.57506e-16
0
-1.84355e-14
1.62989e-17
1.05643e-15
0
0
0
0
0
0
1.6895e-16
1.2683e-16
-6.5366e-15
0
0
0
0
0
0
0
3.39887e-16
0
0
0
0
0
2.5016e-16
0
0
0
0
0
0
3.49952e-16
0
0
0
0
0
0
0
1.89974e-15
0
0
0
0
0
0
0
0
0
0
0
0
0
0
2.25022e-16
0
0
0
0
5.42909e-16
-5.26753e-17
0
1.34868e-14
0
-2.51574e-17
0
-5.90601e-17
0
0
4.93852e-17
3.9577e-14
0
0
1.88973e-16
0
0
0
1.11358e-16
-7.12926e-16
0
7.33063e-17
4.18342e-16
0
0
-1.36867e-16
1.00322e-14
0
5.33827e-17
0
-2.61631e-15
0
3.929e-17
-5.33122e-16
1.92758e-16
1.20306e-16
0
0
-3.24113e-15
1.07713e-16
0
0
-3.32399e-15
0
0
2.00553e-16
-2.27751e-16
0
-1.44643e-16
2.77031e-15
0
8.40638e-15
-2.00028e-14
4.37538e-16
5.94162e-15
0
3.32058e-15
0
7.50251e-13
1.22115e-17
0
0
0
3.93087e-16
-8.25402e-15
0
)
;
    }
    procBoundary3to2
    {
        type            processor;
        value           nonuniform List<scalar> 
99
(
0
0
3.51269e-13
0
0
0
0
0
0
0
0
0
0
0
0
0
0
0
0
0
0
0
0
0
0
0
0
0
0
0
0
0
0
0
0
1.47194e-14
0
0
0
0
0
0
0
0
0
0
0
0
0
0
0
0
0
0
0
0
0
0
0
0
0
0
0
0
0
0
0
0
0
-1.24614e-08
1.96688e-15
0
0
0
0
0
0
0
0
0
0
0
0
0
0
0
0
0
0
0
0
0
0
0
0
0
0
0
0
)
;
    }
}


// ************************************************************************* //
