/*--------------------------------*- C++ -*----------------------------------*\
| =========                 |                                                 |
| \\      /  F ield         | OpenFOAM: The Open Source CFD Toolbox           |
|  \\    /   O peration     | Version:  v2012                                 |
|   \\  /    A nd           | Website:  www.openfoam.com                      |
|    \\/     M anipulation  |                                                 |
\*---------------------------------------------------------------------------*/
FoamFile
{
    version     2.0;
    format      ascii;
    class       pointVectorField;
    location    "0";
    object      pointDisplacement;
}
// * * * * * * * * * * * * * * * * * * * * * * * * * * * * * * * * * * * * * //

dimensions      [0 1 0 0 0 0 0];


internalField   uniform (0 0 0);

boundaryField
{
    frontback
    {
        type            empty;
    }
    topbottom
    {
        type            uniformFixedValue;
        value           uniform (0 0 0);
        uniformValue    constant (0 0 0);
    }
    outlet
    {
        type            uniformFixedValue;
        value           nonuniform List<vector> 0();
        uniformValue    constant (0 0 0);
    }
    inlet
    {
        type            uniformFixedValue;
        value           uniform (0 0 0);
        uniformValue    constant (0 0 0);
    }
    walls
    {
        type            angularOscillatingDisplacement;
        axis            (0 0 1);
        origin          (0 0 0);
        angle0          0;
        amplitude       0.052399;
        omega           0.06545;
        p0              nonuniform List<vector> 
272
(
(-2.65 -0.5 0)
(-2.7 -0.5 0)
(-2.7 -0.5 1)
(-2.65 -0.5 1)
(-1.25 -0.5 0)
(-1.3 -0.5 0)
(-1.3 -0.5 1)
(-1.25 -0.5 1)
(-2.3 -0.5 0)
(-2.35 -0.5 0)
(-2.35 -0.5 1)
(-2.3 -0.5 1)
(2.05 -0.5 0)
(2 -0.5 0)
(2 -0.5 1)
(2.05 -0.5 1)
(-2.5 -0.5 0)
(-2.55 -0.5 0)
(-2.55 -0.5 1)
(-2.5 -0.5 1)
(-1.35 -0.5 0)
(-1.35 -0.5 1)
(-2.15 -0.5 0)
(-2.2 -0.5 0)
(-2.2 -0.5 1)
(-2.15 -0.5 1)
(0.85 -0.5 0)
(0.8 -0.5 0)
(0.8 -0.5 1)
(0.85 -0.5 1)
(-3.15 -0.5 0)
(-3.2 -0.5 0)
(-3.2 -0.5 1)
(-3.15 -0.5 1)
(-3.4 -0.5 0)
(-3.45 -0.5 0)
(-3.45 -0.5 1)
(-3.4 -0.5 1)
(0.65 -0.5 0)
(0.6 -0.5 0)
(0.6 -0.5 1)
(0.65 -0.5 1)
(0.9 -0.5 0)
(0.9 -0.5 1)
(-0.9 -0.5 0)
(-0.95 -0.5 0)
(-0.95 -0.5 1)
(-0.9 -0.5 1)
(-0.65 -0.5 0)
(-0.7 -0.5 0)
(-0.7 -0.5 1)
(-0.65 -0.5 1)
(-1.8 -0.5 0)
(-1.85 -0.5 0)
(-1.85 -0.5 1)
(-1.8 -0.5 1)
(-2.75 -0.5 0)
(-2.75 -0.5 1)
(-2.95 -0.5 0)
(-3 -0.5 0)
(-3 -0.5 1)
(-2.95 -0.5 1)
(-2.45 -0.5 0)
(-2.45 -0.5 1)
(-2.25 -0.5 0)
(-2.25 -0.5 1)
(-1.1 -0.5 0)
(-1.15 -0.5 0)
(-1.15 -0.5 1)
(-1.1 -0.5 1)
(-3.85 -0.5 0)
(-3.9 -0.5 0)
(-3.9 -0.5 1)
(-3.85 -0.5 1)
(-3.6 -0.5 0)
(-3.65 -0.5 0)
(-3.65 -0.5 1)
(-3.6 -0.5 1)
(-2 -0.5 0)
(-2.05 -0.5 0)
(-2.05 -0.5 1)
(-2 -0.5 1)
(-1.4 -0.5 0)
(-1.4 -0.5 1)
(-0.45 -0.5 0)
(-0.5 -0.5 0)
(-0.5 -0.5 1)
(-0.45 -0.5 1)
(-1.6 -0.5 0)
(-1.65 -0.5 0)
(-1.65 -0.5 1)
(-1.6 -0.5 1)
(-0.2 -0.5 0)
(-0.25 -0.5 0)
(-0.25 -0.5 1)
(-0.2 -0.5 1)
(0 -0.5 0)
(-0.05 -0.5 0)
(-0.05 -0.5 1)
(0 -0.5 1)
(0.2 -0.5 0)
(0.15 -0.5 0)
(0.15 -0.5 1)
(0.2 -0.5 1)
(0.45 -0.5 0)
(0.4 -0.5 0)
(0.4 -0.5 1)
(0.45 -0.5 1)
(1.1 -0.5 0)
(1.05 -0.5 0)
(1.05 -0.5 1)
(1.1 -0.5 1)
(1.35 -0.5 0)
(1.3 -0.5 0)
(1.3 -0.5 1)
(1.35 -0.5 1)
(1.55 -0.5 0)
(1.5 -0.5 0)
(1.5 -0.5 1)
(1.55 -0.5 1)
(1.8 -0.5 0)
(1.75 -0.5 0)
(1.75 -0.5 1)
(1.8 -0.5 1)
(1.95 -0.5 0)
(1.95 -0.5 1)
(2.25 -0.5 0)
(2.2 -0.5 0)
(2.2 -0.5 1)
(2.25 -0.5 1)
(2.45 -0.5 0)
(2.4 -0.5 0)
(2.4 -0.5 1)
(2.45 -0.5 1)
(0.55 -0.5 0)
(0.55 -0.5 1)
(1.9 -0.5 0)
(1.9 -0.5 1)
(1.15 -0.5 0)
(1.15 -0.5 1)
(1.45 -0.5 0)
(1.45 -0.5 1)
(1.4 -0.5 0)
(1.4 -0.5 1)
(2.35 -0.5 0)
(2.35 -0.5 1)
(1.6 -0.5 0)
(1.6 -0.5 1)
(1 -0.5 0)
(1 -0.5 1)
(0.95 -0.5 0)
(0.95 -0.5 1)
(0.7 -0.5 0)
(0.7 -0.5 1)
(0.35 -0.5 0)
(0.35 -0.5 1)
(0.1 -0.5 0)
(0.1 -0.5 1)
(0.05 -0.5 0)
(0.05 -0.5 1)
(1.25 -0.5 0)
(1.25 -0.5 1)
(-0.55 -0.5 0)
(-0.55 -0.5 1)
(-0.15 -0.5 0)
(-0.15 -0.5 1)
(-0.1 -0.5 0)
(-0.1 -0.5 1)
(0.25 -0.5 0)
(0.25 -0.5 1)
(-1 -0.5 0)
(-1 -0.5 1)
(-0.3 -0.5 0)
(-0.3 -0.5 1)
(-0.75 -0.5 0)
(-0.75 -0.5 1)
(-1.2 -0.5 0)
(-1.2 -0.5 1)
(-1.45 -0.5 0)
(-1.45 -0.5 1)
(0.5 -0.5 0)
(0.5 -0.5 1)
(1.85 -0.5 0)
(1.85 -0.5 1)
(1.2 -0.5 0)
(1.2 -0.5 1)
(1.7 -0.5 0)
(1.65 -0.5 0)
(1.65 -0.5 1)
(1.7 -0.5 1)
(-1.75 -0.5 0)
(-1.75 -0.5 1)
(2.1 -0.5 0)
(2.1 -0.5 1)
(2.3 -0.5 0)
(2.3 -0.5 1)
(-1.95 -0.5 0)
(-1.95 -0.5 1)
(-1.9 -0.5 0)
(-1.9 -0.5 1)
(0.75 -0.5 0)
(0.75 -0.5 1)
(2.6 -0.5 0)
(2.55 -0.5 0)
(2.55 -0.5 1)
(2.6 -0.5 1)
(0.3 -0.5 0)
(0.3 -0.5 1)
(-0.6 -0.5 0)
(-0.6 -0.5 1)
(-1.55 -0.5 0)
(-1.55 -0.5 1)
(-2.1 -0.5 0)
(-2.1 -0.5 1)
(-1.05 -0.5 0)
(-1.05 -0.5 1)
(-0.35 -0.5 0)
(-0.35 -0.5 1)
(-1.5 -0.5 0)
(-1.5 -0.5 1)
(-0.8 -0.5 0)
(-0.8 -0.5 1)
(-2.9 -0.5 0)
(-2.9 -0.5 1)
(-1.7 -0.5 0)
(-1.7 -0.5 1)
(-3.1 -0.5 0)
(-3.1 -0.5 1)
(-3.05 -0.5 0)
(-3.05 -0.5 1)
(-3.25 -0.5 0)
(-3.25 -0.5 1)
(-2.4 -0.5 0)
(-2.4 -0.5 1)
(-3.55 -0.5 0)
(-3.55 -0.5 1)
(-2.6 -0.5 0)
(-2.6 -0.5 1)
(-3.7 -0.5 0)
(-3.7 -0.5 1)
(-2.85 -0.5 0)
(-2.85 -0.5 1)
(-3.8 -0.5 0)
(-3.8 -0.5 1)
(-3.3 -0.5 0)
(-3.3 -0.5 1)
(-3.75 -0.5 0)
(-3.75 -0.5 1)
(-3.5 -0.5 0)
(-3.5 -0.5 1)
(-3.95 -0.5 0)
(-3.95 -0.5 1)
(-0.85 -0.5 0)
(-0.85 -0.5 1)
(-3.35 -0.5 0)
(-3.35 -0.5 1)
(-2.8 -0.5 0)
(-2.8 -0.5 1)
(-4 -0.5 0)
(-4 -0.5 1)
(-4 -0.45 0)
(-4 -0.45 1)
(-0.4 -0.5 0)
(-0.4 -0.5 1)
(2.65 -0.5 0)
(2.65 -0.5 1)
(2.15 -0.5 0)
(2.15 -0.5 1)
(2.5 -0.5 0)
(2.5 -0.5 1)
(-4 -0.4 0)
(-4 -0.4 1)
)
;
        value           uniform (0 0 0);
    }
    procBoundary0to1
    {
        type            processor;
    }
    procBoundary0to2
    {
        type            processor;
    }
}


// ************************************************************************* //
