/*--------------------------------*- C++ -*----------------------------------*\
| =========                 |                                                 |
| \\      /  F ield         | OpenFOAM: The Open Source CFD Toolbox           |
|  \\    /   O peration     | Version:  v2012                                 |
|   \\  /    A nd           | Website:  www.openfoam.com                      |
|    \\/     M anipulation  |                                                 |
\*---------------------------------------------------------------------------*/
FoamFile
{
    version     2.0;
    format      ascii;
    class       surfaceScalarField;
    location    "100";
    object      meshPhi;
}
// * * * * * * * * * * * * * * * * * * * * * * * * * * * * * * * * * * * * * //

dimensions      [0 3 -1 0 0 0 0];
oriented        oriented;


internalField   nonuniform List<scalar> 
20673
(
0
0
0
0
0
0
0
0
0
0
0
0
0
0
0
0
0
0
0
0
0
0
0
0
0
0
0
0
0
0
0
0
0
0
0
0
0
-5.79853e-08
1.78291e-12
1.25322e-08
0
0
0
0
0
0
0
0
0
0
0
0
0
0
0
0
0
0
0
0
0
0
0
0
0
0
0
0
0
0
0
0
0
-2.78294e-31
-1.11432e-17
1.15881e-16
0
0
0
-9.61896e-17
4.71019e-16
0
0
0
0
0
0
0
0
0
0
0
0
0
-1.4917e-17
0
-2.78978e-15
0
0
0
0
0
0
0
0
0
0
0
0
0
-6.77632e-13
7.97472e-13
-2.54579e-15
0
0
0
0
0
0
0
0
0
4.67134e-16
0
-1.88295e-15
0
0
0
5.98103e-17
1.6965e-15
8.32306e-18
0
0
0
0
0
-7.49793e-12
-6.0003e-12
1.26659e-15
0
0
0
0
0
0
1.24832e-14
-3.61983e-16
0
2.85101e-12
-2.06546e-11
-1.1302e-16
0
0
0
0
0
0
0
0
0
0
0
0
0
0
0
0
0
0
0
0
0
-1.971e-08
0
0
9.51165e-17
-1.77793e-15
0
0
0
5.47095e-17
-1.43199e-15
-1.14925e-14
1.46046e-14
0
0
0
2.49452e-15
7.13244e-16
0
0
0
-4.79354e-17
1.79355e-17
0
0
0
0
0
-5.54721e-12
2.23603e-18
-7.28836e-12
0
0
0
-1.10015e-12
0
-1.69204e-13
0
0
0
0
0
0
0
0
0
0
0
0
-2.54972e-16
-8.30385e-16
-1.608e-15
-3.71874e-18
0
0
0
0
0
0
0
0
0
0
0
0
0
0
0
0
0
0
0
0
0
0
0
0
0
0
0
0
0
0
0
0
0
0
0
0
0
0
0
0
0
0
3.98737e-15
9.71484e-17
-1.66967e-16
0
0
0
2.72243e-15
2.9888e-16
0
-1.88292e-16
-3.66803e-17
0
0
0
0
0
0
0
0
0
7.26914e-16
9.09207e-16
0
0
0
0
0
0
0
0
0
0
0
3.7773e-16
2.60982e-13
0
0
0
0
0
4.31099e-17
0
-6.68867e-15
2.40113e-12
-1.4849e-15
-9.63767e-12
0
0
0
-4.42462e-19
1.58924e-15
5.34603e-16
-2.41555e-13
-6.3686e-14
0
-3.61365e-15
-7.28963e-15
0
0
0
0
0
0
0
0
0
0
0
0
0
0
0
0
0
0
0
0
0
0
0
0
0
0
0
-7.58054e-17
0
0
0
0
0
0
0
0
0
0
0
0
1.65385e-15
1.07668e-16
-7.22519e-16
1.76026e-14
2.17508e-15
-7.84266e-15
0
0
0
0
0
0
0
0
0
-1.00185e-17
-1.30672e-15
-6.04915e-16
-2.18576e-15
-1.34508e-14
0
3.93967e-16
1.71714e-16
-1.2619e-16
1.99089e-16
0
0
-1.4122e-16
0
0
0
0
0
0
0
0
0
-9.60039e-16
-6.57129e-12
0
0
0
0
0
0
0
0
0
1.80921e-16
0
3.88578e-16
2.64628e-15
-1.44518e-16
0
0
0
-2.74451e-12
2.77807e-13
0
0
0
0
0
0
0
0
0
0
0
0
0
0
0
0
0
0
0
0
0
0
0
0
0
0
2.38134e-15
0
0
0
8.46591e-13
-3.11299e-12
0
0
0
0
0
0
0
0
-2.38678e-18
4.80708e-19
0
0
0
0
0
-6.86472e-16
-1.16791e-15
0
0
0
0
0
0
0
0
0
0
0
0
0
0
0
0
0
0
0
0
0
0
0
0
0
0
0
0
0
0
0
0
0
0
0
0
0
0
0
0
1.41594e-16
-7.23029e-16
1.65919e-15
5.03171e-15
2.22421e-16
0
0
0
0
0
0
0
0
0
0
0
0
0
0
0
-2.79929e-16
0
7.88129e-16
0
0
0
0
0
0
0
0
0
0
0
0
0
0
0
0
0
0
0
0
0
-9.27276e-13
2.46819e-17
-3.55051e-13
0
0
0
0
-1.95004e-16
2.94553e-16
0
0
0
0
-1.24117e-12
0
-1.03418e-13
0
0
0
0
0
0
0
0
0
0
0
0
0
0
0
0
0
0
0
0
0
0
0
0
0
0
0
0
0
0
0
0
0
0
0
0
-8.29294e-15
-2.19666e-12
0
0
0
0
0
0
0
0
0
0
0
0
0
0
0
-1.78055e-13
0
0
0
0
0
0
0
0
0
0
0
0
0
0
0
0
0
0
0
0
0
0
0
1.04751e-12
4.69921e-13
-2.99573e-12
0
0
0
0
0
0
-1.73232e-16
2.44952e-16
-1.70367e-15
0
0
0
0
0
0
0
0
0
0
0
0
0
0
0
0
0
0
0
-1.20528e-12
-6.14598e-13
0
0
0
0
0
0
0
0
0
0
0
1.02141e-12
2.76034e-13
-2.52511e-12
0
0
0
0
0
0
0
0
0
0
0
0
0
0
0
0
6.23507e-17
0
3.18358e-17
0
0
0
0
0
0
0
0
0
0
0
0
0
0
0
0
0
0
0
0
0
0
0
0
0
0
9.62734e-17
-5.53142e-15
0
0
0
-2.20679e-15
1.33972e-15
0
0
0
0
0
0
0
0
0
0
0
0
0
0
0
-1.29226e-15
1.97817e-15
-1.48843e-16
0
0
0
0
3.54631e-17
0
0
0
0
0
0
0
0
0
0
-2.59879e-15
0
0
0
0
1.38932e-15
0
-1.43278e-15
0
0
0
0
0
0
0
-1.45185e-14
1.82406e-15
0
0
0
-9.9831e-14
-2.22902e-13
4.73245e-17
0
0
0
0
0
0
0
0
0
0
0
0
0
0
0
0
0
0
0
0
0
0
-1.22757e-16
0
3.42912e-15
-8.57359e-12
-4.28274e-12
-3.42291e-18
0
0
0
0
0
0
0
0
0
0
0
6.21381e-16
0
1.69383e-16
0
0
0
0
0
0
5.72591e-17
9.38776e-17
0
-3.0097e-14
3.79113e-15
-7.04502e-17
0
3.68825e-14
-3.91914e-13
5.77969e-14
0
0
0
0
0
0
0
0
0
0
0
0
0
0
0
0
0
0
0
0
0
0
0
6.30567e-16
6.97008e-15
0
0
0
6.90958e-13
2.30851e-13
0
0
0
0
0
0
0
0
-1.11416e-15
0
0
0
4.31151e-13
-2.22679e-12
0
0
0
0
0
0
0
0
-1.46935e-16
2.0107e-17
0
0
0
0
0
0
0
0
0
0
0
0
0
0
0
0
0
4.20036e-13
4.75962e-13
-1.80029e-12
0
0
0
0
0
0
0
0
0
0
0
0
0
0
0
0
0
0
0
3.57782e-12
-2.41302e-11
0
0
0
0
0
0
0
0
0
0
0
0
0
0
0
9.97615e-12
1.96134e-07
-1.61864e-07
0
0
-1.48949e-13
-2.71878e-12
0
0
0
0
0
0
0
0
0
0
0
0
6.45208e-15
3.19919e-14
0
0
0
0
0
0
0
0
0
0
0
0
0
0
0
0
0
0
0
0
0
0
6.41792e-17
7.44744e-17
-1.03799e-15
0
0
0
0
0
0
0
0
-1.494e-15
0
0
0
0
0
-3.98239e-17
0
0
0
0
0
0
0
0
0
0
0
0
0
0
0
0
0
0
-1.49581e-14
0
0
0
0
3.87067e-16
-3.94025e-16
1.91357e-14
0
0
0
0
0
-8.90366e-13
-2.62455e-16
-4.90512e-14
0
0
-5.48577e-15
1.66371e-14
0
0
0
0
0
0
0
0
0
0
0
0
0
0
0
0
0
0
0
0
0
7.22402e-15
6.19671e-16
0
0
0
0
0
0
0
0
0
0
0
0
0
0
0
0
0
0
0
0
0
0
0
-2.23953e-13
-1.41247e-12
0
0
0
0
0
-1.2023e-12
0
-6.60178e-13
0
0
0
0
0
0
0
0
0
0
0
0
0
0
0
0
0
0
0
0
0
0
0
0
3.91784e-13
-1.83465e-16
-1.21957e-12
0
0
0
-8.88976e-18
-9.18608e-17
0
0
0
0
0
0
4.07726e-16
0
-1.47148e-16
0
0
0
0
0
2.27956e-15
0
0
0
0
0
0
0
0
0
0
0
0
0
0
0
0
0
0
0
0
9.48932e-17
0
0
0
0
0
0
0
0
0
0
0
0
0
0
0
0
0
0
-1.65007e-17
0
0
0
0
0
0
0
0
0
0
0
0
0
0
0
0
0
0
0
-1.39391e-15
0
0
0
0
-8.79366e-13
0
0
0
0
0
0
0
0
0
-1.02929e-13
-2.38064e-12
0
0
-6.10693e-13
-5.71448e-13
0
0
0
0
0
0
0
0
0
0
0
0
-2.14432e-18
0
-1.05491e-18
0
0
0
0
0
0
0
0
0
3.10193e-13
4.03139e-13
-1.44086e-12
0
0
0
-6.43981e-13
-9.52701e-13
0
0
0
0
0
0
0
0
0
0
0
0
0
0
0
0
0
0
0
0
0
0
0
0
0
0
0
0
0
0
0
0
0
0
0
0
0
0
0
0
0
0
0
0
0
0
0
0
0
0
0
0
0
0
0
0
2.32575e-16
1.52145e-14
0
0
0
0
0
0
0
0
0
0
0
0
-2.11958e-17
-7.45139e-17
0
0
0
0
0
0
0
0
0
0
0
0
0
0
0
0
0
0
0
0
0
0
0
0
0
-8.89675e-13
0
0
0
0
0
0
0
0
0
0
0
0
0
0
0
0
0
0
0
0
3.64062e-12
-1.02177e-11
1.35119e-12
0
0
0
0
0
0
0
0
0
0
0
0
0
0
0
0
0
0
0
0
0
0
0
0
-4.41038e-09
-4.67747e-08
0
0
0
0
0
0
0
0
0
0
0
0
0
0
1.04407e-15
-3.66856e-16
0
0
-3.11108e-17
0
0
-1.25978e-16
-2.78794e-13
0
0
0
0
0
-9.25661e-18
9.32668e-16
0
0
0
0
0
0
-5.89759e-13
-2.97814e-17
-8.9244e-12
0
0
0
0
0
0
0
0
0
0
0
-1.20786e-12
0
0
0
0
0
0
0
0
0
0
0
0
0
0
0
0
0
0
0
0
0
0
0
0
0
0
0
4.27637e-13
-3.19669e-12
0
0
0
0
0
0
0
0
-8.46275e-17
1.38837e-16
1.3548e-15
0
0
0
0
0
0
0
0
-2.31095e-11
0
0
0
0
0
0
0
0
0
0
0
0
0
0
0
0
0
0
0
0
0
0
0
4.59052e-18
6.32883e-16
0
0
0
0
0
0
0
0
0
0
0
0
0
0
0
0
0
3.48203e-15
0
0
0
0
4.4979e-12
2.37947e-12
0
0
0
0
0
0
0
-1.21963e-17
0
0
0
0
0
0
4.52767e-15
0
-2.1935e-16
0
0
0
0
0
0
0
0
0
0
0
0
0
0
0
0
0
0
0
0
0
0
0
0
0
0
-5.50642e-15
7.2546e-15
0
0
0
4.87406e-08
3.47293e-12
0
0
0
-1.70736e-16
1.54472e-16
0
0
0
0
0
6.46947e-17
0
0
0
0
0
0
0
0
0
0
0
0
0
0
0
0
0
0
0
0
0
0
0
0
0
0
0
0
0
-9.79593e-17
-3.42494e-13
0
0
0
0
0
-2.21634e-12
0
0
0
0
0
0
0
0
0
0
0
0
0
0
0
0
0
0
0
0
0
0
0
0
0
0
0
0
1.34975e-16
-3.4395e-17
0
0
0
0
0
0
0
0
0
0
0
0
0
0
0
0
0
0
0
0
0
0
0
0
8.49572e-16
6.60655e-18
0
0
0
0
0
0
0
0
0
0
0
0
0
0
0
0
0
0
0
0
0
0
9.93667e-16
0
7.44948e-17
0
0
0
0
0
0
0
0
0
0
0
0
0
0
0
0
0
0
0
0
0
0
0
0
0
0
0
0
0
0
0
0
0
0
0
0
0
0
0
0
0
0
0
0
0
0
0
0
0
0
0
0
0
0
0
0
0
0
0
0
0
0
0
0
0
0
0
0
1.22573e-16
1.04909e-16
-5.7727e-16
0
0
0
0
0
0
0
0
0
0
0
0
0
0
0
0
0
0
0
0
0
0
1.26815e-12
7.08748e-13
-3.93179e-12
0
0
0
0
0
0
0
-3.85862e-16
-3.88002e-13
0
0
0
0
0
0
0
0
0
0
0
0
0
0
0
0
0
0
0
0
0
0
0
0
0
-7.12835e-14
-5.14065e-17
0
0
0
0
0
0
0
0
0
0
0
-8.79804e-13
-6.20091e-13
0
0
0
0
0
0
0
0
0
0
0
0
0
0
0
0
0
0
0
0
1.08529e-12
-1.62162e-12
5.37151e-14
0
0
0
0
0
0
0
0
0
0
0
5.34798e-16
-4.00315e-16
0
-3.60715e-16
0
0
0
0
0
0
0
0
0
2.51211e-12
6.94388e-15
-3.78842e-12
0
0
0
0
0
0
0
0
0
0
0
0
0
1.53901e-16
0
0
0
0
0
0
0
0
0
0
0
0
0
0
0
0
0
0
0
0
0
0
0
0
0
0
0
0
0
0
0
0
0
0
0
0
0
0
0
0
0
0
0
0
0
0
-1.96449e-16
7.66041e-17
0
0
0
0
0
0
1.79962e-17
1.43854e-12
-7.89706e-12
0
0
0
0
0
0
0
0
0
1.9238e-16
-1.65564e-16
0
0
0
0
0
0
0
0
0
0
0
0
-4.14708e-17
-1.17073e-15
0
0
0
0
0
0
0
0
0
0
0
0
0
0
0
0
0
-3.02936e-16
-1.74972e-12
5.07392e-13
0
0
0
0
0
9.61227e-13
7.3378e-13
-3.39517e-12
0
2.44139e-18
-5.64035e-17
0
0
0
0
0
0
0
0
0
0
0
0
0
0
0
0
0
0
0
0
0
0
-7.70824e-17
0
0
0
0
-8.96816e-17
-1.07636e-16
9.56664e-17
0
0
0
0
0
0
0
0
0
0
0
0
0
0
-3.95068e-13
-5.92997e-14
0
0
0
0
0
-4.06076e-15
0
0
0
0
0
-5.23392e-15
0
-3.74615e-12
6.44437e-13
0
0
0
0
0
0
0
0
0
-2.6382e-12
-4.43632e-16
0
0
0
0
0
0
0
0
0
0
0
0
0
0
0
0
0
0
0
0
0
0
0
0
0
0
0
0
0
0
1.35332e-16
-9.94456e-13
-9.92888e-13
0
0
0
-1.12091e-14
0
0
0
0
0
0
0
0
-6.51873e-18
5.01378e-16
0
0
0
0
0
0
0
-1.87725e-13
-1.38688e-13
-5.60052e-13
-1.23963e-16
0
-1.57503e-20
0
0
0
0
0
0
0
0
0
0
0
0
0
0
0
0
0
0
0
0
0
0
0
0
0
0
0
0
0
0
0
0
0
0
0
0
0
0
0
0
0
0
0
-1.16427e-12
-1.07229e-20
-5.11876e-13
0
0
0
0
1.97213e-15
-2.56294e-15
-4.61373e-16
0
0
-5.44166e-18
0
0
0
0
0
0
0
9.3e-19
0
-6.42213e-16
0
0
0
0
0
0
0
0
0
0
0
0
0
0
0
0
0
0
0
0
0
-6.7371e-14
0
0
0
0
0
0
0
0
0
0
0
0
0
0
0
0
0
0
0
0
0
-4.81955e-16
8.23131e-16
0
0
0
0
0
0
0
0
0
0
0
0
0
0
0
0
0
0
-4.41886e-16
-3.27291e-18
-1.065e-16
0
0
0
0
0
0
0
0
0
0
0
0
0
0
0
0
0
0
0
0
0
0
0
0
0
0
0
0
0
0
0
0
0
0
0
0
0
0
0
0
0
0
0
0
0
0
0
0
0
0
0
0
0
0
0
0
0
0
7.31007e-18
8.99041e-17
0
0
0
1.22087e-12
-3.82491e-12
7.05621e-13
0
0
0
0
0
0
0
0
0
0
0
0
0
0
0
0
0
0
0
0
0
0
0
0
0
0
0
0
0
0
0
0
0
0
0
0
0
0
0
0
0
-5.29135e-17
0
0
0
0
0
0
0
0
0
0
0
0
0
-6.93962e-15
0
0
0
0
0
0
0
0
0
0
-6.17946e-17
-1.84198e-17
0
0
0
0
0
0
0
0
0
0
0
0
0
0
0
0
0
0
0
0
0
0
0
0
0
0
0
0
0
0
0
0
-3.31297e-13
0
0
0
0
0
0
0
0
0
0
-2.52366e-12
3.77759e-13
0
0
0
0
0
0
0
0
0
1.49565e-15
-8.44675e-15
0
0
0
0
0
0
0
0
0
0
0
0
0
0
0
0
0
0
0
0
0
0
0
0
0
0
0
0
0
0
0
0
0
0
0
0
0
0
0
0
0
0
0
0
0
0
0
0
0
0
0
0
0
0
6.0029e-17
-9.24596e-12
0
0
0
0
0
0
0
-6.7444e-16
0
0
0
0
0
0
0
0
0
0
0
0
1.00898e-16
0
0
0
0
0
0
0
5.61323e-16
0
0
0
0
0
0
0
0
0
0
0
0
0
0
0
0
0
0
0
0
0
0
0
0
0
0
0
0
0
0
0
0
0
0
0
0
0
0
0
0
0
0
0
0
0
0
0
0
0
0
0
0
0
0
0
0
0
0
0
0
0
0
0
0
0
0
0
0
0
0
0
2.2777e-18
0
-4.24822e-16
0
0
0
0
-1.64689e-15
0
0
0
0
0
0
0
-4.74122e-16
2.49484e-17
0
0
0
0
0
0
0
0
0
-1.12395e-12
0
0
0
0
0
0
0
0
0
0
0
0
0
0
0
0
0
0
0
0
0
0
0
0
0
0
0
0
0
0
0
0
0
0
0
0
0
0
0
0
0
0
0
0
0
0
0
0
0
0
0
8.72822e-17
0
0
0
0
0
0
0
0
0
0
0
0
0
0
0
0
0
0
0
0
0
0
0
0
0
0
0
0
0
0
0
0
4.23082e-15
2.2048e-14
0
0
0
0
0
0
0
0
0
0
0
0
0
0
0
0
0
0
0
0
0
0
0
0
0
0
0
0
0
0
0
0
0
0
0
0
0
0
0
0
0
0
0
0
0
0
0
0
0
0
0
0
0
0
0
-8.3701e-13
0
0
0
-3.94718e-16
0
0
0
0
0
0
0
0
0
0
0
0
1.03009e-12
-3.18779e-12
5.53304e-13
0
0
0
0
0
0
0
0
0
0
0
-2.96254e-12
0
-1.60126e-12
0
0
0
0
0
0
0
0
0
0
0
0
0
0
0
3.48858e-17
-2.84021e-16
0
0
0
0
0
0
0
0
0
8.76666e-17
-1.03293e-16
0
0
0
0
0
0
0
0
1.32645e-12
6.72966e-16
-2.46524e-12
0
0
0
0
0
0
0
-1.20342e-12
0
0
0
0
0
0
0
3.8991e-15
1.71847e-17
0
0
-2.84195e-16
-2.16887e-12
-1.40793e-12
0
0
0
0
0
0
0
0
0
0
0
0
0
0
0
-4.09187e-15
-7.86709e-15
0
0
0
0
0
0
0
0
0
0
-1.41299e-16
0
1.49339e-15
0
0
0
0
0
0
-1.06136e-12
0
-8.9567e-13
-3.94813e-16
0
0
0
0
0
0
-9.89381e-13
-7.41983e-13
0
-6.63334e-13
-2.40235e-12
-1.27308e-16
0
0
0
0
0
0
0
0
-1.7916e-15
5.70337e-13
0
-3.10306e-12
0
0
0
0
0
0
0
0
0
0
0
0
0
0
0
0
5.44807e-17
1.17267e-15
0
0
0
0
0
0
0
6.63238e-17
3.2764e-16
4.01035e-16
0
0
0
0
0
0
0
0
0
0
0
0
-1.27343e-12
3.58604e-18
0
0
0
3.90405e-17
-1.90309e-17
0
0
0
0
0
0
0
0
0
0
0
0
0
0
0
0
0
0
0
-1.5319e-16
7.04784e-17
0
0
0
0
0
0
0
0
5.01526e-12
6.10266e-12
-2.22126e-11
8.38903e-16
-8.73548e-16
2.00197e-17
-1.95154e-16
0
0
0
-9.44194e-17
-1.74944e-16
-4.07647e-13
-7.98635e-13
0
0
0
0
0
0
0
0
0
0
0
0
-1.67046e-14
0
-4.49639e-15
0
0
0
0
0
2.78583e-18
0
0
1.09495e-16
5.27452e-16
0
0
0
0
0
0
-3.20704e-12
6.26182e-13
0
0
0
0
0
0
0
0
-9.17638e-16
0
0
0
0
0
0
0
0
0
0
0
0
0
0
0
0
0
0
0
0
0
3.94872e-18
-3.02246e-18
0
0
0
0
0
0
0
0
0
0
0
0
0
0
0
6.39817e-17
2.1149e-17
0
5.79977e-15
0
0
0
0
0
-5.87185e-16
0
0
0
0
0
0
0
0
0
0
0
0
-4.02508e-16
0
0
0
4.05944e-15
0
-2.68757e-12
-2.84432e-16
0
0
0
0
0
0
0
0
0
0
0
-8.02023e-13
0
-3.89139e-17
-1.17772e-15
0
0
0
0
0
0
0
0
0
0
0
0
0
-1.11969e-30
0
1.66173e-15
1.62029e-17
0
0
0
0
0
0
0
0
0
-5.17465e-15
3.39733e-15
3.82784e-13
-6.37953e-13
0
0
0
0
0
0
0
0
0
0
0
0
0
0
0
0
0
0
0
-2.32238e-11
0
0
0
0
0
0
0
0
0
0
0
0
0
0
0
0
0
0
0
0
0
0
0
0
0
0
0
0
0
0
0
0
0
0
0
0
0
0
0
0
0
0
0
0
2.92912e-16
0
0
0
0
0
0
0
0
0
0
0
0
0
0
0
0
0
0
0
0
0
0
0
0
0
0
0
0
0
0
2.3252e-15
1.00292e-14
0
0
0
-5.69908e-17
-3.02042e-13
0
0
0
0
0
0
0
0
0
0
-7.44148e-12
9.39641e-13
0
0
0
0
0
0
0
0
0
0
0
0
0
0
0
0
0
0
0
0
0
0
0
0
0
2.1809e-18
5.00282e-18
0
0
0
0
0
0
0
0
0
0
0
0
0
0
0
0
0
0
0
0
0
0
0
0
0
0
0
0
0
0
0
8.47592e-13
1.07013e-12
-3.84357e-12
0
0
0
0
0
0
0
0
0
0
0
0
0
0
0
0
0
0
0
0
0
0
0
0
0
0
0
0
0
0
0
-8.23999e-16
0
1.39999e-16
0
0
0
0
0
0
0
0
0
0
0
0
0
0
0
0
0
0
-3.9331e-15
0
8.17565e-15
0
1.5194e-16
3.55727e-16
0
0
0
0
0
0
0
0
0
0
0
0
0
0
0
0
0
0
0
0
0
0
0
0
0
0
0
0
0
-4.34722e-13
-7.91919e-13
0
0
0
0
1.16163e-16
2.811e-17
-2.49824e-13
0
9.21507e-17
0
0
0
0
0
0
0
0
0
0
0
0
4.5398e-13
-7.83654e-12
-8.23826e-16
0
0
0
0
0
0
0
0
2.51824e-15
0
0
0
0
0
0
0
-1.14333e-16
-2.60217e-12
0
0
0
0
0
0
0
0
-1.58471e-16
0
0
0
0
0
0
0
0
0
0
0
0
0
0
0
0
0
0
0
0
0
0
0
0
0
0
0
0
0
0
0
0
0
0
0
0
0
0
0
0
0
0
0
0
0
0
0
0
0
8.84806e-13
-3.96547e-12
3.94851e-16
5.66886e-14
-1.63053e-17
0
9.45962e-17
0
0
0
0
0
0
0
0
0
0
0
-6.85981e-17
0
0
0
0
0
0
-1.72996e-15
1.02109e-16
1.83615e-15
2.50569e-14
-2.31414e-12
0
0
0
0
0
0
0
0
0
0
-8.79594e-18
2.30133e-15
0
-1.90893e-13
-3.87711e-12
0
0
0
0
0
0
0
0
0
0
0
0
0
0
3.56436e-18
-1.18532e-15
1.13336e-15
0
0
0
0
0
0
0
5.06394e-16
0
0
7.48631e-13
-8.08728e-14
-6.84504e-13
0
0
0
0
-4.68411e-17
0
0
0
0
0
0
0
0
0
0
0
0
0
0
0
0
0
0
2.70105e-15
-8.39157e-16
0
0
0
0
0
0
0
0
0
0
0
0
0
0
0
0
0
0
0
0
1.13607e-16
0
0
0
0
0
0
0
0
0
0
0
0
0
0
0
0
-5.06608e-16
0
1.87282e-15
0
0
0
0
0
0
8.33848e-15
8.36616e-15
0
0
-8.77957e-16
-2.41943e-17
0
0
0
0
0
0
0
0
5.96572e-16
-4.9485e-16
0
0
0
0
0
0
0
0
-1.32204e-15
2.61129e-16
0
0
0
0
0
0
0
-5.55409e-17
0
0
-4.43241e-17
0
0
0
0
0
0
0
0
0
0
0
0
0
0
0
0
0
9.9416e-17
-5.36601e-12
0
0
0
0
0
0
0
0
0
0
0
0
0
0
0
0
0
0
0
0
0
0
1.65295e-12
-2.84079e-12
0
0
0
0
0
0
0
0
0
0
0
0
0
0
0
0
8.05835e-19
0
0
0
0
6.56415e-13
-2.07156e-12
3.73631e-13
0
0
0
0
0
0
-1.47008e-15
-2.45082e-16
0
0
0
0
0
0
0
0
1.40754e-15
1.35692e-15
0
0
0
0
0
0
0
0
0
0
0
0
0
0
0
0
0
0
0
0
0
0
0
0
0
0
-5.75217e-12
0
0
0
0
0
-7.42914e-15
0
1.41213e-14
0
0
0
-4.03379e-16
0
0
0
0
0
0
0
0
0
0
0
0
0
0
0
0
0
0
0
0
0
0
0
0
0
0
0
0
0
0
0
0
0
0
-2.04846e-16
0
0
0
0
0
0
-3.21388e-16
1.3072e-15
8.6812e-16
0
0
0
0
0
0
0
0
0
0
0
-1.14063e-14
0
0
0
0
0
0
0
0
0
-8.66496e-12
0
0
0
0
0
0
0
0
0
0
0
0
0
0
0
0
0
0
0
0
0
0
0
0
0
0
0
0
0
0
0
0
0
0
0
3.97682e-16
-1.94358e-16
0
-1.50404e-16
1.12499e-16
0
0
0
0
0
0
0
0
0
0
0
0
0
0
0
0
0
0
0
0
0
-1.41933e-12
0
0
0
-1.53965e-16
2.65521e-15
0
0
0
0
0
0
0
0
0
0
0
0
0
0
0
0
0
0
0
0
0
0
0
0
0
0
0
0
0
0
0
5.56589e-31
2.15254e-17
0
0
0
0
0
0
0
0
0
0
-1.85664e-17
-1.02836e-12
0
0
0
0
0
0
0
0
0
-1.20273e-14
0
0
0
0
0
0
0
0
0
0
0
0
0
0
0
0
0
0
0
0
0
0
0
0
0
0
0
0
0
-3.80429e-16
-5.62475e-18
0
0
0
0
0
-4.87699e-13
1.6034e-16
0
0
0
0
0
-3.80899e-16
-2.13914e-12
-9.099e-13
-2.90587e-16
0
0
0
0
0
-4.58481e-16
0
-1.29358e-16
0
0
0
0
0
0
2.79541e-15
-4.58773e-15
-1.10667e-30
1.45076e-16
0
4.34085e-16
3.67366e-16
0
0
0
0
0
0
0
-2.61723e-16
-5.26274e-16
0
0
0
0
0
0
0
0
0
0
0
5.21538e-16
0
0
0
0
0
0
0
0
2.70895e-15
2.95723e-15
0
0
0
0
0
0
0
0
0
0
0
0
0
0
0
-1.10328e-15
-5.62831e-16
5.40449e-16
0
0
0
0
0
0
0
0
0
0
0
0
0
0
0
0
0
0
0
0
0
0
1.56272e-15
-2.16994e-33
0
0
0
0
0
-1.99876e-15
0
0
-6.57941e-12
0
0
0
0
0
0
0
0
0
0
0
0
1.18038e-16
0
0
0
0
2.46106e-15
2.81882e-15
0
0
0
0
0
0
0
0
0
0
0
0
0
0
0
0
0
0
0
0
0
0
0
0
0
0
0
0
0
0
0
0
0
0
0
0
0
0
0
0
0
0
0
0
0
0
0
0
0
0
0
0
0
0
0
5.26572e-16
-2.78043e-16
-1.97445e-12
0
-1.03812e-12
0
0
0
0
0
0
0
0
0
0
-3.74896e-12
0
7.56237e-17
-1.44421e-16
0
0
4.24057e-18
0
-1.65169e-17
0
0
0
0
0
0
0
0
0
0
0
0
0
0
-3.11972e-12
5.78723e-13
0
0
0
0
0
0
0
0
0
0
0
0
0
0
0
0
0
-1.90457e-12
0
-8.10975e-13
0
-5.16962e-13
0
0
0
0
0
0
0
0
0
0
0
0
0
5.30494e-17
0
-4.4765e-16
0
0
0
0
0
0
0
0
0
0
0
0
0
0
0
0
0
0
0
0
0
0
0
0
0
0
0
2.98278e-17
0
0
0
0
0
0
0
0
0
0
0
0
0
0
0
0
0
0
0
0
0
0
0
0
0
0
0
0
0
0
0
0
0
0
0
0
0
0
0
0
0
0
0
0
0
0
0
0
0
0
0
0
0
-7.42652e-18
-2.42204e-18
0
0
0
0
0
0
0
0
0
0
0
0
0
0
0
0
0
0
0
0
0
1.83049e-16
1.24739e-16
2.55491e-15
0
0
0
0
0
0
-1.04259e-15
3.78206e-16
-4.27007e-15
0
0
0
0
0
0
0
0
0
0
0
0
0
0
0
0
0
0
0
0
0
0
0
0
0
0
0
0
0
0
0
0
0
0
5.23628e-15
-2.93974e-12
0
-5.56511e-17
0
0
0
0
0
-3.048e-12
0
0
0
0
0
0
0
0
0
0
4.29117e-15
0
-8.90542e-30
0
0
0
0
0
0
0
0
0
0
0
0
-5.33695e-13
-9.08781e-13
0
0
0
-1.14754e-14
3.09392e-15
0
0
0
0
0
0
0
0
0
0
0
0
0
1.13304e-14
-1.63745e-14
0
0
0
3.17264e-18
0
0
0
0
0
0
0
3.26463e-16
0
0
0
0
0
0
0
0
0
0
1.72184e-15
1.61799e-16
0
-9.60348e-16
0
0
0
0
0
0
0
0
0
0
0
0
0
0
0
0
0
1.51424e-16
-6.95458e-13
0
0
0
0
0
-2.81993e-15
8.04158e-16
0
0
0
0
0
0
0
0
0
0
0
0
0
0
0
0
-5.13032e-19
0
0
0
0
0
0
0
0
0
0
0
0
0
0
0
0
0
0
0
0
0
0
0
0
0
0
0
0
0
0
0
0
0
0
0
0
0
0
0
0
-1.91068e-15
2.4753e-16
0
0
0
0
0
0
0
0
0
0
0
0
0
0
2.81831e-15
1.33346e-16
0
0
0
0
0
0
0
0
0
0
0
0
0
0
0
0
0
0
0
0
0
0
0
0
0
0
0
0
0
0
0
0
0
0
0
0
0
0
0
0
0
0
0
0
0
-1.58411e-16
1.16989e-16
0
0
0
0
0
0
0
0
0
0
0
0
0
0
0
0
0
0
0
0
0
0
0
0
0
-1.0622e-16
8.78558e-18
0
0
0
0
0
0
0
0
0
0
0
0
0
0
0
0
0
0
0
3.39286e-15
-1.12542e-15
1.77947e-16
0
0
0
0
0
0
0
0
0
0
0
0
0
0
-9.0754e-13
0
0
0
0
0
0
0
0
0
0
0
0
0
0
2.55586e-17
0
0
0
0
0
0
0
0
1.89266e-17
-1.13872e-16
0
0
0
0
0
0
0
0
0
0
0
0
0
0
0
-3.95263e-16
-1.79661e-16
0
0
0
0
0
0
0
0
0
0
0
0
0
0
0
0
0
0
0
2.80124e-17
0
0
0
0
0
0
0
0
4.08316e-16
-1.58695e-19
0
0
0
0
0
0
0
0
0
0
0
0
0
-2.67983e-17
5.22419e-16
0
0
0
0
0
0
0
0
0
0
0
0
0
0
0
0
0
0
0
0
0
0
0
0
0
0
0
0
0
0
0
0
-2.0237e-16
0
8.12647e-16
0
0
0
0
0
0
0
0
0
0
0
0
0
0
0
0
0
0
0
0
0
0
0
0
0
0
0
0
4.28209e-13
-1.5638e-12
0
0
0
0
0
0
0
2.97039e-14
-5.2235e-16
0
0
0
0
0
0
0
0
0
0
0
0
0
0
0
0
0
0
0
0
0
0
0
0
0
0
0
0
0
0
0
0
0
0
0
0
0
0
0
0
0
0
0
0
0
0
0
7.71457e-16
-1.33268e-18
0
0
0
0
0
0
0
0
1.59971e-15
2.47634e-15
0
0
0
0
0
0
0
0
0
0
0
0
0
0
0
1.98213e-16
-3.3487e-16
-2.66942e-16
-3.87594e-08
9.11688e-14
1.06676e-07
0
0
0
0
0
0
0
0
0
-4.48307e-17
1.44606e-16
0
0
0
0
0
0
0
0
0
0
0
0
0
0
0
0
0
0
0
0
0
0
0
0
0
0
0
0
0
0
1.35513e-16
-4.25709e-17
4.37276e-19
-6.29555e-16
2.52762e-16
0
0
0
0
0
-9.96743e-17
1.64381e-15
0
0
0
0
0
0
0
0
0
0
0
0
0
0
0
0
0
0
0
0
0
0
0
0
0
0
0
0
0
0
0
0
0
0
0
0
0
0
0
0
0
0
0
0
0
-6.49137e-17
0
0
0
0
0
0
0
0
0
0
0
0
0
0
0
0
0
0
0
0
0
0
0
0
0
0
0
-4.87797e-16
-1.58153e-15
0
0
0
0
0
0
0
2.87112e-15
1.6317e-15
0
0
0
0
0
0
0
0
0
0
0
0
0
-1.44733e-17
0
0
0
0
0
0
0
0
0
0
0
0
0
3.31389e-15
1.19957e-16
0
1.32928e-16
-2.35954e-17
-1.71405e-18
0
0
0
0
0
0
0
0
0
0
0
0
0
0
0
0
0
0
0
0
0
0
0
0
0
0
0
0
0
0
0
0
0
0
0
0
0
0
0
0
0
0
0
0
0
0
0
0
0
0
0
0
0
0
0
0
0
0
0
0
0
0
0
0
0
0
0
0
0
0
0
0
6.91078e-16
-1.30364e-18
0
0
0
0
0
2.27701e-15
-2.61572e-16
-3.04212e-18
5.55288e-16
0
0
0
0
0
0
-4.2293e-18
5.24863e-17
0
0
0
0
0
0
-9.02663e-17
6.92373e-16
0
0
0
0
0
0
0
-1.13505e-17
-4.13129e-17
0
0
0
0
0
-4.49636e-17
1.19127e-16
-1.72272e-17
0
0
0
0
-6.76474e-17
-3.77563e-16
0
-1.44826e-16
0
0
0
0
-2.55473e-18
0
0
0
0
0
-6.95826e-16
0
0
0
0
0
0
-3.75111e-18
0
0
0
7.29768e-17
0
0
0
0
0
0
0
0
0
0
0
0
0
0
0
0
0
0
0
0
0
0
0
0
0
0
0
-3.62237e-12
0
0
0
0
0
0
0
0
0
0
6.10442e-08
2.19516e-12
0
0
0
0
0
0
0
0
0
0
0
0
0
0
0
0
0
0
0
0
0
0
-9.10953e-19
-2.98788e-18
0
0
0
0
0
-4.64529e-13
4.01492e-16
-1.17529e-13
0
0
0
0
0
0
0
0
2.16961e-15
-8.2402e-16
0
0
0
0
0
0
1.22516e-15
0
0
0
0
0
0
0
0
0
0
0
0
0
0
0
0
0
0
0
0
0
0
0
0
0
0
0
0
0
0
0
0
0
0
0
0
0
0
0
0
0
0
0
0
0
0
0
0
-1.77373e-15
1.51038e-16
0
0
0
0
0
1.1837e-16
0
8.77861e-13
-2.56234e-12
0
0
0
0
0
0
0
0
-8.40823e-16
-1.72485e-15
0
0
0
0
0
0
0
0
0
0
0
0
0
0
0
0
0
0
0
0
0
0
0
0
0
0
0
0
0
0
1.8453e-17
1.12952e-17
0
0
0
0
0
0
0
0
0
0
0
0
0
-1.39288e-17
2.11542e-15
2.19178e-14
0
0
0
0
0
0
0
0
0
-4.81789e-12
0
0
1.54037e-16
0
1.75614e-15
0
0
0
0
0
0
0
0
0
2.10087e-16
-2.03707e-15
0
0
-8.75838e-17
2.55731e-16
-1.94064e-15
0
0
-1.62921e-15
0
3.08345e-16
0
-2.1678e-16
0
0
0
-2.41165e-12
0
0
0
0
0
-1.51542e-14
-3.16066e-14
0
0
0
0
0
0
0
0
0
0
0
0
0
0
0
0
-1.4112e-16
0
0
0
0
0
0
0
0
0
0
0
0
0
0
0
0
0
0
0
0
0
0
0
0
0
0
0
0
0
-1.5076e-16
1.51198e-17
5.57031e-16
5.93975e-16
0
0
0
0
-9.14381e-17
-1.10986e-12
-1.94247e-14
-5.28683e-17
0
0
0
0
0
0
0
0
0
0
0
1.05586e-15
0
0
0
0
0
0
0
0
0
0
0
0
0
0
0
5.19738e-15
2.541e-15
0
0
0
0
0
0
0
6.81749e-16
3.31471e-15
-6.44559e-13
7.01727e-17
0
0
0
0
0
0
0
0
0
-1.47323e-16
7.52358e-15
0
0
0
-4.51993e-15
-2.00749e-15
0
0
0
0
0
0
0
3.28393e-16
0
0
0
0
0
0
0
0
0
-4.58996e-18
0
0
0
0
1.96549e-16
0
0
0
0
0
-2.98417e-17
-9.71271e-17
-2.76177e-16
1.91339e-18
0
-3.19934e-16
0
0
0
0
0
0
0
0
0
0
0
0
0
0
0
0
0
0
0
0
0
0
0
0
0
0
0
0
0
0
0
0
0
0
0
0
0
0
1.45918e-15
0
0
0
0
-3.36539e-16
2.84942e-16
0
0
0
0
2.41763e-15
0
0
0
0
0
0
0
0
0
0
0
0
0
0
0
0
0
0
0
0
0
0
0
0
0
0
0
0
0
0
0
0
-9.83523e-15
0
1.31196e-12
-4.4235e-12
9.02452e-13
0
0
0
0
0
0
0
0
0
0
0
0
0
0
0
0
0
0
0
0
0
0
0
0
0
0
0
4.82754e-15
2.84413e-15
-9.20139e-17
0
1.36011e-17
0
0
0
0
0
0
0
0
0
0
0
0
0
0
0
0
0
9.90931e-16
0
0
0
0
0
0
0
0
0
0
0
1.68965e-17
0
0
0
0
0
0
0
0
0
0
0
0
0
0
0
0
0
0
0
0
0
0
0
0
0
0
0
0
0
0
7.08264e-09
3.10227e-12
1.2052e-15
0
0
0
0
0
0
0
0
0
0
0
0
0
0
0
0
0
2.1243e-16
-8.9145e-15
0
0
0
0
0
0
-1.74935e-15
1.87941e-15
0
0
0
0
0
0
0
-2.13094e-15
0
0
0
0
0
0
0
0
0
4.68338e-16
0
0
0
0
0
0
0
0
0
0
0
0
0
0
-9.63052e-16
0
0
0
0
0
0
0
0
0
0
0
0
0
0
0
0
0
1.75628e-15
0
2.53402e-15
2.54189e-15
0
0
0
0
-3.55963e-16
1.09956e-15
0
0
0
0
0
0
0
0
0
0
-4.06426e-15
0
0
0
0
0
0
0
0
-5.74736e-16
0
0
0
-1.22911e-16
2.44692e-15
0
0
0
0
-6.35026e-17
1.99883e-16
0
0
0
0
0
0
0
0
0
0
0
0
0
0
0
0
0
0
0
1.87933e-16
-2.2287e-15
1.25021e-16
0
0
0
2.80699e-15
-5.37459e-15
0
3.32608e-15
0
-6.54939e-16
0
0
0
0
0
0
0
0
0
0
0
0
0
0
0
0
0
0
0
0
0
0
0
0
0
0
0
0
0
0
0
0
0
0
0
0
0
0
0
0
0
2.56676e-15
0
0
0
0
0
0
0
0
0
0
0
0
0
0
0
0
0
0
0
-8.82551e-15
0
0
1.09991e-15
0
0
0
0
0
1.5727e-16
-7.82152e-16
0
0
0
0
0
0
0
0
0
-5.81671e-17
8.90728e-16
0
0
0
0
0
0
0
1.622e-16
0
0
0
-2.77752e-31
-1.6313e-15
0
0
0
0
0
0
0
0
0
0
0
0
0
0
0
0
0
0
0
-4.20642e-18
0
0
0
0
0
0
0
0
0
0
-8.23793e-16
0
0
0
0
0
3.6635e-16
5.20184e-17
0
0
0
0
0
0
0
1.12932e-16
2.21591e-15
1.92491e-15
0
0
-8.03258e-16
-2.19287e-17
0
-8.79219e-17
0
0
1.36377e-16
0
0
0
0
0
0
0
0
0
-1.55943e-16
3.82634e-17
0
0
0
0
0
0
0
-5.9343e-16
0
-6.34509e-16
0
0
0
0
-1.61573e-15
0
-2.68474e-15
0
0
0
0
0
0
0
0
-8.31309e-16
2.38399e-15
-3.36313e-17
0
0
0
0
0
0
0
0
0
0
0
0
-2.27851e-17
0
0
0
0
0
0
0
0
0
0
0
0
0
0
0
0
0
0
0
0
0
0
0
0
-1.81382e-16
0
0
0
2.53804e-15
0
0
0
0
0
0
0
0
0
0
0
0
0
0
0
0
0
0
0
0
0
0
0
0
0
0
0
0
0
0
0
0
0
0
0
0
0
0
-1.32074e-14
5.26245e-16
2.70785e-16
0
0
-8.77001e-16
0
0
0
0
0
0
0
0
0
0
0
0
0
0
0
2.14319e-15
0
0
0
0
0
0
0
0
0
0
0
0
0
0
0
0
0
0
0
0
0
0
0
0
0
0
0
0
0
0
0
0
0
0
0
0
0
0
0
0
-1.97509e-16
0
0
0
0
0
0
0
0
0
0
-2.65887e-16
0
0
0
0
0
0
0
0
0
0
0
0
0
0
0
0
0
0
0
0
0
0
0
0
0
0
0
0
0
0
9.10581e-17
0
0
0
0
0
0
0
3.00679e-16
0
0
0
0
0
0
0
0
0
0
0
0
0
0
0
0
0
0
0
0
0
0
0
0
0
0
0
0
0
0
-1.37559e-15
0
0
0
0
0
0
0
0
0
0
0
0
0
0
0
0
0
0
4.33376e-15
5.31435e-16
0
0
0
0
0
0
0
0
0
0
0
0
0
0
0
0
0
0
0
0
0
0
0
0
0
0
0
0
0
1.51874e-14
0
0
0
0
0
0
0
0
0
0
0
0
0
0
0
0
0
0
-2.16283e-16
-1.95786e-16
0
7.67531e-16
0
0
0
0
0
0
0
0
0
0
0
0
0
0
0
0
0
0
0
0
0
0
-2.30096e-16
2.78935e-16
1.10767e-16
0
0
0
0
0
0
0
0
0
0
0
0
0
0
0
-2.97689e-17
2.09956e-15
-9.83063e-16
0
0
0
0
0
0
0
0
0
0
0
0
0
0
0
0
-1.39576e-16
-1.00098e-16
0
0
0
0
0
0
0
0
0
0
0
0
0
0
0
0
0
0
0
0
0
0
0
0
0
0
0
0
0
0
0
0
0
0
0
-4.06801e-16
0
-5.8634e-16
0
0
0
0
0
0
0
0
0
0
0
0
0
0
0
0
0
0
0
0
0
0
0
0
0
0
0
0
0
0
0
0
0
0
0
0
9.23371e-16
-4.71464e-16
0
0
0
0
0
0
0
0
0
0
-8.81441e-17
5.43317e-16
0
0
0
0
0
0
0
-2.59621e-18
-6.27527e-16
-2.76667e-31
0
0
0
0
0
0
0
0
0
0
0
0
0
0
0
0
0
0
0
0
1.11969e-30
0
0
0
0
0
0
0
0
0
0
0
0
0
0
0
0
0
0
0
0
0
0
0
0
0
0
0
0
0
0
0
0
0
0
0
0
0
0
0
0
0
0
0
-3.0917e-17
0
0
0
0
0
0
0
0
0
0
0
0
0
0
0
0
0
0
0
0
0
0
0
0
0
0
0
0
0
0
0
0
0
0
0
0
0
0
0
0
0
0
0
0
0
-1.70858e-15
0
0
0
0
0
0
0
8.57032e-17
0
-1.29243e-16
0
0
0
0
0
0
0
0
0
0
2.19754e-18
-1.45505e-16
0
0
0
-2.00717e-16
3.62883e-16
0
0
0
0
0
0
0
0
0
0
0
0
0
0
0
0
0
0
0
0
0
0
0
0
0
0
0
0
0
0
0
0
0
0
2.8571e-17
8.49806e-17
0
0
0
0
0
0
0
0
0
0
0
0
0
0
0
0
0
0
0
0
0
0
0
-6.06602e-19
0
0
0
0
0
0
0
0
0
0
0
0
0
0
0
0
0
0
0
0
0
0
0
0
0
0
0
0
1.48083e-16
8.65529e-18
0
0
0
0
0
0
0
0
0
0
0
0
0
0
0
0
0
0
0
0
0
0
0
0
0
0
0
0
0
0
0
0
0
0
0
0
0
0
0
0
0
0
0
0
0
0
0
0
0
0
0
0
0
0
0
0
0
0
0
0
0
0
0
0
0
0
0
0
0
0
0
0
0
0
0
0
0
0
0
0
0
0
0
0
0
0
0
0
0
0
0
0
0
0
0
0
0
0
0
0
0
0
0
0
0
0
0
-6.14616e-17
-3.61657e-16
0
0
0
0
0
0
0
0
0
0
0
7.32434e-16
6.73145e-16
0
0
0
0
0
0
0
0
0
0
0
0
0
0
0
0
0
0
0
0
0
0
0
0
0
0
0
0
0
0
0
0
0
0
0
0
0
0
0
0
0
0
0
0
0
0
0
0
0
0
0
0
0
0
0
0
0
0
0
0
0
0
0
0
0
0
0
-3.78628e-15
0
0
2.44738e-15
-2.88858e-16
0
0
0
0
0
0
0
0
0
0
0
0
0
0
0
0
0
0
0
0
0
0
0
0
0
0
0
0
0
0
0
0
0
0
0
0
0
0
2.70825e-16
3.51399e-15
0
0
0
0
0
0
6.34235e-17
0
0
0
0
0
0
0
0
0
0
0
0
0
0
0
0
0
0
0
0
0
0
0
1.22339e-14
0
0
0
0
0
0
0
0
0
0
0
0
0
0
0
0
0
0
0
0
0
0
0
0
0
0
0
0
0
0
0
0
0
1.27226e-12
-3.89756e-08
0
0
0
0
0
-2.1523e-16
0
-1.43088e-16
0
0
0
0
0
0
0
0
0
0
0
0
0
3.55539e-17
1.95103e-16
0
0
0
0
0
0
0
0
0
0
0
0
0
0
0
0
0
0
0
0
0
0
0
0
0
0
0
0
0
0
0
0
0
0
0
0
0
5.99068e-16
0
0
0
0
0
0
2.17208e-16
0
0
0
0
0
0
0
7.79706e-18
0
0
0
0
0
0
0
0
0
0
0
0
0
0
0
0
0
0
0
0
0
0
0
0
0
0
3.38573e-16
0
0
0
0
0
0
0
0
0
0
0
0
0
0
0
0
0
0
0
0
0
0
0
0
0
0
0
0
0
0
0
0
0
0
0
0
0
0
0
0
0
0
0
0
0
0
0
0
0
0
0
0
0
0
0
0
0
0
0
0
0
0
0
0
0
0
0
0
0
0
0
0
0
0
0
1.18753e-16
0
0
0
0
0
0
0
0
0
0
0
0
0
0
0
0
0
0
0
0
0
0
0
0
0
0
0
0
0
0
0
0
0
4.25518e-18
0
0
0
-3.40264e-18
-1.04736e-18
0
0
0
0
0
0
-1.40858e-16
0
8.20227e-17
-1.53888e-16
0
0
0
0
0
0
0
1.95895e-16
0
0
0
0
0
0
0
0
0
0
0
0
0
0
0
0
0
1.09201e-16
2.58877e-16
0
0
0
0
0
0
0
0
0
0
0
0
0
0
0
0
0
0
0
0
0
0
2.24657e-16
0
0
0
0
0
0
0
0
0
0
0
0
0
0
0
0
0
0
0
0
-5.0566e-17
0
0
0
-1.89757e-13
0
0
0
0
0
0
0
0
0
0
0
0
0
0
0
0
0
0
0
0
0
0
0
0
0
0
0
0
0
0
0
0
0
0
0
0
0
0
0
0
0
0
0
0
0
0
0
0
0
-8.87276e-17
-1.45262e-16
0
0
0
0
0
0
0
0
0
0
0
0
0
0
0
0
0
0
0
0
0
0
0
0
0
0
0
0
0
0
0
0
0
-3.40953e-16
2.48583e-15
0
0
0
0
0
0
0
0
0
0
0
0
0
0
0
0
0
0
0
0
0
0
0
0
0
0
0
0
1.00657e-16
-1.47054e-15
0
0
0
0
0
0
0
0
0
0
0
0
0
0
3.44861e-18
0
0
0
0
0
0
0
0
0
0
0
0
0
0
0
0
0
-3.93571e-17
0
2.93849e-17
0
0
0
0
0
0
0
0
0
0
0
-6.18681e-18
0
0
0
0
0
0
0
0
0
0
0
0
0
0
0
0
0
0
0
0
0
0
0
0
0
0
0
0
1.96112e-16
0
0
0
0
0
0
0
0
0
0
0
0
0
0
0
0
0
0
0
0
0
0
0
0
0
0
0
0
0
0
0
0
0
0
0
0
0
0
-6.92347e-16
0
0
0
0
0
0
0
0
0
0
0
0
0
0
0
0
0
0
0
0
0
0
0
-8.69205e-16
0
0
0
0
0
0
0
0
0
0
0
0
0
0
0
8.95202e-16
-1.08614e-15
0
0
0
0
0
0
0
0
0
0
0
0
0
0
0
1.66651e-30
-1.79946e-14
0
0
0
0
0
0
2.72064e-15
0
0
0
0
0
0
0
0
0
0
0
0
0
0
0
0
0
0
0
0
0
0
0
0
0
0
0
0
0
0
0
0
0
0
0
0
0
0
0
0
0
2.70731e-15
-4.83841e-15
0
0
0
0
0
0
0
0
0
0
0
0
0
0
0
0
0
1.18852e-16
-3.04161e-16
0
0
0
0
0
-1.0403e-15
0
1.46088e-16
0
0
0
0
0
0
-7.49991e-16
1.51582e-15
0
0
0
0
0
0
0
0
0
0
0
0
0
0
0
0
0
0
0
0
0
0
0
0
0
0
0
0
0
0
0
0
0
0
0
0
0
0
0
0
0
0
0
0
0
0
0
0
0
0
0
0
0
0
0
2.69618e-16
0
0
0
0
0
0
0
0
0
0
0
0
0
-4.96398e-17
0
0
0
0
0
0
0
0
0
0
0
0
0
0
0
0
7.6387e-17
1.45815e-15
0
0
0
0
0
0
0
0
4.02586e-16
0
0
0
0
0
0
0
0
0
0
0
0
0
0
0
0
0
0
0
0
0
0
0
-1.99576e-14
0
0
0
0
3.77135e-16
1.2002e-17
0
0
0
0
0
0
0
0
0
0
0
0
0
0
0
0
0
0
0
0
0
0
-3.81217e-17
-1.46205e-15
0
0
-1.90699e-16
0
9.53201e-17
0
0
0
-3.91164e-15
1.65799e-17
0
0
0
0
0
0
0
0
0
0
0
0
0
0
0
0
0
0
0
0
0
0
0
0
0
0
0
0
0
0
0
0
0
0
0
0
0
0
0
0
-5.61929e-16
1.89796e-16
0
0
0
0
0
0
0
0
0
0
0
0
0
0
0
0
0
0
0
0
0
0
0
0
0
0
0
0
0
0
0
0
0
0
3.21876e-15
-1.98371e-15
0
0
0
0
0
0
0
0
0
0
0
0
0
0
0
0
0
0
0
0
0
0
0
0
0
0
0
0
0
6.1851e-15
0
0
0
0
0
0
0
0
0
0
0
0
0
5.83597e-17
0
0
0
0
0
0
0
0
0
0
0
0
0
0
5.7157e-16
1.75678e-15
-8.0071e-15
4.10953e-15
0
0
0
0
0
0
0
0
0
0
0
0
0
0
0
0
-1.8693e-17
0
0
0
0
0
0
0
-3.48558e-17
0
0
0
0
0
0
0
0
0
0
0
0
0
0
0
0
0
0
0
0
0
0
0
0
0
0
0
1.0828e-16
-4.41867e-17
0
0
0
0
0
0
0
0
0
0
0
0
0
0
0
0
0
0
0
-1.04244e-15
-3.81533e-16
0
0
0
-3.63445e-16
0
3.99857e-16
0
0
0
0
0
0
0
0
0
2.85934e-18
0
0
0
0
0
0
0
0
0
0
0
0
0
0
0
0
0
0
-2.7824e-16
0
0
0
0
0
0
0
0
0
0
0
0
0
0
0
0
0
0
0
0
0
0
0
0
0
0
0
0
0
0
0
0
0
0
0
0
0
0
0
0
0
0
0
0
0
1.86868e-16
0
0
0
0
0
0
0
0
-8.77752e-14
-1.88313e-11
0
0
0
0
0
0
0
0
0
0
0
0
0
0
0
0
0
0
0
0
0
0
0
0
0
0
0
0
0
0
0
0
1.0133e-15
-4.95844e-16
0
0
0
0
0
4.23095e-16
-2.19444e-16
0
3.57464e-17
-2.52081e-12
-7.78531e-12
0
0
0
0
0
0
0
0
0
0
0
0
0
0
0
0
0
0
0
0
0
0
0
0
0
0
0
0
0
0
0
0
0
0
0
0
0
0
0
0
0
0
0
0
0
0
-9.21858e-16
0
0
0
0
0
0
0
0
0
0
-1.58241e-15
0
0
0
0
0
0
0
0
0
0
0
0
0
0
0
0
0
0
0
0
0
0
0
0
0
0
0
0
0
0
0
7.11611e-17
-1.71874e-16
4.14272e-16
0
0
0
0
0
0
0
0
0
0
0
0
0
0
0
0
0
5.82264e-16
-1.15076e-15
0
-1.12869e-14
7.64617e-16
-5.01099e-16
-1.07104e-15
0
0
0
0
0
0
0
0
0
0
0
0
0
0
0
0
0
0
0
0
-3.86687e-17
0
0
0
0
0
0
0
0
-4.23396e-17
1.4101e-14
1.17209e-16
4.75842e-16
0
1.09205e-16
0
4.68581e-16
0
4.29088e-15
0
0
0
-5.64355e-15
-5.65433e-15
0
0
0
0
0
0
0
0
0
0
0
0
0
0
0
0
0
0
0
0
0
0
0
0
0
0
0
0
0
0
0
0
0
0
0
0
0
0
0
0
0
0
0
0
0
0
0
-1.74752e-15
0
0
0
0
0
0
0
0
0
0
0
0
0
0
0
0
0
0
0
1.75401e-15
0
0
0
0
0
0
0
0
0
0
0
0
-5.05655e-12
0
0
0
0
0
0
0
0
0
0
0
0
0
0
0
0
0
0
0
0
0
0
0
0
0
0
0
-2.1369e-17
0
0
0
0
0
0
0
0
0
0
0
0
0
0
0
0
0
0
0
0
0
0
0
0
0
-1.04125e-12
-5.29855e-18
-6.08091e-13
0
0
0
0
0
0
0
0
0
0
0
0
0
-1.51974e-14
-8.85218e-16
2.14691e-16
0
0
0
0
0
0
0
0
0
0
0
0
0
0
0
0
0
0
0
0
0
-1.42231e-16
0
6.1816e-16
0
-2.64909e-16
0
0
0
0
0
0
0
0
0
0
0
0
0
0
0
0
0
0
0
0
0
0
0
0
0
0
0
0
0
0
0
0
0
0
0
0
0
0
0
3.99108e-15
2.21033e-15
0
0
0
0
0
-4.13622e-15
0
0
0
-8.83623e-17
0
0
0
0
0
0
0
0
0
0
0
0
0
0
0
0
0
0
0
0
0
0
0
0
0
0
0
0
0
0
0
0
0
0
0
0
0
0
0
0
0
0
1.3928e-16
-8.12503e-16
0
0
0
0
0
0
0
0
0
0
0
0
0
0
-1.00613e-16
0
0
0
0
0
0
0
0
-7.489e-15
0
0
0
0
0
5.43305e-16
0
0
0
0
0
0
0
0
0
0
0
0
0
0
0
0
0
0
-5.32673e-16
2.27314e-15
0
0
7.85312e-15
2.56166e-15
0
0
0
0
0
0
0
0
0
0
0
0
0
0
0
0
0
0
0
0
0
0
0
0
0
0
0
0
0
0
0
0
0
0
0
0
0
0
0
0
-9.6455e-17
1.10574e-16
0
0
0
0
0
0
0
2.42582e-12
0
0
0
0
0
0
0
0
0
0
0
0
0
0
0
0
0
0
0
0
0
0
0
0
0
0
0
0
0
0
0
0
0
0
0
0
0
0
0
0
-1.88807e-16
0
0
0
0
0
-1.35287e-15
-2.19773e-16
0
0
0
-3.25732e-16
0
0
0
0
0
-4.44937e-16
0
0
1.17792e-15
0
0
0
0
0
0
0
0
-7.10791e-17
0
0
0
0
0
0
0
0
0
0
0
0
0
0
0
0
0
0
0
0
0
0
-9.24009e-17
0
0
0
0
0
0
0
0
0
0
0
0
0
0
0
0
0
0
0
0
0
0
0
0
0
0
0
0
0
0
0
0
0
0
0
0
0
0
0
9.10251e-16
0
3.9303e-16
0
0
0
0
1.61743e-14
0
0
0
0
0
0
9.34304e-15
-1.96176e-16
0
0
0
0
0
0
0
0
0
0
0
0
0
0
0
0
0
0
0
0
0
0
0
0
0
0
0
0
0
0
0
0
3.86249e-14
0
0
0
0
0
0
0
0
0
0
0
0
0
0
0
0
0
0
0
0
0
0
0
0
0
0
0
0
1.97135e-16
0
-4.97967e-16
0
0
0
0
0
0
0
0
0
0
0
0
-1.12592e-14
0
0
0
0
8.83451e-17
0
0
0
0
0
2.30232e-14
0
0
0
3.20446e-16
-1.92028e-16
0
0
0
0
0
0
0
0
0
0
0
0
0
0
0
0
0
0
2.01228e-16
8.58492e-17
0
0
0
0
0
0
0
0
0
0
0
0
0
0
0
0
0
0
0
0
0
0
0
0
0
0
0
0
0
0
0
0
0
0
0
0
0
0
0
0
0
0
0
0
0
0
0
0
0
0
0
0
1.33745e-15
0
0
0
8.22267e-16
1.77891e-17
0
0
0
0
0
0
0
0
0
0
0
2.37559e-15
0
0
0
0
0
0
0
0
0
0
0
0
0
0
4.83444e-16
0
0
0
0
0
0
0
0
0
0
0
0
0
-1.63306e-16
0
0
0
0
0
0
0
0
0
0
0
0
0
0
0
0
0
0
0
0
0
0
0
0
0
0
0
0
0
0
0
0
0
0
0
0
0
0
0
0
0
0
0
0
0
0
0
0
0
0
0
0
0
0
0
0
0
0
0
0
0
0
0
0
0
0
0
0
0
0
0
0
0
0
0
0
0
0
0
0
0
0
0
0
0
0
0
0
0
0
0
0
0
0
0
0
0
0
0
0
0
0
0
0
0
0
0
0
0
0
0
0
0
0
0
0
0
0
0
0
0
0
0
0
0
0
0
0
0
0
0
0
0
0
0
0
0
0
0
0
0
0
0
0
0
0
0
0
0
0
0
0
0
0
0
0
0
0
0
0
0
0
0
0
0
0
0
0
0
0
0
0
0
0
0
0
0
0
0
0
0
0
0
-5.1452e-17
0
0
0
0
0
0
0
-7.38702e-16
0
0
0
0
0
0
0
0
0
0
0
0
0
0
0
0
0
0
0
0
0
0
0
0
0
0
0
0
0
0
0
0
0
0
0
0
0
0
0
0
0
0
-5.37817e-16
0
0
0
0
-2.64255e-16
0
0
0
0
0
0
0
0
0
0
0
0
0
0
0
0
0
0
0
0
0
0
0
0
0
0
0
0
0
0
-1.20417e-15
0
0
0
0
0
0
0
0
0
0
0
0
0
0
0
0
0
0
0
0
0
0
0
0
0
0
0
0
0
0
0
0
0
0
0
0
0
0
0
0
0
0
0
0
0
0
0
0
0
0
0
0
0
0
0
0
0
0
0
0
0
0
0
0
0
0
0
0
0
3.3577e-16
0
0
0
0
0
0
0
0
0
6.47656e-17
0
0
0
0
0
0
-1.30196e-32
0
0
0
0
0
0
0
0
0
0
0
0
0
0
0
0
0
0
0
0
0
0
0
0
0
0
0
0
0
0
0
0
0
0
0
0
0
0
0
0
0
0
0
-1.14747e-17
2.53082e-16
0
0
0
0
0
0
0
0
0
0
0
0
0
0
0
0
0
0
0
0
0
0
0
0
0
0
0
0
0
0
0
0
0
0
0
0
0
0
0
0
0
0
0
0
0
0
0
0
0
0
0
0
0
0
0
0
0
0
0
0
0
0
8.84075e-18
0
0
0
0
0
0
0
0
0
0
0
0
0
0
0
0
0
0
0
0
0
0
0
0
0
0
0
0
0
0
0
0
0
0
0
0
0
0
0
0
0
0
0
0
0
0
0
0
0
0
0
0
0
0
0
1.0777e-16
0
1.28833e-14
0
0
0
0
0
0
0
-9.75918e-17
1.79113e-17
0
0
0
2.67652e-16
1.19188e-16
0
0
0
0
8.25269e-17
-1.78702e-17
0
0
0
0
0
0
0
0
0
0
0
0
0
0
0
0
0
0
0
0
0
0
0
0
0
-1.9639e-16
7.07942e-32
0
0
0
0
0
0
0
0
0
0
0
9.61152e-16
0
0
0
0
0
0
0
0
0
0
0
0
0
0
0
0
3.1558e-16
0
0
0
0
0
0
0
0
0
0
0
0
0
0
0
0
0
0
0
0
0
0
0
0
0
0
0
0
0
0
0
0
0
0
0
0
0
0
0
0
0
0
0
0
0
0
0
0
0
0
0
0
0
0
0
0
0
0
0
0
0
0
0
0
0
0
0
0
0
0
0
0
0
0
0
0
0
0
0
0
0
0
0
0
0
0
0
0
0
0
8.37924e-16
4.43514e-17
0
0
0
0
0
0
0
0
0
0
0
0
0
0
0
0
0
0
0
0
0
0
0
0
0
0
0
0
0
0
-1.10992e-30
5.26898e-16
0
0
0
0
0
0
0
0
0
0
0
1.83321e-16
0
0
0
0
0
0
0
0
0
0
0
0
0
0
0
0
-6.15337e-15
0
0
0
0
0
0
0
0
0
0
0
0
0
0
0
0
0
0
0
0
0
0
0
0
0
0
0
0
0
0
0
0
0
0
0
0
0
0
0
0
0
0
0
0
0
2.47759e-15
0
0
0
0
-6.94942e-15
1.32932e-16
0
0
0
0
0
0
0
0
0
0
0
0
0
0
0
0
0
0
0
0
0
6.93121e-13
-2.07139e-12
-1.71009e-16
-4.40027e-17
0
0
0
0
0
0
0
0
0
0
0
0
0
0
0
0
0
0
0
0
0
0
0
0
0
0
0
0
0
0
0
0
0
0
0
0
0
0
0
0
0
0
-5.83906e-16
0
0
0
0
0
0
0
0
0
0
0
0
0
0
0
0
0
0
0
0
0
0
0
0
0
0
0
0
0
0
0
0
0
0
0
0
0
0
0
-1.49283e-15
-1.06584e-17
0
0
0
0
0
0
0
0
0
0
0
0
0
0
0
0
0
0
0
0
0
1.07818e-15
-8.82507e-16
0
0
0
0
0
0
0
0
0
0
0
0
0
0
0
0
-2.88315e-16
0
0
0
0
0
0
0
0
0
0
0
0
0
0
0
0
0
0
0
0
0
2.72583e-15
0
0
0
0
0
0
0
0
0
0
0
0
0
0
0
0
0
0
0
0
0
0
0
0
0
0
0
-3.21136e-12
0
0
0
0
0
0
0
0
0
0
0
0
0
-1.97983e-16
0
0
0
0
0
0
0
0
0
0
0
0
0
0
0
0
0
0
-5.14181e-17
0
0
0
0
0
0
0
0
0
0
0
0
0
0
0
0
0
0
0
0
0
0
0
0
0
0
0
0
0
0
0
0
0
0
0
0
0
0
0
0
0
0
0
0
0
0
0
0
4.23651e-13
4.53409e-16
0
-1.16799e-15
0
0
0
0
0
0
0
0
0
1.87233e-15
0
0
0
0
0
0
0
0
0
0
0
0
0
0
0
0
0
-4.8708e-16
0
-1.22728e-16
0
0
0
0
0
0
0
0
0
0
0
0
0
0
0
0
0
0
0
0
0
0
0
0
0
0
0
0
0
0
0
2.68824e-15
0
-6.51258e-16
-1.43977e-15
0
0
0
0
0
0
0
0
0
0
0
0
0
0
0
0
0
0
0
0
0
0
0
0
0
0
0
0
0
0
0
0
0
0
0
0
0
0
4.72891e-17
0
0
0
0
0
0
0
0
0
0
0
0
0
0
0
0
0
0
0
0
0
0
0
0
0
0
0
0
-8.77951e-18
3.79919e-17
0
0
0
0
0
0
0
5.01447e-15
0
0
0
0
0
0
-2.92598e-17
0
0
0
0
0
0
0
0
0
0
0
0
0
0
0
0
0
0
0
0
0
0
0
0
0
0
0
0
0
0
0
0
0
0
0
0
0
0
0
0
0
0
0
0
0
0
0
0
0
0
0
0
0
0
0
0
0
0
0
0
0
0
0
0
0
0
0
0
0
0
0
0
0
0
0
0
0
0
0
0
0
0
0
0
0
0
0
0
0
3.51357e-16
-1.04449e-15
0
0
0
0
0
0
0
0
0
0
0
0
0
0
0
0
-3.20699e-16
0
0
0
5.5449e-15
0
0
0
0
0
0
0
0
0
0
0
0
0
0
0
0
0
0
0
-2.85112e-16
1.40154e-16
0
0
0
1.90296e-17
2.79249e-16
0
0
0
0
0
0
0
0
0
0
0
0
0
0
0
0
0
0
0
-4.88576e-17
0
0
0
0
0
0
0
0
0
0
0
0
0
0
0
0
0
1.12901e-15
1.75096e-16
0
0
0
0
0
0
0
0
0
0
0
0
-2.81872e-17
0
0
0
0
0
0
0
0
0
0
0
0
0
0
0
0
0
0
0
0
0
0
0
0
0
0
0
0
0
-1.53301e-16
2.22101e-15
0
0
0
0
0
0
0
0
0
0
0
0
0
0
0
0
0
0
0
0
0
0
0
0
0
0
0
0
0
0
0
-6.9526e-16
0
0
-5.45347e-17
0
0
0
0
0
0
0
0
0
0
0
0
0
0
0
0
0
0
0
0
0
0
0
0
0
0
0
0
0
0
0
0
0
0
0
0
0
0
0
0
0
0
0
0
0
0
0
0
0
0
0
0
0
0
0
0
0
8.57727e-16
-1.83848e-15
0
0
0
0
0
0
0
0
1.3829e-15
0
0
0
3.64834e-15
2.20291e-15
0
0
0
0
0
0
0
0
0
0
0
0
0
0
-6.43533e-14
0
-2.80019e-13
0
-1.68144e-16
4.27647e-15
0
0
0
0
0
0
0
0
0
0
0
0
0
0
0
0
0
0
0
0
0
0
0
0
0
0
0
0
0
0
0
0
0
0
0
0
-1.48107e-15
0
-2.34832e-15
0
1.72574e-15
0
0
0
0
0
0
0
0
0
0
0
0
0
0
0
0
0
0
0
0
0
0
0
0
0
0
0
0
0
0
0
0
0
0
0
0
0
0
0
0
0
0
0
0
0
0
0
0
0
0
0
0
0
0
0
0
0
0
0
0
0
0
0
0
0
0
0
0
0
0
0
0
0
0
0
0
0
0
0
0
0
0
0
3.00627e-16
1.77053e-17
0
0
0
0
0
0
0
0
0
0
0
0
0
0
0
1.87223e-16
1.36111e-16
0
0
0
0
0
0
0
0
0
0
0
0
0
0
0
0
0
0
0
0
0
0
0
0
0
8.58392e-15
0
0
0
0
0
0
0
0
0
0
0
0
0
0
0
0
0
5.40265e-17
0
0
0
0
0
0
0
0
0
0
0
0
0
0
0
0
0
0
0
0
0
0
0
0
0
0
0
0
0
0
0
0
0
0
0
0
0
0
0
0
0
0
0
0
0
0
0
0
-2.49697e-12
0
0
1.26874e-14
0
0
0
8.42188e-16
0
0
0
0
0
0
0
0
0
0
0
0
0
7.52527e-17
0
0
0
0
0
0
0
0
0
0
0
0
0
0
0
0
0
0
0
0
4.52387e-16
0
0
0
0
0
0
0
0
0
0
0
0
0
0
0
0
0
0
0
0
0
4.25193e-15
0
0
0
0
0
0
0
0
0
0
0
0
0
0
0
0
1.23601e-14
0
0
0
0
0
0
0
0
0
0
0
0
0
0
3.08079e-16
0
0
0
0
0
0
0
0
0
0
0
0
0
-9.139e-16
-2.39098e-15
-5.33098e-13
-3.86153e-16
0
0
0
0
0
0
0
0
0
0
0
0
0
0
0
0
0
0
0
0
0
0
0
0
0
0
0
0
0
0
0
0
2.88772e-16
-1.42887e-15
1.02658e-15
0
0
0
0
0
0
0
-3.00171e-16
-4.4635e-16
0
0
0
0
0
0
0
0
0
0
0
0
0
0
0
0
0
0
0
0
0
0
4.90317e-15
0
0
0
0
0
0
0
0
0
0
0
0
0
0
0
0
0
0
0
0
0
0
0
0
0
0
0
0
0
0
0
0
0
0
-2.40581e-16
0
0
0
0
0
0
0
0
0
0
0
0
0
0
0
0
0
0
0
0
0
0
0
0
1.27298e-16
0
0
0
0
0
4.47289e-16
0
0
-3.54797e-17
0
0
0
0
0
0
0
0
0
0
0
0
0
0
0
0
0
0
0
0
0
0
0
0
0
0
0
0
0
0
0
0
0
1.21494e-16
0
0
0
0
0
0
0
0
0
0
0
0
0
9.1206e-13
-3.30259e-12
0
0
0
-4.95572e-16
2.23652e-16
0
0
0
0
0
0
0
0
0
0
0
0
0
0
0
0
0
0
0
0
0
0
0
0
0
0
0
0
0
0
0
0
0
0
0
0
8.03665e-17
4.8392e-17
0
0
0
0
0
-9.9449e-15
-1.19638e-16
0
0
0
0
0
0
0
0
0
0
0
0
0
0
0
0
0
0
0
0
0
0
0
0
0
0
0
0
0
0
0
0
0
0
0
0
0
0
0
0
0
0
0
0
0
0
0
0
0
0
0
0
0
0
0
0
0
0
0
0
-8.06976e-17
0
2.63762e-16
0
0
0
0
0
0
0
0
0
0
0
3.68007e-15
-7.82608e-16
0
0
0
0
0
-1.67883e-15
0
0
0
0
1.78119e-14
4.57191e-16
0
0
6.39352e-16
1.22822e-16
1.15574e-16
0
0
0
0
0
0
0
0
0
0
0
0
0
0
0
0
0
0
0
0
0
0
0
-3.49126e-16
0
0
1.78566e-16
8.40346e-16
0
0
0
0
0
-4.39573e-16
4.0372e-16
0
0
0
0
0
0
0
0
0
0
0
0
0
0
0
0
0
0
0
0
0
0
0
0
0
0
0
0
0
0
3.55505e-16
-6.89049e-17
0
0
0
0
0
0
0
0
0
0
0
0
0
0
0
0
0
0
0
0
0
0
0
0
-3.33031e-16
-1.5512e-16
0
0
0
0
0
0
0
0
0
0
0
0
0
0
0
0
0
0
0
0
0
0
0
-1.97392e-16
-5.45888e-16
-4.72828e-16
0
0
0
0
0
0
0
0
0
0
0
0
0
0
0
0
0
0
0
0
0
0
0
1.78809e-15
0
0
0
0
0
-6.0275e-16
0
0
5.20606e-18
1.86113e-18
0
0
0
0
0
0
0
0
0
0
0
0
0
0
0
0
0
0
0
0
0
0
0
0
0
0
0
0
0
0
0
0
0
0
0
0
0
3.35405e-15
0
0
0
0
0
0
0
0
0
0
0
0
0
0
0
0
0
0
0
0
5.56589e-31
0
0
0
0
0
0
0
0
0
-7.62836e-15
0
0
0
-1.20708e-16
0
0
0
0
0
0
0
0
0
0
0
0
0
0
0
0
0
0
0
0
0
0
0
0
0
0
0
0
0
0
0
0
0
0
0
0
0
0
0
-9.60754e-13
7.0247e-17
0
0
0
0
-5.16365e-17
2.02019e-15
0
0
0
0
0
0
-3.74103e-15
0
0
0
0
0
0
0
0
0
0
0
0
-3.06592e-12
0
0
0
0
0
0
0
0
0
0
0
0
0
0
0
0
0
0
0
0
0
0
0
0
0
0
0
0
0
0
0
0
0
0
0
0
0
0
0
0
0
0
0
0
0
0
0
0
0
0
0
0
0
0
0
0
0
0
0
0
0
0
0
0
0
0
0
0
0
0
0
0
0
0
0
0
0
0
0
0
0
0
0
0
0
0
0
0
0
0
0
0
0
0
0
0
0
0
0
0
0
0
0
0
0
0
0
0
0
0
0
0
0
0
0
0
0
0
0
0
0
0
0
0
0
0
0
0
0
0
0
0
-2.56457e-17
0
0
0
0
0
0
0
0
0
0
0
0
0
0
0
0
0
0
0
0
0
0
0
0
0
0
0
0
0
0
0
0
1.11969e-30
0
0
0
0
0
0
0
0
0
0
0
0
0
0
0
0
2.03913e-15
0
0
0
0
0
0
0
0
0
0
0
0
0
0
0
0
0
0
0
0
0
0
0
0
0
0
0
0
0
-2.75466e-16
0
1.11969e-30
-1.97708e-16
9.58275e-18
0
0
0
0
0
0
8.80716e-15
0
0
0
0
0
0
0
0
0
0
0
0
0
0
0
0
0
0
0
0
0
0
0
0
0
0
0
0
0
0
0
0
0
0
0
0
0
0
0
0
0
0
0
0
0
7.31536e-16
0
0
0
0
0
0
0
0
0
0
0
0
0
0
0
0
0
0
6.43108e-16
0
-1.17454e-16
0
0
0
0
0
0
0
0
0
0
0
0
0
0
0
0
0
0
0
0
0
0
0
0
0
0
-2.49463e-13
-2.23371e-12
0
0
0
0
0
0
0
0
0
0
0
0
0
0
0
0
0
0
0
0
-5.12809e-16
-4.42947e-16
0
0
0
0
0
0
0
9.09728e-16
-5.27468e-15
-6.38611e-13
0
-6.55354e-13
3.53599e-16
0
0
0
0
0
0
0
0
0
0
0
0
0
0
0
0
-3.43058e-18
0
0
0
0
0
0
0
0
0
0
0
0
0
0
0
0
0
0
0
0
0
-1.17666e-14
0
0
0
0
0
0
0
0
0
0
0
0
0
0
0
-1.0322e-14
-4.5295e-16
0
0
0
0
-5.27825e-13
-5.2943e-13
0
1.37214e-17
0
0
0
0
0
0
0
0
0
0
0
0
0
0
0
0
0
0
0
0
0
0
0
0
0
-1.26885e-14
0
0
0
0
0
0
0
0
0
0
-1.75272e-16
0
0
0
1.50396e-16
0
0
0
0
0
0
0
0
1.05113e-18
0
0
0
0
0
0
0
0
0
0
0
0
0
0
0
0
0
0
0
0
0
2.46424e-15
0
0
0
0
0
0
0
0
0
0
0
0
0
0
0
0
0
0
0
0
0
0
-4.78481e-16
0
0
0
0
0
0
0
0
0
0
0
0
2.38134e-16
0
0
0
0
0
0
0
0
0
0
0
0
0
0
0
0
0
0
0
0
0
0
0
0
0
0
0
0
0
0
0
0
0
0
0
0
0
0
0
0
0
0
0
0
0
0
0
0
0
0
0
0
0
0
0
0
0
0
0
0
0
-9.06229e-17
0
0
0
0
0
0
0
0
0
0
0
0
0
0
0
0
0
0
0
0
0
0
0
0
0
0
0
0
0
0
0
0
3.23486e-18
0
0
0
0
0
0
0
0
0
0
0
0
0
0
0
0
0
0
0
0
0
-8.96162e-18
0
0
0
0
0
0
0
0
0
0
0
0
0
0
0
0
0
0
0
0
0
0
0
0
0
0
0
0
-9.0153e-17
0
0
0
0
0
0
0
0
0
0
0
0
0
0
0
0
0
0
0
0
0
0
0
0
0
0
0
0
0
0
0
0
0
-4.84224e-15
1.75524e-15
0
0
3.84484e-15
0
0
0
0
0
0
0
0
0
0
0
0
0
0
0
0
0
0
0
0
0
0
0
0
0
0
0
0
0
0
0
-1.59666e-12
0
-9.01677e-13
0
0
-1.2016e-12
-4.82011e-13
0
0
0
0
0
0
0
0
0
0
0
0
0
0
0
0
0
0
0
7.48289e-16
0
0
0
0
0
0
0
0
0
0
0
0
0
0
0
0
0
0
0
-1.02332e-16
0
0
0
0
0
0
0
0
0
0
0
0
0
2.90141e-16
0
0
0
0
0
0
0
0
0
0
0
0
0
0
0
0
0
0
0
0
0
0
0
0
0
0
0
0
0
0
0
0
0
0
0
0
0
0
0
0
0
0
0
0
0
0
0
0
0
0
0
0
0
0
0
0
0
0
0
0
0
0
0
0
0
0
0
0
0
0
0
0
0
0
0
0
0
0
0
0
0
0
0
0
0
0
0
0
0
0
0
0
0
0
0
-1.15969e-12
0
0
0
0
0
0
0
0
0
0
0
0
0
0
0
0
0
0
0
-8.63858e-19
0
0
0
0
0
0
0
0
0
0
0
0
0
0
0
0
0
0
0
0
0
0
0
0
0
0
0
0
0
0
-1.03212e-12
0
0
0
0
-2.07501e-18
3.21984e-19
0
0
0
0
0
0
0
0
0
0
0
0
0
0
1.27407e-14
0
-1.11287e-14
0
0
0
0
0
0
0
0
0
0
0
0
0
0
0
0
0
0
0
0
0
0
0
0
0
0
0
0
0
0
0
0
0
0
0
0
0
0
0
0
0
0
0
0
0
0
0
0
-1.1231e-15
0
0
0
0
0
0
0
0
2.83422e-19
0
0
0
0
0
0
0
0
0
0
0
0
0
0
0
4.21232e-16
-3.82319e-17
0
0
0
0
0
0
0
0
0
0
0
0
0
0
0
0
0
0
0
0
0
0
0
0
0
0
0
-2.91745e-15
-2.53396e-16
0
0
0
0
0
0
0
0
0
0
0
0
0
0
0
0
0
0
0
0
0
0
0
0
0
0
0
0
0
1.90363e-16
-9.82306e-17
0
0
0
0
0
0
0
0
0
0
0
0
0
0
0
0
0
-3.07449e-15
0
0
0
0
0
0
0
0
0
0
0
0
0
0
0
0
0
0
0
0
0
0
0
0
0
0
0
0
0
0
0
0
0
0
0
0
0
0
0
0
0
0
0
-4.73014e-15
0
0
0
0
0
0
0
0
5.74744e-15
0
0
0
0
0
0
-7.68089e-15
0
0
0
0
0
0
0
0
0
0
0
0
0
0
0
0
0
0
0
0
0
0
0
0
0
0
0
0
0
0
0
0
0
0
0
0
0
0
0
0
0
0
0
0
0
0
0
-7.36305e-18
0
0
0
0
0
0
0
0
0
0
0
-2.11301e-16
0
-2.45898e-16
8.54554e-17
0
0
0
0
0
0
0
0
0
0
0
0
0
-9.0834e-17
3.76696e-16
0
0
0
0
0
0
0
0
0
0
0
0
0
0
0
0
0
0
-1.1711e-15
0
0
0
0
0
0
0
0
0
0
0
0
0
1.64125e-14
0
3.74787e-16
0
0
0
0
0
0
0
0
0
0
0
0
0
0
0
0
0
0
0
0
0
0
0
0
0
0
1.10739e-14
0
0
0
0
0
0
0
0
0
0
0
0
0
0
0
0
0
0
0
0
0
0
0
0
0
0
0
0
0
0
0
0
0
0
0
0
0
0
0
0
0
0
0
0
0
0
0
0
0
0
0
0
0
0
-1.62297e-17
0
0
0
0
0
0
0
0
0
0
0
0
0
0
0
0
0
0
0
0
0
0
0
0
0
0
0
0
0
0
0
0
0
0
0
0
0
0
0
0
-2.47243e-16
1.51624e-16
0
0
0
0
0
0
0
5.60659e-15
0
0
0
0
0
0
0
0
0
0
0
0
0
0
0
0
0
0
0
0
0
0
0
0
0
0
0
0
0
0
0
0
0
0
0
0
0
2.1158e-16
0
0
0
0
0
0
0
0
0
0
-2.37672e-16
-1.1734e-14
-3.7057e-15
8.29208e-16
0
0
0
0
0
0
0
-3.07139e-16
-5.21557e-15
0
0
5.13324e-15
0
0
0
0
0
0
0
0
0
0
0
0
0
0
0
0
0
0
0
0
0
0
0
0
0
0
0
0
0
0
0
0
0
0
0
7.76624e-17
1.7093e-15
0
0
0
0
0
0
0
0
0
0
0
-5.09895e-12
0
0
0
0
0
0
0
0
0
0
0
0
0
0
0
0
0
0
0
0
0
0
0
0
0
0
0
0
0
0
0
0
0
0
0
9.07662e-16
0
0
-7.9299e-12
-3.32419e-17
4.28207e-16
8.73842e-15
-1.55151e-14
0
0
0
0
0
0
0
0
0
0
0
0
0
0
0
1.66845e-14
0
0
0
0
0
0
0
0
0
0
0
-2.13796e-16
0
0
0
0
0
0
2.14386e-16
8.67975e-33
0
-1.27367e-17
0
0
0
0
0
0
0
0
0
0
0
0
0
0
0
0
0
0
0
0
0
0
0
0
0
0
0
0
0
0
0
0
0
8.09961e-15
0
0
0
0
0
0
0
0
0
0
0
0
0
0
0
0
0
0
0
0
0
0
0
0
0
0
0
0
0
0
0
0
0
0
0
0
0
0
0
0
0
-5.64132e-17
2.86136e-16
0
0
0
0
0
0
0
0
0
0
0
0
0
0
0
0
0
0
0
-4.53816e-15
0
0
0
0
0
0
0
0
0
0
0
0
0
0
0
0
0
0
0
0
0
0
0
0
-4.51087e-12
0
0
0
0
0
0
0
0
0
0
0
0
0
0
0
0
0
0
0
0
0
0
0
0
0
0
0
0
0
0
0
4.88717e-19
0
-4.06871e-15
0
0
0
0
0
0
0
0
0
0
-4.56937e-15
7.46279e-16
0
0
0
0
0
0
0
0
2.74625e-18
1.93028e-14
0
3.9326e-08
1.00893e-07
-4.99259e-08
-1.54351e-08
-6.57854e-08
-1.38207e-08
-7.89993e-08
-1.47755e-08
-1.41947e-07
-6.77278e-08
-1.22111e-07
-1.02348e-07
6.32035e-08
1.34467e-08
6.74553e-08
-5.67499e-09
-1.31001e-08
3.75278e-08
3.31128e-08
-2.34626e-08
9.41865e-08
3.44603e-08
8.81904e-08
2.88798e-08
7.93452e-08
2.32661e-08
8.07584e-08
6.98128e-09
5.25311e-08
-2.0539e-09
4.83372e-08
2.15755e-08
-2.35467e-08
-3.00488e-08
1.71039e-08
-3.8211e-08
1.07314e-08
-4.14698e-08
1.99496e-09
-4.92512e-09
-8.06339e-08
-2.48424e-08
-7.85778e-08
-3.87208e-08
-8.42875e-08
-4.75116e-08
-8.70586e-08
-5.63815e-08
-6.32008e-08
-9.46556e-08
-1.21603e-07
-5.04029e-08
-6.32186e-08
-1.20469e-07
-7.23814e-08
-1.25826e-07
0
0
0
0
0
0
0
0
0
0
0
0
0
0
0
0
0
0
0
0
0
3.799e-16
-4.96361e-16
0
0
0
0
0
0
0
0
0
0
-2.09902e-11
0
0
0
0
0
0
0
0
0
0
0
0
0
0
0
0
0
0
0
0
0
0
0
-7.65926e-15
0
0
0
0
0
0
0
0
0
0
0
0
0
0
0
1.1226e-14
1.4685e-14
0
0
0
0
0
0
0
0
0
1.02002e-15
-9.82106e-16
0
0
0
0
0
0
0
0
0
0
0
0
0
0
0
0
0
0
0
0
0
0
0
0
0
-3.00144e-16
0
0
0
0
1.61183e-14
0
0
0
0
0
0
-3.65027e-16
-1.2545e-15
3.72575e-16
0
0
0
0
0
0
0
0
0
0
0
0
0
0
0
0
0
0
0
2.05204e-08
-3.05001e-08
-2.58877e-08
2.11385e-08
1.20946e-08
-3.68305e-08
0
0
0
0
0
3.74247e-08
-9.93661e-09
0
-2.16558e-09
-3.45602e-08
9.07274e-18
0
0
0
0
0
0
0
0
-9.74534e-10
4.86195e-08
2.58735e-09
5.66063e-08
0
0
0
0
2.13222e-16
2.44694e-15
0
0
0
0
0
0
0
0
0
0
1.13454e-08
6.23695e-08
8.40886e-15
1.52335e-15
0
-2.78882e-15
0
0
0
-1.29595e-08
-4.94772e-08
-4.9203e-08
-7.42809e-09
0
0
0
0
3.31937e-09
8.17286e-08
3.89302e-16
0
0
0
0
0
0
0
0
0
0
0
0
0
-1.7496e-16
0
0
0
0
0
0
0
0
0
0
0
-2.53336e-08
-5.17479e-08
0
0
0
0
0
0
0
0
2.83658e-08
8.58139e-08
0
0
0
0
0
0
0
3.43659e-08
9.13805e-08
9.16008e-08
2.82721e-08
0
0
0
-1.94496e-08
-7.17266e-08
0
0
0
0
-6.25188e-08
-5.43623e-09
0
0
-3.84159e-08
-6.47567e-08
0
0
0
0
0
0
0
0
0
0
0
0
0
0
9.6051e-08
3.54684e-08
0
0
0
1.82627e-16
-1.53469e-16
0
0
0
0
0
0
0
0
0
0
0
0
-3.61373e-08
-7.82648e-08
0
0
0
0
5.59969e-08
-2.66694e-09
-1.62254e-14
-4.60499e-08
-8.28352e-08
-1.63116e-15
0
0
0
0
0
0
-4.77298e-16
-2.09106e-08
2.55261e-08
1.04492e-07
-8.35044e-08
-5.12448e-08
-5.22516e-08
-8.8229e-08
2.56372e-08
-3.29095e-08
1.24849e-08
-3.43187e-08
-8.95933e-08
-5.66757e-08
0
0
-2.14614e-18
0
0
0
0
0
0
0
0
0
0
0
0
0
0
0
0
4.08425e-08
-1.05873e-08
0
1.21518e-09
-3.45646e-08
-1.57886e-08
3.4501e-08
0
0
0
0
0
0
2.39913e-09
4.24997e-08
0
0
-4.15977e-08
-3.61219e-09
1.2286e-09
5.50709e-08
0
0
0
0
0
0
-9.5849e-08
-6.49134e-08
0
0
0
0
0
0
0
1.60003e-08
5.49798e-08
0
0
0
0
0
0
0
0
0
-1.97662e-15
0
-8.4649e-09
-5.09865e-08
0
0
1.60974e-08
6.6371e-08
0
0
0
0
1.10575e-14
4.35055e-15
0
0
0
3.43216e-08
6.28675e-08
0
0
0
-6.80334e-08
-1.01385e-07
0
2.48275e-08
8.35598e-08
0
-3.27757e-08
-5.30311e-08
0
0
0
-8.15783e-16
5.4252e-16
0
0
-1.84667e-07
-1.72405e-07
1.71275e-07
1.82687e-07
-1.95823e-07
-1.99912e-07
2.21564e-07
2.24274e-07
-2.14338e-07
0
0
0
0
0
0
0
0
0
0
0
0
0
0
0
0
0
0
5.96754e-16
-2.85985e-16
0
0
0
0
0
0
0
5.05577e-16
-2.53017e-08
-4.89542e-08
0
0
0
0
0
0
0
0
0
0
0
0
0
0
0
2.61749e-08
8.51067e-08
0
0
0
0
0
0
0
0
0
0
0
2.95958e-08
9.3183e-08
0
0
0
0
0
0
0
0
0
0
1.71837e-15
0
-3.02568e-08
-5.83019e-08
0
0
0
-5.06177e-08
-4.98776e-08
0
0
0
0
0
0
0
0
0
0
0
0
0
0
0
-9.31799e-16
0
0
1.03335e-07
3.09549e-08
0
0
0
0
0
0
0
0
0
0
0
0
0
3.58787e-08
1.1006e-07
-4.82693e-08
-6.36654e-08
0
0
0
0
-6.93067e-08
-9.72462e-08
0
0
0
0
0
0
0
-1.22843e-07
-6.37377e-08
0
0
0
0
0
-1.51864e-14
0
1.12538e-16
0
0
0
0
0
0
0
0
0
-4.0142e-08
-8.578e-08
0
0
0
0
0
0
0
0
0
0
0
0
0
1.02558e-16
0
0
0
5.13331e-08
9.76184e-08
-8.61004e-08
-5.14812e-08
0
-9.31629e-08
-5.59778e-08
0
0
0
0
0
0
0
0
0
0
0
0
0
0
0
0
0
0
0
0
0
0
0
0
0
0
0
0
-5.93141e-16
0
0
2.50975e-15
0
0
0
0
0
0
-3.03669e-12
0
0
0
0
0
0
0
0
0
0
0
0
0
0
0
0
0
0
0
0
0
0
0
0
0
0
0
0
0
0
0
0
0
0
0
0
0
0
0
0
0
0
-9.36571e-13
0
0
0
0
0
0
0
0
0
0
-1.39366e-16
0
-1.01232e-16
0
0
0
0
0
0
0
0
0
-3.44503e-17
0
0
0
0
0
0
0
0
0
-2.30746e-12
0
0
0
-9.76023e-08
-6.60209e-08
0
0
0
0
0
0
0
0
0
1.03686e-16
0
0
0
0
0
0
7.21868e-17
0
-5.53334e-31
7.96682e-17
0
0
0
0
0
0
0
0
0
0
0
0
0
0
0
0
9.0722e-16
0
0
0
0
0
0
0
0
0
0
0
0
0
0
0
0
0
-1.24943e-07
-7.61949e-08
-9.15051e-08
-1.15561e-07
0
0
0
0
0
0
0
1.96749e-15
0
0
0
0
0
0
0
0
0
0
0
0
-1.44229e-15
9.79754e-16
0
0
0
0
0
0
0
0
0
0
0
0
0
0
0
0
0
0
0
0
0
0
0
0
0
0
0
0
0
0
0
0
0
0
0
0
0
0
0
0
0
0
0
0
0
0
0
0
0
0
0
0
8.11263e-16
0
0
0
-2.27909e-15
0
0
-1.05569e-07
-1.16059e-07
0
0
0
0
0
0
0
0
0
0
0
0
0
0
0
0
0
0
0
0
0
0
0
0
0
0
0
0
0
0
0
0
0
0
0
0
0
0
0
0
0
0
0
0
0
0
0
0
0
0
0
0
0
0
0
0
0
0
0
0
0
0
0
0
0
0
0
0
0
9.29224e-17
-1.90197e-15
0
0
0
0
0
0
0
0
0
0
0
0
0
0
0
0
0
0
0
0
0
0
0
0
0
0
0
0
0
0
0
-8.27813e-08
-9.5498e-08
1.80303e-15
0
0
0
0
0
0
0
0
0
0
0
0
0
0
0
-1.76159e-16
2.62592e-15
0
0
0
0
0
0
0
0
0
0
0
0
0
0
0
0
0
0
0
0
0
0
0
0
0
0
0
0
0
0
0
0
0
0
0
0
0
0
0
0
0
0
0
0
0
0
0
0
0
0
0
0
0
0
0
0
0
0
0
0
0
0
0
0
0
0
0
0
0
0
0
0
0
0
0
0
0
-1.06652e-12
-2.61203e-13
0
0
0
0
0
0
0
-1.14826e-07
-7.7683e-08
0
0
0
6.52588e-16
0
0
0
0
0
0
0
0
8.99739e-13
8.14713e-13
0
0
0
0
0
-6.92868e-19
0
0
0
0
0
0
0
-1.70543e-15
0
0
0
0
0
0
0
0
0
0
0
0
0
0
0
0
0
1.92089e-16
0
0
0
0
0
0
0
0
0
0
0
0
0
0
0
0
0
0
0
0
0
0
0
0
0
0
0
0
0
0
0
0
0
0
0
0
0
0
0
0
0
0
0
0
0
0
0
0
6.76654e-18
9.46376e-17
6.86054e-18
-9.48756e-15
0
0
0
0
0
0
0
0
0
0
0
0
0
0
0
0
0
0
0
0
0
0
0
0
0
0
0
0
0
0
0
0
0
0
0
0
0
0
0
0
0
0
0
0
0
0
7.5478e-17
-5.788e-18
-3.09254e-16
0
0
0
0
0
0
0
0
0
0
0
0
0
-2.03893e-07
1.8788e-07
-1.27654e-07
-9.96403e-08
0
0
0
0
0
0
0
0
0
0
0
0
0
0
0
0
0
-1.16155e-07
-7.34179e-08
0
0
0
-6.27739e-18
-1.1707e-16
0
0
0
0
0
0
0
0
0
0
-5.24127e-16
0
0
0
0
0
0
0
0
0
0
0
0
0
0
0
0
0
0
0
0
0
0
0
0
0
0
0
0
0
0
0
0
-3.49489e-16
0
0
0
0
0
0
0
0
0
0
0
0
0
0
0
0
0
0
0
0
0
0
0
0
0
0
0
0
0
0
0
0
0
-2.22307e-14
0
0
0
0
0
0
0
0
0
0
0
0
0
0
0
0
0
0
0
0
1.17782e-14
0
0
0
0
0
0
0
0
0
0
0
0
0
0
0
0
0
0
0
0
0
0
0
0
0
0
0
-2.01923e-15
0
0
0
0
0
0
0
0
-2.25179e-07
2.32419e-07
2.3295e-07
-2.31356e-07
0
0
0
0
1.85655e-07
-1.95962e-07
0
0
0
0
0
0
0
0
0
0
0
0
0
0
0
0
6.82752e-15
0
0
0
3.96663e-15
0
0
0
0
0
0
0
0
0
0
0
0
0
0
0
0
0
0
0
0
0
0
-6.23737e-18
-4.07152e-19
0
0
0
0
0
0
0
0
0
0
0
0
0
-4.59324e-16
0
-1.11969e-30
0
0
0
0
0
0
-5.66537e-17
0
-4.98402e-18
0
-1.34469e-16
0
0
0
0
0
0
0
0
0
0
2.16868e-07
-2.04161e-07
0
0
0
0
0
0
0
0
0
0
0
0
0
0
0
-2.06077e-15
5.22692e-16
0
0
0
0
0
0
0
0
0
0
0
8.17197e-15
-1.048e-07
-1.11047e-07
0
0
0
0
0
0
0
0
0
0
0
0
0
0
0
0
0
0
0
0
0
0
0
0
0
0
-1.08661e-15
0
0
0
0
0
0
-1.12972e-14
0
4.90771e-15
0
0
0
0
-1.38444e-12
3.08943e-13
0
0
0
0
0
0
0
0
0
0
0
0
0
0
0
0
0
0
0
0
0
0
0
0
3.49261e-15
0
0
0
0
0
0
0
0
0
0
0
0
0
0
0
0
0
0
0
0
0
0
0
0
0
0
-1.32603e-16
-6.29312e-17
0
0
0
0
0
0
0
0
0
0
0
0
-1.17125e-07
-8.70203e-08
0
2.03382e-16
3.00768e-16
0
0
0
0
0
0
0
0
0
-1.10868e-16
0
0
2.28954e-13
-1.56435e-12
6.07221e-08
1.89844e-08
0
0
0
0
0
0
0
0
0
0
0
0
-6.6462e-16
0
0
0
0
0
0
0
0
0
0
0
0
0
0
0
0
0
0
0
0
0
0
0
0
0
0
0
-5.03441e-16
1.81276e-16
0
0
0
0
0
0
0
0
0
0
0
0
0
-2.85178e-18
-7.37857e-18
0
0
0
0
0
0
0
0
0
-6.14383e-13
0
-2.23322e-16
4.33988e-33
0
0
0
0
0
0
0
0
0
0
0
0
0
0
0
0
1.76036e-16
0
0
0
0
0
0
0
0
0
0
0
0
0
0
0
0
-9.77214e-08
-1.2093e-07
0
0
0
-3.37616e-17
0
0
9.05893e-08
5.27427e-08
0
0
0
0
-6.41541e-16
0
1.4377e-16
1.86721e-15
0
0
0
0
0
0
0
0
0
0
0
0
0
0
0
0
0
0
0
0
0
0
-3.18346e-17
0
0
0
0
0
1.01111e-17
-1.74478e-18
0
0
0
-3.64033e-16
0
0
0
0
0
0
0
0
0
1.17778e-15
3.52453e-15
0
0
0
0
0
0
0
0
0
0
0
-1.67611e-15
-1.30838e-15
-2.20437e-15
0
-3.1497e-15
0
0
0
0
0
0
0
0
0
0
0
0
0
0
0
0
0
0
1.01222e-14
0
0
0
3.89812e-16
0
0
0
0
0
0
0
0
0
0
0
0
0
1.93497e-07
-2.12323e-07
0
0
0
0
0
0
0
0
-3.68837e-17
0
0
0
0
0
0
0
0
0
0
0
0
0
1.62085e-15
0
0
0
0
-1.03653e-16
4.1944e-16
-1.03244e-16
0
0
0
0
0
-4.5992e-16
-3.09975e-16
0
0
0
0
0
0
0
0
0
0
0
0
0
0
0
0
0
0
0
0
0
0
0
0
0
0
0
0
0
0
0
0
0
0
0
0
0
-8.76485e-15
0
0
0
0
0
0
0
0
0
0
0
0
0
0
0
0
0
0
0
0
0
0
0
0
0
0
0
0
0
0
0
0
0
0
0
0
0
0
0
0
0
-7.15165e-16
0
0
0
0
0
0
0
0
0
0
0
0
0
0
0
0
0
0
0
0
0
0
0
0
0
0
0
2.40469e-16
0
0
0
5.31333e-16
0
0
0
0
0
0
0
5.09257e-16
3.52451e-16
0
0
0
-4.87955e-16
-9.41805e-16
-6.009e-16
0
0
0
0
0
0
0
0
0
0
0
0
0
0
0
0
0
0
-9.93066e-18
0
0
0
0
0
0
0
0
0
0
0
0
0
0
0
0
0
0
0
0
0
0
0
0
0
0
0
0
4.99403e-17
-6.24504e-17
0
0
0
0
-7.13681e-18
0
0
0
0
-3.27304e-17
0
0
0
0
0
0
0
0
0
0
0
0
0
0
0
0
0
0
0
0
0
0
0
0
0
0
0
0
0
0
0
0
0
0
0
0
0
0
0
0
0
-6.64678e-18
0
0
0
0
0
0
0
0
0
0
0
0
0
0
0
0
0
0
0
0
0
0
0
0
0
0
0
0
1.18413e-14
-2.12566e-15
0
0
0
0
0
0
0
0
0
0
0
0
0
0
0
0
0
0
0
0
0
0
0
0
0
-1.63767e-15
0
0
0
0
0
0
0
0
0
0
0
0
0
0
0
0
0
0
0
0
0
0
0
0
0
0
0
0
0
0
0
0
0
0
0
0
0
0
0
0
0
0
0
0
0
0
0
0
0
0
0
0
2.46923e-12
2.48693e-12
3.90034e-12
0
0
0
0
0
0
0
0
0
2.61604e-12
0
0
0
0
0
0
0
0
0
0
0
0
0
0
0
0
0
0
0
0
0
1.37187e-16
0
0
2.75e-12
0
0
0
0
0
0
0
0
0
0
0
3.15054e-12
0
0
-6.10354e-16
-1.2381e-15
0
0
0
6.60067e-13
0
0
0
0
0
0
0
0
0
0
0
0
0
0
0
0
0
0
0
0
0
0
0
0
0
3.87283e-16
-1.73348e-16
-2.02664e-07
2.0695e-07
0
0
3.98036e-12
0
0
2.17794e-12
0
0
0
0
2.27784e-12
2.10653e-12
0
0
0
0
0
0
0
0
0
0
0
2.13316e-07
-2.21065e-07
0
0
0
2.80527e-12
0
0
0
0
0
0
0
0
0
0
0
0
0
0
1.90641e-12
0
0
0
0
0
0
0
0
0
0
0
0
0
0
0
0
0
0
0
0
0
0
0
3.47913e-12
-1.26289e-07
-1.0394e-07
8.72464e-17
-1.18191e-14
5.03547e-16
0
0
0
0
0
0
0
0
0
0
0
0
3.65932e-12
0
0
0
0
0
0
0
0
0
0
0
-1.30796e-15
0
0
0
-3.52616e-18
2.68903e-18
0
0
0
0
0
0
0
0
-4.63165e-16
0
0
0
0
0
2.60423e-13
-2.80133e-12
0
0
0
0
0
0
0
0
0
0
0
0
0
0
0
0
0
0
0
0
0
0
0
0
0
-7.31071e-08
-1.22222e-07
0
0
0
0
0
0
0
0
0
-2.76279e-15
1.30704e-15
0
0
0
0
0
0
0
0
0
0
0
0
0
0
0
0
0
0
0
0
0
0
0
0
0
0
0
6.68274e-16
-9.8953e-16
0
0
0
0
0
0
0
6.65027e-16
-7.87526e-17
0
1.95464e-07
-1.80109e-07
0
0
0
2.88171e-12
0
0
0
0
0
0
0
0
0
0
0
0
0
0
0
0
0
0
0
0
0
0
0
0
0
0
0
0
0
0
0
0
-3.04366e-16
0
0
0
0
3.21779e-12
0
0
0
0
0
0
0
0
0
0
2.68881e-12
0
0
0
0
0
0
0
0
0
0
0
0
0
0
0
0
0
0
0
0
0
0
0
0
0
0
0
0
-7.05152e-14
-4.5208e-12
0
0
0
0
0
0
0
2.84e-12
0
0
0
2.35079e-12
0
0
0
0
0
0
0
0
0
0
0
0
0
0
0
0
0
0
0
0
0
3.15933e-12
0
0
0
0
0
0
0
0
0
0
0
0
0
2.39646e-16
0
2.89164e-12
3.12333e-12
0
0
0
0
0
0
0
0
0
0
7.70972e-15
0
0
0
0
-5.82037e-13
0
0
0
0
0
0
0
0
0
0
0
0
0
0
0
-3.04561e-16
-7.88874e-15
0
0
0
0
0
0
0
0
0
0
0
0
0
0
0
0
0
0
0
0
0
0
0
0
0
0
0
0
0
0
0
0
0
0
0
0
0
0
0
0
0
0
0
0
0
0
0
0
0
-3.18687e-16
0
0
0
0
0
0
0
0
0
0
0
0
0
0
0
0
1.36329e-12
0
0
-9.13904e-16
0
-1.73454e-12
0
0
0
0
-3.91006e-16
0
0
2.55656e-16
1.85211e-16
0
0
1.96573e-12
1.99415e-12
0
0
0
0
0
0
0
0
0
2.0355e-16
0
0
0
0
0
0
0
0
0
0
0
0
0
0
0
3.83152e-12
0
0
3.10154e-16
0
0
0
0
0
0
0
0
0
0
0
0
0
0
0
0
0
0
0
0
0
0
0
0
0
0
0
0
-2.31783e-15
2.70802e-12
-2.74684e-15
2.45891e-15
0
0
0
0
0
0
0
0
0
1.17986e-12
0
0
0
0
0
0
0
0
0
0
0
0
0
0
0
0
0
0
0
0
0
0
0
0
0
0
0
0
0
0
0
5.18798e-12
0
0
4.61294e-16
4.3383e-17
0
0
0
0
0
0
9.19345e-12
-8.02123e-16
0
0
0
0
0
0
0
2.74635e-12
0
0
0
0
0
0
0
-1.00249e-14
0
0
0
0
0
0
0
0
0
0
0
0
0
0
0
0
-2.17777e-08
2.90675e-08
0
3.72556e-12
3.49474e-12
3.32857e-12
0
0
5.03273e-12
0
0
0
0
0
0
0
0
3.11051e-12
0
-3.52073e-16
0
0
0
0
0
0
0
0
0
0
0
0
0
0
0
0
0
0
0
0
0
0
0
0
0
0
0
0
0
0
0
0
0
1.11074e-30
0
0
-2.75217e-15
0
0
0
0
0
0
0
0
0
0
0
0
0
0
0
0
0
0
0
-9.21024e-16
0
0
0
0
0
-3.80123e-12
-3.3372e-16
-5.68023e-12
0
1.81548e-15
0
0
0
4.90509e-16
0
0
0
0
0
0
0
0
-1.31477e-16
0
0
0
0
0
0
0
0
0
0
0
1.6278e-12
0
0
0
0
-9.69624e-17
5.18937e-15
3.602e-12
0
0
0
0
0
0
0
0
0
0
0
0
0
-9.99151e-15
7.5007e-17
0
0
-7.27597e-16
0
0
0
0
-4.27731e-16
0
0
0
0
0
0
0
0
1.50344e-16
1.80662e-16
0
0
0
0
0
0
0
0
0
0
0
0
0
0
0
0
0
0
0
0
0
0
0
0
-2.16933e-12
4.75986e-13
0
0
0
0
0
0
0
0
0
0
0
0
0
0
0
0
0
0
0
0
0
0
0
0
0
0
0
0
0
0
0
0
0
0
0
6.75222e-15
1.58401e-16
0
0
0
3.79745e-12
0
0
0
0
0
-1.62769e-15
0
0
0
0
-1.39147e-31
0
0
0
0
0
0
0
0
0
0
0
0
0
0
0
0
0
0
0
0
0
0
0
0
0
0
0
0
0
0
0
0
0
0
0
0
0
-2.62227e-15
0
0
0
6.28238e-13
6.08767e-13
0
0
0
0
0
-4.36695e-16
0
0
0
0
-7.09142e-17
-4.8324e-19
0
-6.27287e-16
-2.15232e-16
0
0
0
0
0
0
0
0
0
0
0
0
0
0
0
0
0
0
0
0
-6.46778e-16
0
0
0
0
0
0
0
0
0
0
0
0
0
0
0
0
0
5.53742e-13
8.29631e-13
0
0
0
0
0
0
0
0
0
0
0
2.12386e-11
0
0
0
0
0
0
0
0
0
0
0
-1.56772e-12
0
0
0
0
-4.02751e-08
-1.99459e-09
0
0
0
0
2.02774e-12
0
0
-2.62928e-15
0
0
0
0
0
0
-2.10938e-15
0
0
0
0
0
0
0
0
0
0
1.62637e-17
0
0
0
0
0
0
-1.6659e-15
0
0
0
0
0
0
0
8.59446e-18
0
0
0
0
0
-8.16665e-15
0
0
0
0
0
0
0
0
0
0
0
0
0
0
0
0
0
0
0
-3.52733e-18
0
0
0
0
0
0
0
0
0
0
0
0
0
0
0
0
1.96245e-16
0
0
0
0
0
0
0
0
0
0
0
0
0
0
0
2.10517e-11
0
0
0
0
0
0
0
0
1.12575e-16
0
0
2.19923e-11
0
0
0
0
0
0
0
0
0
0
0
0
0
0
4.36323e-16
7.58757e-13
0
0
0
0
0
0
0
0
0
0
0
0
6.2459e-16
0
0
0
0
0
0
0
0
0
0
0
0
0
0
0
0
0
0
3.37709e-12
0
0
0
0
0
0
0
0
0
0
0
0
0
0
0
0
0
0
0
0
0
0
0
0
0
0
0
0
0
0
6.33441e-19
0
0
0
0
0
0
-4.11496e-08
0
0
0
0
0
0
0
0
0
0
0
3.35987e-15
1.95372e-15
0
0
0
0
0
0
0
0
0
0
0
0
0
0
0
0
0
0
0
0
0
0
0
0
0
0
0
0
0
0
0
0
0
0
0
0
0
0
0
2.45213e-15
0
0
0
0
0
0
0
0
0
0
0
0
0
0
0
0
0
0
0
0
0
0
0
-2.7379e-15
0
0
0
0
0
0
0
0
0
3.29781e-15
5.33152e-15
0
0
0
0
0
0
0
0
0
0
0
0
0
0
3.20457e-12
0
0
0
0
0
0
0
0
-1.03256e-15
1.85731e-16
0
0
0
0
0
0
0
0
0
0
0
3.80113e-14
0
0
0
-1.12733e-14
-2.41474e-17
0
0
0
0
0
0
0
0
0
0
0
0
0
2.38862e-11
0
0
0
0
0
-2.2874e-18
0
0
0
0
0
0
0
0
0
0
0
2.22161e-14
0
0
0
0
0
0
0
0
0
0
0
0
0
0
0
0
0
0
0
0
0
0
0
0
0
0
0
2.41033e-12
3.93932e-12
0
0
0
0
0
0
0
0
0
0
0
0
0
0
0
0
0
0
0
0
5.06052e-15
-1.95271e-16
0
0
-1.29573e-12
0
0
0
0
0
0
0
0
0
-1.11325e-16
0
0
-5.33527e-16
-2.10294e-15
0
0
0
0
0
0
0
0
0
0
0
0
0
0
5.53334e-31
-3.73653e-17
0
0
0
0
0
0
0
1.58365e-16
0
0
-5.09616e-15
0
0
0
0
0
0
0
0
0
0
0
1.94255e-15
0
0
0
0
0
0
0
1.94145e-16
0
0
0
0
0
0
0
0
0
0
0
0
0
0
0
0
0
0
0
0
0
0
0
0
0
0
0
0
0
0
2.23589e-07
0
0
0
0
0
0
0
0
0
0
0
0
0
0
0
0
0
0
0
0
0
0
0
0
0
1.57048e-15
0
0
0
0
0
0
0
0
0
0
0
0
0
0
0
0
0
0
0
0
0
0
0
0
-6.2845e-17
0
0
0
0
0
0
0
0
0
0
0
0
0
0
0
0
0
0
0
0
0
0
0
0
0
0
0
0
0
0
0
0
0
0
0
0
0
0
0
0
0
0
0
0
0
0
0
0
0
0
0
0
0
0
-2.40486e-14
-3.03736e-16
3.20341e-16
0
0
0
0
0
0
0
0
0
0
0
0
0
0
0
0
0
0
0
0
0
0
0
0
1.37248e-08
0
0
0
0
0
0
0
0
0
0
0
0
0
-2.23721e-15
0
0
1.18243e-14
0
8.45354e-13
3.95173e-13
0
0
0
0
0
0
0
0
0
0
0
0
0
0
0
0
0
0
0
0
0
0
0
0
0
0
0
0
0
0
0
0
0
0
0
0
-3.14668e-16
0
0
0
0
0
0
6.47273e-12
-2.27985e-15
0
0
0
0
0
0
0
0
0
0
0
0
0
0
0
0
0
0
0
0
0
0
0
0
0
0
0
0
0
0
0
0
-4.64958e-08
0
0
-2.97793e-08
0
0
0
0
0
0
0
0
0
0
0
0
0
0
2.31038e-18
0
0
0
0
0
0
0
0
0
1.42741e-15
9.33161e-16
0
0
0
0
0
0
0
0
0
0
1.40712e-11
0
0
0
0
0
0
0
0
0
0
0
0
0
0
0
0
0
0
0
0
-2.99892e-16
-8.26946e-17
0
0
0
0
0
0
-3.54391e-17
4.47885e-17
-1.09124e-15
0
0
0
0
0
0
-2.48212e-16
0
0
0
0
0
2.17054e-11
0
0
0
0
-3.62919e-15
0
-2.70074e-16
0
0
0
0
0
-8.46797e-08
0
0
0
0
0
0
0
0
0
2.33894e-11
0
0
0
0
0
1.42293e-16
1.55924e-16
0
0
0
0
4.46859e-17
0
9.26586e-08
0
0
-2.42757e-12
3.74639e-13
8.26959e-13
0
-1.33384e-15
-2.65051e-12
0
0
0
0
0
0
0
0
0
0
0
-4.23372e-15
0
0
0
0
0
0
0
0
0
0
0
0
0
0
0
0
0
0
8.91247e-13
7.26671e-16
0
0
0
0
-2.69608e-17
0
0
0
0
-7.01792e-08
0
0
0
0
0
0
0
0
0
0
0
-5.93918e-08
0
0
0
0
0
0
0
0
0
0
0
0
0
0
0
0
0
0
0
0
0
0
0
0
0
-3.93996e-12
0
0
1.52139e-17
0
0
0
0
0
0
0
-8.52311e-16
0
0
-2.07529e-08
0
0
0
3.10411e-17
0
0
0
0
0
0
0
0
-3.33462e-15
0
0
0
0
0
0
0
0
0
0
3.97716e-16
0
-2.76359e-16
0
0
-8.26768e-17
0
-1.04614e-15
0
0
0
3.76119e-15
-1.72563e-15
0
6.54829e-15
0
0
0
0
0
0
0
0
0
0
0
0
-4.62452e-15
2.58566e-15
0
0
0
0
0
0
0
0
0
0
0
0
0
0
0
0
0
0
-7.03127e-16
0
0
0
0
0
0
2.91118e-15
0
0
0
0
0
0
0
0
0
0
0
0
0
0
0
0
-6.32715e-16
0
0
0
0
0
0
0
-4.54186e-12
2.66608e-13
0
0
0
0
0
0
0
0
0
-9.57285e-17
1.30494e-11
0
0
0
0
0
0
0
0
0
0
0
0
0
0
0
0
0
0
0
2.50506e-12
1.25679e-08
0
0
-2.48795e-12
5.23891e-13
7.18388e-13
0
0
0
0
0
0
-4.24297e-16
0
0
0
0
0
0
0
0
0
0
0
0
0
0
0
0
0
0
-1.45027e-12
0
-8.63518e-13
6.39941e-16
0
0
0
0
0
0
0
0
0
0
0
0
0
0
0
0
0
0
0
0
0
0
0
0
0
0
0
0
0
0
0
-1.30196e-32
0
1.03775e-12
-1.76716e-11
0
0
0
0
0
0
0
0
0
0
3.59946e-16
6.47264e-15
-3.41515e-08
0
0
0
0
0
0
0
0
0
0
0
0
0
0
1.60631e-16
5.32641e-16
-5.8517e-17
0
7.32301e-13
5.20052e-13
0
0
0
0
-1.02855e-15
0
0
0
0
0
0
0
0
0
0
0
0
-4.82544e-13
0
0
0
0
0
0
0
-2.17753e-16
7.14756e-16
0
0
0
0
0
0
0
0
0
0
0
0
0
0
-3.68401e-16
4.57268e-16
0
4.75286e-13
0
0
0
0
0
0
0
0
0
0
0
0
-5.23695e-15
0
3.61266e-17
0
0
0
-1.05119e-15
-3.02851e-17
0
0
0
0
0
0
9.30628e-16
-1.12555e-16
0
0
0
0
1.04869e-17
-7.48564e-17
0
0
0
0
0
1.93965e-16
1.00554e-15
0
0
0
-2.64213e-16
0
0
0
0
0
-9.80814e-13
-5.28775e-16
-1.17779e-15
0
0
3.98811e-08
0
0
-5.87271e-13
-1.93961e-11
0
0
0
-3.40411e-08
0
0
0
0
0
9.72419e-15
0
0
-1.4907e-16
4.84916e-17
0
0
0
0
0
-1.25175e-15
-5.84904e-16
0
0
0
0
0
0
0
0
0
0
3.70303e-17
0
0
0
0
0
0
6.19229e-08
3.47475e-12
0
0
0
0
0
0
0
-1.58382e-15
0
0
0
0
0
0
0
0
0
0
0
0
0
0
-9.68042e-09
3.42687e-17
0
0
0
5.41452e-08
0
0
0
0
0
0
0
0
0
0
0
5.85051e-08
0
-3.4884e-16
0
0
3.61246e-16
0
0
0
0
0
0
-3.41404e-14
0
0
0
-1.20117e-14
2.74831e-14
0
0
0
0
3.03401e-08
0
0
0
0
3.61321e-17
0
-1.03176e-07
1.68617e-08
0
0
0
0
0
-2.08944e-16
0
0
0
0
0
0
0
0
0
0
0
0
0
2.46469e-16
0
0
0
0
0
0
0
0
0
0
0
0
0
0
-1.24344e-15
0
0
0
0
0
0
0
0
0
2.40366e-08
0
0
0
0
0
0
0
0
0
0
0
0
0
0
0
0
-8.53311e-16
0
0
0
0
0
0
0
0
1.01048e-16
0
0
0
7.51183e-17
-5.6591e-16
0
0
0
7.56144e-13
0
0
0
0
0
0
0
0
0
0
0
1.90871e-15
0
0
0
0
0
0
0
0
0
0
0
0
-1.86339e-16
0
1.11969e-30
0
0
0
0
0
0
0
0
0
0
0
0
0
0
0
0
0
0
0
0
0
0
0
0
0
0
-1.86472e-12
3.45236e-13
0
0
0
0
0
0
0
0
0
0
0
0
0
0
0
0
0
0
0
0
-6.1134e-15
0
-2.64377e-16
0
0
0
0
0
0
0
0
0
0
0
0
-2.75868e-17
0
0
-2.2037e-12
2.26734e-15
0
0
1.82736e-12
3.15975e-16
0
0
0
0
0
0
0
0
0
-1.35922e-15
7.74167e-16
0
0
7.66474e-15
0
0
0
7.44613e-16
0
0
0
0
0
0
0
0
-1.85378e-11
0
0
0
0
0
0
0
0
0
0
0
0
0
3.29499e-15
0
0
0
2.3603e-16
0
0
0
0
0
0
0
0
0
0
0
0
0
0
0
0
-2.07041e-16
6.50385e-13
0
0
0
0
0
-3.80154e-16
0
0
0
0
0
0
0
0
0
0
0
0
0
0
0
0
0
0
0
6.6294e-13
-8.86569e-16
1.15018e-16
0
0
0
0
0
5.21818e-17
0
0
-3.37457e-12
0
0
0
0
1.35603e-17
0
0
0
0
0
0
0
0
0
0
0
0
0
-9.43101e-16
0
0
0
0
0
0
0
0
0
0
0
0
0
0
0
0
0
0
0
-6.75817e-18
4.90565e-18
0
0
0
-4.73154e-13
1.0549e-16
0
0
0
0
0
0
0
0
1.59019e-12
6.96008e-08
0
-6.21654e-17
0
0
0
0
0
0
0
0
0
0
0
0
0
0
0
0
0
0
0
0
0
0
0
0
0
0
-1.87764e-08
0
0
0
1.58832e-17
0
0
0
0
0
0
1.29489e-07
0
0
0
0
0
0
0
0
0
0
-1.15711e-16
-2.99239e-12
0
0
0
0
0
0
0
0
6.24721e-08
0
0
0
0
0
0
0
0
0
0
0
0
0
-2.63533e-12
9.92649e-13
0
0
0
0
1.73954e-08
0
0
0
0
0
0
0
0
0
0
0
0
0
0
0
0
0
0
0
0
0
0
0
0
0
0
0
0
0
0
0
0
0
0
0
0
0
0
0
0
0
0
0
1.70109e-16
-2.31076e-17
0
0
0
0
0
0
0
0
0
0
0
0
1.11285e-07
0
3.45807e-08
0
0
0
0
0
0
0
0
0
0
0
0
0
0
0
0
0
0
0
0
0
0
0
0
0
0
0
0
0
9.30144e-08
3.22862e-12
0
0
0
0
0
0
0
0
0
0
-1.45326e-16
0
0
0
0
0
0
0
0
0
0
6.33828e-16
0
0
0
0
0
0
-1.11916e-08
2.69766e-12
0
1.61331e-16
0
0
0
0
0
0
0
0
5.08523e-18
0
0
0
0
0
-1.30428e-17
-7.95094e-16
0
0
0
-4.74479e-16
0
-1.28697e-16
0
0
7.9572e-17
0
0
0
0
0
0
0
0
0
8.2953e-16
0
0
0
0
-1.62853e-15
8.31503e-08
0
-8.33536e-16
0
0
0
0
0
-1.57226e-08
-1.83844e-15
0
0
-1.75737e-11
0
0
0
0
3.1359e-12
5.95468e-08
0
0
0
0
0
0
0
0
0
0
0
0
0
0
0
0
0
0
0
0
0
0
0
0
0
0
0
0
0
0
0
0
0
0
0
0
-1.27374e-16
2.02789e-18
0
0
0
0
0
0
0
0
0
-9.17225e-13
0
0
0
0
0
0
0
0
0
0
6.88503e-08
0
0
-3.83248e-08
0
0
0
0
0
0
0
0
0
0
0
0
0
0
0
0
0
0
0
0
0
0
5.93355e-17
-9.84787e-16
0
0
0
0
0
0
1.05112e-08
0
0
0
0
0
0
0
-1.11147e-12
0
0
0
0
0
7.42588e-13
0
0
2.27643e-15
-3.64179e-16
0
0
0
0
-2.13878e-17
0
0
0
0
0
0
0
0
0
3.97667e-08
0
0
0
-9.95213e-16
0
0
0
0
0
0
0
0
0
0
0
0
0
0
0
0
0
0
0
0
0
0
0
0
0
0
0
0
0
-1.87367e-08
0
4.25231e-13
0
0
0
0
0
0
0
0
0
-6.34656e-08
-2.86058e-17
0
0
0
0
0
0
1.87048e-14
0
0
0
0
0
0
4.13959e-18
-1.70749e-07
1.44654e-08
0
0
0
0
0
0
0
0
0
1.76014e-16
-5.03908e-08
0
0
-2.22724e-08
0
0
0
0
0
-5.90065e-13
0
0
0
0
0
0
0
0
0
0
0
0
0
0
0
0
0
0
0
1.32067e-15
-1.60597e-16
1.03962e-16
0
9.90117e-08
0
2.46589e-12
-2.89506e-09
0
0
0
0
0
0
0
0
0
0
0
0
0
0
0
0
0
-2.02729e-17
0
0
0
0
0
0
0
0
0
0
0
0
0
0
0
0
1.08952e-15
0
0
0
0
0
0
0
0
0
0
-6.62403e-13
0
0
0
0
0
0
0
0
0
0
0
0
0
0
0
0
0
-4.6321e-16
0
0
0
0
0
0
0
0
0
0
0
-1.06155e-17
0
0
0
0
0
0
0
4.38002e-16
0
0
7.61509e-08
0
0
0
0
0
0
0
0
4.1199e-17
0
0
0
0
0
0
0
0
1.38706e-07
0
-8.67914e-13
0
0
0
0
-1.8977e-17
0
0
1.37955e-07
0
0
0
0
0
0
0
0
0
0
0
0
0
0
0
0
0
0
0
0
0
0
-6.62199e-13
0
0
0
6.65264e-13
2.07361e-16
0
0
0
0
0
0
0
0
0
0
0
0
0
0
0
0
1.10713e-16
-1.2495e-15
0
0
0
0
0
0
0
0
0
7.23877e-15
2.89379e-16
0
0
0
0
0
0
0
0
0
0
0
0
7.97008e-16
0
0
0
0
2.03341e-16
0
0
0
0
0
0
0
0
0
0
0
0
0
0
0
0
0
0
6.02168e-13
0
0
0
0
0
0
0
0
0
0
0
0
0
0
0
0
0
0
0
0
0
-6.66279e-17
0
-1.07492e-14
0
0
9.45818e-17
0
3.90326e-16
1.23075e-15
0
-6.0333e-16
0
0
0
0
0
0
0
0
-1.04482e-16
0
4.74709e-12
6.28055e-12
0
0
0
0
1.1287e-12
4.8247e-13
0
0
0
0
0
0
0
0
0
0
0
0
0
0
0
0
0
0
0
0
0
0
0
6.66377e-13
0
0
0
0
0
-4.01121e-17
0
0
0
0
0
-2.22252e-16
-1.70844e-16
0
0
0
0
0
0
0
5.31645e-13
0
0
0
0
0
0
-1.34275e-07
0
0
-9.85984e-16
0
0
0
3.02142e-17
0
-5.88701e-17
-1.25202e-16
0
0
0
0
0
4.81479e-13
0
0
0
0
0
-1.56655e-07
0
0
4.88356e-16
-5.73377e-16
0
0
8.90138e-13
6.89985e-13
0
0
-8.72493e-17
0
0
0
0
-7.375e-17
0
0
-8.77456e-16
6.91047e-17
0
0
0
0
0
0
0
0
-5.78547e-13
1.00781e-15
0
-4.3139e-16
0
0
0
0
0
0
0
0
0
-6.84335e-13
-2.64603e-16
-1.00811e-16
0
1.12664e-14
-5.94185e-16
0
0
-5.50512e-17
0
3.68281e-16
8.56981e-16
-1.19526e-16
0
1.46173e-07
0
4.49611e-30
0
0
0
0
0
0
0
0
0
0
0
0
-7.9656e-13
0
0
0
0
0
0
0
0
2.32445e-17
0
0
0
0
0
0
0
0
2.6033e-16
0
0
0
0
0
0
0
0
0
4.70078e-13
-1.10683e-17
0
0
0
0
0
0
8.81102e-13
4.10519e-13
0
0
0
0
0
0
0
0
0
0
0
0
0
-1.93056e-13
6.33631e-13
0
0
0
0
0
0
0
0
2.79848e-15
0
0
0
0
1.23636e-15
-1.1206e-14
0
0
0
0
1.75613e-16
2.98521e-17
0
0
0
0
0
0
0
0
4.1229e-16
1.32334e-15
-1.86309e-16
0
0
0
0
0
0
0
-9.86564e-13
0
0
0
0
0
0
0
0
0
0
0
0
0
-2.51381e-15
0
0
0
0
0
4.05842e-13
5.50454e-13
0
0
0
0
0
0
0
0
0
0
0
0
0
0
0
0
0
0
0
3.00862e-08
2.44598e-12
0
0
0
0
0
0
0
0
0
0
-1.14702e-16
0
0
0
0
0
0
0
0
0
0
0
0
0
-1.86826e-15
0
0
6.5491e-17
0
0
0
0
0
0
0
2.72542e-13
0
1.28815e-16
-3.89635e-17
0
0
0
0
0
0
0
0
0
-5.06345e-16
0
0
0
0
0
3.69738e-17
0
0
0
0
0
0
0
-2.2885e-16
-6.77269e-16
0
0
0
0
0
0
-1.61762e-16
-6.14314e-13
0
0
0
0
0
0
3.32705e-16
1.88828e-18
0
0
0
0
0
0
0
0
3.79336e-13
-3.1686e-16
9.0169e-17
0
0
0
0
0
0
0
0
0
0
0
0
0
0
0
-7.71703e-13
0
0
0
0
0
0
2.84887e-16
-2.82453e-16
0
0
0
0
0
0
-7.19839e-13
5.73727e-16
0
0
0
-6.60759e-15
0
0
0
0
0
0
0
0
0
0
0
0
0
0
-6.54968e-16
0
0
0
0
0
0
0
0
1.86387e-16
0
0
0
0
0
0
0
0
0
0
0
0
0
0
0
0
0
0
0
0
0
0
-2.57438e-15
0
0
0
0
0
0
0
5.2377e-13
5.29473e-13
0
0
0
7.85919e-13
0
0
0
0
0
0
0
0
0
0
0
0
0
0
0
0
0
0
0
0
0
0
0
1.34662e-16
0
0
0
0
0
0
0
0
0
0
0
0
0
0
0
0
0
0
5.6029e-13
0
0
0
0
0
0
0
0
0
0
0
0
0
0
0
0
0
0
0
0
0
0
0
0
0
0
0
0
0
0
0
0
0
0
0
0
0
0
0
0
0
0
0
0
0
7.277e-17
0
0
0
0
0
0
0
0
0
0
0
0
0
0
0
0
0
0
0
0
0
0
0
0
0
0
0
0
0
0
0
0
0
0
0
0
5.60874e-08
0
0
0
0
0
0
0
0
0
-3.23977e-16
1.58744e-16
0
0
0
2.96186e-15
0
0
0
0
0
0
0
0
0
0
0
0
0
0
0
0
0
-7.5992e-13
0
1.12264e-14
0
0
0
0
3.23083e-17
1.15608e-15
0
0
0
0
0
0
0
0
0
0
0
3.04198e-16
0
0
0
0
0
0
0
0
0
0
0
0
0
0
0
0
0
0
0
0
0
0
0
0
0
0
0
-1.83026e-12
0
0
0
0
0
0
0
0
0
2.64549e-08
0
0
0
0
0
0
1.02442e-15
5.85407e-18
0
5.25051e-13
4.43551e-17
0
0
0
0
0
0
0
0
0
0
0
0
0
0
0
0
0
0
0
0
0
0
0
0
0
0
-7.9637e-13
0
0
0
0
0
0
-5.25178e-12
0
0
-1.22079e-14
0
0
0
0
0
4.94128e-08
0
5.66629e-17
-4.33658e-16
0
-4.86325e-13
0
-4.98405e-15
4.00572e-15
-5.41213e-16
0
1.80731e-17
1.11599e-13
0
0
0
0
0
0
0
0
-5.02475e-12
-6.652e-17
0
0
0
0
0
0
-2.76318e-08
-2.01112e-15
6.09751e-17
0
0
0
0
-7.82181e-17
0
0
0
0
0
0
0
0
0
0
1.12746e-15
0
0
0
0
0
0
0
0
0
0
0
0
0
0
0
6.17996e-17
0
0
-8.71159e-13
0
0
0
0
0
0
0
0
0
0
0
9.33322e-09
0
0
0
0
0
0
0
6.70375e-16
0
0
4.9405e-13
0
7.1101e-13
0
0
0
0
0
0
0
0
0
0
-3.52265e-16
0
0
0
-1.46094e-08
0
0
0
0
0
0
0
0
6.57503e-13
0
0
0
0
0
0
0
0
0
0
0
0
0
0
0
0
0
0
0
0
0
0
0
0
-1.47681e-17
0
0
0
0
0
-1.83555e-16
0
0
0
0
0
0
2.00877e-15
0
0
0
0
0
0
0
0
0
0
0
5.38598e-17
6.09592e-13
0
0
0
0
0
0
0
5.74019e-13
5.14379e-13
0
0
0
0
0
0
0
0
0
0
0
0
0
0
0
0
0
0
0
0
0
5.06745e-14
0
0
0
0
1.89536e-17
0
-9.58932e-17
1.80491e-16
0
0
0
0
0
0
0
0
-1.88409e-16
-8.6782e-16
0
0
0
0
0
0
0
0
1.99852e-15
-4.53487e-13
-8.79422e-17
0
6.29423e-13
0
0
0
0
0
0
-7.47728e-13
0
0
0
0
0
-8.08308e-13
0
0
0
0
0
0
0
1.22501e-12
0
0
0
6.16227e-17
0
0
0
0
-1.09223e-15
0
0
1.10667e-30
0
0
0
0
0
0
0
0
0
0
0
0
0
0
-2.01121e-16
0
0
1.52557e-15
0
0
0
0
0
0
0
0
)
;

boundaryField
{
    frontback
    {
        type            empty;
        value           nonuniform List<scalar> 0();
    }
    topbottom
    {
        type            calculated;
        value           uniform 0;
    }
    outlet
    {
        type            calculated;
        value           nonuniform List<scalar> 0();
    }
    inlet
    {
        type            calculated;
        value           uniform 0;
    }
    walls
    {
        type            calculated;
        value           nonuniform List<scalar> 
151
(
-7.81336e-08
1.01284e-07
-2.80702e-07
1.30223e-07
1.59161e-07
1.88099e-07
4.19606e-07
4.48545e-07
-1.53373e-07
-1.24435e-07
-4.91952e-08
-2.02569e-08
-2.57552e-07
-2.34401e-07
-2.05462e-07
-1.76524e-07
-1.01284e-07
-7.23459e-08
2.89384e-09
2.60445e-08
5.49829e-08
7.81336e-08
1.07072e-07
2.1125e-07
2.34401e-07
2.63339e-07
2.8649e-07
3.15428e-07
3.44367e-07
3.67517e-07
3.96456e-07
2.02569e-08
8.68151e-09
4.91952e-08
-5.49829e-08
7.23459e-08
-9.54966e-08
-1.18647e-07
-1.47586e-07
1.24435e-07
1.1286e-07
-1.70736e-07
1.53373e-07
-2.28613e-07
-2.51764e-07
-2.40189e-07
1.82312e-07
1.3601e-07
2.05462e-07
-2.63339e-07
2.28613e-07
-1.07072e-07
2.57552e-07
-8.68151e-09
-3.03853e-07
2.69127e-07
2.80702e-07
1.44692e-08
4.34076e-08
2.92278e-07
-6.07706e-08
6.65583e-08
-3.76199e-08
-8.9709e-08
8.9709e-08
-1.1286e-07
3.21216e-07
-1.41798e-07
1.18647e-07
-1.64949e-07
-1.93887e-07
3.38579e-07
-2.17038e-07
1.70736e-07
4.34076e-08
2.89384e-09
2.60445e-08
-4.34076e-08
-2.02569e-08
1.47586e-07
-2.22826e-07
-2.45976e-07
1.76524e-07
1.99675e-07
-2.69127e-07
-2.92278e-07
2.22826e-07
3.32791e-07
3.73305e-07
2.51764e-07
-2.98065e-07
2.74915e-07
2.98065e-07
3.27004e-07
4.02243e-07
4.13819e-07
4.42757e-07
3.55942e-07
3.8488e-07
3.18322e-08
4.54333e-07
3.79093e-07
-1.44692e-08
-2.89384e-09
2.02569e-08
-2.60445e-08
4.31182e-07
4.08031e-07
-1.59161e-07
4.3697e-07
-2.8649e-07
3.76199e-08
-8.68151e-09
1.44692e-08
4.6012e-07
3.90668e-07
-3.18322e-08
-1.44692e-08
8.39213e-08
9.54966e-08
-5.49829e-08
3.03853e-07
-6.65583e-08
-1.99675e-07
-2.1125e-07
-4.34076e-08
-2.74915e-07
6.07706e-08
2.45976e-07
1.41798e-07
3.09641e-07
1.64949e-07
3.18322e-08
3.6173e-07
4.25394e-07
-2.89384e-09
1.93887e-07
3.76199e-08
-4.91952e-08
-1.88099e-07
2.40189e-07
2.17038e-07
-3.18322e-08
-1.3601e-07
-1.82312e-07
-8.39213e-08
-3.76199e-08
3.50154e-07
8.68151e-09
-2.60445e-08
-1.30223e-07
)
;
    }
    procBoundary2to0
    {
        type            processor;
        value           nonuniform List<scalar> 
83
(
0
0
0
0
5.32938e-16
3.95915e-12
0
0
0
2.3806e-16
0
0
0
0
0
0
0
0
0
-1.00849e-14
0
0
0
0
-7.67155e-15
0
0
0
5.02754e-17
0
0
2.32621e-16
0
-1.7117e-15
6.11848e-16
0
0
0
0
0
0
0
-2.26223e-15
-2.42165e-16
0
-5.2635e-16
0
0
0
0
1.8079e-14
-3.70172e-15
-3.93192e-15
0
0
0
0
0
0
0
0
-1.48008e-14
1.63155e-07
0
-1.78131e-16
0
0
0
7.54145e-15
2.94343e-16
0
0
6.91446e-15
0
0
0
0
0
3.80237e-17
0
0
0
-5.59592e-15
)
;
    }
    procBoundary2to3
    {
        type            processor;
        value           nonuniform List<scalar> 
99
(
0
0
-1.18685e-12
0
0
0
0
0
0
0
0
0
0
0
0
0
0
0
0
0
0
0
0
0
0
0
0
0
0
0
0
0
0
0
0
0
0
0
0
0
0
0
0
0
0
0
0
0
0
0
0
0
0
0
0
0
0
6.20252e-16
0
0
0
0
0
0
0
0
0
0
0
4.74209e-08
0
0
0
0
0
0
6.41743e-16
0
0
0
0
0
0
0
0
0
0
0
0
0
0
0
0
0
0
0
0
0
0
)
;
    }
}


// ************************************************************************* //
