/*--------------------------------*- C++ -*----------------------------------*\
| =========                 |                                                 |
| \\      /  F ield         | OpenFOAM: The Open Source CFD Toolbox           |
|  \\    /   O peration     | Version:  v2012                                 |
|   \\  /    A nd           | Website:  www.openfoam.com                      |
|    \\/     M anipulation  |                                                 |
\*---------------------------------------------------------------------------*/
FoamFile
{
    version     2.0;
    format      ascii;
    class       surfaceScalarField;
    location    "900";
    object      meshPhi;
}
// * * * * * * * * * * * * * * * * * * * * * * * * * * * * * * * * * * * * * //

dimensions      [0 3 -1 0 0 0 0];
oriented        oriented;


internalField   nonuniform List<scalar> 
20673
(
0
0
0
0
0
0
0
0
0
0
0
0
-1.9332e-14
2.53814e-15
0
-2.00399e-17
4.33133e-17
1.61671e-18
0
0
0
0
0
0
0
0
0
0
0
0
0
0
0
0
0
0
0
-4.25783e-08
1.62306e-12
9.20224e-09
-1.37865e-15
3.36257e-15
0
0
0
0
0
0
0
0
0
0
0
0
0
0
0
0
0
0
0
0
0
0
0
0
0
0
0
0
0
0
0
0
-3.35765e-17
6.78942e-17
0
1.08266e-15
0
0
0
0
0
0
0
0
0
0
0
0
0
0
-9.33207e-17
3.55954e-16
-7.79668e-15
2.70484e-15
-1.80919e-16
0
0
0
0
0
0
0
0
0
0
0
0
0
-6.16997e-13
7.25916e-13
-3.08236e-15
0
0
0
0
0
0
0
0
0
-2.62802e-16
0
2.28586e-17
0
0
0
3.91021e-15
-1.81653e-16
-3.75269e-15
0
0
0
0
0
-6.82497e-12
-5.4629e-12
2.55521e-15
0
0
0
0
0
0
0
0
0
2.59521e-12
-1.88054e-11
-3.4055e-16
8.35515e-17
0
0
0
0
0
0
0
0
0
0
0
-2.44957e-15
-3.20905e-15
0
0
0
0
0
0
0
-1.44729e-08
0
0
5.76161e-16
-1.92183e-17
0
0
0
-9.15832e-18
1.43828e-16
0
0
0
0
0
0
0
0
-4.96863e-17
0
0
0
0
0
0
0
0
-5.04961e-12
0
-6.63436e-12
0
0
0
-1.0016e-12
0
-1.54064e-13
0
0
0
0
0
0
0
0
0
0
0
0
1.28046e-16
-8.75171e-16
1.10315e-17
-1.55826e-15
0
0
0
0
0
0
0
0
0
0
0
0
0
0
0
0
0
0
0
0
0
0
0
0
0
0
0
0
0
0
0
1.72117e-15
1.34268e-16
0
0
0
0
0
0
0
0
0
1.03666e-16
2.01408e-15
0
0
0
0
0
3.00193e-16
-1.35009e-16
-2.83679e-16
-3.68414e-17
0
0
0
0
0
0
0
0
0
0
0
0
0
0
0
0
0
0
0
0
0
0
1.61749e-16
2.38274e-13
0
0
0
0
0
0
0
0
2.18606e-12
0
-8.77604e-12
0
0
0
2.53321e-15
1.02681e-16
0
-2.1988e-13
-5.79351e-14
-3.5706e-16
-1.80797e-16
3.67428e-15
0
0
0
0
0
0
0
0
0
0
0
0
0
0
0
0
0
0
0
0
0
0
0
-1.28734e-15
0
0
0
0
0
0
0
0
0
0
0
0
0
0
0
0
2.45015e-17
1.20863e-16
7.25694e-17
5.89731e-18
2.25932e-15
7.93828e-15
0
0
0
0
0
0
5.03508e-15
1.15082e-14
0
2.17036e-15
2.96932e-16
-8.11278e-16
0
0
0
0
0
-9.70441e-16
-3.99928e-16
0
0
0
0
0
0
0
0
0
0
0
0
-1.80901e-15
-5.98195e-12
0
0
0
0
0
0
0
0
0
0
0
0
0
0
0
0
0
-2.49889e-12
2.52922e-13
0
0
0
0
0
0
-1.79111e-16
2.3233e-15
0
0
0
0
0
0
0
0
0
0
0
0
0
0
0
0
0
-5.60585e-16
-2.2767e-15
0
0
0
7.70265e-13
-2.83382e-12
0
0
0
0
0
0
0
0
-2.39799e-16
-4.0245e-16
0
0
0
0
0
-1.27951e-15
-1.35051e-15
0
0
0
0
0
0
0
0
0
0
0
0
0
0
0
0
0
0
0
0
0
0
0
0
0
0
0
0
0
0
0
0
0
0
0
0
0
0
0
0
1.02397e-15
-1.38133e-16
-8.16612e-19
2.50479e-15
3.72331e-17
0
0
0
0
0
0
0
0
0
0
3.7046e-17
4.24645e-16
0
0
0
0
0
0
0
0
-1.22366e-16
8.57006e-17
0
0
0
0
0
0
0
0
0
0
0
0
0
-2.63297e-16
0
0
0
-8.44313e-13
4.95808e-17
-3.23511e-13
0
0
0
0
1.62128e-15
0
1.66644e-17
0
0
0
-1.1298e-12
-3.49247e-17
-9.4819e-14
0
0
0
0
0
0
0
0
0
0
0
0
0
0
0
0
0
0
0
0
0
0
0
0
0
0
0
0
0
0
0
0
0
0
0
0
-7.81311e-15
-2.00005e-12
0
0
0
0
0
0
0
0
0
0
0
0
0
0
0
-1.61118e-13
-1.25294e-16
0
0
0
0
0
0
0
0
0
0
0
0
0
0
0
0
0
0
0
0
0
0
9.53476e-13
4.27728e-13
-2.72757e-12
0
-1.90194e-15
-1.31151e-14
0
0
0
-8.69965e-17
-8.31017e-16
9.97437e-18
0
0
0
0
0
0
0
0
0
0
0
0
0
0
0
1.22242e-15
0
0
0
-1.09763e-12
-5.59275e-13
0
0
0
0
0
0
0
0
0
0
0
9.29825e-13
2.51263e-13
-2.29869e-12
0
0
0
0
0
0
0
0
0
0
0
0
0
0
0
0
0
0
0
0
0
0
0
0
0
0
0
0
0
0
0
0
0
0
0
0
0
2.22257e-15
0
0
0
0
0
0
0
-1.93393e-16
0
0
0
0
0
0
0
0
0
0
0
0
0
0
0
0
0
0
0
0
0
0
0
0
0
0
0
0
-7.12377e-17
0
0
0
0
0
0
0
0
0
0
0
0
0
0
0
1.39789e-15
6.57704e-16
-6.22453e-16
0
0
0
0
0
0
0
0
0
0
0
0
-9.17276e-14
-2.02915e-13
0
0
0
0
0
0
0
0
0
0
0
0
0
0
0
0
0
0
0
0
0
0
0
-1.23296e-16
4.3229e-17
0
-7.80282e-12
-3.89871e-12
-1.15025e-15
0
0
0
0
-1.99853e-17
2.11354e-15
0
0
0
0
0
0
0
0
5.45507e-15
-5.61725e-15
0
0
0
0
2.87554e-17
0
0
-2.73921e-14
7.73235e-15
0
2.58292e-16
3.31047e-14
-3.56722e-13
5.32614e-14
0
0
0
0
0
0
-1.49972e-16
9.78411e-16
0
0
0
0
0
0
0
0
0
0
0
0
0
0
0
0
0
0
0
0
6.28841e-13
2.10227e-13
0
0
0
0
0
0
0
-8.17267e-17
1.28616e-15
0
0
0
3.92216e-13
-2.02706e-12
0
0
0
0
0
0
0
0
0
0
0
0
0
0
0
0
0
0
0
0
0
0
0
0
0
0
0
3.83286e-13
4.33069e-13
-1.63875e-12
0
0
0
0
0
0
0
0
0
0
0
0
0
0
0
0
0
0
0
3.25735e-12
-2.19689e-11
0
0
0
0
0
0
0
0
0
0
0
0
0
0
0
9.08369e-12
1.44019e-07
-1.18856e-07
0
0
-1.35324e-13
-2.47517e-12
0
0
0
0
0
0
0
0
0
0
0
0
0
0
0
0
0
0
0
0
0
0
0
0
0
0
0
0
0
-6.70544e-16
1.99673e-16
0
0
0
0
0
0
0
0
0
0
0
2.10439e-16
-8.04502e-17
1.13085e-15
3.44675e-15
0
0
1.34456e-16
-8.17302e-34
0
0
0
0
0
0
0
0
0
0
0
0
0
0
0
0
0
0
0
0
0
0
-1.35162e-14
0
0
0
0
1.0798e-15
3.49492e-16
1.58178e-14
0
0
0
0
0
-8.11065e-13
0
-4.46121e-14
0
0
0
0
0
0
0
0
0
0
0
0
0
0
0
0
0
0
0
0
0
0
0
0
0
-6.88708e-15
0
0
0
0
0
0
0
0
0
0
0
0
0
0
0
0
0
0
0
0
0
0
0
0
-2.02865e-13
-1.28577e-12
0
0
0
0
0
-1.09445e-12
2.98863e-16
-6.00946e-13
0
0
0
0
0
0
0
0
0
0
0
0
0
0
0
0
0
0
0
0
0
0
-2.17992e-17
-8.83814e-16
3.56682e-13
0
-1.11028e-12
0
0
0
0
0
4.43624e-16
-6.25288e-16
5.8606e-16
0
0
0
0
0
0
0
0
0
0
0
0
0
0
0
0
0
0
0
0
0
0
-3.12296e-16
9.66682e-17
0
0
0
0
0
0
0
0
0
0
0
0
0
0
0
0
0
0
0
0
0
0
0
0
-5.49227e-31
0
3.17287e-16
-9.94391e-18
-1.40977e-15
0
-7.01036e-16
0
0
0
0
0
0
0
0
0
0
0
0
0
0
0
0
0
0
0
0
0
-8.00726e-13
0
0
0
0
0
0
0
0
0
-9.34577e-14
-2.16738e-12
0
0
-5.5565e-13
-5.21009e-13
0
0
0
0
0
0
0
0
0
0
0
0
-4.62915e-16
-9.75939e-17
2.11908e-18
0
0
0
0
0
0
0
0
0
2.83667e-13
3.67145e-13
-1.31156e-12
0
0
1.92468e-17
-5.86248e-13
-8.6719e-13
6.87853e-17
0
0
0
0
0
0
0
0
0
0
0
0
0
0
0
0
0
0
0
0
0
0
0
0
0
0
0
0
0
0
0
0
0
0
0
0
0
0
0
0
0
0
0
0
0
0
0
0
0
0
0
0
0
0
5.59763e-17
-2.33597e-16
4.84569e-18
0
0
0
0
0
0
0
0
0
0
0
0
-4.25778e-17
0
0
0
0
0
0
0
0
0
0
0
0
0
0
0
0
0
0
0
0
0
0
0
0
0
0
-8.09887e-13
0
-4.57915e-17
0
0
0
0
0
0
0
0
0
0
0
0
0
0
0
0
0
0
3.31449e-12
-9.3018e-12
1.22999e-12
0
0
-2.66498e-15
-4.39262e-15
5.48653e-16
0
0
0
0
0
0
0
0
0
0
0
0
0
0
0
0
0
0
0
-3.23835e-09
-3.43463e-08
0
0
0
0
0
0
0
0
0
0
0
0
0
0
-1.9487e-16
0
0
0
7.6411e-16
0
0
1.36955e-16
-2.52896e-13
0
0
0
0
0
-2.20672e-32
1.41803e-17
0
0
0
0
0
0
-5.36768e-13
-1.49561e-17
-8.12662e-12
0
0
0
5.81218e-18
-6.99643e-18
0
0
0
0
0
0
-1.09979e-12
-1.17977e-16
0
0
0
0
0
0
0
0
0
5.99484e-15
-4.11697e-16
0
0
0
0
0
0
0
0
0
0
0
0
0
0
0
3.89374e-13
-2.91019e-12
0
0
0
0
0
0
0
0
0
0
0
0
0
0
0
0
0
0
0
-2.10403e-11
0
0
0
0
0
0
0
0
0
0
0
0
0
0
0
0
0
0
0
0
0
0
0
0
0
0
0
0
0
0
0
0
0
0
0
0
0
0
0
0
0
0
3.51785e-15
-4.61493e-15
0
0
0
4.09549e-12
2.167e-12
0
0
0
0
0
0
0
0
0
0
0
0
0
0
0
0
0
0
0
0
0
0
-8.18617e-15
0
0
0
0
0
0
0
0
0
0
0
0
0
0
0
0
0
0
0
0
0
0
-1.41937e-16
0
6.78272e-18
3.57898e-08
3.16222e-12
0
0
0
0
0
0
0
0
0
0
0
0
0
0
0
0
0
0
0
0
0
0
0
0
0
0
0
0
0
0
0
0
0
0
0
0
0
0
0
0
0
-3.11956e-13
0
0
0
0
0
-2.01817e-12
0
0
0
0
0
0
0
-1.54514e-15
0
0
0
0
0
0
0
0
0
0
0
0
0
0
0
0
0
0
-5.95171e-16
0
0
0
0
0
0
0
0
0
0
0
0
0
0
0
0
0
0
0
0
0
0
0
0
0
0
0
3.02297e-17
-1.33726e-15
0
0
0
0
0
0
0
0
0
0
0
0
0
0
0
0
0
0
0
0
0
0
0
1.30867e-17
-3.20666e-17
0
0
0
0
0
0
0
0
0
0
0
0
0
0
0
0
0
0
0
0
0
0
0
0
0
0
0
0
0
0
0
0
0
0
0
0
0
0
0
0
0
0
0
0
8.48336e-15
0
2.734e-15
0
0
0
0
0
0
0
0
0
0
0
0
0
0
0
0
0
0
0
0
0
3.69335e-17
0
-1.54615e-16
0
0
0
0
0
0
0
0
0
0
0
0
0
0
0
0
0
0
0
0
0
0
1.15556e-12
6.45914e-13
-3.57946e-12
0
0
0
0
0
3.5456e-15
0
0
-3.54641e-13
0
0
0
0
0
0
0
0
0
0
0
0
0
0
0
0
0
0
0
0
0
0
-9.89451e-15
-4.20139e-17
0
0
0
0
0
0
0
0
0
0
0
0
0
0
-8.00779e-13
-5.63991e-13
0
0
0
0
0
0
0
0
0
0
0
0
0
0
0
0
0
0
-5.43026e-17
4.29313e-16
9.87808e-13
-1.4762e-12
4.85627e-14
5.6618e-15
-3.19878e-15
0
0
0
0
0
0
-1.53277e-15
0
0
0
0
0
0
0
0
0
0
0
0
0
0
0
2.28785e-12
6.07653e-15
-3.44888e-12
0
0
0
0
0
0
0
0
0
0
0
0
-2.26021e-15
7.34758e-16
0
0
0
0
0
0
-1.28365e-16
0
0
0
0
0
0
0
0
0
0
0
0
0
0
0
0
0
0
0
0
0
0
0
0
0
0
0
0
0
0
0
0
0
0
0
0
0
-2.48617e-15
2.0856e-14
-1.69125e-16
-2.12435e-14
1.18918e-14
0
0
0
0
0
0
1.30966e-12
-7.18833e-12
0
0
0
0
0
0
0
0
0
0
0
0
0
0
0
0
0
0
0
0
0
0
0
-2.83395e-15
8.3427e-17
0
0
0
0
0
0
0
0
0
0
0
0
0
0
0
0
0
-7.48594e-17
-1.59276e-12
4.62268e-13
0
0
0
0
0
8.74589e-13
6.65968e-13
-3.09097e-12
2.49207e-17
2.39539e-15
2.61468e-17
0
0
0
0
0
0
0
0
0
0
0
0
0
0
0
0
0
0
0
0
0
0
-2.5572e-15
1.24963e-15
0
0
0
3.00252e-17
-5.86665e-15
1.92174e-16
0
0
0
0
0
0
0
0
0
0
0
0
0
0
-3.59327e-13
-5.45748e-14
0
0
0
0
0
0
0
0
0
0
0
0
0
-3.41061e-12
5.86477e-13
0
0
0
0
0
0
0
0
0
-2.40184e-12
-3.8706e-16
0
0
0
0
0
0
0
0
0
0
0
0
0
0
0
0
0
0
0
5.74734e-16
0
-8.34398e-16
0
0
0
0
0
0
0
0
4.30251e-19
-9.04885e-13
-9.02826e-13
0
0
0
0
-6.23632e-17
0
0
0
0
0
0
0
0
0
0
0
0
-5.59204e-15
3.46065e-15
0
0
-1.70991e-13
-1.2585e-13
-5.09567e-13
0
-4.75215e-16
0
0
0
0
0
0
0
2.28956e-16
-1.35601e-16
0
0
0
0
0
0
0
0
0
0
0
0
0
0
0
0
0
0
0
0
6.02273e-16
-3.35037e-16
0
0
0
0
0
0
0
0
0
0
0
0
0
-1.05995e-12
-1.49626e-16
-4.66168e-13
0
0
0
0
-1.98079e-15
-2.38707e-15
-8.16983e-16
-2.45054e-16
0
0
0
0
0
0
0
0
0
4.17113e-16
0
3.34491e-16
0
0
0
0
0
0
0
0
0
0
0
0
0
0
0
0
3.24674e-15
-1.09766e-14
0
0
0
-6.15051e-14
0
0
0
0
0
0
0
0
0
0
0
0
0
0
0
0
0
0
0
0
0
0
0
0
0
0
0
0
0
0
0
0
0
0
0
0
0
0
0
0
0
-1.77096e-17
3.56122e-18
0
0
-3.72627e-16
0
0
0
0
0
0
0
0
0
0
0
0
0
0
0
0
0
0
0
0
0
0
0
0
0
0
0
0
0
0
0
0
0
0
0
0
0
0
0
0
0
0
0
0
-1.63926e-14
0
-7.04858e-15
0
0
0
0
0
0
0
0
0
1.44437e-18
5.01662e-17
0
0
0
1.11114e-12
-3.48191e-12
6.41677e-13
0
0
-2.4382e-16
7.77853e-16
0
-2.97043e-17
0
0
0
0
0
0
0
0
0
0
0
0
0
0
0
0
0
0
0
0
0
0
0
0
0
0
0
0
0
0
0
0
0
0
0
-1.59438e-16
1.59569e-15
0
0
0
0
0
0
0
0
0
0
0
0
-5.574e-31
0
0
0
0
0
0
0
0
0
0
0
0
0
0
0
0
0
0
0
0
0
0
0
0
0
0
0
0
0
0
0
0
0
0
0
0
0
0
0
0
0
0
0
0
-3.01663e-13
0
0
0
0
0
0
0
0
0
0
-2.29739e-12
3.43555e-13
0
0
0
0
0
-5.87945e-16
0
0
0
2.7412e-16
0
0
0
0
0
0
0
0
0
0
0
0
0
0
0
0
0
0
0
0
0
0
0
0
0
0
0
0
0
0
0
0
0
0
0
0
0
0
0
0
0
0
0
0
0
0
0
0
-1.5123e-18
-4.37504e-18
0
0
0
0
0
2.00976e-17
-8.41829e-12
0
0
-2.31849e-14
-3.28414e-15
0
0
0
0
0
5.86928e-15
0
0
0
0
0
0
0
0
0
-5.25748e-16
1.68903e-17
0
0
0
0
0
0
0
6.93028e-16
0
0
0
0
1.25197e-16
1.19134e-16
0
0
0
0
0
0
0
0
0
-7.34117e-16
-6.52553e-18
0
0
0
0
0
0
0
0
0
0
0
0
0
0
0
0
0
0
0
0
0
0
0
0
0
0
0
0
0
0
0
0
0
0
0
0
0
0
0
0
0
0
0
0
0
0
0
0
0
0
0
0
0
-9.81406e-16
-2.2877e-18
4.28569e-17
-4.73308e-17
0
0
0
-9.41787e-16
0
0
0
0
0
0
0
0
0
0
0
0
0
0
0
0
0
0
4.43105e-17
-1.02263e-12
0
0
0
0
0
0
0
0
0
0
0
0
0
0
0
0
0
0
0
0
0
0
0
0
0
0
0
-2.77883e-31
0
0
0
0
0
0
0
0
0
0
0
0
0
0
0
0
0
0
0
0
0
0
0
0
0
0
0
0
0
0
0
0
0
0
0
0
-6.57112e-15
0
0
0
0
0
0
0
0
0
0
0
0
0
0
0
0
0
0
0
0
0
0
0
0
0
0
0
0
0
4.1769e-17
0
0
0
0
0
0
0
0
0
0
2.48477e-18
2.07627e-18
0
0
0
0
0
0
0
0
0
0
1.29539e-15
0
0
0
0
0
0
0
0
0
0
0
0
0
-6.57649e-15
0
0
0
0
0
0
-4.40421e-15
0
0
-7.62138e-13
0
0
0
0
0
0
0
0
0
0
0
0
0
0
0
0
9.37697e-13
-2.90212e-12
5.04225e-13
0
0
0
0
0
0
0
0
0
0
0
-2.69731e-12
0
-1.45751e-12
0
0
0
0
0
0
1.81077e-14
0
1.03596e-15
0
0
0
0
0
0
6.13185e-17
-7.13171e-17
0
0
0
0
0
0
0
0
0
-9.53351e-16
8.95104e-16
0
0
0
0
0
0
0
0
1.20762e-12
-3.61275e-16
-2.24374e-12
0
0
0
0
0
1.95304e-16
-2.64917e-16
-1.09524e-12
0
0
0
0
0
0
0
-4.08206e-15
-6.90408e-17
1.30875e-16
6.8774e-16
-2.95973e-16
-1.97365e-12
-1.28138e-12
0
0
0
0
0
0
0
0
0
0
0
0
0
0
0
0
0
0
0
0
0
0
0
0
0
0
0
0
0
0
0
0
0
0
0
0
-9.65708e-13
0
-8.15695e-13
0
0
0
0
0
0
0
-9.00578e-13
-6.75835e-13
0
-6.04169e-13
-2.18664e-12
-1.27868e-16
0
0
0
0
0
0
1.90192e-16
0
0
5.17195e-13
0
-2.82432e-12
0
0
0
0
0
0
0
0
0
0
0
0
2.60499e-17
-5.43314e-16
0
0
0
0
0
0
0
0
0
0
0
0
0
0
0
0
0
0
0
0
0
-7.01073e-16
0
0
0
0
-1.15944e-12
9.36466e-18
0
0
0
2.60419e-16
2.46323e-15
0
0
0
0
0
0
0
0
0
0
0
0
0
0
1.83731e-14
-2.38051e-15
0
0
0
1.55926e-16
-2.51602e-17
0
0
3.46394e-15
0
0
0
0
0
4.56628e-12
5.55596e-12
-2.02221e-11
-7.94522e-16
-1.14285e-16
-4.11207e-15
-3.92024e-16
-2.34782e-14
0
0
-9.48343e-17
-1.78514e-14
-3.70104e-13
-7.27368e-13
0
0
0
0
0
0
0
0
0
0
0
0
0
0
0
0
0
0
0
-8.01611e-19
3.5144e-32
0
0
0
0
0
0
0
0
0
0
-2.91988e-12
5.70199e-13
0
0
0
0
0
-6.31892e-19
-4.65496e-18
0
0
0
0
0
0
0
0
0
0
0
0
0
0
0
0
0
0
-1.34114e-15
-1.83999e-15
0
0
5.20774e-16
-5.71335e-16
-1.82144e-17
0
0
0
0
0
0
0
0
0
0
0
0
0
0
0
-1.60657e-17
-1.12651e-15
0
0
0
0
0
0
0
0
0
0
0
0
0
0
0
-1.03696e-16
0
0
0
0
0
0
0
0
0
0
-2.44618e-12
-1.73322e-16
0
0
0
0
0
0
0
0
0
0
0
-7.2985e-13
0
3.90849e-17
-1.1645e-15
0
0
0
0
0
0
0
0
0
0
0
0
0
0
0
0
0
0
0
0
0
0
0
0
0
0
0
0
3.48523e-13
-5.80969e-13
-5.52986e-16
-2.90465e-15
0
0
0
0
0
0
0
0
0
0
0
0
-3.97472e-15
0
0
0
0
-2.1142e-11
0
0
0
0
0
0
0
0
0
0
0
0
0
0
0
0
0
0
-1.46592e-14
0
0
0
0
0
0
0
0
0
0
0
0
0
0
0
0
0
0
0
0
0
0
0
0
0
0
0
0
0
0
0
6.91338e-17
1.27028e-15
-4.37398e-17
-1.62967e-17
1.48911e-16
0
0
0
0
0
0
0
0
0
0
0
0
-1.11598e-17
4.37772e-16
2.08422e-18
2.48376e-16
-2.54629e-16
0
0
0
0
0
0
0
0
0
-2.75012e-13
0
0
0
0
0
0
0
0
0
0
-6.77451e-12
8.53838e-13
0
0
0
0
0
0
0
0
0
0
0
0
0
0
0
0
0
0
0
0
0
0
0
0
0
-1.31429e-17
8.07374e-17
0
0
0
0
0
0
0
0
0
0
1.03775e-15
8.46458e-17
0
0
0
0
0
0
0
0
0
0
0
0
0
0
0
0
0
0
0
7.71448e-13
9.74448e-13
-3.49934e-12
0
0
0
0
0
0
0
0
0
0
0
0
0
0
0
0
0
0
0
0
0
0
0
0
0
0
0
0
0
0
0
0
0
0
2.73491e-16
0
-2.30197e-16
0
0
0
0
0
0
0
0
0
0
0
0
0
0
0
0
0
0
0
0
0
0
0
0
-9.38779e-17
-5.00776e-17
0
0
0
0
0
1.63821e-16
0
0
0
0
0
0
0
0
0
0
0
0
0
0
0
-7.83724e-17
1.57619e-16
0
-3.96026e-13
-7.2108e-13
0
0
0
0
0
2.82335e-17
-2.27092e-13
0
4.61771e-16
0
0
0
0
0
0
0
3.57313e-15
8.11764e-15
8.94946e-17
0
0
4.13193e-13
-7.13428e-12
7.99639e-17
0
0
0
0
0
0
0
0
0
0
0
0
0
0
0
0
7.08683e-17
-2.37008e-12
-2.43579e-16
9.01499e-17
1.79589e-15
-3.13632e-15
0
0
0
0
-7.99962e-16
-3.65883e-16
0
0
0
0
0
0
0
0
0
0
0
0
-2.42534e-16
-7.25447e-16
0
0
0
0
0
0
0
0
0
0
0
2.36461e-15
0
-4.55768e-16
0
0
0
0
0
0
0
0
0
0
0
0
0
0
0
0
0
0
0
0
8.05527e-13
-3.61013e-12
0
0
-8.18845e-18
1.28927e-16
-1.1255e-16
0
0
0
0
0
0
0
0
0
0
0
0
-3.63342e-16
-1.24768e-15
0
0
0
0
-8.30073e-18
1.02558e-16
-1.94825e-15
2.28089e-14
-2.10686e-12
0
0
0
0
0
0
0
0
0
0
0
0
0
-1.74689e-13
-3.52986e-12
0
0
0
0
0
0
0
0
0
0
0
0
0
0
1.43201e-18
0
0
0
0
0
0
0
0
0
0
0
0
6.80181e-13
-7.26371e-14
-6.23248e-13
0
0
0
0
2.15632e-17
0
0
4.81555e-16
0
0
0
0
0
0
0
0
0
0
0
0
0
0
-2.93848e-15
-2.44458e-16
4.85652e-16
0
0
0
0
0
0
0
0
0
0
0
0
0
0
0
0
0
0
0
-6.3914e-18
-4.59242e-17
0
2.97289e-16
1.05284e-16
0
0
0
0
0
0
0
0
0
0
0
0
0
0
-1.73114e-16
1.85719e-15
0
0
0
0
0
0
-4.76381e-15
-1.00971e-14
-8.3362e-17
0
4.7654e-16
-2.77475e-14
0
0
5.1925e-16
-2.58553e-16
0
0
0
0
0
0
-1.12167e-16
1.36789e-16
0
0
0
0
0
0
0
0
0
0
0
0
0
0
0
0
0
0
-3.11632e-16
5.17012e-16
0
0
0
0
0
0
0
0
0
-1.0389e-14
3.5027e-14
0
0
0
0
0
-5.99117e-17
-4.88611e-12
0
0
0
0
0
0
0
0
0
2.03416e-17
1.00055e-15
0
0
0
0
0
0
0
0
0
0
0
1.50465e-12
-2.58645e-12
0
0
0
0
0
0
0
0
0
0
0
0
0
0
0
0
8.80523e-16
0
0
0
0
5.97551e-13
-1.88578e-12
3.40078e-13
0
0
0
0
0
0
0
0
0
0
0
0
0
0
0
0
0
0
-1.31773e-15
0
0
0
0
0
0
0
0
0
0
0
0
0
0
0
0
0
0
0
0
0
0
0
0
0
-5.23685e-12
-1.80001e-14
0
0
0
0
0
0
0
0
0
0
0
0
0
0
0
0
0
0
0
0
0
0
0
0
0
0
0
0
0
0
0
0
0
7.92057e-16
5.09866e-15
0
0
0
0
0
0
0
0
0
0
0
0
0
0
0
0
0
0
0
0
0
-6.08573e-17
8.09053e-17
0
0
0
0
0
0
0
0
0
0
0
0
0
-2.1789e-14
0
0
0
0
-7.88895e-12
0
0
0
0
0
0
0
0
0
0
0
0
0
0
0
0
0
0
0
0
0
0
0
0
0
0
0
0
0
0
0
-5.85811e-16
4.3351e-17
0
0
0
0
8.74093e-17
7.09443e-15
-1.12994e-16
0
0
0
0
0
0
0
0
0
0
0
0
0
0
0
0
0
0
0
0
0
-1.29208e-12
0
0
0
2.20917e-16
2.53697e-15
0
0
0
0
0
0
0
0
0
0
0
0
0
0
0
0
0
0
0
0
0
0
0
0
0
0
0
0
0
0
0
0
4.32399e-17
0
0
0
0
0
0
0
-1.31701e-15
0
0
-2.02447e-16
-9.36262e-13
-2.83207e-15
0
0
0
0
0
0
0
0
0
0
0
0
0
0
0
0
0
0
0
0
0
0
0
0
0
0
0
0
0
0
0
0
0
0
0
0
8.22676e-16
0
0
0
0
0
0
0
0
-4.4434e-13
0
1.88655e-16
5.52875e-15
0
0
0
0
-1.94773e-12
-8.28199e-13
-3.14172e-16
0
0
0
0
0
0
0
0
0
-4.35865e-15
0
0
0
0
0
0
0
0
0
0
0
0
0
1.28415e-14
0
0
0
0
0
-1.39933e-15
0
0
0
0
0
0
0
-5.80291e-15
0
0
0
0
0
0
0
0
0
0
-2.26893e-16
0
2.75291e-15
-1.797e-17
0
0
0
0
0
4.68679e-16
0
0
0
0
0
0
0
0
0
3.32438e-15
0
-5.42824e-16
0
0
0
0
0
0
0
0
0
0
0
0
9.74927e-17
0
0
0
0
0
0
0
0
0
0
0
0
2.99192e-16
-3.42264e-17
0
0
0
0
0
-5.98959e-12
0
0
0
0
0
0
0
0
0
0
-4.96841e-18
0
0
0
0
0
0
0
0
0
0
0
0
0
0
0
0
0
0
0
0
0
0
0
0
0
0
0
0
0
0
0
0
0
0
0
0
0
0
0
0
-1.20008e-15
0
-5.72763e-16
0
0
0
0
0
0
0
0
0
0
2.39861e-16
0
0
0
0
0
0
-1.50629e-15
6.60782e-16
0
-2.95634e-17
-3.78489e-16
-1.79726e-12
-2.76213e-16
-9.44601e-13
-3.8903e-16
0
0
0
0
0
0
0
0
0
-3.41298e-12
-1.97869e-15
0
7.25279e-17
0
0
-1.70368e-18
0
1.18497e-17
0
0
-7.17068e-16
0
0
0
0
0
0
0
0
0
0
0
-2.84014e-12
5.2697e-13
0
0
0
0
-5.35861e-17
0
0
0
0
0
0
0
0
0
0
-4.25958e-16
-6.05217e-16
-1.73373e-12
0
-7.38366e-13
0
-4.70836e-13
0
0
0
0
0
0
0
0
0
0
0
0
0
0
0
0
0
0
0
0
0
0
0
0
0
0
0
0
-4.11783e-16
1.19618e-14
-1.28268e-15
0
0
0
0
0
0
0
0
0
0
0
-5.04403e-17
-3.38001e-15
0
0
-1.09865e-15
-8.45133e-16
0
0
0
0
0
0
0
0
0
0
0
0
0
0
0
0
0
0
0
0
0
0
0
0
0
0
0
0
0
0
0
0
0
0
0
0
0
0
0
0
0
0
0
0
0
0
0
0
0
1.67831e-17
-1.21634e-17
0
0
0
0
0
0
0
0
0
0
0
0
0
0
0
0
-1.88618e-16
-3.09945e-16
0
0
0
-1.83854e-16
-9.51026e-16
0
0
0
0
0
0
0
0
0
7.8494e-15
0
0
0
0
0
0
0
0
0
0
0
0
0
0
0
0
3.63748e-15
-2.81329e-16
0
0
0
0
1.81363e-16
-4.95505e-16
0
0
0
0
0
0
0
0
0
0
5.12444e-15
-2.67618e-12
0
0
0
1.95985e-16
0
0
0
-2.77492e-12
0
0
0
0
0
0
0
0
0
0
0
0
0
0
0
0
-1.79273e-16
3.61075e-15
0
0
0
0
0
5.10814e-17
0
-4.85348e-13
-8.27296e-13
0
0
0
0
0
0
0
0
0
0
0
0
0
0
0
0
0
0
0
6.05027e-17
0
0
0
1.59329e-17
0
0
0
0
0
0
0
0
0
0
0
0
0
0
0
0
0
0
1.75047e-15
8.12548e-17
0
0
0
0
0
0
0
0
0
0
0
0
0
0
0
0
0
0
0
0
-6.33404e-13
0
0
0
0
0
0
0
0
0
0
0
-1.52399e-17
-1.25248e-15
0
0
2.26311e-15
0
0
0
1.44002e-16
0
0
0
-1.03057e-18
-3.35038e-18
0
0
0
6.35275e-17
-1.53348e-16
0
0
0
0
-1.03187e-16
-3.53858e-18
0
0
0
0
0
-1.36954e-16
0
0
0
0
0
0
0
0
0
0
0
0
0
0
0
0
0
0
0
0
0
0
1.68986e-16
-2.48617e-16
0
0
0
0
0
8.63501e-15
0
0
0
0
0
0
0
0
2.26818e-16
4.4644e-17
0
0
0
0
0
0
0
0
0
0
0
0
0
0
0
0
0
4.61729e-16
0
0
0
0
0
0
0
0
0
0
1.88244e-16
0
0
0
0
0
0
0
0
0
0
0
0
0
0
0
0
-8.22047e-15
1.17503e-16
0
0
0
0
0
0
0
0
0
0
0
0
0
0
0
0
0
3.9699e-18
0
6.18461e-19
0
0
0
0
0
6.76303e-18
0
0
0
0
0
0
0
0
0
0
0
0
0
0
0
0
0
0
0
0
1.70148e-15
-1.0434e-15
8.93642e-17
-4.47228e-30
0
0
0
0
0
0
0
0
0
0
0
0
0
-8.26253e-13
0
-6.41844e-16
0
0
0
0
0
0
0
0
0
0
0
0
0
0
0
0
0
0
0
0
0
9.50489e-18
-7.62485e-17
0
0
0
2.88758e-18
-7.89129e-17
0
0
0
0
0
0
0
0
0
0
-4.76894e-16
3.3295e-15
0
0
0
0
0
0
0
0
0
0
1.30204e-15
-7.56643e-16
-4.47749e-17
1.33581e-16
0
0
0
0
0
0
0
0
0
0
0
0
0
0
-1.18785e-16
6.0848e-16
6.93439e-16
0
0
0
0
0
0
0
0
0
0
0
0
6.72902e-18
0
-1.06767e-15
-1.1514e-17
2.5922e-16
0
0
0
0
0
0
0
0
0
0
0
0
0
0
0
0
0
0
0
0
0
0
0
0
1.56984e-15
8.34339e-17
0
0
0
0
0
0
0
0
0
0
-2.75368e-17
0
0
0
0
0
1.05312e-15
5.97035e-16
0
0
0
0
0
0
0
0
0
0
0
-8.59826e-16
-3.95889e-16
0
0
0
3.90543e-13
-1.42354e-12
0
0
0
0
0
0
0
0
8.79021e-17
0
0
0
0
0
0
0
0
0
0
0
0
0
0
0
0
0
0
1.28369e-15
-6.97957e-16
0
0
0
0
0
0
0
0
0
0
0
0
0
0
0
0
0
2.0829e-17
0
0
0
0
0
0
0
0
0
-8.44347e-16
5.01949e-19
0
0
0
0
0
0
0
0
0
0
0
0
0
0
0
0
0
0
0
0
0
0
0
0
0
0
0
0
-2.84608e-08
8.3369e-14
7.83313e-08
0
0
0
0
0
0
0
0
0
-1.35083e-16
1.02879e-16
0
0
-3.21691e-15
-4.0852e-15
0
0
0
-5.6053e-17
0
0
0
0
0
0
0
0
0
0
0
0
0
0
0
0
0
0
0
0
-1.08584e-15
0
8.14639e-16
-2.1379e-17
-1.65875e-15
0
0
0
0
0
0
0
6.76434e-17
-4.59595e-19
0
0
0
0
0
0
0
0
0
0
0
0
0
0
0
0
0
0
0
-5.80588e-17
0
0
0
0
0
0
0
0
0
0
0
0
0
0
0
0
0
0
0
0
0
0
0
0
0
-6.51989e-17
2.06801e-17
0
0
0
0
0
-1.52785e-14
0
1.05243e-14
0
0
0
0
0
0
0
0
0
0
0
0
0
0
0
0
0
0
1.29139e-16
-1.1148e-30
0
0
0
0
0
0
0
0
0
0
0
0
0
0
0
0
0
0
0
0
0
0
0
0
0
0
0
0
0
0
0
-7.35397e-16
0
0
0
0
0
0
0
-8.23511e-16
-7.89969e-18
5.16476e-18
-8.41873e-17
9.52235e-16
4.28739e-18
0
0
0
0
0
0
0
0
0
4.46445e-16
0
0
0
0
0
0
0
6.44487e-15
1.67125e-17
0
0
0
0
0
0
7.97747e-16
0
0
0
0
0
0
0
0
0
0
0
0
0
0
0
0
0
0
0
0
4.60672e-15
7.60752e-15
0
0
0
0
0
0
0
0
0
0
0
0
-8.52685e-16
0
0
0
0
0
0
0
0
-1.90641e-15
0
0
0
0
0
0
-4.68678e-17
0
-2.4108e-15
2.56964e-16
0
0
0
0
0
0
0
0
0
0
0
0
0
0
0
-4.20353e-16
0
0
0
0
0
0
-2.19189e-17
-1.99545e-15
2.14388e-16
0
0
0
0
0
1.09699e-15
0
-1.73028e-17
0
0
0
0
0
0
0
0
0
0
0
4.46844e-16
1.66023e-15
0
0
-2.11822e-15
0
0
0
0
5.53541e-16
0
0
0
0
1.65051e-15
0
0
0
0
0
0
0
0
0
0
0
0
0
0
0
0
0
0
0
0
0
0
0
0
1.1726e-18
0
0
-3.80936e-15
-4.25049e-15
0
0
-3.29781e-12
0
0
0
0
0
0
0
0
0
0
4.48241e-08
1.99782e-12
0
0
0
0
0
0
0
0
0
0
5.31458e-15
0
0
0
0
0
0
0
0
0
0
0
1.82991e-19
1.54733e-15
0
0
0
0
0
-4.22455e-13
3.99814e-16
-1.08369e-13
0
0
0
0
0
0
0
0
0
0
0
0
0
0
0
0
0
3.72935e-16
2.18049e-16
0
0
0
0
0
0
-4.39236e-16
0
-7.9147e-16
0
0
0
0
0
0
0
0
0
0
0
0
0
0
0
0
0
0
0
-7.30056e-16
0
0
0
0
0
0
0
0
0
0
0
0
0
0
0
0
0
1.61687e-15
-3.03403e-17
-6.02278e-17
0
0
0
0
0
0
7.99929e-13
-2.33307e-12
0
0
0
0
0
0
0
4.66673e-16
-1.12022e-15
1.73222e-15
0
0
0
0
0
0
0
0
0
0
0
0
0
0
0
0
-6.65891e-16
0
3.77138e-18
0
0
0
0
0
0
0
0
0
0
0
1.8159e-15
1.87033e-15
0
0
0
0
0
0
0
0
0
0
-6.79822e-16
0
0
0
0
0
0
0
0
0
0
0
0
0
0
-4.38604e-12
0
0
-8.84077e-17
0
0
0
0
0
0
0
0
0
0
0
0
0
0
0
-1.31953e-16
-1.99198e-16
-1.89037e-15
0
0
1.74593e-15
0
-6.0692e-17
0
1.10312e-15
0
0
0
-2.19552e-12
0
0
0
0
0
4.04323e-16
6.55338e-16
0
0
0
0
0
0
0
0
0
0
0
0
0
0
0
0
-9.89008e-16
0
0
0
0
0
0
0
0
8.92804e-17
0
-5.22809e-16
0
0
0
0
0
0
0
0
0
0
0
0
0
-6.71337e-15
0
0
0
0
0
0
0
0
0
0
0
0
1.26352e-16
-1.00991e-12
0
2.12402e-16
0
0
0
0
0
0
0
0
0
0
0
0
0
0
0
0
0
0
0
0
0
0
3.10066e-18
7.49422e-17
0
-8.71941e-16
0
0
0
0
0
0
0
0
0
0
0
0
-5.86432e-13
0
0
0
0
0
0
0
0
0
0
0
-1.35546e-16
0
0
0
0
0
0
0
0
0
0
0
0
0
0
0
0
0
0
0
0
0
0
9.22025e-18
0
0
0
0
5.0296e-16
1.23538e-14
0
0
0
0
-2.69755e-16
-3.2518e-17
6.47245e-16
0
-1.07865e-15
3.01282e-16
0
0
0
0
0
0
0
0
0
0
0
0
0
0
0
0
0
0
0
0
1.04713e-15
1.00085e-14
0
0
0
0
0
0
0
0
0
8.5475e-16
0
0
0
0
0
0
0
0
0
0
0
0
0
0
0
0
0
0
0
0
0
0
0
0
0
0
0
0
0
0
0
0
0
0
0
0
0
0
0
0
0
4.45401e-16
0
0
1.8246e-16
0
0
0
0
0
0
0
1.19372e-12
-4.02735e-12
8.21238e-13
0
0
0
0
0
0
0
0
0
0
0
0
0
0
0
0
0
0
0
0
0
0
0
0
0
0
0
0
-1.50679e-17
4.62091e-17
0
0
0
0
0
1.75724e-15
-1.31382e-15
0
0
0
0
0
0
0
0
0
0
0
0
0
0
0
0
0
0
0
0
0
0
0
9.93298e-17
0
0
0
0
0
0
0
0
0
0
0
0
0
0
0
0
0
0
0
0
0
0
0
0
-5.27419e-16
0
0
0
4.40176e-15
-9.67855e-15
0
5.20054e-09
2.82437e-12
0
0
0
0
0
0
0
0
0
0
0
0
0
0
0
0
0
0
5.33408e-17
-4.74325e-17
-1.20615e-14
0
0
0
0
0
-3.60877e-15
1.81504e-17
0
0
0
0
0
0
0
0
0
6.88725e-16
0
0
0
0
0
0
0
0
7.93848e-15
0
0
0
0
0
0
0
0
0
0
0
0
0
0
0
0
0
0
0
0
0
0
0
0
-4.26102e-17
2.5465e-16
0
0
0
0
0
1.7382e-15
0
0
5.55765e-31
0
0
0
0
0
0
0
0
0
0
0
6.99476e-16
0
0
0
0
-2.19379e-17
0
0
0
0
0
0
0
0
0
0
0
0
2.58461e-15
0
0
0
0
0
-1.99318e-17
8.03047e-17
0
0
0
0
0
0
0
0
0
0
0
0
0
0
1.19782e-16
0
0
0
0
7.55033e-17
-2.26377e-15
-5.02283e-17
0
0
0
0
-2.97804e-15
2.24921e-30
0
0
0
1.81384e-14
0
0
0
0
0
0
0
0
0
0
0
0
0
0
0
0
0
0
0
0
0
0
0
0
0
0
0
0
0
0
0
0
0
0
0
0
0
0
0
0
-2.36561e-15
0
0
0
0
0
0
0
0
0
0
0
0
0
0
0
0
0
0
0
0
0
0
0
0
0
8.58896e-18
0
0
0
3.12198e-17
-9.6699e-17
0
0
0
0
0
0
0
0
0
0
0
0
0
0
0
0
0
0
1.68037e-30
0
0
0
3.2752e-15
0
-3.22093e-16
0
0
0
0
0
0
0
0
0
0
0
0
0
0
0
0
0
-1.26747e-17
0
0
0
0
0
0
0
0
0
0
0
0
0
0
0
0
0
0
0
2.61288e-16
0
0
0
0
0
-2.26856e-16
-1.62833e-17
-2.69538e-17
0
0
0
1.62894e-15
3.97019e-16
0
0
0
0
0
0
0
0
0
0
0
0
0
0
0
0
0
0
0
0
0
0
0
0
0
0
0
0
0
0
0
0
0
0
0
8.10118e-17
0
0
0
0
0
0
3.09291e-15
0
1.11677e-15
-2.73094e-15
0
0
0
0
0
0
0
0
0
0
0
0
0
0
0
0
0
0
0
0
0
0
0
0
0
-1.04887e-15
8.32801e-17
0
0
0
0
0
0
-8.20666e-16
-3.64357e-16
0
0
0
0
0
0
0
0
0
0
0
0
0
0
0
0
0
1.53372e-15
0
-7.77222e-15
0
-1.5435e-15
-4.7789e-15
0
0
0
0
0
0
0
0
1.69921e-15
0
1.70067e-15
0
0
-7.74331e-17
0
1.88897e-15
0
0
0
0
0
0
0
0
-1.89605e-16
-9.16479e-17
0
0
0
0
0
0
0
0
0
0
0
0
0
0
0
0
0
0
0
0
0
0
0
0
0
0
0
0
0
0
0
0
0
0
0
0
1.57842e-15
0
0
0
0
0
0
0
0
0
0
0
0
0
0
0
0
0
2.74613e-31
0
0
0
0
0
0
0
0
0
0
0
0
0
0
0
0
0
0
0
0
-8.78763e-30
1.58138e-14
0
0
0
0
0
0
0
0
0
0
0
0
0
0
0
0
0
0
-6.02685e-16
-5.06025e-16
0
0
0
0
0
0
0
0
0
0
0
0
0
0
0
0
0
0
0
0
2.27081e-15
0
0
0
0
0
0
0
0
0
0
0
0
0
0
0
0
0
-7.94714e-16
0
0
0
0
0
3.64302e-17
1.09121e-16
0
0
0
0
0
0
0
0
0
0
0
0
0
0
0
0
0
0
0
0
0
0
0
0
0
0
0
0
0
0
0
0
0
0
0
0
0
0
0
0
0
0
0
0
0
5.26937e-15
0
0
0
0
0
0
0
0
0
0
0
0
0
0
0
0
1.73787e-16
-1.96646e-16
0
0
9.85803e-15
0
0
0
0
0
0
0
0
0
0
0
0
0
0
0
0
0
0
0
0
0
0
0
0
0
-7.42132e-15
0
3.69159e-15
0
0
0
0
0
-1.19805e-14
0
0
0
2.68184e-16
0
0
4.10158e-16
-2.24859e-15
0
0
0
0
0
0
0
0
0
0
0
0
0
0
0
0
0
0
0
0
0
0
0
0
0
0
-1.0395e-15
0
0
0
0
0
0
0
0
0
0
0
0
0
0
0
0
0
0
0
0
0
3.72539e-16
1.32431e-17
0
0
0
0
0
0
0
0
0
0
0
0
0
0
0
0
0
0
0
0
0
0
0
0
0
0
0
0
0
0
0
0
0
0
0
0
0
0
0
0
0
0
0
0
0
0
0
0
0
0
0
0
0
0
0
0
0
0
0
0
0
0
0
1.72534e-15
-8.56066e-16
8.90089e-17
0
0
0
0
0
0
0
0
0
0
0
0
0
0
0
0
0
0
0
-4.95558e-16
0
0
0
0
0
0
0
0
0
0
0
0
0
0
0
0
0
0
0
0
0
0
0
0
0
0
0
0
0
0
0
0
0
0
0
0
0
0
-7.204e-17
0
0
0
0
0
0
0
0
0
0
0
0
0
0
8.50045e-15
7.79618e-15
0
0
0
0
0
0
0
0
0
0
0
0
0
0
0
0
2.64148e-15
-3.48203e-18
0
0
0
0
0
0
0
0
0
0
0
0
0
0
0
0
0
-3.88495e-18
-7.09743e-16
0
0
0
0
0
0
-1.81469e-17
0
1.67069e-16
0
0
0
0
0
0
0
0
0
0
6.62157e-18
0
0
0
0
0
0
0
0
0
0
0
0
0
0
0
0
0
0
0
0
0
0
0
0
0
0
0
0
0
0
0
0
0
0
0
0
0
0
0
7.26808e-17
2.86965e-17
8.5354e-17
-2.62377e-17
0
1.72245e-17
0
0
0
0
0
0
0
0
0
0
0
-7.82844e-18
0
0
0
0
0
0
0
0
0
0
0
0
0
0
0
0
0
0
0
0
0
0
0
0
0
0
0
0
0
0
0
0
0
0
0
0
0
1.45245e-16
2.80182e-17
0
0
0
0
0
0
0
0
0
0
0
0
0
0
0
0
0
0
0
0
0
9.48059e-17
0
0
0
0
0
0
0
0
0
0
0
0
0
0
0
0
0
0
0
0
0
0
0
0
0
0
0
0
0
0
0
0
0
0
0
0
0
0
0
0
0
0
0
0
0
0
0
0
0
0
0
0
0
0
0
0
0
0
0
0
0
0
0
0
0
0
0
0
0
0
0
0
0
0
0
0
0
0
0
0
0
0
0
0
0
1.10774e-14
5.44868e-16
0
0
0
0
0
0
0
0
0
-1.43837e-16
0
0
0
0
0
0
0
0
0
0
0
0
0
0
0
0
0
0
0
0
0
0
0
0
0
0
0
0
0
0
0
0
0
0
0
0
0
0
0
0
0
0
0
1.15328e-14
2.06881e-15
0
0
0
0
-4.49459e-16
-6.48341e-16
0
0
0
0
0
0
0
0
0
0
0
0
0
0
0
0
0
0
-2.64563e-16
4.42028e-17
4.37235e-16
0
2.37206e-15
-2.6781e-16
0
0
0
0
0
0
0
0
0
0
0
0
0
0
0
0
0
0
0
0
0
0
0
0
0
0
0
0
0
0
0
0
0
0
0
0
-3.61003e-16
1.03135e-15
0
0
0
1.02162e-16
1.12804e-15
0
0
-3.28909e-15
6.37022e-17
0
0
0
0
0
0
0
0
0
0
0
0
0
0
0
0
0
0
0
0
2.00556e-16
-2.91331e-16
0
0
0
0
0
0
0
0
0
0
0
0
0
0
0
0
0
0
0
0
0
0
0
0
0
0
0
0
0
0
0
0
0
0
0
1.15827e-12
-2.86196e-08
0
0
0
0
0
0
0
0
0
0
0
0
0
0
0
0
0
0
0
0
0
3.66826e-16
2.71345e-16
0
0
0
0
0
0
0
0
0
0
0
0
0
0
0
0
0
0
0
0
0
0
0
0
0
0
0
0
0
0
0
0
0
0
0
0
0
0
0
0
0
0
0
0
0
0
0
0
0
0
0
0
0
0
0
0
0
0
0
0
0
0
0
0
0
0
0
0
0
0
0
0
2.37193e-16
-9.16949e-16
0
0
0
4.30525e-18
0
0
0
0
-1.6331e-17
2.50669e-16
0
0
0
0
0
0
0
0
0
0
0
0
0
0
0
0
0
0
0
0
-5.73174e-17
0
0
0
0
0
0
0
0
0
0
0
0
0
0
0
0
0
0
0
0
0
0
0
0
0
0
0
0
0
0
0
0
0
0
1.95892e-17
-2.56762e-17
-4.3109e-15
0
0
0
0
0
0
0
0
0
0
0
0
0
0
0
0
0
0
0
0
0
0
0
0
0
0
0
0
0
-1.50481e-16
0
0
0
0
0
0
0
0
0
0
0
0
0
0
0
0
0
-2.44221e-18
0
0
0
0
0
0
0
0
0
0
0
3.98167e-18
-3.42058e-17
0
0
0
0
0
0
-4.51895e-17
0
0
-2.54415e-15
0
0
0
0
0
0
0
0
0
0
0
0
0
0
0
0
0
2.74203e-17
0
0
0
0
0
0
0
0
0
0
0
0
0
0
0
0
0
0
-7.44764e-16
0
0
0
0
0
0
0
0
0
0
0
0
0
0
0
0
0
0
0
0
0
0
2.49685e-17
1.53928e-16
0
0
0
0
0
-1.72179e-13
0
0
0
0
0
0
0
0
0
-5.58407e-16
0
0
0
0
0
0
0
0
0
0
0
0
0
0
0
0
0
0
0
0
0
0
0
0
0
0
0
0
0
0
0
0
0
0
0
0
0
0
0
0
0
0
0
0
0
0
0
0
0
0
3.77514e-16
-4.08651e-34
0
0
0
0
0
0
0
0
0
0
0
0
0
0
0
0
0
0
0
0
0
0
2.66257e-15
-6.35142e-16
0
0
0
0
0
0
0
0
0
0
0
0
0
0
0
0
0
0
0
0
0
0
0
0
0
0
-1.93258e-18
0
-5.05496e-18
0
0
0
0
0
0
0
0
0
0
0
0
9.84967e-17
0
-7.30632e-18
1.73188e-18
0
0
0
0
0
0
0
0
0
0
0
0
0
0
0
0
0
1.31767e-17
1.58032e-18
0
0
5.21023e-16
-1.26905e-15
0
0
0
0
0
0
0
-4.29068e-15
0
0
0
0
0
0
0
0
0
0
0
0
0
0
0
0
0
0
0
0
0
0
0
0
0
0
0
0
0
0
0
0
0
0
0
0
0
0
0
0
0
0
0
0
0
0
0
0
0
0
0
0
0
0
0
0
0
0
0
0
0
0
0
0
0
0
0
0
0
0
0
0
0
0
0
0
0
0
0
0
0
0
0
0
0
0
0
0
0
0
0
0
0
0
0
0
0
0
0
0
0
0
0
0
0
0
0
0
-8.5217e-16
-1.40482e-16
0
0
0
0
0
0
0
0
0
0
0
0
0
0
0
-1.37995e-16
4.9464e-17
0
0
0
0
0
0
-5.36595e-15
-8.55859e-17
0
0
0
0
0
0
3.46859e-17
0
-3.68597e-15
0
0
0
-2.31886e-16
0
0
0
0
0
0
0
0
0
0
0
0
0
0
0
0
0
0
0
0
0
0
0
0
0
0
0
0
2.48878e-15
0
0
0
0
0
0
0
0
1.06759e-16
0
0
0
0
0
0
0
0
0
0
0
0
0
0
0
0
0
0
0
0
0
0
0
0
4.00794e-16
-8.02043e-18
0
0
0
-7.29218e-17
0
0
0
0
0
0
0
0
0
0
0
0
0
0
0
0
0
0
0
0
0
0
0
0
0
0
0
0
0
0
0
0
0
0
0
0
0
0
0
0
0
0
0
0
0
0
0
0
0
0
0
2.48425e-16
0
0
0
0
0
0
0
0
0
0
0
-1.39452e-16
0
0
0
0
0
0
0
0
0
0
0
0
0
0
0
0
0
0
0
0
0
1.85147e-16
9.41686e-17
0
0
0
0
0
0
0
0
-1.33565e-14
0
0
0
0
0
0
0
0
0
0
0
0
0
0
0
0
0
0
0
0
0
0
0
0
0
0
0
8.20434e-16
-1.6578e-15
0
0
0
0
0
0
0
0
8.00858e-17
-1.04105e-16
-2.57658e-18
0
0
0
0
0
0
0
0
0
0
0
2.89542e-15
0
0
0
0
0
0
0
4.21978e-17
9.99165e-17
0
0
0
0
0
0
0
0
0
0
0
0
0
0
0
0
0
0
0
0
0
0
0
0
0
0
0
0
0
0
0
0
0
0
0
0
0
0
0
0
-1.69203e-16
2.45095e-16
0
0
1.32301e-14
0
0
0
0
0
0
0
0
0
0
0
0
0
0
0
0
0
0
0
0
0
0
0
0
0
0
0
0
0
0
0
0
2.36484e-15
1.20136e-15
0
0
0
0
0
0
0
0
0
0
0
0
0
0
0
0
0
0
0
0
0
0
0
0
0
0
0
0
0
0
0
0
0
0
0
0
0
0
0
0
0
0
0
0
0
0
0
0
0
0
0
0
0
0
0
0
0
-2.59141e-16
0
0
0
0
0
0
0
0
0
0
0
0
-4.27561e-14
1.14819e-15
0
0
0
0
0
0
2.24744e-14
0
0
0
0
0
0
8.75224e-17
0
0
0
0
0
0
0
0
0
0
0
0
0
0
0
0
0
0
0
0
0
3.86139e-18
-1.66684e-16
0
0
0
0
-6.90347e-16
-9.98568e-17
0
0
0
0
0
0
0
0
0
0
0
0
0
0
0
0
0
0
0
0
0
0
0
0
0
0
0
0
0
0
0
0
0
0
0
0
7.17976e-19
0
0
0
0
0
0
0
0
0
0
0
0
0
0
0
0
0
0
0
0
0
0
0
0
0
3.14681e-15
0
0
0
0
0
0
0
0
0
0
0
0
0
0
0
0
0
0
0
0
0
0
0
0
0
0
0
0
0
0
0
0
-7.29084e-16
-8.95407e-18
0
4.11461e-16
0
0
-9.38444e-17
0
0
0
-3.70072e-15
0
0
0
0
-7.98957e-14
-1.71396e-11
0
0
0
0
0
0
0
0
0
0
0
0
0
0
0
0
0
0
0
0
0
0
0
0
0
0
0
0
0
0
0
0
0
0
0
0
0
0
0
5.90511e-16
6.24923e-15
0
-9.91639e-16
-2.29474e-12
-7.08547e-12
0
0
0
0
0
0
0
0
0
0
0
0
0
0
0
0
0
0
0
0
0
0
0
-2.41931e-18
0
0
0
0
0
0
0
0
0
0
0
0
0
0
0
0
0
0
0
0
0
0
7.13928e-17
0
0
-2.44578e-16
0
0
0
0
0
0
0
0
0
0
1.98551e-17
-3.19007e-16
0
0
0
0
0
0
0
0
0
0
0
0
0
0
0
0
0
-1.98349e-17
0
0
0
0
0
0
0
0
0
-1.63446e-15
6.68242e-17
0
0
0
0
0
0
0
0
0
0
0
0
0
0
0
7.6634e-16
-6.39939e-16
0
0
0
0
0
0
0
0
0
0
0
0
0
0
0
0
0
0
0
0
0
0
0
0
0
0
0
0
0
6.72394e-15
0
0
0
0
0
0
0
0
2.78781e-16
0
-4.77933e-16
1.77452e-15
1.09685e-16
0
0
0
0
0
0
4.48314e-15
0
-4.54458e-15
1.37936e-15
-1.05373e-15
0
0
0
0
0
0
0
0
0
0
0
0
0
0
0
0
0
0
0
0
0
0
0
2.40645e-16
0
0
0
0
0
0
0
0
0
0
0
7.12815e-17
0
0
0
0
0
0
0
0
-3.0318e-15
0
0
0
0
0
0
0
0
0
0
0
0
0
0
0
0
0
0
0
0
0
0
0
0
0
0
0
0
0
0
0
0
0
-4.60142e-12
0
0
0
0
0
0
0
0
0
0
0
-1.976e-16
5.50809e-17
0
0
0
0
0
0
0
0
0
0
0
0
0
0
0
0
0
0
0
5.0176e-17
0
-4.53862e-15
0
0
0
0
0
0
0
0
0
0
0
0
0
0
0
0
0
0
-9.48063e-13
0
-5.53529e-13
7.42648e-16
0
-5.38683e-17
0
0
0
0
0
4.07747e-16
0
0
0
0
0
0
0
0
0
0
0
0
0
0
0
0
0
0
0
0
0
0
0
0
0
0
0
0
0
0
0
0
0
0
0
1.36784e-15
2.2914e-16
0
-5.44422e-16
1.23821e-15
-4.38145e-16
0
0
0
0
0
0
0
0
0
0
0
0
0
0
0
0
0
0
0
0
0
0
0
0
0
0
0
0
0
0
0
0
0
0
0
0
0
0
0
0
0
0
-1.42902e-15
0
0
4.80016e-15
0
0
0
0
0
0
-3.87528e-17
-2.4986e-15
0
2.4986e-15
0
-1.08812e-17
0
0
0
0
0
5.15043e-15
0
0
0
0
0
0
0
0
0
1.95547e-16
0
0
0
0
0
0
0
0
0
0
0
0
0
0
0
0
0
0
0
0
0
0
0
0
0
0
0
0
0
0
0
0
0
0
0
0
0
0
0
0
0
0
0
0
0
0
0
0
0
0
0
0
0
0
0
0
0
1.13267e-16
0
0
0
0
0
0
0
0
0
0
0
0
0
0
0
0
0
0
0
0
0
0
0
6.3033e-15
0
0
0
0
0
0
0
0
0
0
0
0
0
0
0
0
0
0
0
0
-1.20527e-14
0
0
0
-4.55074e-30
8.36917e-31
6.05781e-17
0
0
0
0
0
0
0
2.20904e-12
0
0
0
0
0
0
0
0
0
0
0
0
0
0
0
0
0
0
0
0
0
0
0
0
0
0
0
0
2.30152e-30
-1.68231e-15
0
0
0
0
0
0
0
0
0
0
0
0
0
0
0
0
1.51104e-15
1.76387e-15
4.21717e-14
0
0
-1.13209e-17
0
0
0
0
0
-5.04003e-17
0
0
0
0
0
0
0
0
0
0
-1.07063e-16
3.56957e-17
0
0
0
0
0
0
0
0
0
0
0
0
0
0
0
0
0
0
0
0
0
0
0
0
0
0
0
0
0
0
0
0
0
0
0
0
0
-8.10118e-17
2.47161e-18
0
0
-1.03051e-15
0
0
0
0
0
0
0
0
0
0
0
0
0
0
0
0
0
0
0
0
0
0
3.54247e-16
0
0
0
0
-1.62454e-14
0
0
0
0
0
0
0
0
0
0
0
0
0
0
0
0
0
0
0
0
0
0
0
0
0
0
0
0
-1.30398e-14
0
0
0
0
0
0
0
0
0
0
0
0
0
0
0
0
0
0
0
0
0
0
-2.08892e-15
-1.17037e-14
0
0
0
0
0
0
0
0
0
0
0
0
0
0
0
0
0
0
0
0
0
0
0
0
0
0
0
0
0
0
0
-1.85492e-16
0
0
0
0
2.95778e-17
0
0
0
0
0
0
0
0
0
-4.54751e-16
0
0
0
1.8332e-15
0
0
0
0
0
0
0
0
0
0
0
0
0
0
0
0
0
0
0
0
0
0
0
0
0
0
0
0
0
0
0
0
0
0
0
0
-8.89225e-30
0
0
0
0
0
0
0
3.19591e-15
0
0
0
0
0
0
0
0
0
0
0
0
0
0
0
0
0
0
0
0
0
0
0
0
0
0
0
0
7.55143e-16
6.45809e-16
0
0
0
2.3516e-14
0
0
0
0
0
0
0
-4.89684e-16
0
0
0
0
0
0
0
0
0
0
0
0
0
0
0
0
0
0
0
0
0
0
0
0
0
0
0
0
0
0
0
0
0
0
0
0
0
0
0
0
0
0
0
0
0
0
0
0
0
0
0
0
0
0
0
0
0
0
0
0
0
0
0
0
0
0
0
0
0
0
0
0
0
2.33222e-15
-8.57169e-17
0
0
0
0
0
0
0
0
0
0
0
0
0
0
0
0
0
0
0
0
0
0
0
0
0
-1.04823e-15
0
3.93545e-15
0
0
0
9.72026e-16
-3.33173e-15
0
0
0
0
0
0
0
0
0
0
0
0
0
0
0
0
0
0
0
0
0
0
0
0
0
0
0
-6.4964e-16
1.12219e-17
0
0
0
0
0
0
0
0
0
0
0
0
0
0
0
0
0
0
0
0
0
0
0
4.41051e-15
0
0
0
0
0
0
0
0
0
0
0
0
0
0
0
0
0
0
0
0
0
0
0
0
0
0
0
0
0
0
0
0
0
0
0
0
0
0
0
0
0
0
0
0
0
0
0
0
0
0
0
-6.45976e-17
0
0
0
0
0
0
0
0
0
0
0
0
0
0
0
0
0
0
0
0
0
0
0
0
0
0
0
0
0
0
0
-7.69814e-15
0
0
0
0
0
0
0
0
0
0
0
0
0
-2.35342e-16
0
0
0
0
0
0
0
5.145e-16
0
0
0
0
0
0
0
0
0
0
0
0
0
0
0
0
0
0
0
0
0
0
0
0
3.3599e-16
-5.75597e-16
0
0
0
0
0
0
0
0
0
0
0
0
0
0
0
0
0
0
0
0
0
0
0
0
0
0
0
-1.17444e-15
0
0
0
0
0
0
0
0
0
0
0
0
0
0
0
0
0
0
0
0
0
0
0
0
0
0
0
0
0
0
0
0
0
0
0
0
0
0
0
0
0
0
0
0
0
0
0
0
0
0
0
0
0
0
0
0
0
0
-2.78786e-17
-2.89072e-17
0
0
0
0
0
-9.99326e-16
0
0
0
0
0
0
0
0
0
0
0
0
0
0
0
0
0
0
0
0
0
0
0
0
0
0
0
0
0
0
0
0
-3.4668e-16
2.02448e-16
0
0
0
0
0
0
0
0
0
0
4.54147e-18
0
0
0
0
0
0
0
0
0
0
0
0
0
0
0
0
0
0
0
7.18038e-16
-8.75041e-16
0
0
0
0
0
0
0
0
0
0
0
0
0
0
0
0
0
0
0
0
0
0
0
0
0
0
0
0
0
0
0
0
0
0
0
0
0
0
0
0
-5.7479e-15
5.91973e-18
-9.90818e-18
0
0
0
0
0
0
0
0
0
0
0
0
0
0
0
0
0
0
0
0
0
0
0
0
0
0
0
0
0
0
0
0
0
0
0
0
0
0
6.35338e-18
-8.74688e-16
0
0
0
0
0
0
0
0
0
0
0
0
0
0
0
0
0
0
0
0
0
0
0
0
0
0
0
0
0
0
0
0
0
0
0
0
0
0
0
0
0
0
0
0
0
0
0
0
0
0
0
0
0
0
0
0
0
0
0
0
0
0
0
0
0
0
0
0
0
0
0
0
0
0
0
0
-7.81617e-18
0
0
0
0
0
0
0
0
0
0
0
0
0
0
0
0
0
0
0
0
0
0
0
0
0
0
0
0
0
0
0
0
0
0
0
0
0
0
0
0
0
0
0
0
0
-3.72923e-16
0
0
0
0
0
0
0
0
0
0
0
0
0
0
0
0
0
0
0
0
5.72523e-17
-5.08188e-16
0
0
0
0
0
0
0
-2.07667e-15
7.79907e-15
0
0
0
0
8.75092e-16
0
0
0
0
0
0
0
0
0
0
0
0
0
0
0
0
0
0
0
0
0
0
0
0
0
-1.01872e-15
0
0
1.40085e-16
0
0
0
0
0
0
0
0
0
0
0
0
0
0
0
0
0
0
0
0
0
0
0
0
0
0
0
0
0
0
0
0
0
-2.51182e-16
6.7847e-16
0
0
0
0
0
0
0
0
0
0
0
0
0
0
0
0
0
0
0
0
0
0
0
0
0
0
0
0
0
-6.24472e-14
0
0
0
0
0
0
0
0
0
0
0
0
0
0
0
0
0
0
0
0
0
0
0
0
0
0
0
0
0
0
0
0
0
0
0
0
0
0
0
0
0
0
0
-3.03842e-16
9.05782e-15
0
0
0
0
0
0
0
0
0
0
0
0
0
-3.03368e-14
8.41261e-16
0
0
0
0
0
0
6.31195e-13
-1.88579e-12
1.2882e-16
4.4196e-17
-2.94574e-15
0
0
0
0
0
0
0
0
0
0
0
0
0
0
0
-2.63545e-17
0
0
0
0
0
0
0
-2.3801e-17
0
0
-5.24578e-17
0
0
0
0
0
0
0
0
0
0
0
0
0
0
0
0
0
0
0
0
0
0
0
0
0
0
0
-4.60006e-17
-5.45096e-16
0
0
0
0
0
0
0
0
0
0
0
0
0
0
0
0
0
0
0
0
0
0
0
0
0
0
0
0
0
0
0
0
0
0
0
0
0
1.35366e-15
0
0
0
0
0
0
0
0
0
0
7.7385e-16
0
0
0
0
0
0
0
0
0
0
-1.29566e-15
4.5568e-16
0
0
0
0
0
0
0
0
0
0
0
0
0
0
0
0
0
0
0
0
0
0
0
0
0
0
0
0
0
0
1.60258e-16
0
0
0
0
0
0
0
0
0
0
-1.83222e-16
0
0
0
1.37876e-15
0
0
0
0
0
0
0
0
0
-2.92355e-12
0
0
0
0
0
0
0
0
0
0
0
0
0
1.40973e-14
0
0
0
0
0
0
0
0
1.17095e-14
1.7073e-16
1.33669e-16
0
0
0
0
0
0
0
-5.25996e-15
0
0
0
0
0
0
0
0
0
0
0
0
0
0
0
0
0
0
0
0
0
0
0
0
0
0
0
0
0
0
0
0
0
0
0
0
0
0
0
0
0
0
0
0
0
0
0
0
3.85903e-13
0
0
0
0
0
0
0
0
0
0
0
0
0
0
0
0
0
0
0
0
0
0
0
0
0
0
0
0
0
0
0
0
0
0
0
0
0
0
0
0
0
0
0
0
0
0
0
0
3.84504e-16
0
-8.12457e-16
0
0
0
0
0
0
0
0
0
0
0
0
0
-2.48809e-15
0
0
0
0
0
0
0
0
0
0
0
0
0
0
0
0
0
0
0
0
0
0
0
0
0
0
0
0
0
0
0
0
0
0
0
0
0
0
0
0
0
-1.16689e-15
0
0
0
0
0
0
0
0
0
1.87257e-15
1.78946e-15
0
0
0
-1.52609e-17
0
0
0
0
0
0
0
1.15337e-16
0
-2.03559e-17
8.00691e-16
0
0
5.58063e-16
0
0
0
0
0
0
0
0
0
0
0
0
0
0
0
0
0
0
0
0
0
0
0
0
0
0
0
0
0
0
0
0
0
0
0
0
0
0
0
0
0
0
-1.5374e-15
0
0
0
0
0
0
0
0
0
0
0
0
0
0
0
0
0
0
-2.05362e-14
0
0
0
0
0
0
0
0
0
0
0
0
0
0
0
0
0
0
-1.95006e-16
0
0
0
0
0
0
0
0
0
0
0
0
8.01707e-16
2.50103e-15
0
0
0
0
0
0
0
0
0
0
0
0
0
0
0
0
0
0
0
0
0
0
0
0
0
0
4.49843e-30
0
-6.44216e-16
0
0
0
-6.54643e-16
0
0
0
0
0
0
0
0
0
0
0
0
0
0
0
0
0
0
0
0
5.63079e-16
0
0
0
0
0
0
0
0
0
0
0
0
0
0
0
0
0
0
0
0
0
0
0
0
3.68042e-17
0
0
0
0
1.44159e-15
0
0
0
0
0
0
0
0
0
0
0
0
-8.81992e-17
8.79324e-17
0
0
0
0
0
0
0
5.32539e-16
0
0
0
0
4.62176e-17
4.15539e-16
2.00186e-16
0
0
0
0
0
0
0
0
0
0
0
0
0
0
0
0
0
0
2.06605e-15
5.33296e-15
0
0
0
0
0
2.30374e-15
0
0
0
0
0
0
0
0
0
0
0
0
0
0
0
0
0
0
0
0
0
0
0
0
0
0
0
0
0
0
0
0
0
0
0
0
0
0
0
0
0
0
0
0
0
0
0
0
0
0
0
0
0
1.52561e-16
0
0
0
0
0
0
0
0
0
0
0
0
0
0
0
0
0
0
0
0
0
0
0
0
0
0
0
0
0
0
0
0
0
0
-1.21813e-17
0
0
0
0
0
0
0
0
0
0
0
0
0
0
0
0
7.75308e-16
-7.62229e-17
0
0
0
-8.0892e-15
7.9249e-15
0
0
0
0
0
0
0
0
0
0
0
0
0
-5.86234e-14
0
-2.55227e-13
0
7.6765e-17
0
0
0
0
0
0
0
0
0
0
0
0
0
0
0
0
0
0
0
-4.3631e-16
0
0
0
0
0
0
0
0
0
0
0
0
0
0
0
1.00482e-14
0
0
0
0
0
-1.73526e-15
0
0
0
0
0
0
0
0
0
0
0
0
0
0
0
0
0
0
0
0
0
0
0
0
0
0
0
0
0
0
0
0
0
0
0
0
0
0
0
0
0
0
0
0
0
0
0
0
0
0
0
0
0
0
0
0
0
0
0
0
0
0
0
0
0
0
-5.95467e-15
0
0
0
0
0
0
0
0
0
0
0
0
0
0
0
0
0
0
0
0
0
0
1.37691e-16
0
0
0
0
0
0
0
0
0
0
0
1.61184e-16
0
0
0
0
0
0
0
0
0
0
0
0
0
0
0
0
0
0
0
0
0
0
0
0
0
0
0
0
0
0
0
0
0
0
0
0
0
0
0
0
0
0
0
0
0
0
0
0
0
0
0
0
0
0
0
0
0
0
0
0
0
0
0
0
0
0
0
0
0
0
0
0
0
0
0
0
0
0
0
0
0
0
0
0
0
0
3.90111e-17
0
0
0
0
0
-2.27297e-12
8.3922e-16
0
0
0
0
0
0
0
0
0
0
0
0
0
0
0
0
0
0
0
0
0
0
0
0
0
0
0
0
0
0
0
0
0
0
2.09058e-15
-2.1833e-15
0
0
0
0
0
0
0
0
0
0
0
0
0
0
0
0
0
0
0
0
0
2.32865e-16
0
0
0
0
0
0
0
0
0
0
0
0
0
0
0
0
0
0
0
0
0
0
0
0
0
0
0
0
0
2.72666e-16
0
0
0
0
0
0
1.36234e-16
0
0
0
0
0
0
0
0
0
0
-8.4208e-15
0
0
0
0
-4.85539e-13
1.13097e-16
0
0
0
0
0
0
0
0
0
0
0
0
0
0
0
0
0
0
0
0
0
-5.62657e-17
0
0
0
0
0
0
0
0
0
0
0
0
0
0
0
0
0
0
0
0
-1.10035e-16
0
9.00804e-17
0
0
0
0
0
0
0
0
0
0
0
0
0
0
0
0
0
0
0
0
0
0
0
0
0
0
0
0
0
0
0
0
0
0
0
8.22151e-16
7.11949e-16
0
0
0
0
0
0
0
0
0
0
0
0
0
0
0
0
0
0
0
0
0
0
0
0
0
0
0
0
0
0
0
0
0
0
0
0
0
0
0
0
0
0
0
0
0
4.78047e-16
0
0
0
0
0
0
0
-1.9126e-15
0
0
0
0
0
0
0
0
0
0
0
0
0
0
0
0
0
0
0
0
0
0
0
0
0
0
0
0
0
0
0
0
1.54883e-16
2.44056e-17
0
0
0
0
0
0
-7.94741e-17
4.60066e-16
0
0
0
0
0
8.30278e-13
-3.00686e-12
0
0
0
0
0
0
0
0
-9.00269e-16
5.39874e-16
0
0
0
0
0
0
0
0
0
0
0
0
0
0
0
0
0
0
0
0
0
0
0
0
0
0
0
0
0
0
0
4.91274e-16
-2.17614e-16
0
0
0
0
0
1.77819e-16
-6.00818e-17
0
9.9034e-15
1.38234e-15
0
0
0
0
0
0
0
0
0
0
0
0
0
0
0
0
0
0
0
0
0
0
0
0
0
0
0
-7.67167e-16
0
0
0
0
0
0
0
0
0
0
0
0
0
0
0
0
0
0
0
0
0
0
-2.75685e-16
0
0
0
0
0
0
0
0
0
0
0
0
0
0
0
0
0
0
0
0
0
0
0
0
0
0
0
-4.37468e-17
0
0
0
0
-4.48344e-16
1.62859e-14
0
0
0
0
0
0
0
0
0
0
0
0
0
0
0
0
0
0
0
0
0
0
0
0
3.84876e-16
0
0
0
0
0
0
0
0
0
0
0
0
0
0
0
4.1558e-16
0
0
0
0
0
0
0
0
0
0
0
0
0
0
0
0
0
0
0
0
0
0
0
0
0
0
0
0
0
-7.14135e-17
6.92077e-17
0
0
0
0
0
0
0
0
0
0
0
0
-5.39375e-16
0
0
0
0
0
0
0
0
2.10598e-15
0
0
0
6.30728e-16
-4.49955e-17
0
0
0
0
0
0
0
0
0
0
0
0
0
0
0
0
0
0
0
0
0
0
-1.25374e-15
0
0
0
0
0
0
0
0
0
0
0
0
0
0
0
0
0
0
0
0
0
0
0
0
0
0
-6.17343e-16
-1.83593e-15
0
0
0
0
0
0
-5.22894e-18
-1.86931e-18
0
0
0
0
0
0
0
0
0
0
0
0
8.47064e-16
0
0
0
0
0
0
0
0
0
0
0
0
0
0
0
0
0
0
0
0
0
0
0
0
-1.67578e-15
0
0
0
0
0
0
0
0
0
0
0
0
0
0
0
0
0
0
0
0
0
0
0
0
0
0
0
0
0
0
-3.92376e-16
2.0283e-16
0
0
-1.21239e-16
-2.07908e-15
0
0
0
0
0
0
0
0
0
-1.50305e-16
0
0
0
0
0
0
0
0
0
0
0
0
0
0
0
0
0
0
0
0
0
0
0
0
0
0
0
0
-8.74625e-13
0
0
0
0
0
2.19481e-16
-3.6126e-17
0
3.32039e-16
0
0
0
0
0
0
0
0
0
0
0
0
0
0
0
0
0
-2.79122e-12
0
0
0
0
0
0
0
0
0
0
0
0
0
0
0
0
0
0
0
0
0
0
0
0
0
-1.85816e-16
0
0
0
0
0
0
0
0
0
0
0
0
0
0
0
0
0
0
0
0
0
0
0
0
0
0
0
0
0
0
0
0
0
0
0
0
0
0
0
0
0
0
0
0
0
0
0
0
0
0
0
0
0
0
0
0
0
0
0
0
0
0
0
0
0
0
0
0
0
0
0
3.29702e-15
0
0
0
0
0
0
0
0
0
0
0
0
0
0
0
0
0
0
0
0
0
0
0
0
0
0
0
2.44597e-16
2.87189e-17
-3.77691e-18
0
0
0
0
0
0
0
0
0
0
0
0
0
0
0
0
0
0
0
0
0
0
0
0
0
0
0
0
0
0
0
0
0
0
0
0
0
0
0
0
0
0
0
0
0
0
0
0
0
0
0
0
0
3.98793e-16
-1.32541e-16
0
0
0
0
0
0
0
0
0
0
0
0
0
0
4.97402e-16
4.70675e-16
7.15772e-16
0
0
0
0
0
0
0
0
0
0
0
0
0
0
7.73427e-15
1.98577e-16
0
0
0
0
1.11807e-30
-1.29872e-16
0
0
0
0
0
0
0
0
0
0
0
0
0
8.57542e-16
0
0
0
0
0
0
0
0
0
0
0
7.69066e-16
0
0
0
0
0
0
0
0
0
0
0
0
0
0
0
0
0
0
0
0
-5.18896e-17
0
1.27396e-14
0
0
0
0
0
-1.01669e-16
0
0
0
0
0
0
0
0
0
-4.23127e-18
0
0
0
0
0
0
0
0
0
0
-4.53601e-16
0
0
0
0
0
0
0
0
0
0
0
0
0
0
0
0
0
0
0
-2.27107e-13
-2.03364e-12
0
0
0
0
0
0
0
0
0
0
0
0
0
0
0
0
0
0
0
0
0
0
0
0
0
0
0
0
0
0
0
-5.81847e-13
0
-5.96712e-13
0
0
0
0
0
0
0
0
0
0
0
0
0
0
0
0
0
3.73147e-16
0
0
0
0
0
0
0
0
0
0
0
0
5.6456e-17
0
-2.37234e-16
0
0
0
0
0
0
5.07217e-15
0
0
0
0
0
0
0
0
0
0
0
0
0
0
0
-3.21103e-16
-8.1408e-15
0
0
0
0
-4.79846e-13
-4.82174e-13
0
0
0
0
0
0
0
0
0
0
0
0
-8.21433e-16
-3.76943e-16
0
0
0
0
0
0
0
0
0
0
0
0
0
-4.25139e-15
0
0
0
0
0
0
0
0
0
0
0
0
0
0
0
0
0
0
0
0
0
0
0
0
0
0
0
0
0
0
0
0
0
0
0
0
0
0
0
0
0
0
0
0
1.17733e-15
1.27679e-16
0
0
0
0
0
0
0
0
0
0
0
0
0
0
0
1.92314e-15
0
0
0
0
0
0
0
0
0
0
0
0
0
0
0
0
0
0
0
0
0
0
0
0
0
0
0
0
0
0
0
0
0
0
0
0
0
0
0
0
0
0
0
0
0
0
0
0
0
0
0
0
0
0
0
0
0
0
0
-3.57536e-16
0
1.06299e-16
0
0
0
0
0
0
0
0
0
0
0
0
0
0
0
0
0
0
0
0
0
0
0
0
-3.04061e-16
0
0
0
0
0
0
0
0
0
0
0
0
0
-5.41502e-15
0
0
0
2.94812e-16
-2.45444e-16
0
6.2868e-16
0
0
0
0
0
0
5.58013e-31
0
0
0
0
0
0
0
0
0
-5.26718e-16
0
0
0
0
0
0
0
0
0
0
0
0
0
0
0
0
0
0
0
0
0
0
0
0
0
0
0
0
0
3.90054e-14
0
0
0
-3.55246e-16
0
-1.21095e-15
5.68914e-15
-5.07181e-16
0
0
0
0
0
0
0
0
0
0
0
0
0
0
0
0
0
0
0
1.17033e-15
0
0
0
0
0
0
0
0
0
0
0
0
0
0
0
0
0
0
0
0
-1.24378e-16
0
0
0
0
0
0
0
0
0
0
0
0
0
0
0
0
0
0
0
0
0
0
0
0
0
0
0
0
0
0
0
-1.45459e-12
-9.26804e-17
-8.20936e-13
0
3.67555e-15
-1.09365e-12
-4.38863e-13
0
0
0
0
0
0
0
0
0
0
0
0
0
0
0
0
0
0
0
0
0
0
0
0
0
0
0
0
0
0
0
0
0
0
0
0
0
0
0
0
0
0
0
0
0
0
2.45118e-19
0
0
0
0
0
0
0
0
0
0
-5.51321e-16
0
0
0
0
0
0
0
0
0
0
0
0
0
0
0
0
0
0
0
0
0
0
0
0
0
0
0
0
0
0
0
0
0
0
0
0
0
0
0
0
0
0
0
0
0
0
0
0
0
0
0
0
0
0
0
-3.78727e-15
0
0
0
-3.9774e-16
-2.50784e-16
0
0
0
0
0
0
0
0
0
0
0
0
0
0
0
0
0
0
0
0
0
0
0
0
0
0
0
0
0
2.66787e-16
-1.05516e-12
0
0
0
0
0
0
0
0
0
0
0
0
0
0
0
0
0
0
0
0
0
0
0
0
0
0
0
0
0
0
0
0
0
0
0
0
0
0
0
0
0
0
0
0
0
0
0
0
0
0
-9.39746e-13
0
0
1.8857e-15
0
-1.1159e-30
0
0
0
0
0
0
0
0
0
0
0
0
0
0
0
0
0
0
0
0
0
0
0
0
0
0
0
0
0
0
0
0
0
0
0
0
0
0
0
0
0
0
0
0
0
0
0
0
0
0
0
0
6.09314e-19
0
0
0
0
0
0
0
0
0
0
0
0
0
0
0
0
0
0
0
0
3.9648e-16
6.88402e-17
0
0
0
0
0
0
0
0
0
0
0
0
0
0
0
0
1.05771e-16
-1.152e-16
0
0
0
0
0
0
0
0
0
0
0
0
0
0
0
0
0
0
0
0
0
0
0
0
0
0
0
0
8.48365e-17
2.27085e-18
0
0
0
0
0
0
0
0
0
0
0
0
0
0
0
0
0
0
0
0
0
0
0
0
-2.38453e-15
0
0
0
2.868e-16
-1.20457e-14
0
0
0
0
0
0
0
0
0
0
0
0
0
0
0
0
0
0
0
0
0
0
0
0
0
0
0
0
0
0
0
0
0
0
0
-2.06286e-16
0
0
0
0
0
0
0
0
0
0
0
-4.90528e-15
0
0
0
0
0
0
-5.19754e-15
0
0
0
0
0
0
-1.62697e-16
0
0
0
0
0
0
0
0
0
0
0
0
0
0
0
0
0
0
0
0
0
0
0
-8.61419e-16
0
0
0
0
0
0
0
0
0
0
0
0
0
0
0
0
0
0
0
0
0
0
0
0
0
0
0
0
0
0
0
0
0
0
0
0
0
0
0
3.16946e-18
0
0
0
0
0
0
5.99436e-16
0
0
0
0
-1.06115e-16
0
2.46979e-16
-8.58309e-17
-4.27624e-16
0
0
0
0
0
0
0
0
0
0
0
0
-9.12331e-17
2.83763e-16
0
0
0
0
0
0
0
0
0
0
0
0
0
0
0
0
0
0
0
0
0
0
0
0
0
0
0
0
0
0
0
0
0
0
0
0
1.12502e-17
0
0
0
0
0
0
0
0
-2.17816e-16
1.03733e-14
0
0
0
0
0
0
0
0
0
-1.3964e-16
1.48519e-16
-9.70186e-17
0
0
0
0
0
0
0
0
0
0
0
0
0
0
0
0
0
0
0
0
0
0
0
0
0
0
0
0
0
-1.06589e-14
1.30994e-15
0
0
0
0
0
0
0
0
0
0
0
2.95318e-15
0
0
0
0
0
0
0
0
0
0
0
2.77111e-15
0
0
0
0
0
0
0
0
0
0
0
0
0
0
0
0
0
0
0
0
0
0
-4.08652e-15
0
0
0
0
0
0
0
0
0
0
0
0
0
0
0
0
0
0
0
0
1.48998e-16
-2.77898e-15
0
0
0
0
0
0
0
0
0
0
0
0
0
0
0
-6.28059e-16
0
0
0
0
0
0
0
0
0
0
0
0
0
0
0
0
0
0
0
0
0
0
0
0
0
0
0
0
0
-2.1251e-16
2.36088e-15
0
0
0
0
0
0
0
1.28022e-14
1.02453e-15
-5.37112e-16
-1.79889e-16
0
0
0
0
0
0
0
0
0
2.46791e-16
3.01502e-15
0
0
0
0
0
0
0
0
0
0
0
0
0
0
0
0
0
0
0
0
0
0
0
0
0
0
0
0
0
0
0
0
0
0
0
0
0
0
1.37545e-15
-4.32204e-17
0
0
0
0
0
0
0
0
0
0
0
-4.64212e-12
0
0
0
0
0
0
0
0
0
0
0
0
0
0
0
0
0
0
0
0
0
0
0
0
0
0
0
0
0
0
0
1.29014e-15
0
0
0
0
0
0
-7.21746e-12
-2.54943e-15
-2.71635e-16
3.04836e-16
6.05854e-19
0
0
0
0
0
0
0
0
0
0
0
0
0
0
0
-3.33742e-14
-2.83658e-18
0
0
0
0
0
0
0
2.08363e-15
0
0
0
0
0
0
-2.28524e-15
0
0
0
0
0
1.27927e-17
0
0
0
0
0
0
0
0
0
0
0
-5.01618e-18
0
0
0
0
0
0
0
0
0
0
0
0
0
0
0
0
0
0
0
0
0
-9.93835e-17
-2.93545e-15
0
0
0
0
0
0
0
0
0
0
0
0
0
0
0
0
0
0
0
0
0
0
0
0
0
0
0
0
0
0
0
0
0
0
0
0
0
0
0
0
0
0
0
0
0
0
0
0
0
0
0
0
0
0
0
0
0
0
0
0
0
0
0
0
0
0
0
0
0
0
0
0
0
0
0
0
0
2.81343e-15
-4.81085e-15
0
0
0
0
0
0
0
-4.10648e-12
0
0
0
-1.15064e-15
0
0
0
0
0
0
0
0
0
0
0
0
0
0
0
0
0
-1.69482e-15
0
-7.11087e-17
0
0
0
0
0
2.85661e-16
7.33578e-15
2.58496e-15
0
0
0
0
0
0
0
0
0
0
0
0
0
0
0
0
0
0
0
0
0
0
2.75832e-18
0
0
2.88768e-08
7.40854e-08
-3.66602e-08
-1.13337e-08
-4.83057e-08
-1.01483e-08
-5.80086e-08
-1.08495e-08
-1.0423e-07
-4.97321e-08
-8.96652e-08
-7.51532e-08
4.64101e-08
9.87399e-09
4.9532e-08
-4.16709e-09
-9.61925e-09
2.75565e-08
2.43147e-08
-1.72284e-08
6.91607e-08
2.53041e-08
6.47578e-08
2.12064e-08
5.82628e-08
1.70842e-08
5.93004e-08
5.12633e-09
3.85734e-08
-1.50807e-09
3.54938e-08
1.58429e-08
-1.72901e-08
-2.20645e-08
1.25594e-08
-2.80579e-08
7.88013e-09
-3.04509e-08
1.46507e-09
-3.61633e-09
-5.92088e-08
-1.82415e-08
-5.76991e-08
-2.84323e-08
-6.18916e-08
-3.48873e-08
-6.39264e-08
-4.14004e-08
-4.64078e-08
-6.95049e-08
-8.92924e-08
-3.70105e-08
-4.6421e-08
-8.84593e-08
-5.31491e-08
-9.23933e-08
0
0
0
0
0
0
0
0
0
0
0
0
0
0
0
0
0
0
0
0
0
0
0
0
0
0
0
0
0
0
0
0
0
-1.91089e-11
-1.76937e-16
0
0
0
0
0
0
0
0
0
0
0
0
0
0
0
0
0
0
0
0
0
0
0
0
0
0
0
0
0
0
0
0
0
0
0
0
6.22228e-16
-1.98921e-15
0
0
0
0
0
0
0
0
0
0
0
0
0
0
0
0
0
0
0
0
0
0
0
0
0
-3.23828e-16
0
0
0
0
0
0
0
0
0
0
0
0
0
0
0
0
0
0
0
0
0
0
0
0
0
0
0
0
0
0
0
0
0
0
0
0
0
0
0
0
0
0
0
0
0
0
1.50681e-08
-2.23959e-08
-1.9009e-08
1.5522e-08
8.88115e-09
-2.70442e-08
0
0
0
0
0
2.74808e-08
-7.29626e-09
0
-1.58994e-09
-2.53772e-08
-1.64027e-17
1.03057e-18
0
0
0
0
0
0
0
-7.1548e-10
3.57011e-08
1.89999e-09
4.15657e-08
0
0
0
0
0
0
0
0
0
0
0
0
0
0
0
0
8.33101e-09
4.57977e-08
0
0
0
0
0
0
0
-9.51592e-09
-3.63307e-08
-3.61293e-08
-5.45424e-09
0
0
0
0
2.43741e-09
6.00129e-08
5.42869e-17
0
0
0
0
0
0
0
0
0
0
0
0
-6.63101e-16
0
0
0
0
0
0
0
0
0
0
0
0
-1.8602e-08
-3.7998e-08
0
0
0
0
0
0
0
0
2.08289e-08
6.30127e-08
0
0
0
0
0
0
0
2.52348e-08
6.71002e-08
6.7262e-08
2.07601e-08
0
0
0
-1.42816e-08
-5.26683e-08
0
0
0
0
-4.59071e-08
-3.99172e-09
0
0
-2.82082e-08
-4.75502e-08
0
0
0
0
6.95465e-16
0
0
0
0
0
0
0
0
0
7.05297e-08
2.60443e-08
0
0
0
0
0
0
0
0
0
0
0
0
0
0
0
0
0
-2.65353e-08
-5.74692e-08
0
0
0
0
4.11183e-08
-1.95824e-09
0
-3.3814e-08
-6.08252e-08
9.49577e-19
0
0
0
0
0
6.45647e-17
0
-1.53544e-08
1.87438e-08
7.67276e-08
-6.13166e-08
-3.76286e-08
-3.83679e-08
-6.47859e-08
1.88254e-08
-2.41651e-08
9.16769e-09
-2.51999e-08
-6.57877e-08
-4.16164e-08
0
0
0
0
0
0
0
0
0
0
0
0
0
0
0
0
0
0
0
2.99905e-08
-7.77412e-09
0
8.92424e-10
-2.53805e-08
-1.15933e-08
2.5334e-08
0
0
0
0
0
0
1.7618e-09
3.12074e-08
0
0
-3.05448e-08
-2.65223e-09
9.02245e-10
4.04383e-08
0
0
0
0
0
0
-7.03811e-08
-4.76653e-08
0
0
0
0
0
0
0
1.17491e-08
4.03714e-08
0
0
0
0
0
0
0
0
0
0
0
-6.21559e-09
-3.74389e-08
0
0
1.18204e-08
4.8736e-08
0
0
0
0
0
0
0
0
0
2.52023e-08
4.61634e-08
0
0
0
-4.99563e-08
-7.44464e-08
0
1.82307e-08
6.13575e-08
0
-2.40667e-08
-3.89402e-08
0
0
9.949e-15
1.72078e-16
-1.36107e-15
1.37058e-14
-2.24564e-15
-1.35599e-07
-1.26595e-07
1.25767e-07
1.34147e-07
-1.43791e-07
-1.46793e-07
1.62694e-07
1.64684e-07
-1.57386e-07
0
0
0
0
0
0
0
0
0
0
0
0
0
0
0
0
0
0
0
0
0
0
0
0
1.78345e-15
7.63569e-16
-2.27537e-30
-2.53899e-16
-1.85786e-08
-3.59466e-08
0
0
0
0
0
0
0
0
0
0
0
0
0
0
0
1.92201e-08
6.24933e-08
0
0
0
0
0
0
0
0
0
0
0
2.17321e-08
6.84238e-08
0
0
0
0
0
0
0
0
-5.34366e-17
0
0
0
-2.22171e-08
-4.28105e-08
0
0
0
-3.71679e-08
-3.66247e-08
0
0
0
0
0
0
0
0
0
0
0
0
0
0
0
0
0
0
7.5878e-08
2.273e-08
0
0
0
0
0
0
0
0
0
0
0
0
0
2.63455e-08
8.08162e-08
-3.54435e-08
-4.67489e-08
0
0
0
0
-5.08913e-08
-7.14071e-08
0
0
0
0
0
0
0
-9.02029e-08
-4.68021e-08
0
0
0
0
0
0
0
0
0
0
0
0
0
0
0
0
0
-2.94759e-08
-6.29876e-08
0
0
-5.13004e-16
0
0
0
0
0
0
0
0
0
0
0
0
0
0
3.76937e-08
7.16807e-08
-6.32228e-08
-3.78022e-08
0
-6.84088e-08
-4.1104e-08
0
0
0
0
0
0
0
0
0
0
0
0
0
0
0
0
0
0
0
0
0
0
0
0
-2.81404e-15
0
0
0
0
0
0
-4.85356e-15
0
0
0
0
0
-6.40631e-16
-2.76458e-12
0
0
0
0
0
0
0
0
0
0
0
0
0
0
0
0
0
0
0
0
0
0
0
0
0
0
0
0
0
0
0
0
0
0
0
0
0
8.25742e-16
0
0
0
-5.06747e-17
-8.53031e-13
0
2.61868e-17
-1.38941e-31
0
0
0
0
2.27234e-15
1.0859e-17
0
0
0
0
0
0
0
0
0
0
0
0
0
-2.39716e-15
0
0
0
0
-4.92532e-16
1.68325e-15
0
0
0
-2.10085e-12
0
0
0
-7.16686e-08
-4.84786e-08
0
0
0
0
0
0
0
0
0
0
0
0
0
0
0
0
-7.2504e-17
0
0
0
0
0
0
0
0
0
0
0
0
0
0
0
0
0
0
0
0
0
0
0
0
0
0
0
0
0
0
0
0
0
0
0
0
0
-9.17451e-08
-5.59493e-08
-6.71914e-08
-8.48554e-08
0
0
0
0
0
0
0
0
0
0
0
0
0
0
0
0
0
0
0
0
0
0
0
0
0
0
0
0
0
0
0
0
-8.57175e-15
0
0
0
0
0
0
0
0
0
0
0
0
0
0
0
0
0
0
0
0
0
0
0
0
0
0
0
0
0
0
0
0
0
0
0
0
0
0
0
0
0
0
0
0
0
1.09349e-16
0
0
-7.75181e-08
-8.52208e-08
0
0
0
0
0
0
1.21116e-15
0
0
0
0
0
0
0
0
0
0
0
0
0
0
0
0
0
0
0
0
0
0
0
0
0
0
0
0
0
0
0
-1.06738e-15
0
0
0
0
0
0
0
0
0
0
0
0
0
0
0
0
0
0
0
0
0
0
0
0
0
0
0
0
0
0
0
0
0
0
0
0
0
0
0
0
0
0
0
0
0
0
0
0
0
0
0
0
3.5527e-16
0
0
0
0
0
0
0
0
0
0
-6.07854e-08
-7.01233e-08
1.83213e-15
0
0
0
0
-2.36848e-16
0
6.12349e-16
0
0
0
0
0
0
0
0
1.47639e-16
2.80171e-15
0
0
0
0
0
0
0
0
0
0
0
0
0
0
0
0
0
0
0
0
0
0
0
0
0
0
0
0
0
0
0
0
0
0
0
0
3.00475e-16
0
0
0
0
0
0
0
0
0
0
0
0
0
0
0
0
-1.58627e-15
-1.57462e-15
0
0
0
0
0
0
0
0
0
0
0
0
0
0
0
0
0
0
0
0
0
0
-9.71268e-13
-2.37832e-13
0
0
0
0
0
0
0
-8.43162e-08
-5.7042e-08
0
0
0
3.74546e-16
0
0
0
0
0
0
0
0
8.19227e-13
7.41894e-13
0
0
0
0
0
-1.10186e-18
-8.15573e-17
0
0
0
0
0
0
6.03299e-18
0
0
0
0
0
0
0
0
0
0
0
0
0
0
0
0
0
1.28622e-16
0
0
0
0
0
0
0
0
0
0
0
0
0
0
0
0
0
0
0
0
0
0
0
0
0
0
0
0
0
0
0
0
0
0
0
0
0
0
0
0
0
0
0
1.67078e-16
0
0
0
0
0
0
0
6.55061e-17
0
0
0
0
0
0
0
0
0
0
0
0
0
0
0
0
0
0
0
0
0
0
0
0
0
0
0
0
0
0
0
0
0
0
0
0
0
0
0
0
0
0
0
0
0
0
0
0
0
0
0
0
0
0
0
0
0
0
0
0
0
0
-1.49717e-07
1.3796e-07
-9.37352e-08
-7.31648e-08
0
0
0
0
0
0
0
0
0
0
0
0
0
0
0
0
0
-8.52919e-08
-5.39102e-08
0
0
0
0
0
0
0
0
0
0
0
-2.77032e-16
0
-4.08588e-14
0
0
0
0
0
0
0
0
0
0
0
0
0
0
0
0
0
0
0
0
0
0
0
0
0
1.54133e-16
-5.61009e-16
0
0
0
0
0
0
0
-3.51025e-16
0
0
0
0
0
0
0
0
0
0
0
0
0
0
0
0
0
0
0
0
0
0
0
0
0
7.47834e-17
0
0
0
0
0
0
0
0
0
0
0
0
0
0
0
0
0
0
0
0
0
0
0
0
0
0
0
0
0
0
0
0
0
0
0
0
0
0
0
0
0
0
0
0
-2.09197e-14
0
0
0
0
0
0
0
0
0
0
0
0
0
0
0
0
0
5.45092e-15
0
0
-1.65346e-07
1.70664e-07
1.71054e-07
-1.69883e-07
0
0
0
0
1.36326e-07
-1.43893e-07
0
0
0
0
0
0
0
0
0
0
0
0
0
0
0
0
0
0
0
0
0
0
0
0
0
0
0
0
0
0
0
0
0
0
0
0
0
0
0
0
0
0
0
0
0
0
0
0
0
0
0
-1.74435e-16
0
0
0
2.01203e-16
0
0
0
0
0
0
0
0
0
0
0
0
0
0
0
-3.19376e-15
0
0
0
0
0
0
0
0
0
0
1.59246e-07
-1.49913e-07
0
0
0
0
0
0
0
0
0
0
0
0
0
0
0
-6.16119e-17
0
0
0
0
0
1.02026e-15
0
0
0
0
0
0
0
-7.69539e-08
-8.15406e-08
0
0
0
0
0
0
0
0
0
0
0
0
0
0
0
0
0
0
0
0
0
0
0
0
0
0
-1.0512e-15
-8.19165e-15
3.00142e-17
6.96314e-16
0
0
0
-9.08344e-17
0
0
0
0
0
0
-1.26006e-12
2.81195e-13
0
0
0
0
0
0
0
0
0
0
0
0
0
0
0
0
0
0
0
0
0
0
0
0
0
0
0
0
0
0
0
0
0
0
0
0
0
0
0
0
0
0
0
0
0
0
0
0
7.2182e-15
-6.29258e-16
2.88066e-15
0
0
0
0
0
0
0
0
0
0
0
0
1.20792e-14
0
-8.6004e-08
-6.38983e-08
0
0
0
0
0
0
0
0
0
0
0
0
0
0
0
2.09281e-13
-1.42411e-12
4.4588e-08
1.39403e-08
0
0
0
0
0
0
0
0
0
0
0
0
0
0
0
0
0
0
0
0
0
0
0
0
0
0
0
0
0
0
0
0
0
0
0
0
0
0
0
0
5.05653e-17
0
0
0
0
0
3.01856e-15
0
0
0
0
0
0
0
0
0
3.70549e-18
0
0
0
0
0
0
0
7.83041e-16
-9.6451e-17
-5.59113e-13
0
0
-1.83179e-16
0
0
0
0
0
0
0
0
0
0
0
0
0
0
0
0
1.01109e-14
0
0
0
0
0
0
0
0
0
0
0
0
0
0
0
0
-7.17559e-08
-8.87978e-08
0
0
-5.05306e-16
0
0
0
6.65193e-08
3.87288e-08
0
0
0
0
0
0
0
1.88731e-15
0
0
-5.233e-16
3.19027e-15
0
0
0
0
0
0
0
0
0
0
0
0
0
0
0
0
0
0
0
0
0
0
0
-1.53392e-16
1.01555e-17
-9.824e-17
-2.15552e-15
0
0
0
0
0
0
0
0
0
0
0
3.06677e-15
0
0
0
0
0
0
0
0
0
0
0
0
0
0
0
0
0
0
0
0
0
0
0
0
0
0
0
0
0
0
0
0
0
0
0
0
0
0
0
0
0
0
0
0
0
0
0
0
0
0
0
0
0
0
1.42085e-07
-1.55907e-07
0
0
0
0
0
1.08844e-14
0
0
-8.52052e-17
0
0
0
0
0
0
0
0
0
0
0
0
0
0
0
0
0
0
1.02102e-14
5.89904e-15
0
0
0
0
0
0
0
0
0
0
0
0
0
0
0
0
0
1.67984e-16
0
-2.47219e-16
0
1.50342e-16
0
0
0
0
0
0
0
0
-2.04541e-15
0
0
0
0
0
0
0
-9.30138e-17
2.31827e-16
1.20775e-14
0
0
0
0
-4.28073e-16
0
0
0
0
0
0
0
0
0
0
0
0
0
0
0
0
0
0
0
0
0
0
0
0
0
0
0
0
0
0
0
0
0
0
0
0
0
0
0
0
0
0
0
0
0
0
0
0
0
0
0
0
0
0
0
0
0
0
0
0
0
0
0
0
0
0
0
0
0
0
0
0
0
0
0
0
0
0
0
0
0
0
0
0
0
0
0
0
0
0
0
0
0
2.78972e-31
0
0
0
0
0
0
0
1.47317e-15
0
0
0
0
0
0
0
0
0
0
0
0
0
0
0
0
0
0
0
0
0
0
0
0
0
0
0
0
0
0
0
0
0
0
0
-2.85113e-17
0
0
0
0
0
0
0
0
0
-3.28742e-17
0
0
0
0
0
0
0
0
0
0
0
0
0
0
0
0
0
3.12382e-15
0
0
0
0
0
0
0
0
0
5.69654e-16
0
0
0
0
0
0
0
0
0
0
0
0
0
0
0
0
0
-3.73378e-16
0
0
0
0
0
0
0
0
0
0
0
0
0
0
0
0
0
0
0
0
0
0
0
0
-2.09338e-16
2.05307e-16
0
0
0
0
0
0
0
0
0
0
0
0
0
0
0
0
0
0
0
0
0
0
0
0
0
0
0
0
0
0
0
0
0
0
0
0
0
0
0
0
0
0
0
0
0
0
0
0
0
0
0
0
0
0
0
0
0
0
0
0
0
0
0
0
0
0
0
0
0
0
2.76046e-16
-3.50841e-16
0
0
0
0
0
0
2.2479e-12
2.2644e-12
3.55088e-12
0
0
0
0
0
0
0
0
0
2.38212e-12
0
0
0
0
0
0
0
0
0
0
0
0
0
0
0
0
0
0
0
0
0
0
0
0
2.50361e-12
0
0
0
0
0
0
0
0
0
0
0
2.868e-12
0
0
0
0
0
0
0
6.01081e-13
0
0
0
0
0
0
0
0
0
0
0
1.89226e-14
0
0
0
0
0
0
-1.21295e-15
-3.69342e-16
0
6.85435e-16
-8.93268e-16
0
0
9.72461e-16
-2.43753e-16
-1.48814e-07
1.51963e-07
0
0
3.62365e-12
2.91306e-16
0
1.98268e-12
0
0
0
0
2.0734e-12
1.91761e-12
0
0
0
0
0
-6.53842e-33
0
0
0
0
0
1.56638e-07
-1.62326e-07
0
0
0
2.55408e-12
0
0
0
0
0
0
0
0
0
0
0
0
0
0
1.73554e-12
0
0
0
8.16185e-16
0
0
0
0
0
0
0
0
0
0
0
0
0
0
0
0
0
0
0
3.16748e-12
-9.2732e-08
-7.63222e-08
0
3.13677e-17
-1.2644e-16
0
0
0
0
0
3.71513e-16
-6.3908e-16
0
0
0
0
0
3.33103e-12
0
0
0
0
0
0
0
0
0
0
0
0
0
0
0
-7.08331e-18
5.40169e-18
0
0
0
0
0
0
7.86444e-15
2.03113e-15
-1.50833e-14
0
0
0
7.55513e-16
1.22911e-15
2.37085e-13
-2.55033e-12
0
0
0
0
0
0
0
0
0
0
0
0
0
0
0
0
0
0
0
0
0
0
0
0
-9.52779e-16
-5.3682e-08
-8.97465e-08
0
0
0
0
0
0
0
0
0
0
-2.10695e-15
0
0
0
0
0
0
0
0
0
0
0
0
0
0
0
0
0
0
0
0
0
0
0
0
0
0
0
0
0
0
0
0
0
1.84553e-15
0
0
0
0
0
1.43529e-07
-1.32252e-07
0
0
0
2.62366e-12
0
0
0
0
0
0
3.27461e-15
0
0
0
0
-2.02738e-16
0
0
0
0
0
0
0
0
0
0
0
0
0
0
0
0
0
0
0
0
-2.94668e-15
0
0
0
9.0437e-17
2.92931e-12
0
0
0
0
0
0
0
0
0
0
2.44768e-12
0
0
0
0
0
0
0
0
0
0
0
0
0
0
0
0
0
0
0
0
0
0
0
0
0
0
0
0
-6.54861e-14
-4.11571e-12
0
0
0
0
0
0
0
2.58564e-12
0
0
0
2.14e-12
0
0
0
0
0
0
0
0
0
0
0
0
0
0
0
0
0
0
0
0
0
2.87634e-12
0
0
0
0
0
0
0
0
0
0
0
0
0
0
0
2.63228e-12
2.84343e-12
0
0
0
0
0
0
0
0
0
0
-6.98056e-15
0
0
0
0
-5.29953e-13
0
0
0
0
0
0
0
0
0
0
0
0
0
0
0
-3.95114e-15
-4.70066e-17
0
0
0
0
0
3.92693e-16
-4.79787e-16
0
0
0
0
0
0
0
0
0
0
0
0
0
0
0
-2.81601e-16
0
0
0
0
0
0
0
0
0
0
0
0
0
0
0
0
7.25981e-16
0
0
0
0
0
0
0
0
0
0
0
0
0
0
0
0
0
0
0
0
0
0
0
0
0
0
1.24095e-12
0
0
0
0
-1.57902e-12
0
0
0
0
0
0
0
0
0
0
0
1.78958e-12
1.81553e-12
0
0
-1.30403e-16
0
0
0
0
0
0
0
0
0
0
0
0
0
-9.18474e-16
2.45988e-15
0
0
0
0
0
0
0
3.48833e-12
0
0
2.07678e-16
0
0
0
0
0
0
4.60627e-15
0
0
0
0
0
0
0
0
0
0
0
0
0
0
0
0
0
0
7.11472e-16
-4.5804e-16
0
0
2.4652e-12
0
0
0
0
0
0
0
0
0
2.43775e-16
0
1.0739e-12
0
0
0
0
0
0
0
0
0
0
0
0
0
0
0
0
0
0
0
0
4.66198e-15
-4.71514e-15
0
0
0
0
0
0
0
0
0
4.72298e-12
0
0
0
0
0
0
0
0
0
0
8.3695e-12
0
0
0
0
0
0
0
0
2.50017e-12
0
0
0
0
0
0
0
1.00114e-14
0
0
0
0
0
0
0
0
0
0
0
0
2.27227e-16
0
0
0
-1.59911e-08
2.13442e-08
0
3.39177e-12
3.18147e-12
3.03006e-12
0
0
4.58171e-12
0
0
0
0
0
0
0
0
2.83183e-12
0
-1.7681e-16
1.32594e-17
0
0
0
0
0
0
0
0
0
0
0
0
0
0
0
0
0
0
0
0
0
0
0
0
0
0
0
0
0
0
0
0
0
0
0
1.72827e-15
0
0
0
0
0
0
0
0
0
0
0
0
0
0
0
0
0
0
0
0
0
0
0
0
0
-3.46154e-12
-2.01112e-16
-5.16887e-12
0
0
-5.574e-31
-4.25485e-17
0
0
0
0
0
0
0
0
0
-6.73757e-16
0
0
0
0
0
0
0
0
0
0
0
0
1.48158e-12
0
0
0
0
2.92165e-16
-9.47032e-17
3.27922e-12
0
0
0
0
0
0
0
0
-4.41155e-17
0
0
0
0
-2.56232e-17
-2.50606e-15
0
0
0
0
0
0
0
0
0
-1.36043e-16
1.2198e-15
0
0
-1.57749e-15
0
0
8.01092e-15
3.02426e-17
0
0
0
0
0
0
-7.1049e-15
0
0
0
0
0
0
0
2.23614e-30
-2.1016e-16
0
0
0
0
0
0
0
0
-1.97492e-12
4.32103e-13
0
0
0
8.70249e-16
0
0
0
0
0
0
0
0
0
0
0
0
0
0
0
0
0
0
0
0
0
0
0
0
0
0
0
-2.95582e-15
-2.96799e-15
0
0
0
0
0
0
5.23266e-16
3.45708e-12
0
0
0
0
0
0
0
0
0
0
0
0
0
0
0
0
0
0
0
0
0
0
0
0
0
0
0
0
0
0
0
0
0
0
0
0
0
0
0
0
0
0
0
0
0
0
0
0
0
0
0
0
5.7199e-13
5.54236e-13
0
0
0
0
0
-4.61639e-16
0
0
0
0
2.35015e-17
-5.33899e-18
0
0
0
0
0
0
0
0
2.06114e-17
0
0
0
0
0
0
0
0
0
0
0
0
0
0
0
0
0
0
0
0
0
0
0
0
0
-1.16845e-16
0
0
0
0
0
1.549e-16
5.04132e-13
7.55255e-13
0
0
0
0
0
0
0
8.12169e-15
0
0
0
1.93343e-11
0
0
0
0
0
0
0
0
0
1.1487e-17
0
-1.4273e-12
0
0
0
0
-2.95736e-08
-1.46445e-09
0
0
0
0
1.84587e-12
3.23537e-15
-1.23225e-15
-8.87242e-17
0
0
0
0
0
0
0
0
0
0
0
0
0
0
0
0
0
0
0
0
0
0
0
0
-4.04216e-17
0
0
0
0
0
0
0
0
0
0
0
0
0
0
0
0
0
0
0
0
0
0
0
0
0
0
0
0
0
0
0
1.82541e-16
0
-2.1257e-17
9.19714e-18
0
0
0
0
0
0
0
0
0
0
0
0
0
0
0
0
0
0
0
0
0
0
0
-5.23278e-16
-7.52451e-17
0
0
0
0
0
0
1.91654e-11
0
0
0
0
0
0
0
0
0
0
0
2.0022e-11
0
0
0
0
0
0
0
0
2.23869e-16
0
0
0
0
0
0
6.90112e-13
0
0
0
0
0
0
0
0
0
0
0
1.85426e-16
-4.871e-16
0
0
0
0
0
0
0
0
0
0
0
0
-8.491e-18
1.13667e-16
0
0
0
0
3.07438e-12
0
0
0
0
0
0
0
0
0
0
0
0
0
0
0
0
0
0
0
0
0
0
0
0
0
-2.72615e-16
0
0
0
0
0
0
0
0
0
0
0
-3.02158e-08
0
0
0
0
0
0
0
0
0
0
0
0
0
0
0
0
0
0
0
0
0
0
0
0
0
0
0
0
0
0
0
0
0
0
0
0
0
0
0
0
0
0
0
0
0
0
0
0
0
0
0
0
4.3075e-15
0
0
0
0
0
0
0
0
0
0
0
0
0
0
0
0
0
0
0
-3.26721e-15
0
0
0
0
0
0
4.44612e-30
-1.13523e-15
0
0
0
0
0
0
0
0
0
0
0
0
0
0
0
0
0
0
0
0
0
2.91699e-12
0
3.23711e-16
0
0
0
0
0
0
0
0
0
0
0
0
0
0
0
0
-4.23967e-16
0
0
0
0
0
0
0
0
0
0
1.24591e-15
0
-1.14893e-15
0
0
0
0
0
0
0
0
2.1745e-11
1.06877e-15
0
0
0
2.13094e-17
1.5784e-16
0
0
0
0
0
0
0
0
0
0
0
1.97419e-14
0
0
0
0
0
0
0
0
0
3.27346e-16
5.81233e-16
0
0
0
-1.28363e-14
0
0
0
0
0
0
-1.11514e-15
0
0
0
0
0
2.19411e-12
3.58596e-12
0
0
0
0
0
0
0
0
0
0
-4.95577e-17
0
0
0
0
0
0
-3.70289e-16
0
0
0
5.88386e-16
0
0
-1.17953e-12
-3.3475e-15
-1.35995e-14
0
0
0
0
0
0
0
-1.33145e-16
0
0
-8.32823e-15
0
0
0
0
0
0
0
0
0
9.17833e-16
0
1.88358e-17
0
0
0
-7.38326e-17
-1.78597e-15
0
0
0
0
0
0
0
0
0
0
0
0
0
0
0
0
0
0
0
1.14588e-16
0
0
0
0
0
0
0
0
0
0
0
0
0
0
0
0
0
0
0
0
0
0
0
0
0
0
0
0
0
0
0
0
0
0
0
0
0
0
0
0
0
1.6418e-07
0
0
0
0
0
0
-2.21567e-16
-1.48133e-17
0
0
0
0
0
0
0
0
0
0
0
0
0
0
0
0
0
-7.86062e-16
0
0
0
0
4.44612e-30
0
0
0
0
0
0
0
0
0
0
0
0
0
0
0
0
0
0
0
0
0
0
0
0
0
0
0
0
0
0
0
0
0
0
0
0
0
0
0
0
0
0
0
0
0
0
0
0
0
0
0
0
0
0
0
0
0
0
0
0
0
0
0
0
0
0
0
0
0
0
0
0
0
0
0
0
0
0
0
0
0
0
0
0
0
0
0
0
0
0
0
0
0
0
0
0
0
0
0
-1.64338e-16
0
1.0078e-08
0
0
0
0
0
1.4448e-16
0
0
0
0
0
0
0
0
0
0
-1.11275e-14
1.26424e-15
7.69665e-13
3.59828e-13
0
0
0
9.50175e-15
-5.54287e-16
0
2.29243e-14
0
0
0
0
0
0
0
0
2.11535e-15
0
0
0
0
0
0
0
0
0
0
0
0
0
0
0
0
0
1.31044e-15
0
0
-1.91671e-18
0
0
3.93686e-16
0
0
0
5.89263e-12
3.0679e-15
0
0
0
0
0
0
0
0
0
0
0
0
0
0
0
0
-3.43824e-17
0
-1.69376e-15
0
-3.69933e-15
0
-1.8194e-15
0
0
0
0
0
0
0
0
0
-3.41417e-08
0
0
-2.18669e-08
0
0
0
0
0
0
0
0
0
0
0
0
0
0
-2.32053e-18
0
0
0
0
0
0
0
0
0
0
0
0
0
0
0
0
0
0
0
0
0
1.28099e-11
0
0
0
0
0
0
0
0
0
0
0
0
0
0
0
0
0
0
0
0
0
0
0
0
0
0
0
0
8.36917e-31
-1.12463e-17
-9.73939e-17
0
0
0
0
0
0
0
0
0
0
0
0
1.97586e-11
0
0
0
0
0
0
0
0
0
0
0
0
-6.21798e-08
0
0
0
0
0
0
0
0
0
2.12919e-11
0
0
0
0
0
1.22205e-15
0
0
0
0
0
-4.48822e-17
0
6.80385e-08
0
0
-2.20976e-12
3.41139e-13
7.52885e-13
0
0
-2.41327e-12
0
0
0
0
0
0
0
0
0
0
0
0
0
0
0
0
0
0
0
0
0
0
0
0
0
0
0
0
0
0
8.1105e-13
0
0
6.92607e-16
-3.60032e-16
0
0
0
0
0
0
-5.15323e-08
0
0
0
0
0
0
1.24147e-16
0
0
0
0
-4.36109e-08
0
0
0
0
-5.65754e-16
0
0
0
0
0
0
0
0
0
0
-4.42428e-16
0
0
0
0
0
0
0
0
0
-3.58681e-12
0
0
0
0
0
0
0
0
0
0
0
0
0
-1.52388e-08
3.98696e-17
0
0
-1.46134e-15
1.84118e-15
0
0
0
0
-5.70503e-16
0
0
0
0
0
0
0
0
0
0
0
0
0
0
0
0
-8.01041e-16
0
0
1.2018e-16
1.0599e-16
0
0
0
0
8.66605e-16
0
0
0
0
0
0
-9.93947e-16
0
0
0
0
0
0
0
3.92867e-15
1.74966e-17
0
0
0
0
0
0
0
0
0
0
0
0
0
0
0
0
0
0
-4.10181e-16
0
0
-4.07735e-17
0
0
0
7.34315e-17
0
0
0
0
0
0
0
3.26218e-17
0
0
0
0
0
0
0
0
0
0
0
0
0
0
0
0
-4.13439e-12
2.43414e-13
0
0
0
0
0
0
0
0
0
0
1.18804e-11
0
0
0
0
0
0
0
0
0
0
0
0
0
0
7.01334e-16
0
0
0
0
2.28056e-12
9.22841e-09
0
0
-2.26499e-12
4.77154e-13
6.53928e-13
6.85459e-16
0
0
0
0
0
0
0
0
0
0
0
0
0
0
0
0
0
0
0
0
0
0
0
0
-1.32076e-12
0
-7.86048e-13
0
0
0
0
0
0
0
0
0
0
0
0
0
0
0
0
0
0
0
0
0
0
0
0
0
0
0
0
0
0
0
0
0
0
9.44765e-13
-1.60857e-11
0
0
0
1.89113e-16
0
0
0
0
0
0
0
0
-2.50774e-08
0
0
0
0
0
0
0
0
2.25524e-15
0
0
0
0
0
0
0
0
0
6.66605e-13
4.73548e-13
0
0
0
0
0
0
0
0
0
0
0
0
0
0
0
0
0
-4.39034e-13
0
0
0
0
0
0
0
0
0
0
0
0
0
0
0
0
0
0
0
0
0
0
0
0
7.06581e-17
0
4.33278e-13
0
0
0
0
0
0
0
0
0
0
0
0
-5.38062e-15
0
0
0
0
0
0
-9.47015e-16
0
0
0
0
0
0
3.11572e-16
1.1305e-16
1.67383e-30
0
0
0
-1.7392e-15
-5.01235e-17
0
0
0
0
0
0
0
0
0
0
-2.12972e-16
0
0
0
0
8.99282e-17
-8.92655e-13
-1.05269e-16
-8.24143e-16
0
0
2.92843e-08
0
0
-5.34679e-13
-1.76587e-11
0
0
0
-2.49961e-08
0
0
0
0
0
4.78278e-16
0
0
-5.98899e-16
4.87047e-17
4.73434e-16
0
0
0
0
0
0
0
0
0
9.11145e-16
0
0
0
-8.3711e-16
0
0
-4.94498e-16
0
0
0
0
0
0
4.54695e-08
3.16363e-12
0
0
0
0
0
0
0
7.88267e-17
-1.92867e-16
8.15362e-16
0
0
0
0
0
0
0
0
0
0
0
0
-7.10834e-09
-1.72096e-17
0
0
6.79605e-16
3.97583e-08
0
0
0
0
0
0
0
0
0
0
0
4.29598e-08
0
0
0
0
0
-6.3973e-16
-9.18946e-16
0
0
0
0
-4.49712e-16
0
0
0
0
0
0
0
0
0
2.22784e-08
0
0
0
0
0
0
-7.57612e-08
1.23813e-08
0
0
-7.28164e-17
-6.0653e-17
0
0
0
0
0
0
0
0
0
0
0
0
0
0
0
-8.25172e-17
0
0
0
0
0
0
0
0
0
0
0
0
0
0
-4.73105e-17
0
0
0
4.35854e-18
0
0
0
0
0
1.76498e-08
0
0
0
0
0
0
-6.43004e-16
0
0
0
0
0
0
0
0
0
2.14265e-16
4.69313e-17
2.17313e-15
0
2.20004e-16
0
0
0
0
3.38306e-17
0
0
0
0
0
0
0
0
6.88273e-13
0
0
0
0
0
0
0
0
0
-4.07653e-16
0
-1.89196e-15
0
0
0
0
0
0
0
0
0
0
0
0
0
0
0
0
0
0
8.15324e-16
0
0
0
0
0
0
0
-1.37057e-16
0
0
0
0
0
0
0
0
0
0
0
0
0
0
-1.69772e-12
3.13743e-13
0
0
0
0
0
0
0
0
0
0
0
0
0
0
0
0
0
0
0
0
0
0
-8.85127e-17
0
0
0
0
0
0
0
0
0
0
0
0
-4.51415e-16
0
0
-2.00638e-12
0
0
0
1.66407e-12
0
0
0
0
0
0
0
0
0
0
0
0
1.39092e-16
0
0
0
0
0
0
2.299e-17
0
0
0
-3.32988e-16
0
0
-1.88347e-15
-1.68777e-11
0
0
0
0
0
0
0
0
0
0
0
0
0
0
0
0
0
0
0
0
0
0
0
0
0
0
5.71997e-15
0
0
0
0
0
0
-7.64608e-16
0
5.92333e-13
0
0
0
0
4.71386e-15
7.63648e-16
0
0
0
6.64576e-16
0
0
0
0
0
0
0
0
0
0
0
0
0
0
0
6.02979e-13
0
-2.31047e-17
0
0
0
-1.16351e-16
7.06067e-16
1.74704e-17
0
0
-3.07242e-12
0
0
0
0
0
0
0
0
0
0
0
0
0
0
0
0
0
0
3.6225e-17
0
0
0
0
0
0
0
0
0
0
0
0
0
0
0
0
0
0
0
6.78787e-18
-7.3908e-18
0
0
0
-4.30584e-13
0
0
0
0
0
0
0
-5.3948e-17
0
1.44737e-12
5.11073e-08
-1.38611e-16
0
-3.10692e-16
1.58598e-14
0
0
0
0
0
0
4.67288e-16
-7.01263e-16
0
0
0
0
1.14914e-15
0
0
0
0
0
0
0
0
0
0
0
-1.37875e-08
0
0
0
0
0
0
0
0
0
0
9.50826e-08
0
0
6.22139e-18
0
0
0
9.20003e-16
0
0
0
-5.81098e-17
-2.7246e-12
0
0
0
0
0
0
0
0
4.58728e-08
0
-1.83691e-16
0
0
0
0
0
0
0
0
0
0
0
-2.39932e-12
9.03678e-13
0
0
0
0
1.27732e-08
0
0
0
0
0
0
0
0
0
0
3.13624e-18
0
0
0
0
0
0
0
0
0
0
0
0
0
0
0
0
0
0
0
0
0
0
0
0
7.32583e-15
1.11084e-14
0
0
0
0
0
0
0
0
0
0
0
0
0
0
0
0
0
5.03287e-15
0
0
8.17158e-08
0
2.53923e-08
0
0
0
0
0
0
0
0
0
0
0
0
0
0
0
0
0
0
0
0
0
0
0
0
0
0
0
0
0
6.82998e-08
2.9393e-12
0
0
0
0
0
0
0
0
0
0
0
0
0
0
0
0
0
1.41833e-16
0
0
0
0
0
0
0
0
0
0
-8.21805e-09
2.45625e-12
0
8.102e-16
0
0
0
0
0
0
3.45221e-16
-1.03656e-16
0
0
2.86376e-16
0
0
0
0
0
0
0
0
-5.29515e-16
0
-4.30876e-17
0
0
0
0
0
0
0
0
0
0
0
0
0
0
0
0
0
0
6.10566e-08
0
0
0
0
0
0
0
-1.15451e-08
0
0
0
-1.59992e-11
0
0
0
0
2.85477e-12
4.37247e-08
0
0
0
5.42348e-16
1.22593e-16
0
0
0
0
0
0
0
0
1.8365e-15
0
0
0
0
0
0
0
0
6.28039e-16
-1.98534e-16
0
0
0
-5.49227e-31
0
0
0
0
0
0
0
2.66948e-16
0
-1.22208e-17
0
0
0
0
0
0
0
0
0
-8.34847e-13
0
0
0
0
0
0
0
0
0
0
5.05562e-08
0
0
-2.81419e-08
0
0
0
0
0
0
0
0
0
0
0
0
0
-2.50845e-15
0
0
0
0
0
0
0
0
1.96219e-15
0
0
0
0
0
0
0
7.71817e-09
0
0
0
0
0
0
-1.75864e-16
-1.0112e-12
0
0
0
0
-2.93967e-15
6.76583e-13
0
0
-2.30602e-15
6.65053e-17
0
0
0
2.07218e-16
3.27209e-15
0
0
0
0
0
1.87231e-15
1.58442e-15
0
0
2.92003e-08
0
0
0
0
0
0
0
0
1.13548e-15
0
0
0
0
0
0
0
0
0
0
0
0
0
0
0
0
0
0
0
0
0
0
0
0
-1.37584e-08
0
3.87294e-13
0
0
0
0
0
0
0
0
0
-4.66025e-08
0
0
0
0
0
0
0
0
0
0
0
0
0
0
-9.70149e-18
-1.25381e-07
1.06219e-08
0
0
0
0
0
0
0
0
0
1.76787e-16
-3.70018e-08
8.95556e-15
0
-1.63546e-08
0
0
0
0
0
-5.37137e-13
0
0
0
0
0
1.07299e-15
0
0
0
0
0
0
0
0
0
0
0
0
8.70954e-16
0
0
0
0
7.27035e-08
0
2.24484e-12
-2.12593e-09
0
0
0
0
0
0
-1.62077e-15
0
0
0
0
0
0
0
0
0
0
0
0
0
0
0
0
0
0
0
0
0
0
0
0
0
0
0
0
0
0
0
0
0
0
0
0
0
0
-6.0338e-13
1.48185e-15
0
0
0
0
0
0
0
0
0
0
0
0
0
0
0
0
0
0
0
0
0
0
0
0
0
0
0
0
-1.02089e-16
0
0
0
0
0
0
0
0
0
0
5.5917e-08
0
0
0
0
0
0
0
0
2.069e-17
0
0
0
0
0
0
0
0
1.0185e-07
0
-7.90244e-13
0
0
0
0
0
0
0
1.01299e-07
0
6.64759e-17
0
0
0
0
0
0
0
-2.45094e-18
0
0
0
0
0
0
0
0
0
0
0
0
-6.02858e-13
0
0
0
6.05498e-13
0
0
0
0
0
0
0
0
0
0
0
0
0
0
0
0
0
0
6.62035e-17
0
0
0
0
0
0
0
0
0
0
2.9065e-16
0
0
1.40118e-16
0
0
0
0
-1.34234e-18
0
0
0
0
0
0
0
0
0
0
0
0
0
0
0
-1.04009e-16
-8.18018e-16
0
0
0
0
0
0
0
0
0
0
0
5.48463e-13
0
0
0
0
0
0
0
0
0
0
0
0
0
0
0
0
0
0
0
0
0
-2.23069e-17
2.20804e-16
6.84677e-15
0
0
2.79517e-31
0
0
0
0
0
0
0
0
0
0
0
0
0
0
0
4.32157e-12
5.7172e-12
-1.81461e-16
0
0
0
1.02668e-12
4.39534e-13
0
0
0
0
0
0
-2.60368e-16
0
0
0
0
0
0
0
0
0
0
0
0
0
0
0
0
6.06691e-13
-4.41147e-15
0
0
0
0
-8.408e-17
0
0
0
0
0
0
0
0
0
0
0
0
0
0
4.84193e-13
0
0
0
0
0
0
-9.85985e-08
0
0
0
0
0
0
0
0
0
0
0
0
0
0
0
4.36663e-13
0
0
0
0
0
-1.15032e-07
0
0
4.90501e-16
-5.18763e-16
0
0
8.10454e-13
6.28314e-13
0
0
8.76327e-17
0
0
0
0
0
0
0
0
0
0
0
0
0
0
0
0
0
-5.26724e-13
0
0
0
0
0
0
0
0
0
2.90712e-16
0
0
-6.23408e-13
0
8.71475e-16
1.58373e-16
1.12684e-14
0
0
7.9333e-16
-7.74103e-17
0
0
0
0
0
1.07333e-07
0
0
0
0
0
0
0
0
0
0
0
0
0
0
-7.25515e-13
0
0
0
0
0
0
0
0
0
0
0
0
0
0
0
0
0
0
9.94069e-17
0
0
0
-2.11864e-16
0
0
0
0
4.28117e-13
0
0
0
0
0
0
0
8.0229e-13
3.73739e-13
0
0
0
0
0
0
0
0
0
0
0
0
0
-1.75702e-13
5.77468e-13
0
0
0
0
0
0
0
0
0
0
0
0
0
0
0
3.34767e-30
0
0
0
0
2.79109e-31
0
0
0
0
0
0
0
0
0
0
1.87127e-16
0
0
0
0
0
0
0
-8.98186e-13
0
0
0
0
0
0
0
0
0
0
0
0
0
-2.84609e-15
0
0
0
0
0
3.70242e-13
5.01839e-13
0
0
0
0
0
0
0
0
0
0
0
0
0
0
0
0
0
0
0
2.2092e-08
2.22706e-12
0
0
0
0
0
0
0
0
0
0
2.21055e-15
0
0
-3.9323e-17
0
0
0
0
0
0
0
0
0
0
-1.8915e-15
0
0
-5.2623e-17
0
0
0
0
0
0
0
2.4876e-13
0
0
2.73943e-16
0
0
0
0
0
0
0
0
0
0
0
0
0
0
0
0
0
0
0
-8.91426e-16
0
0
0
0
0
0
2.23614e-30
0
0
0
0
0
-5.58989e-13
0
0
0
0
0
0
0
0
0
0
0
0
0
0
0
0
3.45414e-13
8.53048e-17
-9.05651e-17
0
0
0
0
0
0
0
0
0
0
-1.73941e-15
0
0
0
-1.802e-16
-7.02914e-13
0
0
0
0
0
0
2.06831e-16
-1.41847e-16
0
0
0
0
0
0
-6.55484e-13
0
0
0
0
0
0
0
0
0
0
0
0
0
0
0
0
0
0
0
0
0
0
0
0
0
0
0
0
1.1742e-15
0
0
0
0
0
0
0
0
0
0
0
0
0
0
0
0
0
0
0
0
0
0
-2.88752e-16
0
0
0
0
0
0
0
4.76842e-13
4.82856e-13
0
0
0
7.15494e-13
0
0
0
0
0
0
0
0
0
0
0
0
0
0
0
0
0
0
0
0
0
-3.58478e-16
0
0
0
0
0
0
0
0
0
0
0
0
0
0
0
0
0
0
0
0
5.1021e-13
0
0
0
0
0
0
0
0
0
0
-2.6636e-16
0
0
-5.58217e-31
0
0
0
0
0
0
0
0
0
0
0
0
0
0
0
0
2.90193e-17
0
0
0
0
0
0
0
0
0
0
0
0
0
0
0
0
0
0
0
0
0
0
0
0
0
0
0
0
0
0
0
0
0
0
0
0
0
-6.06247e-17
0
0
0
0
0
0
0
0
0
0
0
0
0
4.11847e-08
0
0
0
0
0
0
0
0
0
0
0
0
0
0
0
0
0
0
0
0
0
0
0
0
0
0
0
0
0
0
0
0
-6.91902e-13
0
0
0
0
0
0
0
0
0
0
0
0
0
0
0
0
0
0
0
0
0
0
0
0
0
0
0
0
0
0
0
0
0
0
0
0
0
0
0
0
0
0
0
0
0
0
0
-1.66676e-12
0
0
0
0
0
0
0
0
0
1.94258e-08
0
0
0
0
0
0
0
0
0
4.78062e-13
0
1.10634e-15
0
0
0
0
0
0
0
0
0
0
0
0
0
0
0
0
0
0
0
0
0
0
1.54296e-16
2.18401e-16
0
-7.25523e-13
0
0
0
0
0
0
-4.78064e-12
0
-7.15747e-17
0
0
0
0
0
0
3.62837e-08
0
-1.13824e-16
0
0
-4.42444e-13
0
0
0
0
0
-1.81525e-17
1.01711e-13
0
0
0
0
0
0
0
-1.0517e-15
-4.57359e-12
0
0
0
0
0
0
0
-2.02899e-08
-1.38212e-16
-1.22486e-16
0
0
-2.00286e-16
0
-7.85618e-17
0
0
0
0
0
0
0
0
0
0
0
0
0
0
0
0
0
0
0
0
0
0
0
0
0
0
0
0
0
-7.93174e-13
0
0
0
0
0
0
0
0
0
0
3.55833e-16
6.8532e-09
0
0
0
0
0
0
0
0
0
0
4.49931e-13
0
6.47409e-13
0
0
0
0
0
0
0
0
0
0
0
0
0
0
-1.07277e-08
0
0
0
0
0
0
0
0
5.98109e-13
0
0
0
0
0
0
0
0
0
6.3677e-16
0
0
0
0
0
0
0
0
0
0
0
0
0
0
0
0
0
0
0
0
0
0
0
0
0
0
0
0
0
0
0
0
0
0
0
0
0
0
0
-3.60643e-17
5.55549e-13
0
0
0
0
0
0
0
5.2211e-13
4.68225e-13
-3.85924e-16
0
0
0
0
0
0
0
0
0
0
0
0
9.68884e-17
0
0
0
0
0
0
0
4.55777e-14
0
6.34648e-16
0
0
-2.06204e-15
0
0
0
0
0
0
0
0
0
0
0
0
0
0
0
0
0
1.65924e-16
0
0
0
0
-4.12445e-13
0
0
5.72171e-13
0
0
0
0
0
0
-6.81735e-13
0
0
0
0
0
-7.36182e-13
0
0
0
0
0
0
0
1.11479e-12
0
0
0
-6.18935e-17
0
0
0
0
1.9934e-15
0
0
0
0
0
0
0
0
0
0
0
0
0
0
0
0
0
-1.97823e-16
0
0
0
0
0
0
0
0
0
0
0
)
;

boundaryField
{
    frontback
    {
        type            empty;
        value           nonuniform List<scalar> 0();
    }
    topbottom
    {
        type            calculated;
        value           uniform 0;
    }
    outlet
    {
        type            calculated;
        value           nonuniform List<scalar> 0();
    }
    inlet
    {
        type            calculated;
        value           uniform 0;
    }
    walls
    {
        type            calculated;
        value           nonuniform List<scalar> 
151
(
-5.7373e-08
7.43724e-08
-2.06118e-07
9.56217e-08
1.16871e-07
1.3812e-07
3.08114e-07
3.29364e-07
-1.12621e-07
-9.13718e-08
-3.61238e-08
-1.48745e-08
-1.89118e-07
-1.72119e-07
-1.5087e-07
-1.29621e-07
-7.43724e-08
-5.31232e-08
2.12493e-09
1.91243e-08
4.03736e-08
5.7373e-08
7.86223e-08
1.5512e-07
1.72119e-07
1.93368e-07
2.10368e-07
2.31617e-07
2.52866e-07
2.69866e-07
2.91115e-07
1.48745e-08
6.37478e-09
3.61238e-08
-4.03736e-08
5.31232e-08
-7.01226e-08
-8.7122e-08
-1.08371e-07
9.13718e-08
8.28721e-08
-1.25371e-07
1.12621e-07
-1.67869e-07
-1.84869e-07
-1.76369e-07
1.3387e-07
9.98716e-08
1.5087e-07
-1.93368e-07
1.67869e-07
-7.86223e-08
1.89118e-07
-6.37478e-09
-2.23117e-07
1.97618e-07
2.06118e-07
1.06246e-08
3.18739e-08
2.14618e-07
-4.46235e-08
4.88733e-08
-2.7624e-08
-6.58727e-08
6.58727e-08
-8.28721e-08
2.35867e-07
-1.04121e-07
8.7122e-08
-1.21121e-07
-1.4237e-07
2.48616e-07
-1.5937e-07
1.25371e-07
3.18739e-08
2.12493e-09
1.91243e-08
-3.18739e-08
-1.48745e-08
1.08371e-07
-1.63619e-07
-1.80619e-07
1.29621e-07
1.4662e-07
-1.97618e-07
-2.14618e-07
1.63619e-07
2.44367e-07
2.74116e-07
1.84869e-07
-2.18867e-07
2.01868e-07
2.18867e-07
2.40117e-07
2.95365e-07
3.03865e-07
3.25114e-07
2.61366e-07
2.82615e-07
2.33742e-08
3.33613e-07
2.78365e-07
-1.06246e-08
-2.12493e-09
1.48745e-08
-1.91243e-08
3.16614e-07
2.99615e-07
-1.16871e-07
3.20864e-07
-2.10368e-07
2.7624e-08
-6.37478e-09
1.06246e-08
3.37863e-07
2.86865e-07
-2.33742e-08
-1.06246e-08
6.16229e-08
7.01226e-08
-4.03736e-08
2.23117e-07
-4.88733e-08
-1.4662e-07
-1.5512e-07
-3.18739e-08
-2.01868e-07
4.46235e-08
1.80619e-07
1.04121e-07
2.27367e-07
1.21121e-07
2.33742e-08
2.65616e-07
3.12364e-07
-2.12493e-09
1.4237e-07
2.7624e-08
-3.61238e-08
-1.3812e-07
1.76369e-07
1.5937e-07
-2.33742e-08
-9.98716e-08
-1.3387e-07
-6.16229e-08
-2.7624e-08
2.57116e-07
6.37478e-09
-1.91243e-08
-9.56217e-08
)
;
    }
    procBoundary2to0
    {
        type            processor;
        value           nonuniform List<scalar> 
83
(
0
0
0
0
0
3.60428e-12
0
0
-1.72753e-15
-1.22545e-14
-1.25988e-14
0
0
0
0
0
0
0
0
0
0
0
0
0
-1.36518e-14
0
0
5.88388e-16
0
0
0
0
0
0
0
0
0
-3.39156e-15
0
-2.81534e-16
-5.29633e-15
0
0
0
0
0
0
0
1.12357e-15
2.79667e-14
0
3.11382e-16
5.19431e-16
0
7.73122e-16
0
0
0
-2.40194e-15
0
0
0
1.19805e-07
0
0
0
0
0
0
-1.18254e-15
2.44146e-16
0
0
0
0
0
0
0
-6.32315e-16
0
0
0
0
)
;
    }
    procBoundary2to3
    {
        type            processor;
        value           nonuniform List<scalar> 
99
(
0
0
-1.07973e-12
0
0
0
0
0
0
0
0
0
0
0
0
0
0
0
0
0
0
0
0
0
0
0
0
0
0
0
0
0
0
0
0
0
0
0
0
0
0
0
0
0
0
0
0
0
0
0
0
0
0
0
0
0
0
0
0
0
0
0
0
0
0
0
0
0
0
3.4821e-08
0
0
0
0
0
0
0
0
0
0
0
0
0
0
0
0
0
0
0
0
0
0
0
0
0
0
0
0
0
)
;
    }
}


// ************************************************************************* //
