/*--------------------------------*- C++ -*----------------------------------*\
| =========                 |                                                 |
| \\      /  F ield         | OpenFOAM: The Open Source CFD Toolbox           |
|  \\    /   O peration     | Version:  v2012                                 |
|   \\  /    A nd           | Website:  www.openfoam.com                      |
|    \\/     M anipulation  |                                                 |
\*---------------------------------------------------------------------------*/
FoamFile
{
    version     2.0;
    format      ascii;
    class       surfaceScalarField;
    location    "300";
    object      meshPhi;
}
// * * * * * * * * * * * * * * * * * * * * * * * * * * * * * * * * * * * * * //

dimensions      [0 3 -1 0 0 0 0];
oriented        oriented;


internalField   nonuniform List<scalar> 
20580
(
0
0
0
0
0
0
0
0
3.69384e-16
-1.0583e-16
-4.10372e-16
0
0
0
0
0
0
0
0
0
0
0
0
0
0
0
0
0
0
0
0
0
0
0
0
0
0
7.70904e-13
-2.12718e-12
6.77683e-17
0
0
0
0
0
0
6.1705e-12
-6.7289e-12
-7.73705e-13
0
0
0
0
0
0
0
0
0
-1.28813e-17
4.12801e-17
0
0
0
1.65601e-16
-5.77818e-16
0
0
0
0
0
0
0
0
0
0
0
0
0
0
0
0
0
0
0
0
0
0
0
0
0
0
0
0
0
0
0
0
0
0
0
0
0
0
0
0
0
0
0
0
0
0
0
0
0
0
3.54127e-18
-1.57718e-16
2.12637e-18
0
0
-7.77075e-08
-7.87217e-08
0
0
0
0
0
0
0
0
0
0
0
0
0
0
0
0
0
0
0
1.50835e-12
4.35299e-13
-3.81721e-12
0
0
0
0
0
0
0
0
-5.41012e-13
-1.89695e-16
-3.09832e-13
0
0
0
0
-9.31874e-18
1.1181e-18
0
0
0
-1.86909e-12
-1.88546e-13
0
0
0
0
0
0
0
0
0
0
0
0
0
0
0
-1.69041e-13
-3.09268e-12
-1.0501e-17
0
0
0
0
0
0
0
0
0
0
-1.0566e-17
1.22576e-17
0
0
0
0
1.67546e-12
-3.67617e-12
0
3.12691e-15
-5.62043e-15
0
0
0
1.5128e-12
-2.20215e-16
0
0
0
0
0
0
0
0
0
0
0
0
0
0
0
-7.49273e-13
-2.28318e-13
0
-3.96167e-13
1.37101e-16
0
0
0
0
0
2.58012e-13
-1.70368e-12
5.25411e-13
0
0
0
0
0
0
0
0
0
-1.56482e-08
-5.89922e-08
0
0
0
0
0
0
0
0
0
0
0
0
0
0
1.02943e-12
5.56045e-13
-3.13922e-12
0
0
0
0
0
0
0
0
0
-8.78589e-17
9.66316e-16
0
0
0
0
0
0
0
0
0
0
0
0
0
0
0
0
0
0
2.02734e-15
-5.05809e-17
0
0
0
0
0
0
0
0
0
0
0
0
0
0
0
0
0
0
5.03367e-17
1.13136e-17
0
0
0
0
0
0
0
0
1.20492e-14
0
-4.50616e-15
0
0
0
0
0
0
0
0
0
0
0
0
0
0
0
0
0
0
0
0
0
0
0
0
0
0
0
0
0
0
0
0
0
0
0
0
0
0
2.82919e-16
-1.90468e-15
0
0
0
0
0
0
0
0
0
0
1.03835e-30
3.50828e-16
0
1.28571e-15
-4.893e-16
0
0
0
0
0
0
0
0
0
0
0
0
0
0
0
0
0
0
0
0
0
0
1.41913e-15
-1.25242e-15
0
0
0
0
0
0
0
0
0
0
0
0
0
0
0
0
0
0
0
0
0
0
0
0
-6.31449e-17
-1.51356e-12
0
0
0
0
0
-7.57098e-13
0
0
0
0
0
0
0
0
0
0
0
0
0
0
0
0
0
0
0
0
0
0
0
0
0
0
0
0
0
0
0
0
0
0
0
0
0
0
0
0
-6.9517e-08
-6.65725e-08
0
0
0
0
0
0
0
0
0
0
0
0
0
-2.96739e-16
0
0
0
-8.86749e-14
-3.36675e-12
0
0
0
0
0
0
0
0
0
0
0
0
0
0
0
0
0
0
0
0
0
0
0
0
0
0
0
0
0
0
0
0
0
0
0
0
0
0
0
0
0
0
0
0
0
0
2.84859e-19
-8.82369e-16
0
3.16236e-15
0
0
0
0
0
0
0
0
0
0
0
0
0
0
0
0
0
0
0
9.93148e-16
-9.53752e-12
0
0
0
0
0
3.87411e-13
-3.09215e-12
0
0
0
0
0
0
0
0
0
0
0
0
-3.86545e-16
0
0
0
0
0
0
0
0
0
0
0
0
-9.06487e-15
0
0
0
0
0
1.35938e-16
-9.2569e-17
-1.31364e-17
0
0
0
0
0
0
0
0
-1.03255e-12
-1.91533e-13
1.19831e-17
0
0
-9.86236e-16
0
0
0
0
0
0
0
0
0
0
0
0
0
0
0
0
-9.90325e-14
-2.16903e-13
-8.34679e-16
-1.77614e-16
3.56277e-17
0
0
0
0
0
0
0
0
0
-3.57396e-16
1.25754e-16
4.24432e-16
0
0
0
0
0
0
0
0
0
0
0
0
0
0
0
0
1.2948e-16
0
0
0
0
1.2086e-15
-3.00979e-16
0
0
0
2.53536e-17
0
-1.25747e-15
0
0
0
0
0
0
0
0
0
1.9739e-12
-7.34905e-12
5.42269e-13
0
0
0
0
0
0
0
0
0
0
0
0
0
-1.30768e-16
-3.03854e-15
0
0
1.10146e-12
4.261e-13
-3.03578e-12
0
0
0
0
0
0
0
0
0
0
0
0
0
0
0
0
0
0
0
0
0
0
0
0
0
0
0
0
0
0
0
0
0
0
0
0
0
0
0
0
0
0
0
0
0
0
0
0
0
1.63905e-12
-3.57521e-12
2.2473e-13
0
0
0
0
1.3963e-17
-8.46483e-18
-4.73318e-13
-1.03355e-13
0
0
0
0
0
0
0
0
0
0
0
0
0
0
0
-3.98758e-13
0
1.4056e-16
-1.06053e-16
-4.07527e-16
0
0
0
0
0
0
0
0
0
0
0
0
0
0
-7.59566e-15
-1.36758e-16
0
0
0
0
0
0
0
0
0
0
0
0
9.82326e-08
1.95438e-08
-3.53617e-17
1.06668e-16
-1.5531e-18
-5.09917e-19
-5.07292e-16
0
0
0
0
0
0
3.35512e-16
1.67578e-15
0
-6.25167e-13
1.1207e-15
-1.44207e-16
0
0
0
0
0
0
0
0
0
0
0
-1.18114e-16
0
0
0
0
0
0
0
0
0
0
-2.8821e-14
-1.72098e-12
0
0
0
0
0
0
0
0
0
0
0
0
0
0
0
0
5.39393e-18
0
0
0
0
0
0
0
0
0
0
1.12246e-16
-1.22262e-16
-9.51933e-16
0
0
0
0
0
1.43639e-16
0
0
0
0
0
0
0
-4.03823e-19
-7.67516e-16
0
4.98049e-17
-9.37796e-13
0
0
0
0
0
0
0
0
0
0
0
0
0
-5.82118e-13
-5.63594e-13
0
0
0
0
0
0
8.0524e-12
1.04742e-07
0
0
0
0
0
0
0
0
0
0
0
0
0
0
0
-3.62903e-16
0
1.05827e-15
0
0
0
9.64118e-16
1.16789e-15
0
0
0
0
0
0
0
0
0
0
0
0
0
0
0
0
0
0
-1.71185e-12
-2.50079e-13
6.31074e-17
0
0
0
0
0
0
-1.33259e-15
-2.15888e-16
0
0
0
0
0
0
0
4.3474e-17
1.93121e-17
0
0
0
0
-1.13514e-15
4.02765e-14
-3.31812e-12
2.51912e-17
-3.81991e-16
0
0
0
0
0
0
0
-3.16533e-15
-2.00274e-16
0
0
0
-9.71313e-08
-5.01547e-08
0
0
0
0
0
0
0
0
0
0
0
0
-2.60704e-13
1.30872e-16
-5.53461e-16
0
2.83902e-16
-4.32631e-13
-8.62211e-13
0
0
0
0
0
0
0
0
0
0
0
0
0
0
0
0
-1.43959e-12
1.60483e-13
0
0
0
0
0
0
0
0
0
0
0
0
0
0
0
0
1.26602e-16
0
0
0
0
0
0
0
0
0
0
0
0
0
0
0
0
0
0
0
0
0
0
0
0
0
0
0
0
0
0
0
-3.0814e-18
0
0
0
0
0
0
0
0
0
0
0
0
0
0
0
0
0
0
0
0
0
0
0
0
0
0
0
0
0
0
0
0
0
0
0
0
0
0
0
0
0
0
0
0
0
0
0
1.04128e-11
1.84904e-07
-1.42842e-07
0
0
0
0
0
0
0
0
0
0
0
0
0
0
0
2.1241e-16
7.68911e-16
2.51712e-15
-5.96679e-16
0
0
0
0
0
0
0
0
0
0
0
0
0
0
0
0
0
0
0
0
0
0
0
0
0
-4.68347e-15
0
0
0
0
0
0
0
0
0
0
7.9497e-13
1.13344e-12
-3.84985e-12
-2.83499e-16
1.98645e-16
0
0
1.03831e-12
-3.05218e-12
4.80891e-13
0
0
0
0
0
0
0
0
0
0
0
0
0
0
0
0
0
9.63545e-17
0
2.06909e-30
0
0
0
0
0
0
0
0
0
0
0
0
0
0
0
8.37057e-17
1.38552e-15
0
0
0
0
0
0
0
0
0
0
0
0
0
0
8.23161e-17
0
-4.18392e-17
0
0
0
-3.32175e-16
0
0
0
0
0
0
0
0
0
0
2.98267e-16
-2.89477e-16
0
0
0
0
0
0
0
0
0
-1.03673e-12
1.43797e-16
-6.94505e-13
0
0
0
0
0
0
0
0
0
0
0
0
0
0
0
0
0
0
0
0
0
0
0
0
0
0
0
0
0
0
0
0
0
-7.64781e-14
-3.75051e-16
2.35946e-13
0
0
0
0
0
0
0
-8.76557e-17
0
0
7.15179e-16
-5.39092e-16
0
0
0
-7.12776e-17
0
0
0
0
0
0
0
0
0
0
0
0
0
0
0
0
2.35079e-15
0
-3.37327e-15
0
0
0
0
0
0
-6.68016e-13
0
0
0
0
8.24219e-13
3.6274e-12
0
0
0
0
0
0
0
0
3.54398e-16
0
0
0
0
0
0
0
0
1.12554e-16
0
0
0
0
0
1.1142e-15
-3.6822e-16
0
0
0
0
0
0
0
0
0
0
0
0
0
0
0
0
0
0
0
0
0
0
0
0
0
0
0
0
0
0
6.09812e-08
3.71465e-12
0
0
0
0
0
0
0
0
5.7398e-12
3.33274e-12
0
0
0
0
0
0
0
0
0
0
0
0
0
0
0
0
0
0
0
0
0
0
0
0
0
0
0
-9.20676e-16
0
0
0
7.13682e-15
0
0
0
5.59134e-17
1.76028e-13
0
0
0
0
0
0
0
0
0
0
0
0
0
0
0
0
0
0
0
0
0
0
0
0
0
0
0
0
-1.33139e-12
-9.24056e-13
-2.61282e-16
0
0
0
0
0
-1.16628e-12
-3.455e-16
0
0
0
1.8067e-16
0
0
0
0
0
0
0
0
0
0
0
0
0
0
0
0
0
-1.40917e-16
-8.57348e-13
0
0
0
0
0
0
0
0
0
2.72731e-16
-1.17614e-16
4.53482e-13
-3.16705e-12
1.17887e-12
0
0
0
0
0
0
0
0
0
0
0
0
0
0
8.74725e-13
-4.54596e-12
0
0
0
0
0
0
0
0
0
0
0
0
0
0
0
0
0
0
0
0
0
3.01834e-14
1.02257e-16
0
0
-3.60637e-16
0
-2.33735e-16
0
0
0
0
0
0
0
0
0
0
0
0
0
0
-1.68292e-18
0
0
2.19073e-17
0
0
0
4.54633e-16
0
0
0
0
0
0
0
0
0
-2.04087e-16
-1.53513e-16
0
0
0
0
0
0
0
0
0
0
0
0
0
0
0
-3.48798e-15
-3.53083e-15
0
0
0
0
0
0
0
0
-1.79917e-12
3.32474e-13
0
0
0
1.42968e-16
0
0
0
0
0
0
0
1.27881e-12
-3.51568e-12
0
0
0
0
0
0
0
-6.9237e-13
0
0
0
0
0
0
0
0
0
0
0
0
0
0
0
0
0
0
0
0
0
0
0
0
0
0
0
0
0
0
0
0
0
0
0
0
0
0
0
0
-7.94887e-13
0
0
0
0
-3.09979e-15
-3.0932e-15
0
0
0
0
0
0
0
0
0
0
0
0
0
0
0
-4.3671e-16
0
0
0
0
0
0
0
0
0
-7.78953e-31
-4.19082e-17
0
0
0
0
0
1.2072e-14
0
1.79925e-14
0
0
0
0
0
0
0
0
0
0
0
0
0
0
0
0
0
0
0
0
0
0
0
0
0
0
0
0
0
0
0
0
0
0
0
0
-1.81706e-12
-1.1082e-12
0
0
0
0
0
0
0
0
0
0
0
0
0
0
0
0
0
0
0
0
0
0
0
0
0
0
0
0
0
0
0
0
0
0
0
0
0
0
0
0
0
0
0
0
0
0
0
0
0
0
0
0
0
0
0
0
0
0
0
0
0
0
0
0
0
0
0
0
-1.59712e-16
3.49597e-16
0
3.19878e-16
0
0
0
0
0
0
0
0
0
0
0
0
0
0
0
3.88519e-16
3.8084e-16
0
0
0
0
0
0
0
0
0
0
0
0
0
0
0
0
0
0
0
0
0
0
0
0
0
0
0
0
0
0
0
0
1.19218e-16
0
0
0
0
0
0
0
0
0
0
0
0
0
0
0
0
7.05213e-13
-5.03144e-12
0
0
0
0
0
0
0
0
0
0
0
0
-2.00692e-12
-4.33127e-16
0
0
0
0
0
0
0
0
0
0
0
0
0
0
0
0
0
0
0
0
0
0
0
0
0
0
5.82676e-16
0
0
0
0
0
0
0
0
0
0
0
0
0
0
0
0
5.20316e-31
-4.70559e-17
-3.54078e-16
0
0
0
0
0
0
0
0
0
1.43829e-13
-5.90485e-13
8.58389e-14
0
0
0
0
0
0
0
0
0
0
0
0
0
0
0
0
0
0
0
0
0
0
0
0
0
0
0
1.97786e-16
0
0
0
0
0
8.77147e-15
0
0
1.62837e-14
-7.38735e-16
0
0
0
0
0
0
0
0
0
0
0
0
0
0
0
-9.51442e-16
0
0
0
0
0
0
0
0
0
0
-7.30621e-18
0
0
0
0
0
0
0
0
0
0
0
-9.34677e-13
0
0
6.10557e-08
0
0
0
0
0
0
0
0
0
0
1.19052e-12
7.33098e-13
-3.84673e-12
0
0
0
0
0
0
-2.08157e-17
0
0
0
0
0
0
0
0
0
0
-6.23414e-16
0
0
0
0
0
0
0
0
0
0
0
0
0
0
0
0
0
0
0
0
0
0
5.56662e-15
-8.85493e-15
0
0
0
0
0
0
0
0
0
-1.81497e-12
0
0
0
0
7.74606e-12
9.84285e-08
0
0
0
0
0
0
0
0
0
0
0
0
0
0
0
-1.42462e-15
-2.913e-15
-1.99295e-12
-2.0813e-12
0
0
0
0
0
0
0
0
0
0
0
0
0
0
0
0
0
0
7.47722e-13
1.07059e-12
-3.62982e-12
-4.94147e-13
-4.50329e-13
0
0
0
0
0
0
0
0
0
0
0
0
0
0
0
0
0
0
0
9.52139e-16
-2.80739e-15
3.70865e-16
-2.29823e-15
0
0
0
0
0
0
0
0
0
0
0
3.91992e-17
0
0
0
0
0
0
0
0
0
0
0
0
0
0
0
0
0
3.98423e-16
4.10366e-17
0
0
0
-3.11742e-15
-3.78271e-15
0
0
0
0
0
0
0
0
0
0
0
0
0
0
0
0
0
0
0
0
1.6425e-08
3.26861e-12
5.95963e-08
0
0
0
-7.51216e-19
6.02927e-18
0
0
0
0
0
0
0
0
0
0
0
3.63578e-15
0
0
1.22877e-18
1.11449e-15
0
0
0
0
0
0
1.16135e-12
-8.08502e-12
0
0
0
0
0
0
0
0
0
0
0
0
0
0
0
8.75778e-16
-1.27596e-14
0
0
0
0
0
-2.6842e-12
3.23609e-13
0
0
0
0
0
0
0
0
0
0
0
0
1.40524e-16
-5.33948e-12
0
0
0
0
9.8876e-16
-8.00177e-16
0
0
0
0
-5.63445e-13
-4.22593e-13
0
0
0
0
0
0
0
0
-3.28777e-15
0
0
0
0
0
0
-1.57045e-16
-3.03745e-16
0
0
0
0
0
0
0
0
0
0
0
0
0
-9.4457e-16
-2.91807e-15
0
0
0
0
0
0
0
0
0
0
0
0
0
0
0
0
-7.45659e-14
0
0
0
0
0
-8.43421e-13
-8.55128e-13
0
0
0
0
0
0
0
0
0
0
0
0
0
0
0
0
0
0
0
0
0
0
0
0
0
0
0
0
6.15796e-12
6.87965e-08
0
0
0
0
0
0
0
0
0
0
0
0
0
0
0
0
0
0
0
0
0
6.50963e-16
2.66816e-16
0
0
0
0
0
1.61011e-15
4.72167e-15
0
0
0
0
0
0
0
0
-4.17535e-17
-8.10873e-17
-2.87687e-15
0
-6.91917e-17
7.20321e-17
0
-7.41593e-17
0
0
0
0
0
0
-1.36988e-16
5.82589e-17
0
0
0
0
0
0
0
0
0
0
0
7.30527e-17
9.44364e-16
0
0
0
0
0
0
0
0
0
0
0
0
0
0
0
0
0
0
0
0
0
0
0
0
0
0
0
-1.06854e-16
-1.57334e-16
0
0
0
0
0
0
-7.87579e-13
-1.18202e-12
0
0
0
0
0
0
0
0
0
0
-2.50322e-08
0
0
0
0
0
0
0
0
0
0
0
0
0
0
0
0
0
0
0
0
0
0
0
0
0
0
2.95263e-15
-2.41379e-15
0
0
0
3.85794e-17
-3.11949e-12
0
0
0
0
0
0
-1.15291e-17
-6.55717e-18
-1.29877e-17
0
0
0
0
-9.04306e-08
0
0
0
0
0
0
0
0
0
0
0
0
0
0
0
0
0
0
0
0
0
0
1.25604e-15
-3.05118e-15
0
6.947e-13
9.58131e-13
-3.29304e-12
0
0
0
0
0
0
0
0
0
0
-3.45924e-15
0
2.95092e-18
0
0
0
0
0
0
0
0
0
0
0
0
0
0
0
0
0
0
0
0
0
0
0
0
0
0
0
0
0
0
0
0
0
0
6.4612e-13
-2.43313e-12
0
0
0
-1.76923e-15
0
2.0706e-15
0
0
0
0
0
0
0
0
0
0
0
0
0
-6.16817e-17
0
0
0
1.79164e-17
1.03881e-15
0
0
0
0
0
0
0
0
0
3.77699e-16
0
0
0
0
0
0
0
0
0
0
9.6746e-16
0
0
0
0
0
0
0
0
0
0
0
0
0
0
0
0
0
0
0
-1.04456e-12
0
0
0
0
0
0
0
0
0
0
0
0
0
0
0
0
0
0
-8.77153e-17
0
0
0
-2.4036e-15
3.20865e-15
0
0
0
0
0
0
0
0
0
0
0
0
0
0
0
0
0
0
0
3.10311e-17
2.63136e-17
0
0
0
0
0
4.39773e-16
0
0
0
0
0
0
0
0
0
0
1.50015e-15
-6.80951e-16
0
0
0
0
0
0
0
0
0
0
0
0
0
0
0
0
0
0
0
0
0
0
0
0
0
0
0
0
0
-1.75169e-12
0
0
0
0
0
5.41989e-08
4.51896e-12
0
0
0
0
0
0
0
0
0
0
0
0
0
0
0
-5.52419e-17
-9.63364e-13
0
0
0
0
0
0
0
5.18288e-31
4.37922e-17
0
0
0
0
0
0
0
0
0
0
5.11126e-16
0
0
0
0
0
0
0
0
0
0
0
0
0
0
0
0
0
0
0
0
0
0
0
0
0
0
0
0
0
0
0
0
0
0
0
0
0
0
0
0
1.44469e-08
0
0
0
0
4.62984e-17
1.27403e-16
2.1069e-15
-9.00878e-16
0
0
0
0
0
0
0
0
0
0
0
0
0
0
0
0
0
0
0
0
0
0
0
0
0
0
0
0
4.54955e-12
9.91469e-08
1.0176e-12
-3.61018e-12
0
0
0
0
0
0
0
0
0
0
0
8.36902e-18
0
0
0
0
0
0
0
0
0
0
0
0
0
0
0
0
0
0
0
0
0
0
0
0
0
0
0
0
0
0
0
0
0
0
0
0
0
0
0
0
0
0
0
0
0
0
0
0
0
0
-5.20667e-16
0
0
0
0
0
0
0
0
0
0
0
0
0
0
0
0
0
0
0
-3.67333e-17
-1.05493e-16
0
0
0
0
0
0
0
0
0
0
0
2.15183e-14
0
3.49874e-15
0
0
0
0
0
0
0
0
0
0
0
0
0
0
0
0
0
0
0
0
0
0
0
0
0
0
0
0
0
0
0
0
0
0
0
0
0
0
0
0
0
0
0
0
0
0
0
0
0
0
0
0
0
0
0
0
0
0
0
0
0
0
0
0
0
0
0
0
0
2.15498e-15
0
7.90116e-16
0
0
0
0
0
6.35715e-13
-3.11945e-12
0
0
0
0
0
0
0
0
0
0
0
0
0
0
0
0
0
0
0
0
0
0
0
0
0
0
0
0
0
0
0
0
0
0
0
0
0
0
0
0
8.41475e-16
0
0
0
0
0
0
0
0
0
8.55146e-16
0
0
-3.47524e-15
-4.33577e-15
-6.18042e-13
-2.93505e-13
0
0
0
0
0
0
0
-6.33044e-18
2.28018e-16
0
0
0
0
0
0
0
0
0
0
0
0
0
0
-1.82868e-16
0
0
0
0
0
0
0
0
0
0
-1.26592e-12
0
0
0
0
0
0
0
0
0
0
0
0
0
0
0
0
0
0
0
0
0
0
0
0
0
0
0
0
-5.90906e-18
-4.10955e-16
0
0
0
0
0
0
0
0
-2.42531e-15
0
0
0
0
0
0
0
0
1.54025e-15
1.14699e-17
-7.30333e-17
0
0
0
0
-8.50634e-13
0
0
0
0
0
0
0
0
0
0
0
0
0
0
0
0
0
0
0
0
0
0
0
0
0
0
0
0
0
0
0
0
0
0
0
0
0
0
0
0
0
0
0
0
-1.80954e-15
0
0
0
-1.01284e-12
-5.86891e-13
0
0
0
0
0
0
0
0
0
0
0
0
0
0
0
0
0
0
0
0
0
0
-1.11855e-12
0
0
0
0
0
0
0
0
0
0
0
0
0
0
0
0
0
0
0
0
-4.20624e-16
1.04597e-16
0
-5.81474e-17
-9.80391e-15
0
0
0
0
0
0
0
0
0
0
0
0
0
0
0
0
0
0
0
0
0
0
0
0
0
0
0
0
0
0
0
0
0
0
0
0
0
0
0
0
0
0
0
0
0
0
0
0
0
0
0
0
0
0
0
0
0
0
0
0
-2.33534e-16
0
0
0
1.53487e-16
-5.45638e-16
0
0
0
0
0
0
0
2.75107e-15
0
-2.29416e-15
0
0
0
0
0
0
0
0
0
0
0
0
0
0
0
0
0
0
0
0
0
-5.11035e-13
-6.47994e-17
-7.89469e-13
0
0
0
0
0
0
0
0
0
0
0
0
0
0
0
0
0
0
3.37703e-14
-1.17178e-15
4.05936e-16
0
0
0
0
0
0
0
0
0
0
0
0
0
0
-1.21398e-16
1.52302e-16
0
0
0
0
0
0
0
0
0
0
0
0
0
0
0
0
0
0
-9.11361e-13
-1.46868e-15
3.66637e-15
0
0
0
0
0
0
0
0
0
0
0
0
0
0
0
0
0
0
0
0
0
0
0
0
0
0
0
0
0
0
0
0
0
0
0
0
0
0
0
0
0
-2.41396e-15
-3.19732e-14
0
0
0
0
0
0
0
0
0
0
0
0
0
0
0
0
0
0
0
0
0
0
0
0
0
0
0
0
0
0
0
0
0
0
0
0
1.75291e-14
5.22313e-16
0
0
0
0
0
-1.01282e-12
0
0
0
0
0
0
0
0
0
0
-5.36238e-16
5.17436e-16
0
0
0
0
0
0
3.52549e-15
0
0
0
0
0
0
0
0
0
0
0
0
0
0
0
0
0
0
0
0
0
0
0
0
0
-9.70518e-16
3.72033e-16
0
0
-8.92208e-16
0
0
0
0
0
0
0
0
0
0
0
0
0
0
0
0
0
0
0
0
0
0
0
0
0
0
0
0
2.55864e-16
5.34739e-16
0
0
0
0
0
0
0
0
0
0
0
0
0
0
0
0
0
0
0
0
0
0
0
0
0
0
0
0
0
0
0
0
0
0
0
0
0
0
0
0
0
-1.6193e-16
0
5.44843e-16
0
2.33183e-17
0
4.06448e-16
0
0
0
0
0
0
0
0
0
0
0
0
0
0
0
0
0
0
0
0
0
0
0
0
-5.42889e-16
0
0
0
0
0
0
0
0
-4.39079e-12
-1.91799e-16
0
0
-2.69044e-15
0
0
0
0
0
0
0
0
0
0
0
3.16783e-15
0
0
0
0
0
0
0
0
0
0
0
0
0
0
0
0
0
0
0
0
0
0
0
0
0
0
0
0
-3.62556e-16
-9.47238e-16
0
0
0
-1.83123e-16
0
0
0
0
0
0
0
0
0
0
0
0
0
0
0
0
0
0
0
0
0
0
0
0
0
0
0
0
0
0
0
0
0
-8.62118e-13
0
0
0
0
0
-2.12717e-16
-1.87921e-16
0
0
0
0
0
0
3.05577e-15
-2.04475e-30
0
0
0
0
0
0
0
0
0
0
0
3.24667e-15
-1.10723e-12
0
0
0
0
0
0
0
0
0
0
0
0
0
0
0
0
0
0
0
0
0
0
-4.9783e-13
-7.26726e-13
0
0
0
0
0
0
0
0
0
0
0
0
0
0
0
0
1.30255e-16
0
0
0
0
0
0
0
0
0
0
0
0
0
0
0
0
0
0
0
0
0
0
0
0
0
0
0
0
0
0
0
0
0
0
0
0
0
0
0
0
0
0
0
0
0
0
0
0
0
0
0
0
1.36232e-15
0
0
0
0
0
0
0
0
0
0
0
0
0
1.01104e-18
-8.98608e-18
0
0
0
0
0
0
0
0
-3.45249e-14
3.93872e-15
0
0
0
0
0
0
0
-1.10707e-12
0
0
1.7044e-15
0
0
0
0
0
0
0
-7.36385e-13
0
0
0
0
0
0
0
0
0
2.6356e-16
0
0
0
0
0
0
0
0
0
0
0
0
0
0
0
0
0
0
0
0
0
0
0
0
0
0
0
-8.34583e-13
0
0
0
0
0
0
0
0
0
0
0
0
0
0
0
0
0
0
8.77099e-13
7.58974e-13
0
0
0
0
0
2.28258e-17
-1.0701e-17
0
0
0
0
0
0
0
0
0
0
0
0
0
0
1.51352e-15
0
-1.90663e-15
0
0
2.57083e-17
0
0
-7.95453e-13
0
0
0
0
0
0
0
0
0
3.35965e-16
0
0
0
0
0
0
0
0
0
0
0
0
0
0
0
0
0
0
0
0
0
0
0
0
0
0
0
0
0
0
0
0
0
0
0
0
0
0
0
0
0
0
0
0
0
0
0
0
0
0
0
0
0
0
0
0
0
0
0
0
0
0
0
-5.23031e-17
0
0
0
0
0
0
0
0
0
0
0
0
0
0
0
0
0
0
0
0
0
0
0
0
0
0
0
0
0
0
0
0
0
-8.10739e-16
0
0
0
0
0
0
0
0
0
1.87828e-15
0
0
0
0
0
0
0
0
0
0
0
0
0
0
0
0
0
0
0
0
0
0
0
0
0
2.57328e-18
-9.01049e-16
-1.46682e-17
-1.05041e-14
2.41502e-16
0
0
0
0
0
0
0
0
0
0
0
0
0
0
-2.56457e-15
1.68226e-16
0
0
0
0
0
0
0
0
0
0
0
0
0
0
0
0
0
0
0
0
0
0
0
0
0
0
0
0
0
0
0
0
0
0
0
0
0
0
0
0
0
0
0
0
0
2.57464e-17
0
0
0
0
0
0
0
0
2.05656e-16
-4.35921e-17
0
0
0
0
0
0
0
0
0
0
0
0
0
0
0
0
0
0
0
0
0
0
0
0
-2.14557e-12
-1.53165e-12
0
0
0
0
0
0
0
0
0
0
0
-3.81123e-14
1.9914e-12
-4.05231e-12
0
0
0
0
0
0
0
0
0
0
0
6.41839e-13
-1.85529e-12
0
0
0
0
0
0
0
7.61944e-16
-3.52209e-17
0
0
0
0
0
0
0
0
0
0
0
0
0
0
0
0
0
-5.03482e-19
0
0
0
0
0
0
0
0
0
0
0
0
0
0
5.96573e-17
-1.40982e-16
0
0
0
0
0
1.15337e-16
3.88452e-16
0
0
0
0
8.4995e-17
-6.26043e-15
0
0
0
0
0
0
0
0
0
0
0
0
0
0
0
0
0
0
0
0
0
0
0
0
0
0
0
0
0
0
3.39241e-19
0
0
0
0
0
0
0
0
0
0
0
0
0
0
0
0
0
0
0
0
0
0
0
0
0
0
0
0
0
0
0
0
0
0
0
0
0
0
0
0
0
0
0
0
0
0
0
0
7.81502e-17
0
0
0
0
6.7741e-16
0
0
0
0
3.22621e-15
-2.6712e-15
0
0
0
0
0
0
0
0
0
9.84896e-16
0
0
0
0
0
0
0
0
0
0
0
0
0
0
0
0
6.31064e-16
0
0
0
0
0
0
0
0
0
0
1.62985e-14
0
0
0
0
0
0
0
0
0
0
0
0
0
0
0
0
0
0
0
0
0
0
2.44109e-15
0
-2.62745e-15
0
-5.73509e-16
0
0
2.6453e-16
0
0
0
0
5.66579e-16
0
-5.93776e-17
0
0
0
0
0
0
0
0
0
0
0
0
0
0
0
0
0
0
0
-8.88275e-16
0
0
0
0
0
0
0
0
0
0
0
0
0
0
0
0
0
0
0
0
0
0
0
0
0
0
0
0
0
0
0
-1.25056e-16
0
0
0
0
0
0
5.34409e-16
0
0
0
0
0
0
0
0
0
0
0
0
0
0
0
0
0
0
2.59069e-16
0
0
0
0
0
0
0
0
0
0
0
0
0
0
0
0
0
0
0
0
0
0
0
0
0
0
0
0
0
0
0
0
0
3.44562e-16
0
0
0
0
0
0
0
0
0
0
0
0
0
0
0
0
0
0
0
0
0
0
0
0
0
0
0
0
0
0
0
0
0
0
0
0
0
0
0
0
0
0
0
0
0
0
0
0
0
0
0
0
0
0
0
0
0
0
0
0
0
0
0
0
0
0
0
0
0
0
0
0
0
0
0
0
0
0
0
0
0
0
0
0
0
0
0
0
0
0
0
0
0
0
0
-2.10606e-16
5.58146e-16
1.80267e-16
0
0
0
0
0
0
0
0
-4.33e-17
0
0
0
0
0
0
0
0
0
0
0
0
0
-2.97313e-16
0
0
0
0
0
0
0
0
0
0
0
0
0
0
0
0
0
0
0
0
0
0
0
0
0
0
0
0
0
0
0
0
-3.10349e-16
1.56822e-16
0
0
0
0
0
0
3.70951e-16
0
0
0
0
0
0
0
0
0
0
0
0
0
0
0
0
0
0
0
0
0
0
0
0
0
0
0
0
0
0
0
0
0
0
0
0
2.77155e-15
-2.55717e-15
0
0
0
0
0
0
0
0
0
0
4.16036e-12
0
-1.00904e-16
6.22242e-17
0
0
0
6.42349e-16
1.46696e-16
4.65582e-15
0
0
0
0
0
0
0
0
0
0
0
0
0
0
0
0
0
0
0
0
0
0
0
0
0
0
0
0
0
0
0
0
0
0
0
0
0
0
0
0
0
0
0
0
0
0
0
0
0
0
0
0
0
0
0
0
0
0
0
0
0
0
0
0
0
0
0
0
0
6.10988e-17
-4.03825e-17
0
0
0
0
-9.05674e-16
0
0
0
0
0
0
0
0
0
0
0
0
0
0
0
0
0
0
0
0
0
0
0
0
0
0
0
0
0
0
0
0
0
0
0
0
0
0
0
0
0
0
0
0
0
0
0
0
0
0
0
0
0
-1.03835e-30
0
0
0
0
0
-3.01823e-15
2.75144e-16
0
0
0
0
0
0
0
0
0
0
0
0
0
0
0
0
0
0
0
0
0
0
0
0
0
0
0
0
1.83605e-16
0
0
0
0
0
0
0
0
0
0
0
0
0
0
0
0
0
-3.02994e-12
0
0
0
-6.08557e-33
-4.57765e-16
0
0
0
0
0
0
0
0
0
0
0
0
0
2.99979e-16
0
0
0
0
0
0
0
0
0
2.99057e-15
0
0
0
0
0
0
0
0
-5.54925e-16
0
0
0
0
0
0
0
0
0
0
0
0
0
0
0
0
0
0
0
0
0
0
0
0
0
0
0
0
0
0
0
0
0
0
0
0
0
0
0
-1.82308e-16
4.3697e-17
-1.36704e-16
0
0
0
0
0
0
0
0
0
0
0
0
0
0
0
3.63895e-16
0
0
0
0
0
0
0
0
0
0
0
0
0
0
0
0
0
0
-7.09081e-17
0
0
0
0
0
0
0
0
0
0
0
0
0
0
0
-6.00603e-13
0
3.21702e-16
-3.89476e-31
0
-1.38627e-15
0
0
0
1.92514e-16
-2.42665e-16
0
0
0
0
0
0
0
0
0
0
0
0
0
0
0
0
0
0
0
0
0
0
0
0
0
0
0
0
0
0
0
0
0
0
0
0
0
0
0
0
0
0
0
0
0
0
0
0
0
0
0
0
0
0
0
0
0
0
0
0
0
0
0
0
0
0
0
0
0
0
0
0
0
0
0
0
0
0
0
0
-5.27795e-14
0
2.24105e-15
0
0
0
0
0
3.57893e-16
0
0
0
0
0
0
0
0
0
0
0
0
0
2.83809e-16
-2.22538e-16
0
0
0
0
0
0
0
0
0
0
0
0
0
0
0
0
0
0
0
0
0
0
0
0
0
0
0
0
0
0
0
0
-7.39915e-08
-5.31314e-08
0
0
0
0
0
0
0
0
0
0
0
0
0
0
0
0
0
0
0
0
0
0
-6.36614e-12
0
0
0
0
0
0
0
7.63784e-16
-1.70753e-15
0
-4.16323e-12
2.80386e-12
0
0
0
0
0
0
0
0
0
0
0
0
0
0
0
0
0
0
0
0
0
0
0
3.38769e-15
0
0
0
0
0
0
0
0
-5.92552e-17
5.82764e-17
5.45909e-16
0
0
0
0
-7.67633e-16
0
0
0
0
0
0
0
0
0
0
0
0
0
0
0
0
0
0
0
0
0
0
0
0
0
0
0
0
0
0
0
0
0
0
0
0
0
0
0
0
0
0
0
0
0
0
0
0
7.50986e-17
-1.08029e-15
0
0
0
0
0
0
0
0
0
0
0
0
0
0
4.04133e-16
9.85305e-16
0
0
0
0
0
0
0
0
0
0
0
0
0
0
2.68608e-16
1.12575e-16
0
0
0
0
0
0
0
0
0
0
0
0
0
0
0
0
0
0
0
0
0
0
0
0
0
0
0
0
0
0
0
1.58661e-17
-1.55689e-30
0
0
0
-1.02684e-12
0
0
0
-2.06909e-30
0
0
0
0
0
0
0
0
0
0
0
0
0
4.05705e-33
0
0
0
-1.43533e-16
0
0
0
0
0
0
0
0
0
0
0
0
4.36484e-17
0
0
0
0
0
0
0
0
0
0
0
-1.2466e-12
5.16625e-14
0
5.17688e-16
0
4.80832e-16
0
0
0
0
0
0
0
0
-5.16957e-16
0
0
0
0
0
0
0
0
0
0
0
0
0
0
0
0
0
0
-2.35731e-15
0
0
0
0
0
0
0
0
0
0
0
0
0
0
0
0
0
0
2.02017e-14
0
0
0
0
0
0
0
0
-3.78309e-16
0
-9.17352e-17
-8.97704e-17
0
0
0
0
-1.48884e-15
-1.50427e-15
0
0
0
0
0
0
0
0
0
0
0
0
0
0
0
0
0
0
0
0
0
0
0
0
0
1.67927e-16
0
0
0
0
-2.17664e-17
-8.69312e-17
0
0
0
0
0
0
0
0
1.06223e-12
-3.92306e-12
0
8.518e-17
0
0
0
0
0
0
0
0
0
0
0
0
0
0
0
0
0
0
0
0
0
0
0
-3.16122e-16
-1.05213e-12
0
0
0
0
2.24752e-16
-7.0627e-16
0
0
0
0
0
0
0
-2.86911e-16
2.49929e-14
0
0
0
0
0
0
0
0
0
0
0
0
0
0
0
0
0
0
0
0
0
0
0
0
0
0
0
0
-1.37915e-16
6.9832e-17
0
0
0
0
0
0
0
0
0
0
0
0
0
0
0
-4.45846e-18
0
0
0
0
0
0
0
0
0
0
0
0
0
0
0
0
0
0
0
0
0
3.19646e-16
0
0
0
0
0
0
0
0
0
0
0
0
0
-2.71208e-16
0
0
-6.5421e-17
0
0
0
0
0
0
0
0
0
0
0
0
0
0
0
0
0
0
0
0
0
0
0
0
0
0
0
0
0
0
0
0
0
9.61988e-16
0
0
0
0
0
0
0
0
0
0
0
0
0
0
0
0
0
0
0
0
0
0
0
0
0
0
0
0
0
0
0
0
0
0
0
0
0
0
0
0
0
0
0
0
0
0
0
0
5.18795e-31
0
0
0
0
0
0
0
0
0
0
0
0
0
0
0
0
0
0
0
0
0
0
0
0
0
0
0
0
0
0
0
0
0
0
0
0
0
0
0
0
0
0
0
0
0
0
0
0
0
0
0
0
0
0
-3.55904e-15
4.54512e-08
0
0
3.26556e-15
-4.75779e-15
0
0
0
0
0
0
0
0
0
0
0
-1.01731e-16
0
0
0
0
0
0
0
0
0
0
0
0
0
0
0
0
0
0
0
0
0
0
1.1638e-14
-4.49297e-16
4.72135e-16
0
0
0
0
0
0
1.03418e-14
0
0
0
-2.24354e-16
1.21452e-15
0
0
0
0
0
0
0
0
0
0
0
0
0
0
0
0
0
0
0
0
0
0
0
0
0
0
0
0
-5.52324e-16
-1.47751e-16
-4.87937e-16
0
0
0
0
0
0
0
0
0
0
0
0
0
0
0
0
0
0
0
0
0
0
0
0
0
0
0
0
0
0
0
0
0
0
0
0
0
0
0
0
0
0
0
0
0
0
0
0
0
0
-1.35228e-15
0
0
0
0
0
0
2.09846e-16
-1.83121e-16
0
0
0
0
0
0
0
0
0
0
0
0
0
0
0
0
0
0
0
0
0
0
0
0
0
0
0
0
0
0
0
0
0
-5.92624e-17
-1.0127e-16
0
0
-1.08831e-16
0
0
0
0
0
0
0
0
3.07833e-16
-1.63354e-15
5.08936e-16
0
0
0
0
0
0
0
0
0
0
0
0
0
0
0
0
0
0
0
0
0
0
0
1.63087e-15
0
1.26764e-15
9.66922e-16
0
0
0
0
0
0
0
0
0
0
0
0
0
0
0
0
0
-2.33879e-16
0
0
0
0
1.46236e-15
0
0
0
0
0
0
0
0
0
0
0
3.59237e-17
0
0
2.87568e-15
0
0
0
0
0
0
0
0
0
0
0
0
0
-1.3948e-15
5.10319e-16
0
0
0
0
0
0
0
0
0
0
0
0
0
0
0
0
0
0
0
0
0
0
0
0
0
0
0
0
0
0
0
0
0
0
0
-8.55002e-10
4.90003e-08
0
0
0
0
0
0
0
0
0
0
0
0
0
0
0
0
0
0
0
0
0
0
0
0
0
0
0
0
-3.0269e-15
0
9.34314e-16
-1.13564e-14
0
0
0
0
0
0
0
0
0
-6.48602e-16
1.43143e-15
0
0
0
0
0
0
0
0
0
0
0
0
0
0
0
0
-3.07456e-15
-1.26419e-16
-4.48366e-16
0
0
0
0
0
0
0
0
0
0
0
0
0
0
0
0
0
0
0
0
0
0
0
0
0
0
0
0
6.3474e-16
2.70745e-16
0
0
0
0
0
0
0
0
0
0
0
1.36608e-20
0
0
-9.75717e-16
0
8.90437e-16
0
0
0
0
0
0
0
0
0
0
0
0
0
0
0
0
0
0
0
0
0
0
0
0
0
0
0
0
0
0
0
0
-2.21207e-12
0
3.20106e-17
-8.14537e-13
0
0
0
0
0
-4.18224e-16
9.94393e-16
-1.76681e-16
0
0
0
0
0
0
0
0
0
0
0
0
0
0
0
0
0
0
0
0
0
0
0
0
0
0
0
0
0
0
0
0
0
0
0
0
0
0
0
0
0
0
0
0
0
0
0
0
0
0
0
0
0
0
0
0
0
0
0
0
0
0
0
0
0
0
0
0
0
0
0
0
0
0
0
0
0
0
0
0
0
0
0
0
0
0
0
0
0
0
0
0
0
0
0
0
0
0
0
0
0
0
0
0
0
0
0
0
0
0
0
0
0
0
0
0
1.76247e-16
5.12436e-16
-5.91723e-16
0
0
0
0
0
0
0
0
0
0
0
0
0
0
0
0
0
0
0
0
-4.89876e-16
5.15447e-15
0
0
0
0
0
0
0
0
0
0
0
0
0
0
0
0
0
0
0
0
0
2.73982e-17
6.67282e-17
0
0
0
0
0
0
0
0
0
0
3.64747e-16
0
1.24052e-14
0
-4.83357e-16
0
0
0
0
0
0
0
0
0
0
0
0
0
-2.15315e-16
1.60674e-14
0
0
0
0
0
0
0
0
0
0
0
0
0
0
0
0
0
0
0
0
0
0
0
0
0
0
0
0
0
0
0
0
0
0
0
0
0
0
0
0
0
0
0
0
0
0
0
0
0
0
0
0
0
0
0
0
0
0
0
0
0
0
0
0
0
0
0
0
0
0
0
0
0
0
0
0
0
0
0
0
0
0
1.84006e-16
0
0
0
0
0
5.37849e-18
0
0
0
0
0
0
0
0
0
0
0
0
0
0
0
0
-8.0994e-19
4.7047e-18
0
0
0
0
0
0
0
0
2.66875e-17
0
0
0
0
0
0
0
0
0
2.57214e-16
0
0
0
0
0
0
0
0
0
0
0
0
0
0
0
0
0
0
0
0
0
0
0
0
0
0
0
0
0
0
0
0
0
0
0
0
0
0
0
0
0
0
0
0
0
0
0
0
0
0
0
0
0
-1.65907e-16
-1.28369e-12
0
0
0
0
0
0
0
0
0
0
0
0
0
0
0
0
0
0
0
0
0
0
0
0
0
0
0
0
0
0
0
2.54964e-15
0
0
0
0
0
0
0
0
0
0
0
0
0
0
0
0
0
0
0
0
0
0
0
0
0
0
0
0
0
0
0
0
4.13078e-13
-2.96952e-12
0
0
0
0
0
0
0
0
0
0
0
0
0
0
0
0
0
0
0
0
0
0
0
0
0
0
0
0
0
0
9.18314e-13
0
0
0
0
-7.75979e-13
0
-4.6263e-13
0
0
-3.96679e-16
0
0
0
0
0
0
0
0
0
0
0
0
0
0
0
0
0
0
0
0
0
0
0
0
0
0
0
0
0
0
0
0
0
0
0
0
0
0
0
0
0
0
0
0
0
0
0
0
0
0
0
0
0
0
0
0
0
0
0
0
0
0
0
0
0
0
0
0
0
0
0
0
0
0
0
0
0
0
0
0
0
0
0
0
0
0
0
0
0
0
0
0
0
0
0
0
-6.90927e-17
0
-7.02723e-18
-1.1157e-18
0
0
0
0
0
0
0
0
0
0
0
-2.58562e-16
0
0
0
0
0
0
0
0
0
0
0
0
0
0
-1.09558e-15
1.02238e-30
0
0
-8.78398e-17
0
0
0
0
0
0
0
0
0
0
0
0
0
0
0
0
0
-2.04317e-15
0
0
0
0
1.41154e-16
4.70749e-17
0
0
0
0
0
0
0
0
0
0
0
0
0
0
0
0
0
0
0
0
0
0
0
1.49132e-15
0
-6.44319e-15
0
0
0
0
0
0
0
0
0
0
0
0
0
0
0
0
0
0
0
-1.69383e-16
3.50121e-16
0
0
0
0
0
0
0
0
0
0
0
0
0
0
0
0
0
0
0
0
0
0
0
0
0
0
1.7916e-16
0
0
0
0
0
0
0
0
0
0
0
0
0
-1.59599e-16
0
2.70793e-15
-9.68135e-17
0
0
0
0
0
0
0
0
0
4.15428e-17
2.18167e-17
0
0
0
0
0
0
-3.71838e-16
-1.05153e-16
0
0
0
0
0
1.04672e-30
0
-2.06909e-30
0
-2.10384e-15
0
0
0
0
0
0
0
0
0
0
0
0
4.97355e-17
-6.15581e-17
0
0
0
0
0
0
0
0
0
0
-1.1889e-16
0
0
0
0
0
0
0
0
0
0
0
0
-1.24654e-16
0
0
0
0
0
0
0
0
0
0
0
0
0
0
0
0
0
0
0
0
0
0
0
0
0
0
0
0
0
0
0
-1.19166e-16
0
0
0
0
0
0
0
0
0
0
0
0
0
0
0
0
0
0
0
0
0
0
0
0
0
0
0
0
0
0
0
0
0
0
0
0
0
0
0
0
0
0
0
0
0
0
0
0
0
0
0
0
0
0
0
0
0
0
0
4.48086e-16
0
0
5.74157e-18
0
5.90448e-16
0
0
0
0
0
0
0
0
0
0
0
0
0
0
0
0
0
0
0
0
0
0
0
0
0
0
0
0
0
0
0
0
0
0
0
0
0
0
0
0
0
0
0
0
0
0
0
0
0
0
0
0
0
0
0
0
0
0
0
0
0
0
0
0
0
0
0
0
0
0
0
0
0
0
0
0
0
0
0
0
0
0
0
0
0
0
0
0
0
0
0
0
0
0
0
0
0
0
0
0
0
0
0
0
0
0
0
0
0
0
0
0
0
0
0
0
0
0
0
0
0
0
0
0
0
0
0
0
0
8.411e-16
1.22315e-15
0
0
0
0
0
0
0
0
0
0
0
0
0
0
0
0
0
0
0
8.97764e-17
0
0
0
0
0
0
0
0
0
0
0
0
0
0
0
0
0
0
0
0
0
0
0
0
0
0
0
0
0
0
0
0
0
0
0
0
0
0
0
0
0
0
0
0
0
0
0
0
0
0
0
0
0
0
0
0
0
0
0
0
0
-3.98767e-16
-4.00276e-17
0
0
0
0
0
0
5.08243e-16
7.14175e-17
0
0
0
0
0
0
0
0
0
0
0
0
0
0
0
0
0
0
0
0
0
0
0
0
0
0
0
0
0
0
-3.5615e-16
0
0
0
0
0
0
0
0
0
0
0
0
0
0
0
0
0
0
0
0
0
0
0
0
0
0
0
0
0
0
0
0
0
0
0
0
0
0
0
0
0
0
0
0
0
0
0
0
0
0
0
0
0
0
0
0
0
0
0
0
0
0
0
0
0
-9.134e-17
0
0
0
0
0
0
0
0
0
0
0
0
0
0
0
0
0
0
0
0
0
0
0
0
0
0
0
0
0
0
0
0
0
0
7.34406e-16
0
0
0
0
0
0
0
0
0
0
0
0
0
0
0
0
0
0
0
0
0
0
0
0
0
0
0
0
0
0
0
0
0
0
0
0
0
0
0
0
0
0
0
0
0
0
0
3.34477e-17
0
0
0
0
0
0
0
0
0
0
0
0
9.33886e-16
-3.35188e-16
-1.20976e-17
0
0
0
0
0
0
0
0
3.2533e-16
-4.36591e-16
0
0
0
0
0
0
0
0
0
0
0
0
0
0
0
0
0
0
0
0
0
0
0
0
0
0
0
0
0
0
0
0
0
-2.64764e-16
0
0
0
0
0
0
0
0
0
0
0
0
0
0
0
0
0
0
0
0
0
0
0
0
0
0
0
0
0
0
0
0
0
0
0
0
0
0
0
0
0
0
0
0
0
0
0
0
0
0
0
0
0
0
0
0
0
0
0
0
-5.55949e-15
0
0
0
0
0
0
0
0
0
0
0
0
0
0
0
0
0
0
0
0
0
0
0
0
0
0
0
0
0
7.53413e-16
0
0
0
0
0
0
0
0
0
0
0
0
0
0
0
0
5.99701e-17
0
0
0
0
0
0
0
0
0
0
0
0
0
0
0
0
0
0
0
0
0
0
0
0
0
0
0
0
0
0
0
0
0
0
0
0
0
0
0
0
0
0
0
0
0
0
0
0
0
0
0
0
0
0
0
0
0
0
0
0
0
0
0
0
0
0
0
1.96735e-15
0
0
0
0
0
0
0
0
0
0
0
0
0
0
0
0
0
0
0
0
0
0
0
0
0
0
0
0
0
0
0
0
0
0
0
0
0
0
0
0
0
0
0
0
0
0
0
0
0
0
0
-1.77459e-14
0
0
0
0
0
0
0
0
0
0
0
0
0
0
0
0
0
0
0
0
0
0
0
0
0
0
0
0
0
0
0
0
0
0
0
0
0
0
0
0
0
0
0
0
0
0
0
0
0
0
0
0
0
0
0
0
0
0
0
0
0
0
0
0
0
0
0
0
0
0
0
0
0
0
0
0
0
0
0
0
0
0
0
0
0
0
0
0
0
0
0
0
0
-4.03776e-18
7.52598e-18
0
0
0
0
0
0
0
0
0
0
0
0
0
0
0
0
0
0
0
0
0
0
0
0
0
0
0
0
0
0
0
0
0
0
0
0
3.69344e-16
0
0
0
0
0
0
0
0
0
0
0
0
0
0
0
0
0
0
0
0
0
0
0
0
0
0
0
0
0
0
0
0
0
0
0
0
0
0
0
0
0
0
3.97851e-16
-7.26468e-16
0
0
0
0
0
0
0
0
0
0
0
0
0
0
0
0
0
0
0
0
0
0
0
0
-1.43421e-15
0
0
0
-1.01085e-14
0
0
0
0
0
0
0
0
0
0
0
0
0
0
0
0
0
0
0
0
0
0
0
0
-2.08954e-15
0
0
7.78688e-18
0
2.59467e-16
0
0
0
0
0
0
0
0
0
0
0
0
0
0
0
0
0
0
0
0
0
0
0
0
0
0
0
0
0
0
0
0
0
0
0
0
0
0
0
0
0
0
0
0
0
0
0
0
0
0
0
0
0
0
0
0
0
0
0
0
0
0
0
0
0
0
0
0
0
0
0
0
0
0
0
0
0
0
0
0
0
0
0
0
0
7.28332e-16
0
0
0
0
0
0
0
0
0
0
0
0
0
0
0
0
0
0
0
0
0
0
0
0
0
0
0
-1.03411e-12
0
0
0
0
0
0
0
0
0
0
0
0
2.33682e-15
-8.09256e-16
0
0
0
0
0
0
0
0
0
0
0
0
0
0
0
0
0
0
0
-2.18506e-16
0
0
0
0
0
0
0
0
0
0
0
0
0
0
0
0
0
0
0
0
0
0
0
0
0
0
0
0
0
0
0
0
1.08552e-15
0
0
0
0
0
0
0
0
0
0
0
0
0
0
0
0
0
0
0
0
0
0
0
0
0
0
0
0
0
0
0
0
0
0
0
0
0
0
0
0
0
0
0
0
0
3.91225e-16
0
0
0
0
0
0
0
0
0
0
0
9.81521e-16
0
4.64119e-16
0
0
0
0
0
0
0
0
0
0
0
0
0
0
0
0
0
0
0
0
6.1764e-16
-7.46886e-17
0
0
0
0
0
0
0
0
0
0
0
0
0
0
0
0
0
0
0
5.19963e-14
-8.41229e-15
0
0
0
0
0
0
0
-1.25709e-14
0
7.48242e-16
0
0
0
0
0
0
0
0
0
0
0
0
0
0
0
0
0
0
0
-5.924e-08
0
0
0
7.70564e-16
0
0
0
1.27797e-31
0
0
0
1.49983e-15
0
0
0
0
0
0
0
0
0
0
-2.47011e-18
0
0
0
0
0
0
0
0
0
0
0
0
0
0
0
0
0
0
0
0
0
0
0
0
0
0
0
0
0
0
0
0
0
0
-2.43308e-12
9.94336e-16
-3.84045e-16
0
0
0
0
0
0
0
0
0
9.86174e-17
0
0
8.67709e-15
0
0
0
0
0
0
0
0
0
0
0
0
0
0
0
0
0
0
0
0
0
0
0
0
0
0
0
0
0
0
0
0
0
0
0
0
0
0
0
0
0
0
0
0
0
0
0
0
0
0
0
0
0
0
0
0
0
0
0
0
0
0
0
0
0
0
7.74593e-16
0
3.05256e-16
0
0
0
0
0
0
0
0
0
0
0
0
0
0
0
8.65053e-16
0
0
0
0
0
0
0
0
0
0
0
0
0
0
0
0
0
0
0
0
0
0
0
0
0
0
0
0
0
0
0
0
0
0
0
0
0
0
0
0
0
0
4.1625e-13
-9.23803e-13
0
0
0
0
0
0
0
0
1.26078e-15
0
0
0
0
0
0
0
0
0
0
0
0
0
0
0
0
0
0
1.66244e-14
0
0
0
0
0
0
0
0
0
0
0
0
0
0
0
0
0
0
0
0
0
0
0
0
0
0
0
0
0
0
0
0
0
0
0
0
0
0
0
0
0
0
0
0
0
0
0
0
0
0
0
0
0
0
0
0
0
2.20689e-15
-1.57451e-15
0
0
0
0
0
0
0
0
0
0
0
0
0
0
0
0
-4.35875e-14
0
0
0
0
0
0
0
0
0
0
7.14265e-18
0
0
0
0
0
0
0
0
0
0
0
0
0
0
0
2.30007e-16
0
0
0
0
0
0
0
0
0
0
0
0
8.92257e-15
0
0
0
0
0
0
0
7.48709e-17
0
0
0
0
0
0
0
0
0
0
0
0
0
0
0
0
0
0
0
0
0
0
0
0
0
0
0
0
0
0
0
0
0
0
0
0
0
0
0
-4.91581e-16
0
0
0
0
0
0
0
0
0
0
0
0
0
0
0
0
0
0
0
0
0
0
0
0
0
0
0
0
0
0
0
0
0
1.24625e-16
0
0
0
0
0
0
0
0
0
0
0
0
0
0
0
0
0
0
0
0
0
0
0
0
0
0
0
5.71643e-16
4.17961e-16
0
0
0
0
0
0
0
0
0
0
0
0
0
0
0
0
0
0
0
0
0
0
0
0
0
0
0
0
0
0
0
0
0
0
0
0
0
0
0
0
0
2.88403e-15
0
0
0
0
0
0
0
0
0
0
0
0
0
0
0
0
0
0
0
0
0
0
0
0
0
0
0
0
0
0
0
0
0
0
0
4.27106e-15
0
0
0
0
0
0
0
0
0
0
0
0
9.5223e-15
0
0
0
0
0
0
0
0
0
-5.52666e-16
1.51598e-16
0
0
0
0
0
0
2.53145e-18
0
0
0
0
0
0
0
0
0
0
0
0
0
0
0
0
0
0
0
0
0
1.29101e-15
-7.44941e-16
0
0
0
0
0
0
0
0
0
0
0
0
0
0
0
0
0
0
0
0
0
0
0
0
0
0
0
0
0
0
0
0
0
0
0
0
0
0
0
0
0
0
0
0
-1.63806e-17
0
0
0
0
0
0
0
0
0
0
0
0
0
-7.11586e-17
0
0
0
0
7.11497e-15
0
-6.00032e-16
0
0
0
0
0
0
0
0
0
0
0
0
0
-9.65928e-13
0
0
0
0
0
2.41491e-16
0
0
0
0
0
0
0
0
0
0
0
0
1.03455e-30
-2.33138e-16
0
0
0
0
0
0
0
0
0
0
0
-3.0892e-12
0
0
0
0
0
0
0
0
0
0
0
0
0
0
0
0
0
0
7.03128e-16
0
0
0
0
0
0
0
0
0
0
0
0
0
0
0
0
-4.73535e-16
8.06183e-16
0
0
0
0
0
0
0
0
0
-2.99742e-16
0
0
0
0
0
0
0
0
0
0
0
0
0
0
0
0
0
0
0
0
0
0
0
0
0
0
0
0
0
0
0
0
0
0
0
0
0
0
0
0
0
0
-1.00158e-15
2.07617e-16
0
-6.57548e-16
0
0
0
0
0
0
0
0
-2.53565e-34
0
0
5.71233e-16
0
0
0
0
0
0
1.04672e-30
0
0
0
0
0
1.3778e-15
0
0
0
1.87945e-15
0
0
0
0
0
0
0
0
0
0
0
0
0
0
0
0
0
0
0
0
0
0
1.06778e-15
3.09094e-16
0
0
0
0
0
0
0
0
0
0
0
-1.78848e-12
-5.75156e-13
-1.01515e-16
0
0
0
0
0
0
0
0
0
0
0
0
0
0
0
0
0
0
0
0
0
0
0
0
0
0
0
0
0
0
0
0
0
0
0
0
0
0
0
0
0
0
0
0
0
0
0
0
0
0
0
0
0
0
0
0
0
0
0
0
0
0
0
0
0
0
0
0
0
0
-1.3633e-14
0
0
0
0
0
0
3.40362e-15
0
0
0
0
0
0
0
0
0
0
0
0
0
0
0
0
0
0
0
0
0
0
0
0
1.94374e-15
0
0
-1.23652e-15
-8.32506e-30
0
2.5786e-15
-1.17954e-15
0
0
0
0
0
0
0
0
0
0
0
0
0
0
0
0
0
0
0
0
0
0
0
0
-6.45469e-16
0
0
0
0
0
0
0
0
0
0
0
0
0
0
0
0
0
0
0
0
0
0
0
0
0
0
1.10061e-15
4.48621e-17
0
0
0
0
0
-7.98878e-17
0
3.33074e-15
-9.86505e-16
0
0
0
0
0
0
0
0
0
0
-5.15517e-17
0
0
0
0
0
0
0
0
0
0
0
0
0
0
0
0
0
0
0
0
0
0
0
0
0
0
0
0
0
0
0
0
0
0
0
0
0
0
0
-1.37538e-16
0
0
0
0
0
0
0
5.20316e-31
4.5623e-15
1.37345e-15
0
0
0
0
0
0
0
0
0
0
0
0
0
0
0
0
0
0
0
0
0
0
0
0
0
0
0
0
0
0
0
0
0
0
0
0
0
0
-3.12809e-15
0
0
0
-1.6939e-16
0
0
0
0
0
0
0
0
0
0
0
0
0
0
0
0
0
0
0
0
0
0
0
0
0
0
0
0
0
0
0
0
0
0
0
0
0
0
0
0
0
0
0
0
0
0
0
0
0
0
0
0
0
0
0
0
0
0
0
0
0
0
0
0
0
0
0
0
0
0
0
0
0
0
0
0
0
0
0
0
0
0
0
0
0
0
0
0
0
0
0
0
0
0
0
0
0
0
0
0
0
0
0
0
0
0
0
0
0
0
0
0
0
0
0
0
0
0
0
0
0
0
0
0
0
0
1.21072e-16
0
0
0
0
0
0
0
0
0
0
0
0
0
0
-6.37285e-17
0
0
6.62099e-17
0
0
-1.66782e-15
0
0
0
0
0
0
0
0
0
0
0
0
0
0
0
0
0
0
0
0
0
0
0
0
0
0
0
0
0
0
0
0
0
0
0
0
0
0
0
0
0
0
0
0
0
0
0
0
0
0
0
0
0
0
0
0
0
0
0
0
0
0
0
0
0
0
0
0
0
0
0
5.98913e-17
-2.83887e-17
0
0
0
0
0
0
0
0
0
0
0
0
0
0
0
0
0
0
0
0
0
0
0
0
0
0
0
0
-1.97456e-15
-1.7839e-15
0
0
0
0
0
0
0
0
0
0
0
0
0
0
0
0
0
0
0
0
0
0
0
0
0
0
0
-4.54141e-18
3.86713e-18
0
0
0
0
0
2.42199e-16
0
0
0
0
0
0
0
0
0
0
0
0
0
0
0
0
0
0
0
-1.0282e-12
-9.56312e-17
0
0
0
0
0
0
0
0
0
0
0
-1.09923e-16
8.21129e-17
0
0
0
0
0
0
0
0
0
0
0
0
0
0
9.34883e-17
1.41259e-16
0
0
0
0
0
0
0
0
0
0
0
0
0
0
0
0
0
0
0
0
0
0
0
0
0
0
0
0
0
0
0
0
0
0
0
0
0
0
0
0
0
0
0
0
0
0
0
0
0
0
0
0
0
0
0
0
0
0
0
0
-1.89741e-16
0
2.47516e-17
0
0
0
0
0
-1.02152e-15
0
0
0
0
0
0
0
0
0
0
0
0
0
0
0
0
2.19311e-18
-1.75671e-18
0
0
0
0
0
0
0
0
0
0
0
0
0
0
0
0
0
0
0
0
0
0
0
0
0
0
0
0
0
0
0
0
0
-3.32821e-16
0
0
0
0
0
0
0
0
0
0
0
0
0
0
0
0
0
0
0
-4.5912e-14
1.47427e-14
0
0
0
0
0
0
0
0
0
0
0
0
0
0
0
0
0
0
0
0
0
0
0
0
0
0
0
0
0
0
2.78064e-16
6.88017e-16
0
0
0
0
0
0
0
0
0
0
0
0
0
0
0
0
0
0
0
0
0
0
0
0
0
0
0
0
0
0
0
0
0
0
0
0
0
0
0
0
0
-5.17931e-16
0
0
0
0
0
0
0
0
0
0
0
0
0
0
0
0
0
-2.77288e-16
0
7.75494e-16
0
0
0
0
0
0
0
1.84369e-16
2.61197e-16
0
0
0
0
0
0
0
0
0
0
0
0
0
0
0
0
0
0
0
0
0
0
0
0
0
0
0
0
0
0
0
0
0
0
0
0
0
0
0
0
0
0
0
0
0
0
0
0
0
0
0
0
0
0
0
0
0
0
0
0
0
0
0
0
0
0
0
0
0
0
0
0
0
0
0
0
0
0
0
0
0
0
0
0
0
-9.43528e-15
4.94182e-15
0
0
0
0
0
0
0
0
0
0
0
4.28393e-16
1.40348e-16
0
0
0
0
0
0
0
0
0
0
0
0
0
0
0
0
0
0
0
1.24435e-14
1.64119e-15
0
0
0
0
0
0
0
0
0
0
0
0
0
0
0
0
0
0
0
0
0
0
0
0
0
0
0
-9.13753e-17
0
4.32353e-16
0
0
0
0
0
0
0
0
0
0
0
0
0
0
0
0
0
0
-5.11801e-16
-9.81981e-17
1.03455e-30
0
0
0
0
0
0
0
0
0
0
0
0
0
0
0
0
0
0
0
0
0
0
0
0
0
0
0
0
0
0
0
0
0
0
0
0
0
0
0
0
0
0
0
-1.96876e-16
-7.95952e-16
0
0
0
0
0
0
0
0
0
0
0
0
0
0
0
0
0
0
0
0
0
0
0
0
0
0
0
0
0
0
1.25416e-15
0
0
0
0
0
0
0
0
0
0
0
0
0
0
0
0
0
0
0
0
0
0
0
0
0
0
0
0
0
0
0
0
0
0
0
0
0
0
0
0
0
0
0
0
5.17273e-31
-1.91516e-16
0
0
0
0
0
0
0
0
0
0
0
0
0
0
0
0
0
0
0
0
0
0
0
0
0
0
0
0
0
0
0
0
0
0
0
0
0
0
-1.1231e-14
0
0
0
0
0
0
0
0
0
0
0
0
0
0
0
0
0
0
0
0
0
0
0
0
0
0
0
0
0
0
0
0
-2.76156e-16
0
1.02357e-14
0
0
0
0
0
0
0
0
0
0
0
0
0
0
0
0
0
0
0
0
0
0
0
0
0
0
0
0
0
0
0
0
0
0
0
4.84007e-16
0
0
0
0
0
0
0
0
0
0
0
0
0
0
0
0
0
0
0
0
0
0
0
0
0
0
0
0
0
1.91827e-17
1.41338e-17
0
0
-1.75786e-14
0
0
0
0
0
0
0
0
0
0
0
0
0
0
4.55807e-16
6.85145e-16
0
0
0
0
0
0
0
0
0
-4.49707e-17
0
0
0
0
0
0
0
0
0
0
0
0
0
0
0
0
0
0
0
0
0
0
4.08856e-16
-1.34722e-15
0
0
0
0
0
0
0
0
0
0
0
0
0
0
0
0
0
0
0
0
0
0
0
0
0
0
0
0
0
0
0
0
0
0
-9.98527e-16
0
0
0
0
0
0
0
-1.25128e-15
-4.85831e-16
0
0
0
0
0
0
0
0
0
0
0
0
0
0
0
0
0
0
0
0
0
0
0
0
0
0
0
0
0
0
0
0
0
0
0
0
0
0
0
0
0
0
0
0
0
0
0
0
0
0
0
0
0
0
0
0
0
0
0
0
0
0
0
0
0
0
0
-4.04829e-15
3.54265e-15
0
0
0
0
0
0
0
0
0
0
0
0
0
2.02422e-16
0
0
0
0
4.25529e-16
-9.11894e-16
0
0
0
0
0
0
0
0
0
3.53572e-16
2.41148e-17
0
0
0
0
0
0
0
0
0
1.16127e-14
0
4.68362e-16
0
0
0
0
0
0
0
0
0
0
1.01157e-16
0
0
0
0
0
0
0
-1.26158e-17
7.02298e-18
0
0
0
0
0
0
0
0
0
0
0
0
0
0
0
0
0
0
0
0
0
0
0
0
0
0
0
0
-3.98714e-14
0
0
0
0
1.3288e-15
6.46599e-16
0
0
0
0
0
0
0
0
0
0
0
0
0
0
0
0
0
0
0
0
0
0
0
0
0
0
0
0
0
0
0
0
0
0
0
0
0
0
0
0
0
0
0
0
0
0
0
0
0
0
0
0
0
0
0
0
0
0
0
0
0
0
0
0
0
0
0
0
0
0
0
0
0
0
0
0
0
0
0
0
0
0
0
0
0
0
0
0
0
0
0
0
0
0
0
0
0
0
0
0
0
0
0
0
0
0
0
0
0
0
0
0
0
0
0
0
0
0
0
0
0
0
0
0
0
0
0
0
0
0
0
0
0
0
0
0
0
0
0
0
0
0
0
0
-3.26149e-12
0
0
0
0
0
0
0
0
0
0
1.63003e-15
0
0
0
0
0
0
0
0
0
0
0
0
0
0
0
0
0
0
0
0
0
0
0
0
0
0
0
0
0
0
0
0
0
0
0
0
0
0
0
0
0
0
0
-1.36445e-16
0
0
0
0
0
0
0
0
0
0
0
0
0
0
0
0
0
0
0
0
0
0
0
0
0
0
0
0
0
0
0
0
0
0
0
0
0
0
0
0
0
0
0
0
-1.70955e-17
3.87401e-18
0
0
0
0
0
0
0
0
0
0
0
0
0
0
0
0
0
0
0
0
0
0
0
0
0
0
0
0
0
0
0
0
0
0
0
0
0
0
0
0
0
0
0
0
0
0
0
0
0
0
0
0
0
0
0
0
0
0
0
0
0
0
0
0
0
0
0
0
0
0
0
0
0
0
0
0
0
0
0
0
0
0
0
0
0
0
0
0
0
0
0
0
0
0
0
0
0
0
0
0
0
0
0
0
0
0
0
0
0
0
0
0
0
0
0
0
0
0
0
0
0
0
0
0
0
0
0
0
0
0
0
0
0
0
0
0
0
0
0
0
0
0
0
0
0
0
0
0
0
0
0
0
0
0
0
0
0
0
0
0
0
0
0
0
0
0
0
0
0
0
0
1.49502e-15
-1.02181e-14
0
0
0
0
0
0
0
0
0
0
0
0
0
0
0
0
0
0
0
0
0
0
0
0
0
0
0
0
1.56497e-14
0
0
0
0
0
0
0
0
0
0
0
0
0
0
0
0
0
0
5.23469e-16
9.45699e-15
0
0
0
0
0
0
0
0
0
0
0
0
0
0
0
0
0
0
0
0
0
0
0
0
0
0
0
0
0
0
0
0
0
0
0
0
0
0
0
0
0
0
0
0
0
0
0
0
0
0
0
0
0
0
0
0
0
0
0
0
0
0
0
0
0
0
0
0
0
0
0
0
0
0
0
0
0
0
0
0
0
0
0
0
0
0
0
0
0
0
0
1.40232e-14
0
0
0
0
0
-2.16193e-16
1.01761e-17
0
0
0
0
0
0
0
0
0
0
0
0
0
0
0
0
0
0
0
0
0
0
0
0
0
0
0
0
0
0
0
0
0
0
0
0
0
0
0
0
0
0
0
0
0
0
0
0
0
0
0
0
-6.70037e-15
0
0
0
0
0
0
0
0
0
0
0
0
0
0
0
0
0
0
0
-1.45419e-15
-1.50003e-15
0
0
0
0
0
0
0
0
0
0
0
0
0
0
0
0
0
0
0
0
0
0
0
0
0
0
0
0
0
0
0
0
0
0
0
0
0
0
0
0
0
0
0
0
0
0
0
0
0
0
0
0
0
0
0
0
0
0
0
0
0
0
0
0
0
0
0
0
0
0
0
0
0
0
0
0
0
0
0
0
0
0
0
0
0
0
0
0
0
0
0
0
0
0
0
0
0
0
0
0
0
0
0
0
0
0
0
0
0
0
0
0
0
0
0
0
0
0
0
0
0
0
0
0
0
0
0
0
0
0
-2.44951e-12
0
0
0
0
0
0
0
0
0
0
0
0
0
0
0
0
0
0
0
0
0
0
0
0
0
0
0
0
0
0
0
0
0
0
0
0
0
0
0
0
-1.56319e-14
0
0
0
0
0
0
0
0
0
0
0
0
0
0
0
0
0
0
0
0
0
0
0
0
0
0
0
0
0
0
0
0
0
0
0
0
0
0
0
0
0
0
0
0
0
0
0
7.55059e-16
-1.2789e-16
0
0
0
0
0
0
0
0
0
0
0
0
0
0
0
0
0
0
0
0
0
5.66113e-15
8.32506e-30
0
0
0
4.69772e-16
0
0
0
9.42386e-16
0
-8.49052e-16
0
0
0
0
0
0
-1.19347e-15
0
0
0
0
0
0
0
0
0
0
0
0
0
0
0
0
0
0
0
0
0
0
0
0
0
0
0
0
0
0
0
0
0
0
0
0
0
0
0
0
0
0
0
0
-5.40684e-16
1.11237e-16
0
0
0
0
0
0
0
0
0
0
0
0
0
0
0
0
0
0
0
0
0
0
0
0
0
0
0
0
0
0
0
0
0
0
0
0
0
0
0
0
0
0
0
0
0
0
0
0
0
0
0
0
0
0
0
0
0
0
0
0
0
0
0
0
0
0
0
0
0
0
0
0
0
0
0
0
0
0
0
0
0
0
0
-2.79619e-17
1.18241e-17
0
0
0
0
0
0
0
0
0
0
0
0
0
0
0
0
0
0
0
0
0
0
0
0
0
0
0
0
0
0
0
0
0
0
0
0
0
0
0
0
0
0
0
0
0
0
0
0
0
0
0
0
1.50343e-16
0
-2.54684e-15
0
0
0
0
0
0
0
0
0
0
0
0
0
2.993e-16
0
0
0
0
0
0
0
0
0
0
0
0
0
0
0
0
0
0
0
0
0
0
0
0
0
0
0
0
0
0
0
0
0
0
0
0
0
0
0
0
0
-2.96229e-15
-1.31615e-14
0
0
0
0
0
0
0
0
0
0
0
0
0
0
0
0
0
0
0
0
0
0
0
0
0
0
0
0
0
0
0
0
0
0
0
0
0
0
0
0
0
0
0
0
0
0
0
0
0
0
0
0
0
0
0
0
0
0
0
0
0
0
0
-3.99883e-16
2.07518e-30
0
0
0
0
0
0
0
0
0
8.17277e-16
0
0
0
0
0
0
0
0
0
0
-1.767e-16
-4.45783e-15
0
6.32551e-17
0
0
0
0
0
0
0
0
0
0
0
0
0
0
0
0
0
0
0
0
0
0
0
0
0
0
0
0
0
0
0
0
0
0
0
0
0
0
0
0
0
0
0
0
0
0
0
0
0
0
0
0
0
0
0
0
0
0
-1.82558e-15
-3.38518e-16
0
0
0
0
1.28728e-16
0
0
0
0
0
0
0
0
0
0
0
0
0
0
-3.48096e-15
0
0
0
0
0
3.69447e-16
0
0
0
0
0
0
0
0
0
0
0
0
0
0
0
0
0
0
0
0
0
0
0
0
0
0
0
0
0
0
0
0
0
0
0
0
0
0
-4.58964e-15
5.09355e-17
0
0
0
0
0
0
0
0
0
0
0
0
0
0
0
0
0
0
0
0
0
0
0
0
0
0
0
0
0
1.82839e-13
-3.47127e-12
0
0
0
0
0
0
0
0
0
0
0
0
0
0
0
0
0
0
0
0
0
0
0
0
0
0
0
0
0
0
0
0
0
0
0
0
0
0
0
0
0
0
-3.12665e-16
0
0
0
0
0
0
0
0
0
0
0
0
0
0
0
0
-1.25327e-16
-1.03703e-16
0
0
0
0
0
0
0
0
0
0
0
0
0
0
0
0
0
0
0
0
0
0
0
0
0
0
0
0
0
0
0
0
0
2.37833e-16
0
0
0
0
0
0
0
0
0
0
0
0
0
0
0
0
0
0
0
0
0
0
0
0
0
0
0
0
0
0
0
0
0
0
0
0
0
0
0
0
0
0
0
0
0
0
0
0
0
-5.91444e-16
0
0
0
0
0
0
0
0
0
0
0
0
0
0
0
0
0
0
0
0
0
0
0
0
0
0
0
0
0
0
0
0
0
0
0
0
0
-9.9636e-16
4.85751e-18
0
0
0
0
0
0
0
0
0
0
0
0
0
0
0
0
0
0
0
0
-8.91335e-13
0
0
0
0
0
-1.28977e-16
0
0
0
0
0
0
0
0
0
0
0
0
0
0
0
0
0
0
0
0
0
0
0
0
0
0
0
0
0
0
0
0
0
0
0
0
0
0
0
0
0
0
0
0
0
0
0
0
0
0
0
0
0
0
0
0
0
0
0
0
0
0
0
0
0
0
0
0
0
0
0
0
0
0
0
0
0
0
0
0
0
0
0
0
0
0
0
0
0
0
0
0
0
1.21795e-17
8.38044e-17
0
0
0
0
-1.49055e-16
0
0
0
0
0
0
0
0
1.7471e-16
1.24206e-16
3.14996e-16
0
0
0
0
0
0
0
0
0
0
0
0
4.11262e-16
0
0
0
0
5.9152e-16
0
0
0
0
0
0
0
0
0
0
0
0
0
0
6.68399e-15
0
6.09679e-16
0
0
0
0
0
0
0
0
0
0
0
0
0
0
0
0
4.77777e-19
0
0
0
1.50002e-16
0
0
0
0
0
0
0
0
0
2.48723e-16
0
0
0
0
0
0
0
0
0
0
0
0
0
0
0
0
0
0
0
0
0
0
0
0
7.66105e-16
0
0
0
0
0
0
0
0
0
0
0
0
0
0
0
0
0
0
0
0
0
0
0
0
0
0
0
0
0
0
0
0
0
0
0
0
0
0
4.56563e-16
0
0
0
0
0
0
0
0
0
0
0
0
0
0
0
0
0
0
-8.06997e-15
1.84259e-15
0
0
0
0
0
0
0
0
0
0
0
0
0
0
0
0
0
0
0
0
0
0
0
0
0
0
0
0
0
0
0
0
0
0
0
0
0
0
0
0
0
0
0
0
0
0
0
0
2.77339e-14
-1.33833e-12
0
0
0
0
0
0
0
0
0
-2.83125e-15
0
0
0
0
0
0
0
0
0
0
0
0
0
0
0
0
0
0
0
0
0
0
0
0
0
0
0
0
0
0
0
0
0
0
-3.16148e-17
0
0
0
0
0
0
0
0
0
0
0
0
0
0
0
0
0
0
0
0
0
0
0
0
0
0
0
0
0
0
0
0
0
0
0
0
0
0
0
0
0
0
0
0
0
0
2.76288e-16
0
2.02156e-15
0
0
0
0
0
0
0
0
4.29255e-16
0
0
0
0
0
0
0
0
0
0
0
0
0
0
0
0
1.39466e-14
0
0
0
0
0
0
0
0
0
0
0
0
0
0
0
0
0
0
0
0
0
0
0
0
0
0
0
0
0
0
0
0
0
0
0
0
0
0
0
0
0
0
0
-1.19302e-16
0
0
0
0
0
0
0
0
0
0
0
0
0
0
0
0
0
0
0
0
0
0
0
0
0
0
0
1.29885e-14
0
0
0
0
0
0
0
0
0
0
0
0
0
0
0
0
0
0
-2.5046e-16
-1.7641e-12
0
0
0
0
0
0
0
0
0
0
0
0
0
0
0
0
0
0
0
0
0
0
0
0
0
0
0
0
0
0
0
0
0
0
0
0
0
0
0
0
0
0
0
0
0
0
0
0
0
0
0
0
0
0
0
0
7.01215e-19
0
0
0
0
0
0
0
0
-2.04372e-12
0
0
0
0
7.06745e-19
0
0
0
0
0
0
0
0
0
0
0
0
0
0
0
0
0
0
0
0
0
0
0
-2.05316e-12
2.95779e-13
0
0
0
0
0
0
0
0
0
0
0
0
0
0
0
0
0
0
0
0
0
0
0
0
0
0
0
0
0
0
0
0
0
0
0
0
0
0
0
0
0
0
0
3.19031e-15
6.10742e-17
0
0
0
0
0
0
0
0
0
0
5.19555e-31
0
0
0
0
0
0
0
0
0
0
0
0
0
0
0
0
0
0
0
0
0
0
0
0
0
0
0
0
0
0
0
0
0
0
0
0
0
0
0
0
0
0
0
-3.69858e-12
8.11014e-13
0
0
0
0
3.31503e-16
0
0
0
0
0
0
0
0
0
0
0
0
0
1.05147e-16
0
0
0
0
7.77961e-16
0
0
0
0
0
0
0
0
0
0
0
0
0
0
0
0
0
0
0
0
0
0
0
-6.26187e-13
0
0
0
0
0
0
0
0
0
0
0
0
0
0
0
0
0
0
0
0
0
0
0
0
0
0
0
0
0
0
0
0
0
0
0
0
0
0
0
0
0
0
0
0
0
0
0
0
0
0
0
0
0
0
0
0
0
0
0
-2.1484e-15
0
0
0
0
0
0
0
0
0
0
0
0
0
0
-1.02868e-16
0
0
0
0
0
0
8.33206e-16
0
0
3.56786e-19
0
0
0
0
0
0
0
0
0
0
0
0
0
4.32604e-19
0
0
0
0
0
0
0
1.28041e-15
0
0
0
0
0
0
0
0
0
0
0
0
0
0
0
0
0
0
0
0
0
0
0
0
0
0
0
0
0
0
0
0
0
0
0
0
0
0
4.11384e-30
0
1.13635e-15
0
0
0
0
0
0
0
0
0
0
0
0
0
0
0
0
0
0
0
0
0
0
0
0
0
0
0
0
0
0
0
0
0
0
0
0
0
0
0
0
0
0
0
0
0
0
0
-2.95274e-15
0
0
0
0
0
-2.22874e-12
0
0
0
0
0
0
0
0
0
0
0
0
7.20743e-17
1.01426e-33
0
0
0
0
0
0
0
-2.24231e-12
0
0
3.53609e-17
0
-1.06143e-16
0
0
0
0
0
0
0
0
0
0
0
0
0
-2.01037e-16
-2.34298e-16
0
0
0
0
0
0
0
0
0
0
0
0
0
0
0
0
0
0
0
0
0
0
0
0
0
0
0
0
0
0
0
0
0
0
0
0
0
0
0
0
0
0
0
0
0
0
0
0
0
0
0
0
0
0
0
0
0
0
0
0
0
0
0
0
0
0
0
0
0
0
0
0
0
0
0
0
0
0
0
0
0
0
0
0
0
0
0
0
0
0
0
0
2.85032e-15
9.28921e-15
0
0
0
0
0
1.09096e-16
3.82409e-15
0
8.16136e-15
0
0
0
0
0
0
0
0
0
0
0
0
0
0
0
-8.47797e-12
0
0
0
0
0
0
0
0
0
0
0
0
0
0
0
0
0
1.39519e-15
0
0
0
0
0
0
3.44363e-16
0
0
0
0
0
0
0
0
0
0
0
0
0
0
0
-3.39042e-16
0
0
0
0
0
0
0
0
0
0
0
0
0
0
-7.48483e-13
-8.47829e-13
0
0
0
0
0
0
0
0
0
0
0
0
0
0
0
0
0
0
0
0
0
0
0
0
0
0
0
0
0
0
0
-7.71267e-18
0
0
0
0
0
0
0
0
0
0
6.34512e-15
0
0
0
0
0
0
0
0
0
0
0
0
0
0
0
0
-3.45227e-15
0
0
0
0
0
0
0
0
0
0
0
0
0
0
0
0
0
-2.6529e-17
0
0
0
0
0
0
0
0
0
0
0
0
0
0
0
0
0
0
0
0
0
0
0
0
0
0
0
0
0
0
0
0
0
0
0
0
0
0
0
0
0
0
0
0
0
0
0
0
0
0
0
0
0
0
0
0
0
0
0
0
0
0
0
0
0
0
0
0
0
0
0
0
0
0
0
0
0
0
0
0
0
0
0
0
0
0
0
0
0
0
0
0
0
0
0
0
0
0
0
0
0
0
0
0
0
0
0
0
0
0
0
0
0
0
0
0
0
0
0
0
0
0
0
-2.64315e-12
4.88507e-13
0
0
0
0
0
0
0
0
0
0
0
0
0
0
0
0
0
0
0
0
-1.02507e-07
-8.26784e-08
-1.22485e-07
-7.71205e-08
4.59379e-08
-9.82714e-09
-8.45512e-09
-6.484e-09
-4.75377e-08
2.21111e-09
-4.16282e-08
-7.17985e-08
-3.46566e-08
-5.40807e-08
-1.0477e-07
-6.86579e-08
-9.01355e-08
-7.18194e-08
-1.25916e-08
-5.31274e-08
-1.2537e-07
-1.00556e-07
-1.23623e-07
-8.76823e-08
-7.78715e-08
-4.02237e-08
-2.07214e-08
9.15312e-09
-3.69604e-08
-7.25934e-08
-2.20292e-08
-3.05722e-08
1.73319e-08
-2.61779e-08
2.44716e-08
2.95278e-08
-1.94599e-08
4.05126e-08
-1.59703e-08
4.84549e-09
5.76617e-08
1.04588e-08
6.66093e-08
7.24534e-08
1.62702e-08
4.16999e-08
6.20231e-08
8.98906e-08
3.1985e-08
9.74511e-08
1.12832e-07
2.81005e-08
0
0
0
0
0
0
0
0
0
0
0
0
0
0
0
0
0
0
0
0
0
0
0
0
0
0
0
0
0
0
0
0
0
0
0
0
0
0
0
0
0
0
0
0
0
0
0
0
0
0
0
0
0
0
0
0
0
0
0
0
0
0
0
0
0
0
0
0
0
0
0
0
0
0
-8.70363e-09
4.20114e-08
0
0
2.78542e-08
8.42462e-08
5.80935e-08
7.33208e-09
1.56633e-08
7.01504e-08
6.81855e-08
1.17959e-08
0
0
0
0
0
0
3.87413e-08
9.94986e-08
7.38459e-08
1.77472e-08
4.71174e-09
5.49623e-08
4.89081e-08
4.99406e-09
5.07811e-08
-1.1935e-08
0
0
-1.35819e-08
3.55439e-08
-1.97882e-08
2.69479e-08
2.52872e-08
-2.39616e-08
0
0
8.48463e-09
6.56761e-08
0
0
-4.03427e-08
9.6446e-09
1.78122e-08
-2.81336e-08
-2.6544e-08
2.20434e-08
0
0
0
0
0
0
0
0
0
3.01572e-08
-1.73214e-08
4.61922e-17
0
-5.04433e-08
-6.49473e-09
0
0
0
-3.19038e-08
1.57503e-08
0
0
0
0
0
0
0
0
0
0
0
0
-4.38126e-08
1.44043e-09
0
-5.44414e-08
-1.41502e-08
0
0
0
0
0
0
0
0
0
0
0
0
0
0
0
0
0
0
-6.09275e-08
-2.2235e-08
0
0
0
-8.38384e-09
3.90943e-08
0
3.19922e-08
7.72891e-08
0
0
0
6.07744e-08
7.55774e-09
1.38627e-08
6.90356e-08
0
8.43877e-08
1.27408e-08
0
0
0
0
0
0
0
0
0
0
0
0
0
0
-3.34047e-08
-7.0133e-08
0
0
0
0
0
0
0
0
3.0336e-08
0
0
3.69692e-08
9.83628e-08
0
0
0
0
6.31981e-09
5.0828e-08
0
0
0
-3.56391e-08
-7.94989e-08
-7.42584e-08
-3.51172e-08
0
0
5.08921e-08
-8.99829e-09
0
0
0
0
0
0
0
0
0
0
0
0
0
6.94598e-08
8.08776e-08
0
0
0
0
-1.33984e-08
3.2517e-08
-2.16314e-08
2.58752e-08
0
0
0
0
0
0
0
0
0
0
-4.18925e-08
8.39503e-09
0
0
0
1.95678e-08
-2.6977e-08
0
0
0
0
0
-2.33491e-08
-6.85009e-08
0
0
0
0
-9.90673e-08
-2.15634e-08
0
-5.60348e-16
0
0
0
0
0
0
0
-5.17826e-08
-8.06856e-09
0
0
-3.31684e-08
1.41019e-08
0
0
0
0
0
0
0
0
0
0
0
0
0
0
0
0
3.20021e-15
0
0
0
0
0
0
0
0
0
0
0
0
0
2.6907e-15
0
0
0
0
-2.53743e-08
-6.36224e-08
0
0
0
0
0
5.06038e-16
-1.19318e-15
0
0
0
0
0
0
0
0
0
0
0
0
0
0
-4.51499e-08
-1.35291e-10
-5.53338e-16
-5.70574e-08
0
0
0
0
0
0
0
0
0
0
0
0
0
0
0
0
0
0
0
0
0
0
0
0
0
0
0
0
0
0
0
0
0
0
0
0
-6.28861e-08
-2.31795e-08
0
0
0
0
0
2.92261e-15
0
0
0
0
0
0
0
9.29226e-15
0
0
0
0
0
0
0
0
0
-6.58638e-08
-1.0465e-07
-3.06791e-08
-6.99423e-08
0
0
0
0
0
0
0
0
0
0
0
0
0
0
0
0
0
0
0
0
0
0
0
0
0
0
-3.40207e-08
-7.82363e-08
0
0
0
0
0
0
0
0
0
3.15343e-15
0
-8.92595e-15
0
0
0
0
0
0
0
0
0
0
0
0
0
0
0
0
0
-3.42004e-16
0
0
0
0
0
0
0
-7.42673e-08
-1.07915e-07
-1.04701e-07
-7.16783e-08
-1.56811e-15
1.30415e-17
0
0
0
0
0
0
0
0
0
0
0
0
0
0
0
0
0
0
0
0
0
0
0
0
0
0
0
0
0
0
0
0
0
0
0
0
0
0
0
0
0
0
0
0
0
0
0
0
0
0
0
0
0
0
0
0
0
-7.84234e-08
0
0
0
0
0
0
0
-8.95662e-08
-9.87775e-08
0
0
0
0
0
0
0
0
0
0
0
0
0
0
0
0
0
0
0
0
0
0
0
-7.33065e-18
0
0
0
0
0
0
0
0
0
0
0
0
0
0
0
0
-1.23333e-16
0
0
0
0
0
0
0
0
0
0
0
0
0
0
-3.98984e-08
0
0
0
0
0
0
0
0
0
0
0
0
0
0
0
0
7.18186e-16
-2.36735e-16
0
0
0
0
0
0
0
0
0
0
0
0
0
0
0
0
0
0
0
0
0
0
0
0
-1.60458e-15
0
0
0
0
0
0
0
0
0
0
0
0
0
0
0
-9.28479e-08
-1.15622e-07
0
0
0
0
0
0
0
0
0
0
0
0
0
0
0
0
0
0
0
0
0
0
0
0
0
0
0
0
0
0
-5.08924e-08
0
0
0
0
0
-5.89306e-15
0
0
0
0
0
0
0
0
0
0
0
0
0
0
4.82324e-17
-1.3017e-16
0
0
0
0
0
0
0
0
0
0
0
0
0
0
-5.33858e-16
0
2.76054e-15
0
0
0
0
0
0
0
0
0
0
0
0
0
0
-1.30955e-07
-8.31984e-08
0
0
0
0
0
0
0
0
0
0
0
0
0
0
0
0
0
0
0
0
0
0
0
0
0
0
0
0
0
0
0
0
0
0
0
0
0
0
0
0
0
0
0
0
0
0
0
0
0
0
0
0
0
0
-5.51165e-16
-4.61081e-17
0
0
0
0
0
0
-1.9631e-16
0
0
1.05385e-16
1.27548e-16
0
0
0
8.07101e-09
6.31723e-08
-6.38379e-08
-1.03731e-07
0
0
0
0
0
0
0
0
6.7073e-15
0
0
0
0
0
0
0
0
0
0
0
0
-9.43927e-08
-1.28561e-07
0
0
0
0
0
0
0
0
0
0
0
3.01244e-16
0
0
0
0
0
0
0
0
0
0
0
0
0
0
0
0
0
8.15968e-15
0
0
0
0
0
0
0
0
0
0
0
0
0
0
0
0
0
0
0
0
0
0
0
0
0
0
0
0
0
0
0
0
0
0
0
0
0
0
0
0
0
0
0
0
0
0
0
0
0
0
0
-1.31498e-16
0
0
0
0
0
0
0
0
0
0
0
0
0
0
0
0
0
0
0
0
0
0
0
0
0
0
0
0
0
0
0
0
0
0
0
0
0
0
0
0
0
0
0
0
0
0
0
0
0
0
0
0
0
0
0
0
0
0
0
0
0
0
0
0
0
0
0
0
0
0
0
0
0
0
0
0
0
0
0
0
0
0
0
0
0
0
0
-1.84743e-14
6.59094e-17
0
0
0
0
0
0
0
0
0
0
0
0
0
0
0
-6.89513e-08
-1.103e-07
0
0
0
0
0
0
0
0
0
0
0
0
0
0
0
0
0
0
0
0
0
0
0
0
0
0
0
0
0
0
0
0
0
0
0
0
0
4.28377e-15
-7.89268e-16
0
0
0
0
0
0
0
0
0
0
0
0
-3.24564e-32
5.04384e-15
0
-4.71419e-12
0
0
0
0
0
0
0
0
0
0
0
0
0
0
0
0
0
0
0
0
0
0
0
0
-2.68294e-15
0
0
0
0
0
0
0
0
0
0
0
7.57775e-18
0
0
0
0
0
0
0
0
0
0
0
0
0
0
0
0
0
0
0
0
0
0
-3.05186e-15
0
0
0
0
0
0
0
0
0
0
0
0
0
0
0
0
0
0
0
0
0
0
0
0
0
0
0
0
0
0
0
0
0
0
0
0
0
0
0
0
0
0
-2.39827e-16
9.21038e-16
0
0
0
0
0
0
0
0
0
0
0
0
0
0
0
0
0
0
0
0
0
0
6.61491e-15
0
0
0
0
0
0
0
0
0
8.21498e-15
0
0
0
0
0
0
0
-1.11302e-07
-7.96425e-08
0
0
0
0
0
0
0
0
0
0
0
0
0
0
0
0
0
0
0
0
0
9.04794e-17
0
0
0
0
-1.14128e-15
0
0
0
0
0
0
0
0
0
0
0
-6.27502e-18
-3.56807e-19
0
0
0
0
0
0
0
0
0
0
0
0
0
-9.28748e-08
-1.27149e-07
0
0
0
0
0
0
0
0
0
0
0
0
0
0
0
0
0
0
-8.21213e-17
0
0
0
0
0
0
0
0
0
0
0
0
0
0
0
0
0
0
0
0
0
0
0
0
0
0
0
0
0
0
0
0
0
0
0
0
0
0
0
0
0
0
0
0
0
0
0
0
0
0
0
0
0
0
0
0
0
0
1.61917e-15
0
0
0
0
0
0
0
0
0
0
0
0
0
0
2.07376e-15
0
0
0
0
-3.58751e-12
7.87932e-13
-5.34951e-15
3.00241e-15
-7.1006e-16
4.16253e-30
0
0
0
0
0
0
0
0
0
0
0
0
0
-3.97343e-16
0
0
0
0
0
3.75867e-15
0
0
0
0
0
0
0
0
0
0
0
0
0
0
0
0
0
0
0
0
0
0
0
0
0
0
0
0
0
0
0
0
0
9.24356e-17
4.21488e-18
0
0
0
0
0
0
0
0
0
0
0
0
0
-1.2132e-17
-9.62589e-15
0
0
0
0
0
0
0
0
0
0
0
0
0
-1.10956e-07
-9.48766e-08
0
0
0
0
0
0
0
0
0
0
0
0
0
0
0
0
0
0
0
0
0
0
0
0
0
0
0
0
0
0
0
0
0
0
0
0
0
0
0
0
0
0
0
0
5.11188e-31
-2.67314e-16
-1.2425e-07
-1.04624e-07
0
0
0
0
0
0
0
0
0
0
0
0
0
0
0
0
0
-2.32597e-15
0
0
0
0
0
0
1.94972e-15
0
0
0
0
0
0
0
0
0
0
0
0
0
0
0
0
0
0
0
0
0
0
0
0
0
0
0
0
0
0
0
0
0
0
0
0
4.8971e-17
0
-1.03837e-15
0
0
0
0
0
0
0
0
-8.13454e-17
2.91766e-16
0
0
0
0
0
0
0
0
0
0
0
0
0
0
0
0
0
0
0
0
0
0
0
0
0
0
0
0
0
0
0
0
0
0
0
0
0
0
0
0
3.92455e-16
0
0
0
0
0
0
0
0
0
0
0
0
0
0
0
0
0
0
0
-2.75112e-13
0
0
0
0
0
0
0
0
0
-1.23193e-07
-9.39717e-08
0
0
0
3.16064e-16
0
0
-8.88835e-16
8.89285e-16
0
0
0
1.29104e-15
0
0
0
0
0
0
0
0
0
0
4.92445e-16
0
0
0
0
0
0
0
0
0
0
0
0
8.24494e-15
-1.35004e-16
0
0
0
0
0
0
0
0
1.07015e-15
8.10233e-17
0
0
0
0
0
0
0
0
0
0
0
0
-1.29355e-16
-5.10422e-16
0
0
0
0
0
0
0
0
2.38262e-15
0
0
0
0
0
0
0
0
0
0
0
0
0
0
0
0
0
0
0
0
0
0
0
1.29885e-15
0
0
0
0
0
0
0
0
0
0
0
0
0
0
0
0
0
2.43073e-16
-9.64129e-17
0
0
0
0
0
0
0
0
0
0
0
0
0
0
0
0
0
0
0
0
0
0
0
0
0
0
0
0
0
0
0
0
0
0
0
0
0
0
0
0
0
0
0
0
0
0
0
-1.17509e-15
-9.24502e-16
0
0
0
0
0
0
0
0
0
0
0
0
0
0
0
0
-3.14592e-17
-3.31764e-17
0
0
0
0
0
0
0
0
0
0
0
0
0
0
0
0
0
0
1.25224e-17
-5.57611e-17
-1.2468e-16
0
0
0
0
-2.15913e-17
0
0
0
0
5.00829e-16
0
0
0
0
0
0
0
-3.82769e-15
0
0
0
0
0
0
0
0
0
0
0
2.0887e-16
0
0
0
0
0
0
0
0
0
0
0
0
0
0
0
0
0
0
0
0
0
0
0
0
0
0
9.18403e-17
-2.83012e-16
0
0
0
0
0
0
0
0
0
0
0
0
0
0
0
0
0
0
0
0
0
0
0
0
0
0
0
0
0
0
0
0
0
0
0
0
0
0
0
0
0
0
0
0
0
0
0
0
0
0
0
0
0
0
0
0
0
0
0
0
0
0
0
0
0
0
0
0
0
0
0
0
0
-5.4259e-17
-6.46257e-16
1.83234e-16
0
0
0
5.9947e-16
0
0
0
0
0
0
0
0
0
0
0
0
0
0
0
0
0
0
0
0
0
0
0
0
0
0
0
0
0
0
0
0
0
0
0
0
0
6.03919e-17
4.31672e-17
0
0
5.80784e-16
0
0
0
0
0
0
0
0
-4.26887e-16
-8.85721e-16
0
0
0
0
0
0
0
0
0
0
0
0
0
0
-3.01566e-15
0
0
0
0
-2.7262e-16
2.23411e-16
0
0
0
0
0
0
0
0
0
0
0
0
0
0
0
0
0
0
0
0
0
0
0
0
0
0
0
0
0
0
0
0
0
0
3.79159e-18
0
0
0
0
0
0
0
0
0
0
0
0
0
0
0
0
0
0
0
0
0
0
0
0
0
0
0
0
0
0
0
0
0
0
0
0
2.47999e-12
0
2.46015e-12
2.37993e-12
0
0
1.19597e-12
2.10305e-12
2.61829e-12
0
0
0
0
0
0
0
0
0
0
0
0
0
0
0
0
0
0
0
0
0
2.77307e-12
0
0
7.45989e-17
2.42342e-15
0
0
0
0
0
0
2.89603e-12
2.98395e-12
0
0
0
0
0
0
0
0
0
0
0
0
0
0
0
0
0
0
0
0
0
0
0
0
0
0
2.82561e-12
0
0
3.34148e-12
0
2.85517e-15
0
0
0
0
0
0
0
0
0
0
0
0
0
-1.458e-15
1.50132e-15
0
0
0
0
0
0
0
0
0
0
0
0
0
2.9807e-12
3.13827e-12
0
0
0
0
0
0
0
3.04204e-12
0
0
0
0
0
0
-6.35717e-17
-1.27797e-16
0
-5.11906e-09
-4.6014e-08
0
0
0
0
0
-7.23694e-16
0
0
0
0
3.52125e-12
0
0
0
0
0
0
0
0
0
0
0
0
0
0
0
0
0
0
0
0
0
0
0
0
0
0
0
-9.09971e-18
0
0
0
0
0
3.30378e-12
3.71397e-12
0
0
0
0
0
0
0
0
0
0
0
0
0
0
0
0
0
0
0
0
0
0
0
0
0
0
0
0
0
0
0
0
0
0
0
0
0
0
1.50684e-12
0
0
0
0
0
0
0
2.9496e-12
0
0
0
0
2.65993e-12
2.45162e-12
1.97074e-12
0
0
0
0
0
1.8287e-14
0
0
0
0
0
0
0
0
0
0
0
0
0
0
1.61629e-16
0
0
0
0
0
0
0
0
0
0
0
0
0
0
0
1.56546e-12
0
0
0
-4.14177e-15
0
4.16735e-12
0
0
0
0
0
0
0
0
0
0
0
0
0
0
0
0
0
0
0
0
0
0
0
0
0
0
0
0
0
2.75218e-12
2.73586e-12
0
0
0
0
0
0
0
0
0
0
0
0
0
0
2.7989e-12
2.83106e-12
0
0
0
3.28868e-12
0
0
0
0
0
0
0
0
0
0
0
0
0
0
0
0
0
0
0
0
0
0
0
0
-1.10805e-07
-8.6368e-08
0
0
0
0
0
0
0
0
0
0
0
0
0
0
0
0
0
0
0
0
0
0
0
0
-8.29797e-13
-7.6373e-13
3.97292e-12
3.41197e-12
0
0
7.8882e-16
0
0
0
0
0
0
0
0
-6.59272e-17
-3.84639e-12
-6.56662e-12
0
4.1637e-15
0
0
0
0
0
-9.90534e-09
-5.29054e-08
0
0
0
0
0
0
3.14132e-12
0
0
0
0
0
0
0
0
0
0
0
0
0
0
0
0
0
3.66775e-16
0
0
0
0
-2.66757e-16
0
0
0
0
0
6.45296e-12
0
0
0
0
0
0
0
2.90038e-12
0
0
0
0
-1.03509e-15
4.16253e-30
0
0
0
0
0
0
0
0
0
0
0
0
0
0
0
0
0
0
0
0
0
2.9708e-12
0
0
0
0
0
0
0
0
0
0
2.43547e-12
0
0
0
0
8.40512e-16
-2.44176e-15
0
0
0
0
0
0
0
0
0
0
0
0
0
-3.21877e-12
0
0
0
0
0
0
4.97949e-12
0
0
0
0
-4.15885e-16
0
0
0
0
-1.53658e-16
-2.1174e-16
0
-2.36251e-14
0
5.17273e-31
0
0
0
0
0
0
0
0
0
2.62312e-12
0
0
3.2278e-12
0
0
0
0
-1.09168e-07
-5.24391e-08
0
0
0
0
0
0
0
0
0
0
0
0
0
0
0
0
2.15134e-16
-3.57861e-16
0
0
0
0
0
0
0
1.77832e-16
0
0
0
0
0
0
0
0
0
0
0
0
0
0
0
0
0
0
0
0
0
0
0
0
0
0
0
0
0
0
0
0
0
0
0
0
5.087e-12
2.18001e-16
0
0
0
0
0
0
-1.14407e-15
0
-7.00953e-16
0
0
0
-1.05932e-15
0
0
0
0
0
0
0
0
0
0
0
0
0
0
0
0
0
0
0
0
-1.17702e-15
9.37237e-16
0
0
0
0
0
-5.37546e-16
0
0
0
0
-1.39287e-15
0
0
0
0
0
0
0
0
0
1.20784e-16
0
0
0
0
0
0
0
0
0
0
0
0
0
0
0
0
0
0
0
-1.26854e-07
-1.04921e-07
0
-2.46759e-16
7.16594e-16
0
0
0
0
0
0
0
0
0
0
0
0
0
0
0
0
0
0
0
0
0
0
0
0
0
0
0
0
0
-1.07449e-15
0
0
0
0
0
0
-1.03196e-15
0
0
3.0033e-12
0
0
0
0
0
0
0
0
0
0
0
0
0
1.50469e-14
0
0
0
0
0
0
0
0
0
-3.23887e-13
1.61673e-15
-4.36818e-16
0
0
0
0
0
0
0
0
0
0
1.76655e-15
5.475e-13
7.71173e-13
0
0
0
0
0
0
6.40433e-16
0
0
0
0
0
3.75049e-15
0
0
0
0
0
0
0
0
0
0
0
0
0
0
0
0
0
0
0
0
0
0
-5.54165e-16
0
0
0
0
0
0
0
0
0
0
0
0
0
0
0
0
0
0
0
0
0
0
0
0
0
0
0
0
0
0
0
0
0
0
0
2.07144e-15
-6.63507e-16
0
0
0
0
0
0
0
0
0
0
0
0
0
0
0
0
0
0
0
0
0
0
0
0
0
0
0
0
0
0
0
0
1.47921e-15
0
0
0
0
0
0
0
0
0
0
0
0
0
0
0
0
0
0
0
0
0
0
0
0
0
0
0
0
2.6804e-16
0
7.55111e-12
0
0
0
0
0
0
0
0
0
0
0
0
0
0
0
0
0
0
0
0
0
0
0
2.24787e-16
6.87916e-16
0
0
0
0
0
0
0
0
0
0
0
1.03455e-30
0
0
0
0
0
0
0
1.52124e-15
0
0
0
0
0
0
0
0
0
0
0
0
0
0
0
0
0
0
0
0
0
0
0
0
0
0
0
0
0
0
0
0
0
0
0
0
0
0
0
0
0
0
0
0
0
0
0
0
0
0
0
0
0
0
0
0
0
0
0
0
0
0
0
3.13216e-16
0
0
0
0
0
0
0
3.81158e-18
7.06021e-17
0
0
0
0
0
0
0
0
0
0
0
0
0
0
0
0
0
0
0
0
0
0
0
0
0
0
0
0
0
0
0
6.25614e-16
0
0
0
0
0
0
0
0
-3.08024e-15
0
0
0
0
-4.87387e-16
0
0
0
0
0
0
0
0
0
0
0
0
0
0
0
1.93378e-17
0
0
0
0
3.03572e-09
0
0
0
0
0
0
0
-3.46155e-18
0
0
0
0
0
0
0
0
1.01267e-16
0
2.24175e-15
1.51957e-15
0
0
0
0
0
0
0
0
0
0
0
0
0
0
0
0
0
0
0
0
0
0
0
0
0
0
0
0
0
0
0
0
0
0
0
6.14918e-13
0
0
0
0
0
0
0
0
0
0
0
0
0
0
0
0
0
0
0
0
0
0
0
0
0
0
0
0
0
0
0
0
0
0
0
0
0
0
0
0
-9.5709e-08
0
0
0
0
0
0
1.06328e-15
0
0
1.4922e-14
0
0
0
0
0
0
0
0
6.97303e-12
0
0
-1.05418e-15
0
0
0
3.76812e-12
0
0
0
0
0
0
0
0
0
0
0
0
0
0
0
0
0
0
0
0
0
0
0
-6.87079e-16
0
0
0
0
0
0
0
0
0
0
0
0
0
0
0
0
0
0
0
0
0
0
0
0
0
0
0
0
0
0
0
0
3.67141e-08
0
0
0
0
0
7.97474e-13
0
0
0
0
0
0
0
0
0
0
0
0
0
0
0
0
1.25715e-15
0
0
0
0
0
0
0
0
0
0
0
0
0
0
0
0
0
-9.1734e-16
0
0
0
0
0
0
-4.80643e-08
0
0
-1.79968e-17
-7.55936e-16
0
0
0
0
0
0
0
0
0
-3.41946e-15
0
0
0
0
0
4.64923e-16
0
0
0
-4.02798e-15
9.26488e-16
-6.95935e-16
0
0
0
0
0
0
0
0
0
0
0
0
0
0
0
0
1.12665e-14
0
0
0
0
0
0
0
0
0
0
4.36467e-15
0
0
0
0
0
0
0
0
0
0
0
0
0
0
0
0
0
0
0
0
0
0
0
0
2.07809e-17
0
0
1.31419e-15
0
0
0
0
0
0
0
0
0
0
0
0
0
0
0
0
0
0
0
0
0
0
0
0
0
0
0
0
0
0
0
0
0
0
0
0
0
0
0
0
0
0
0
0
0
0
0
0
-4.60412e-15
4.63943e-17
0
0
0
-1.3029e-16
-1.61551e-16
0
0
0
0
0
0
0
0
0
0
0
0
0
0
0
0
0
0
0
0
0
0
0
0
0
0
0
0
0
3.32893e-12
0
0
0
0
0
0
0
0
0
0
0
0
0
0
0
0
0
0
0
0
0
0
0
-1.56801e-17
0
0
1.52235e-17
0
-6.25662e-16
-8.50608e-13
0
0
0
0
0
0
0
0
0
1.02978e-12
7.37753e-13
0
0
0
0
0
0
0
0
1.83573e-14
-2.62484e-12
0
0
0
0
0
0
0
0
0
5.18795e-31
0
0
0
0
0
0
6.29708e-13
0
0
0
0
0
0
0
0
0
0
0
0
-7.17689e-16
0
0
0
0
0
0
0
0
0
0
0
0
0
0
0
0
0
0
0
0
0
0
0
0
0
0
0
0
0
0
0
-1.45607e-15
0
0
0
0
0
0
0
4.9893e-17
0
0
0
0
0
0
1.1813e-12
0
0
0
0
0
-6.52084e-09
2.44985e-12
0
0
0
0
0
0
0
0
0
0
0
0
0
0
0
0
0
0
0
0
0
0
0
0
0
0
0
0
0
0
0
0
0
0
0
0
0
0
0
0
0
0
0
0
0
0
0
0
0
0
0
0
-5.07625e-16
0
0
0
0
0
0
0
0
-5.2133e-31
0
0
0
0
0
0
0
0
0
0
4.28993e-08
0
2.12464e-07
0
0
0
0
0
0
1.06985e-15
0
0
0
0
0
0
0
0
4.34621e-08
2.01486e-12
0
0
-2.10762e-12
6.03074e-13
0
0
0
0
0
0
0
0
0
0
0
0
0
0
0
0
0
3.7074e-15
0
0
0
0
0
2.47924e-16
0
0
0
0
0
0
0
0
0
0
0
0
0
0
0
0
0
0
0
0
0
0
0
-2.04905e-16
4.68082e-16
0
0
0
0
0
0
0
0
0
0
0
0
0
0
0
0
0
0
0
0
0
0
0
0
0
0
0
0
0
0
0
0
0
0
0
0
0
0
0
0
0
0
0
0
0
0
0
0
0
0
0
0
0
0
0
0
0
0
0
0
0
0
0
0
0
-2.5934e-17
0
0
0
0
0
0
0
0
0
0
0
0
1.41413e-12
1.072e-12
0
0
0
0
0
0
1.03655e-15
0
0
0
0
0
0
0
0
0
0
0
0
0
0
0
0
-7.89492e-16
0
0
9.77774e-08
0
0
1.38586e-11
0
-1.44497e-16
0
0
0
0
0
0
0
0
0
0
0
0
0
0
0
0
0
0
0
0
0
0
0
0
0
0
0
0
0
2.34778e-15
0
0
0
0
0
0
3.00222e-12
3.36366e-08
2.41498e-12
0
0
0
0
0
0
0
0
0
0
0
0
-3.20777e-17
0
-1.23679e-16
0
0
0
0
0
0
0
2.23226e-15
0
0
0
0
0
0
0
0
0
0
0
3.65495e-15
0
0
0
0
0
0
0
0
0
0
0
0
0
0
0
-6.77791e-16
0
0
0
0
0
0
0
0
0
0
0
-1.03962e-30
0
0
0
0
0
0
2.95106e-16
0
0
1.59421e-15
0
0
0
0
0
0
0
0
0
0
0
0
0
0
0
0
0
0
0
-2.79783e-12
0
0
0
-4.6121e-12
0
0
-5.69252e-18
0
0
0
3.49426e-12
4.42029e-08
-1.89045e-15
0
0
0
0
0
0
0
0
-1.62775e-12
0
0
0
0
0
0
0
0
0
0
0
0
0
0
0
0
-2.40295e-17
8.54968e-08
5.09909e-12
-8.26643e-16
0
0
0
0
0
0
0
0
0
0
-4.8638e-16
0
0
0
0
0
0
0
0
0
6.51023e-13
0
0
0
0
0
0
0
0
5.06429e-16
0
-2.50398e-12
0
0
0
0
0
0
1.19713e-16
0
0
0
0
0
0
2.02852e-33
3.13538e-17
0
0
0
0
0
0
0
0
0
0
0
0
0
0
0
0
0
0
0
0
0
0
0
0
0
0
-8.92502e-13
0
0
0
0
0
4.6811e-16
0
-8.81677e-08
-3.60636e-08
0
0
3.88377e-15
0
0
0
0
0
0
0
0
0
4.15177e-14
-3.86808e-12
0
0
-6.72928e-08
0
0
0
0
-1.84858e-16
0
0
0
0
0
0
0
0
0
0
0
0
0
0
0
0
0
0
0
0
0
0
0
-3.93121e-08
0
0
-1.98788e-12
3.09407e-13
0
0
0
0
0
0
0
-1.48644e-15
0
-1.42726e-16
0
0
0
0
0
0
0
0
0
0
0
0
-8.40648e-16
0
0
0
0
0
4.37677e-08
0
0
0
0
0
9.92401e-16
0
-2.51435e-12
0
0
0
0
0
0
0
0
0
0
0
0
0
0
0
0
0
0
0
0
0
0
1.23494e-17
0
-1.86967e-16
1.30804e-11
0
0
0
0
0
0
0
0
0
0
8.30072e-30
0
8.71069e-15
0
0
0
0
0
0
0
0
0
0
0
0
0
0
0
0
0
0
0
-1.61264e-14
0
0
0
0
0
0
0
0
0
0
0
0
0
0
0
0
0
0
0
0
0
0
0
0
0
0
0
0
0
0
0
0
0
0
0
-1.81628e-15
0
0
0
-8.86769e-08
2.17616e-12
0
0
5.35421e-18
0
0
0
0
0
0
-2.42797e-15
0
0
0
0
0
0
0
0
0
0
4.53691e-16
0
0
0
0
0
0
7.06019e-13
5.08159e-13
0
0
0
0
2.57059e-16
0
0
0
0
0
0
0
0
0
0
0
-3.31785e-12
0
0
0
0
0
0
0
0
-5.21033e-12
3.405e-12
0
0
0
0
-2.5926e-08
0
0
1.17778e-08
0
4.41557e-09
3.06163e-12
0
0
1.21934e-17
0
0
0
0
0
0
0
0
0
0
0
9.86136e-09
0
0
0
0
0
0
0
0
0
0
0
0
0
0
0
0
0
0
7.33984e-08
0
0
0
0
0
2.08672e-16
-4.3945e-16
0
1.60267e-16
0
0
-1.42621e-12
0
0
0
0
0
0
0
0
0
0
0
0
0
0
0
0
0
0
0
0
0
0
0
0
0
0
0
0
0
0
0
0
0
6.72179e-17
0
0
0
0
0
0
0
0
0
0
0
-1.20949e-15
0
0
0
-7.39137e-13
0
0
0
0
0
0
0
1.98273e-12
2.41412e-08
0
0
0
0
0
0
0
0
0
0
0
0
0
0
0
0
6.05589e-15
-8.05972e-08
-3.17299e-18
0
0
0
0
0
0
0
0
0
0
0
0
0
0
0
-1.37536e-08
0
0
0
0
0
0
0
0
0
0
0
0
0
0
0
0
0
0
0
0
0
-4.22272e-16
0
0
0
2.38027e-16
0
0
0
0
0
0
0
0
0
0
0
0
0
0
0
0
0
0
0
0
0
0
0
0
0
0
8.48149e-13
-2.13638e-15
0
0
0
0
0
0
0
0
0
0
0
0
0
0
0
0
0
0
0
0
0
0
-8.72141e-17
0
0
0
2.76202e-12
-9.4949e-09
0
0
0
0
0
0
0
0
0
0
0
0
0
0
0
0
0
0
0
0
0
2.14434e-16
0
0
0
0
0
0
0
0
0
0
0
0
0
0
0
0
0
-5.86704e-16
3.80709e-16
0
0
0
0
0
0
0
0
0
0
0
0
0
0
0
0
0
0
0
0
0
0
4.4664e-15
0
0
0
0
0
0
0
0
0
0
0
0
0
0
0
8.78801e-18
-1.45222e-17
0
0
0
0
0
0
0
0
0
0
0
0
0
0
0
0
0
0
0
0
3.45258e-16
0
1.72849e-15
0
0
0
0
0
0
0
0
0
0
0
0
0
8.99314e-17
0
0
0
0
0
0
0
0
0
0
0
0
0
0
1.04103e-07
0
0
0
0
0
0
0
0
0
0
0
0
0
0
0
0
0
0
0
0
0
0
0
0
0
0
0
0
0
0
0
6.76887e-13
5.52126e-15
0
0
0
0
0
0
0
0
0
0
0
0
0
0
0
0
1.24976e-16
0
0
4.80142e-13
0
0
0
0
0
5.82993e-08
2.55712e-12
8.43719e-08
0
0
0
4.44644e-16
2.17079e-15
0
0
0
0
0
0
-8.77336e-17
0
0
0
0
8.97953e-08
0
0
0
0
0
0
0
0
0
0
0
0
0
0
0
0
0
0
0
0
0
0
0
0
0
0
0
0
0
0
-9.12318e-08
0
0
0
0
0
-8.04647e-13
-3.25595e-08
0
0
0
0
0
-6.63221e-08
0
0
0
0
-3.08965e-08
0
0
0
0
9.69289e-13
6.91143e-13
-6.79054e-08
0
0
0
0
0
0
0
0
4.34277e-13
5.27565e-13
0
0
0
3.29371e-09
0
0
0
0
0
0
0
0
0
0
0
0
0
0
0
0
0
0
0
0
0
0
2.02721e-12
1.0627e-07
0
0
0
0
9.05481e-08
0
0
0
0
0
0
0
0
0
0
0
0
1.11099e-07
0
0
0
-2.04836e-11
1.17923e-12
0
0
0
0
0
0
0
0
-1.46877e-15
0
0
0
0
0
0
0
0
0
0
0
0
3.78462e-17
0
0
0
0
0
0
0
6.82661e-13
6.26779e-13
0
2.93573e-18
0
0
0
0
-3.19201e-16
0
0
0
0
0
0
0
0
0
6.38145e-13
0
0
0
0
0
0
-2.50299e-16
0
0
0
0
0
0
0
0
0
0
0
0
0
0
0
0
1.0304e-15
0
0
0
0
0
0
0
0
3.57701e-17
-1.68229e-16
0
0
-4.8452e-16
0
0
0
0
0
0
0
7.18906e-13
0
0
0
-7.96057e-13
0
-5.83338e-13
0
0
0
0
0
0
0
0
0
0
0
0
0
0
0
-6.06832e-13
0
0
-2.71906e-16
0
0
0
2.44656e-16
0
0
0
0
0
-5.41678e-17
0
0
0
0
0
0
0
0
1.54761e-12
2.05086e-12
0
0
0
0
0
0
0
0
0
0
0
0
0
0
0
8.92023e-17
1.24169e-16
6.10379e-17
3.44657e-16
0
0
0
0
0
0
0
0
0
0
0
0
0
0
0
0
9.14531e-08
0
0
0
0
0
0
0
0
0
0
-4.71613e-16
0
0
0
0
0
0
-1.15825e-15
6.27719e-16
4.07944e-18
0
0
0
0
0
-1.41898e-07
0
0
0
0
0
0
0
0
1.77795e-16
0
0
0
0
0
0
0
0
0
0
0
0
0
0
0
0
0
0
0
0
0
0
0
0
0
0
0
0
-5.70748e-13
0
0
0
0
0
1.74845e-16
0
0
0
0
0
0
0
0
0
0
0
-1.34096e-15
0
0
0
0
3.50115e-08
0
0
0
0
0
0
0
0
0
0
0
0
0
0
0
0
0
-4.60039e-16
0
0
0
0
0
0
0
1.61559e-16
0
0
1.88004e-17
-1.30809e-15
-9.42381e-13
0
-8.08348e-13
0
0
0
0
0
0
8.88694e-13
0
0
0
0
0
0
0
-6.55934e-13
0
0
0
0
0
0
0
0
0
0
0
0
0
0
0
-6.99708e-17
1.09668e-16
0
0
0
0
2.32035e-12
0
1.46161e-16
0
0
0
0
0
0
0
0
0
0
0
0
0
0
0
0
0
0
0
0
0
0
0
0
0
0
0
0
0
0
0
0
0
0
0
0
0
0
0
0
0
6.02449e-17
0
2.7121e-12
3.43002e-08
0
0
0
0
-1.37446e-12
-2.28139e-14
0
3.28988e-16
0
0
0
0
0
0
0
0
0
0
0
0
0
4.65242e-13
4.86866e-13
0
0
0
0
0
0
0
0
0
0
0
0
0
0
0
0
0
0
0
0
0
0
0
0
2.10127e-16
0
0
0
0
0
-9.37643e-17
3.3298e-16
0
0
0
0
0
-2.06641e-16
3.6896e-17
0
0
0
0
0
0
0
0
0
0
0
0
0
0
0
0
0
0
3.90122e-13
0
0
0
0
0
0
0
0
0
0
-1.11531e-15
0
0
0
0
0
0
0
0
0
0
1.1992e-15
-3.95867e-16
-5.8648e-17
-8.08854e-13
-1.74173e-11
0
0
0
0
0
0
0
0
0
0
0
0
0
0
0
-8.80654e-13
0
0
0
0
-1.30953e-16
0
0
0
0
0
0
0
0
0
0
0
0
0
0
0
0
7.37822e-13
-7.95226e-17
-3.87422e-13
-2.50294e-15
0
0
0
0
0
0
0
0
0
0
0
0
0
-8.20237e-13
0
0
0
0
0
0
0
0
0
6.44284e-16
0
0
0
0
-1.73738e-18
0
-7.67935e-13
5.55418e-13
0
0
0
0
0
0
-3.40805e-17
0
0
0
0
0
0
0
0
3.32292e-15
0
0
0
0
0
0
0
5.54062e-13
0
0
0
0
0
0
0
-1.67678e-16
0
0
0
0
0
0
0
0
0
0
0
0
1.1721e-07
0
0
2.31845e-16
0
0
0
0
0
0
0
3.87057e-16
0
0
0
0
0
0
0
0
0
0
0
0
0
0
-3.30672e-18
5.77281e-18
0
2.67253e-16
0
0
0
0
0
5.37681e-17
0
0
0
0
0
0
0
0
0
0
0
0
0
0
0
0
0
0
0
0
0
0
0
8.32821e-13
0
0
0
7.08585e-18
-7.7353e-13
0
0
0
0
0
0
0
0
0
0
0
0
0
0
0
0
2.03503e-15
0
0
0
0
0
0
1.73452e-18
0
0
0
0
0
0
0
0
0
0
0
0
0
0
0
0
0
0
0
0
0
0
-5.45455e-17
-8.10316e-13
0
0
0
0
0
0
0
0
0
0
0
5.92581e-13
0
0
0
0
0
0
0
1.00175e-15
0
0
0
-3.6616e-18
0
0
0
5.13205e-13
0
-2.11985e-16
-5.50457e-16
0
0
0
0
0
0
0
0
0
0
0
0
0
0
0
0
-2.22209e-16
3.86775e-16
0
-8.45965e-13
0
0
0
0
0
0
0
-8.42708e-17
6.93681e-13
0
-6.35266e-13
0
0
0
0
0
0
4.588e-16
0
0
0
0
0
0
0
0
0
0
0
2.28599e-17
1.30045e-16
0
0
0
0
0
4.46196e-13
0
0
0
0
0
0
0
0
6.39946e-13
0
0
6.62764e-17
0
0
0
0
0
0
0
0
0
0
0
0
5.68072e-18
1.93623e-14
0
0
0
0
0
0
0
0
0
0
2.12532e-12
0
0
0
0
0
0
0
0
0
0
0
0
0
0
0
0
0
0
0
0
5.6818e-18
0
0
0
0
0
0
0
0
-1.08935e-16
0
0
0
0
0
0
0
1.47241e-15
-1.36046e-15
0
0
6.31077e-13
0
0
0
0
0
0
0
-1.14986e-16
-2.89354e-12
0
0
0
0
0
-6.78534e-13
5.88355e-17
-6.63622e-13
0
0
0
0
0
0
0
0
0
0
0
0
0
0
-4.48683e-17
0
0
0
0
0
0
0
0
0
0
0
0
-8.98809e-13
0
4.63337e-13
0
0
0
0
0
0
7.03456e-13
-2.09989e-13
0
0
0
0
7.07634e-13
4.52981e-16
-9.15038e-13
0
0
0
7.24156e-16
0
0
0
0
0
0
0
0
0
-3.80657e-18
0
0
0
-7.68238e-13
4.66744e-16
0
0
0
0
0
0
0
0
-4.15653e-16
0
0
0
0
0
0
0
0
0
0
0
0
0
0
0
0
0
0
0
-5.51235e-13
0
0
0
0
0
0
0
0
6.40015e-13
-1.76835e-15
1.89317e-15
0
0
0
0
0
0
0
0
0
-7.49891e-13
0
0
0
0
0
0
0
0
0
0
0
-6.42892e-15
0
0
0
-6.59658e-13
3.85063e-15
-1.2152e-14
0
0
0
0
0
0
0
0
0
0
0
0
0
0
0
0
0
0
0
0
0
0
0
0
0
0
0
0
0
0
0
0
0
0
0
0
-2.16953e-15
0
0
0
8.10185e-08
0
0
0
0
0
0
0
0
0
0
0
0
0
0
0
0
0
0
-2.22396e-15
0
5.95373e-13
-5.49638e-16
0
0
0
0
0
0
0
0
0
0
0
0
0
0
0
0
0
0
0
0
0
0
0
6.22047e-13
6.03684e-13
0
-7.23566e-13
-3.52517e-18
0
0
0
-1.19448e-16
0
0
0
0
0
0
0
0
0
0
-3.92873e-16
0
0
0
0
0
0
0
0
0
0
0
0
-6.37521e-13
0
0
0
0
6.52336e-13
0
0
0
0
0
0
0
0
0
0
0
0
0
0
0
0
0
0
-6.42421e-16
0
0
-5.28828e-08
0
0
0
0
0
0
0
0
0
0
0
0
0
0
0
0
0
4.07559e-13
0
0
0
0
0
0
0
0
0
0
0
0
0
1.18163e-12
0
0
0
0
0
0
0
0
0
0
0
0
0
0
-5.90686e-13
0
0
0
0
0
0
0
0
0
1.47318e-16
5.36401e-13
0
0
0
0
0
0
0
0
0
0
0
0
-7.08189e-13
0
2.13616e-16
0
0
0
0
0
0
0
0
-1.92991e-15
0
-5.93153e-13
0
0
5.92494e-13
0
0
0
0
0
-5.62086e-13
0
0
0
0
0
0
0
0
0
0
0
0
6.12518e-13
0
7.04643e-15
-5.841e-15
0
0
0
0
0
0
0
0
-1.25916e-16
-2.57027e-16
0
0
0
0
0
-3.42564e-16
0
0
-8.20126e-17
0
-5.76269e-16
0
0
0
0
0
0
0
0
0
0
0
0
0
-9.13637e-17
5.16842e-17
0
)
;

boundaryField
{
    frontback
    {
        type            empty;
        value           nonuniform List<scalar> 0();
    }
    topbottom
    {
        type            calculated;
        value           uniform 0;
    }
    outlet
    {
        type            calculated;
        value           nonuniform List<scalar> 0();
    }
    inlet
    {
        type            calculated;
        value           uniform 0;
    }
    walls
    {
        type            calculated;
        value           nonuniform List<scalar> 
135
(
3.11713e-07
1.48573e-07
2.70928e-07
-2.35969e-07
2.94233e-07
1.544e-07
2.53449e-07
-9.61357e-08
3.69977e-07
3.99109e-07
-7.28301e-08
-1.01962e-07
1.07788e-07
7.86565e-08
2.12664e-07
3.17539e-07
3.46671e-07
2.88407e-07
2.65101e-07
1.31094e-07
4.51546e-07
4.22414e-07
2.35969e-07
1.60226e-07
5.53509e-08
1.89358e-07
2.62188e-08
2.9132e-09
-2.03924e-08
-4.95244e-08
-1.25268e-07
-1.544e-07
-1.77705e-07
-2.06837e-07
-2.30143e-07
-2.59275e-07
-2.82581e-07
-6.70037e-08
-2.24317e-07
-1.31094e-07
-1.71879e-07
-1.60226e-07
-2.76754e-07
-1.83532e-07
-1.19441e-07
-1.07789e-07
-7.86565e-08
-4.3698e-08
-1.4566e-08
-2.9132e-09
-1.48573e-07
6.11773e-08
2.03924e-08
8.73961e-09
-2.62188e-08
1.13615e-07
3.20452e-08
8.44829e-08
1.36921e-07
1.66053e-07
-6.11773e-08
-2.1849e-07
-1.36921e-07
-1.66053e-07
-1.95185e-07
2.06837e-07
-2.41796e-07
-2.70928e-07
-1.13615e-07
2.30143e-07
2.1849e-07
-8.44829e-08
-3.0006e-07
-3.78716e-08
-8.73961e-09
6.70037e-08
1.4566e-08
1.83532e-07
2.41796e-07
1.19441e-07
3.78716e-08
1.77705e-07
9.03093e-08
1.42747e-07
1.71879e-07
3.40845e-07
2.01011e-07
2.24317e-07
3.6415e-07
3.52498e-07
2.47622e-07
3.75803e-07
2.76754e-07
4.16588e-07
3.0006e-07
4.28241e-07
-1.42747e-07
3.35018e-07
4.4572e-07
3.58324e-07
3.8163e-07
4.39894e-07
4.10762e-07
4.57373e-07
4.34067e-07
1.01962e-07
3.93282e-07
1.25268e-07
3.23366e-07
4.63199e-07
-2.65101e-07
-9.03093e-08
-5.53509e-08
7.28301e-08
2.82581e-07
4.3698e-08
2.59275e-07
-3.05886e-07
-2.53449e-07
9.61357e-08
-2.12664e-07
-2.47622e-07
-3.20452e-08
1.95185e-07
3.87456e-07
-1.89358e-07
4.95244e-08
3.29192e-07
3.05886e-07
-2.94233e-07
-2.01011e-07
-5.53509e-08
4.04935e-07
-2.88407e-07
-4.95244e-08
)
;
    }
    procBoundary0to1
    {
        type            processor;
        value           nonuniform List<scalar> 
104
(
0
0
0
0
0
0
0
-3.55963e-16
2.52527e-13
0
0
0
0
0
0
0
0
0
0
0
0
0
0
0
0
0
0
0
0
0
0
0
0
0
0
0
0
0
0
0
0
0
0
0
0
0
0
0
0
0
0
0
0
0
0
0
9.00893e-16
0
0
0
0
0
0
0
0
0
0
-2.66636e-12
0
0
0
0
0
0
0
0
0
0
0
0
0
0
0
0
0
0
0
0
0
0
0
0
1.08428e-15
0
0
0
0
0
0
6.50212e-08
0
0
0
0
)
;
    }
    procBoundary0to2
    {
        type            processor;
        value           nonuniform List<scalar> 
83
(
1.00356e-15
2.22266e-16
9.27549e-16
5.10143e-16
-1.86809e-16
-3.65236e-12
0
8.27581e-16
5.61422e-15
0
-2.96288e-16
-3.20308e-15
-1.9294e-16
0
-1.98198e-16
-5.77446e-18
0
-1.42953e-15
-4.55802e-17
0
0
0
0
0
-4.0965e-16
-2.06909e-30
1.80379e-16
0
0
0
0
0
-9.42078e-15
1.55538e-16
0
-2.17653e-16
-4.80472e-16
3.20773e-15
0
0
-1.77525e-16
0
-8.61205e-17
1.12731e-16
1.47236e-16
3.23132e-17
0
2.19083e-16
-2.61527e-16
-2.59577e-16
0
0
7.61418e-15
0
1.02094e-15
2.37217e-16
8.08609e-17
-7.26893e-16
0
2.53713e-15
0
6.18475e-18
1.6655e-07
-7.79878e-17
4.20442e-17
0
-1.98659e-15
0
0
6.86478e-17
2.34652e-15
0
0
1.17902e-16
-3.82437e-16
0
0
2.74945e-15
0
0
-4.13624e-17
0
0
)
;
    }
}


// ************************************************************************* //
