/*--------------------------------*- C++ -*----------------------------------*\
| =========                 |                                                 |
| \\      /  F ield         | OpenFOAM: The Open Source CFD Toolbox           |
|  \\    /   O peration     | Version:  v2012                                 |
|   \\  /    A nd           | Website:  www.openfoam.com                      |
|    \\/     M anipulation  |                                                 |
\*---------------------------------------------------------------------------*/
FoamFile
{
    version     2.0;
    format      ascii;
    class       surfaceScalarField;
    location    "150";
    object      meshPhi;
}
// * * * * * * * * * * * * * * * * * * * * * * * * * * * * * * * * * * * * * //

dimensions      [0 3 -1 0 0 0 0];
oriented        oriented;


internalField   nonuniform List<scalar> 
20580
(
0
0
0
0
0
0
0
0
0
-5.63074e-17
-5.48803e-16
0
0
0
0
0
0
0
0
0
0
0
0
0
0
0
0
0
0
0
0
0
0
0
0
1.01702e-15
7.86666e-15
4.60919e-13
-1.107e-12
-2.25639e-16
0
0
0
-1.29546e-32
-1.38574e-16
0
1.69983e-12
-1.99776e-12
-2.03483e-13
0
0
0
0
0
0
0
0
-1.86292e-18
8.59761e-17
-3.80051e-17
0
0
0
0
0
0
0
0
0
0
0
0
0
0
0
0
0
0
0
0
0
0
0
0
0
0
0
0
0
0
0
0
0
0
0
0
0
0
0
0
0
0
-7.4148e-16
5.79037e-17
0
0
0
0
0
0
0
0
0
0
0
0
0
0
0
0
2.59671e-08
4.21822e-08
0
0
0
0
0
0
0
0
0
0
0
0
0
0
0
0
0
0
0
4.41881e-13
1.82992e-13
-1.24776e-12
0
-1.2596e-14
4.40455e-30
0
-1.52253e-15
0
0
0
-3.85079e-13
0
-2.64078e-13
0
0
0
0
0
0
0
0
0
-9.25877e-13
-4.46824e-14
0
0
0
0
0
0
0
0
0
0
0
0
0
0
0
-1.0873e-13
-1.41978e-12
9.84099e-17
1.10631e-15
0
0
0
0
1.27471e-16
5.38475e-16
-6.3712e-16
0
6.64007e-16
0
3.79425e-17
-2.70103e-15
0
0
0
8.55784e-13
-1.7646e-12
0
0
0
0
0
0
3.38367e-13
2.34365e-16
0
0
0
0
0
0
0
0
0
0
0
0
0
0
0
-5.40649e-13
-1.24322e-13
0
-1.44729e-13
0
0
0
0
0
0
2.09919e-13
-1.28094e-12
4.24787e-13
0
-2.26339e-15
-1.49603e-14
0
0
0
0
0
0
3.02958e-09
2.94135e-08
0
0
0
0
0
0
0
0
0
0
0
0
0
0
3.2272e-13
2.40373e-13
-1.12747e-12
0
0
0
0
0
-3.42628e-16
3.22943e-16
0
0
0
0
0
0
0
0
0
0
0
0
0
0
0
0
-1.19956e-16
0
0
0
0
0
0
0
0
0
0
0
0
0
0
0
0
0
0
0
0
0
0
0
0
0
-2.14313e-16
-1.20448e-17
0
0
0
0
0
0
0
0
0
0
0
0
0
0
-4.26649e-16
6.046e-17
0
0
0
0
0
0
0
0
0
0
0
0
0
0
0
0
0
0
0
0
0
0
0
0
0
0
0
0
0
-2.32721e-15
0
0
0
0
0
0
0
0
0
0
0
0
0
0
0
0
0
0
0
0
0
0
-1.20355e-14
2.57572e-15
0
0
0
0
0
0
0
0
0
0
0
0
0
0
0
0
0
0
0
0
0
0
0
0
0
0
0
0
0
0
0
0
0
0
0
0
0
0
0
0
0
0
0
0
0
-7.29624e-13
0
0
0
0
0
-2.73236e-13
0
0
0
0
0
0
0
0
0
0
0
0
0
0
0
0
0
0
0
0
0
0
0
0
0
0
0
0
0
0
0
0
0
-5.00192e-16
0
0
0
0
0
0
3.70167e-08
2.22555e-08
0
0
0
0
0
0
0
0
0
0
0
0
0
0
0
0
0
-7.62617e-14
-1.67573e-12
0
0
0
0
0
0
0
0
0
0
0
0
0
0
0
7.90969e-16
2.34782e-15
0
0
0
0
0
0
0
0
0
0
0
0
0
0
0
0
0
0
0
0
0
0
0
0
0
0
0
0
0
0
0
0
0
0
0
0
0
0
0
0
0
0
0
0
0
0
0
0
0
0
0
0
0
-3.75027e-12
0
0
0
0
0
1.48662e-13
-1.76722e-12
0
0
0
0
0
0
0
0
0
0
0
0
0
0
0
0
0
0
0
0
0
0
0
0
0
0
0
0
0
0
0
0
0
0
0
0
0
0
0
3.88671e-16
0
-8.06469e-16
-5.56856e-13
-6.27939e-14
0
0
0
-1.04854e-15
0
0
0
0
0
0
0
0
-3.67531e-15
5.69347e-15
0
0
0
0
0
-2.06003e-16
-1.23306e-13
-2.32004e-13
0
0
0
0
0
0
0
0
0
0
0
0
5.2347e-16
-1.54043e-16
0
0
0
0
4.39299e-15
0
3.73076e-17
0
0
0
7.95277e-16
0
9.47287e-19
0
0
0
0
0
0
0
0
0
0
2.23766e-15
0
0
0
0
0
0
0
0
0
0
0
0
0
-3.37962e-16
1.93784e-16
1.21152e-13
-1.72089e-12
2.45403e-13
0
0
0
0
0
-1.33925e-17
4.11794e-16
0
0
0
0
0
0
0
0
0
0
3.89241e-13
2.00624e-13
-1.18041e-12
0
0
0
0
0
0
0
0
0
0
0
0
0
0
0
0
0
0
0
0
0
0
0
0
0
0
0
0
0
0
0
-3.66241e-19
0
5.9842e-18
0
0
0
3.36512e-18
0
0
0
0
0
0
0
0
0
0
0
5.61839e-13
-1.32006e-12
1.18096e-13
0
0
0
0
7.49315e-18
0
-2.94548e-13
-8.37905e-14
0
0
0
0
0
0
0
0
0
0
0
0
0
0
0
-1.81891e-13
0
0
0
0
0
0
0
0
0
0
0
0
0
0
0
0
0
0
0
0
0
0
0
0
0
3.85174e-16
2.94356e-16
0
0
0
0
0
-3.70933e-08
-1.44683e-08
0
0
0
0
0
0
0
0
0
0
0
0
0
0
-3.84878e-13
0
0
0
0
0
0
0
0
0
0
0
0
0
0
0
0
0
0
0
0
0
0
0
0
1.94424e-14
-9.52111e-13
-2.21575e-17
-1.82767e-19
0
0
0
0
0
0
0
0
0
0
0
0
0
-9.42595e-16
0
0
0
0
0
0
0
0
0
0
0
0
0
0
0
0
0
0
-1.27547e-14
0
0
0
0
0
0
0
0
0
0
0
0
-3.47359e-13
0
0
0
0
0
0
0
0
0
0
0
0
0
-3.83379e-13
-4.54435e-13
0
0
0
0
0
0
1.83849e-12
-5.29206e-08
-1.00638e-16
4.00988e-15
0
-2.4374e-16
2.27357e-16
0
0
0
-2.5994e-17
0
2.74677e-16
0
0
0
0
0
0
0
0
0
0
0
0
0
0
0
0
0
0
0
0
0
0
0
0
0
0
0
0
0
0
-1.56609e-14
-7.33219e-15
0
0
0
0
0
0
0
0
0
0
0
0
0
0
0
0
0
0
0
0
0
0
-1.28028e-14
-4.32915e-13
-1.6357e-12
-7.05059e-16
0
0
0
0
0
0
0
0
0
0
0
0
0
4.9865e-08
1.42879e-08
0
0
0
0
0
0
0
0
0
0
0
0
-2.60771e-14
0
0
0
0
-4.20647e-14
-1.01866e-13
0
0
0
0
0
0
0
0
0
0
0
0
0
0
0
0
-1.03718e-12
1.36607e-13
0
0
0
0
0
0
0
0
0
0
0
0
0
0
0
0
0
0
0
0
0
0
0
0
0
0
0
0
0
0
0
0
0
0
0
0
0
0
0
0
0
0
0
0
0
0
0
0
0
0
0
0
0
0
0
0
0
0
0
0
0
0
0
0
0
0
0
0
0
0
0
0
0
0
3.69027e-15
0
-1.07193e-15
0
0
0
0
0
0
0
0
0
0
0
4.20484e-16
-1.04485e-16
0
0
0
0
0
0
4.92921e-12
-8.26487e-08
7.18325e-08
0
0
0
0
0
0
0
0
0
0
0
0
0
0
0
0
0
0
0
0
0
0
0
0
0
0
0
0
0
0
0
0
0
0
0
0
0
0
0
0
0
0
0
0
0
0
0
0
0
0
0
2.10929e-15
0
0
0
2.0612e-13
1.99441e-13
-8.14921e-13
0
0
0
0
-4.89361e-14
-2.19611e-14
1.63729e-14
0
0
0
0
0
0
0
0
0
0
0
0
0
0
0
0
0
0
0
0
0
0
0
0
0
0
0
0
0
0
0
0
0
0
0
0
0
0
3.72258e-16
0
4.04693e-16
0
0
0
0
0
0
-7.59358e-17
1.14659e-15
0
0
-1.64234e-17
4.29709e-15
0
0
0
0
0
0
0
0
0
0
0
0
0
0
0
0
0
0
0
0
0
0
0
0
0
0
-3.97237e-13
2.9834e-16
-3.15021e-13
0
0
0
0
0
0
0
0
0
0
0
0
1.94534e-17
0
0
0
0
0
0
0
0
0
0
0
0
0
0
0
0
0
0
1.78266e-16
-4.0557e-17
-1.33814e-13
-5.52728e-31
3.44107e-13
0
0
0
0
0
0
0
0
0
0
0
0
0
0
0
0
0
0
0
0
5.13078e-16
0
2.58284e-17
0
0
0
0
0
0
0
0
0
0
0
0
0
0
0
0
0
0
-2.85278e-13
0
0
0
0
3.61519e-14
1.14399e-12
0
0
0
0
0
0
0
0
0
0
0
0
0
0
0
0
0
0
0
0
0
0
0
0
0
0
0
0
0
0
0
0
0
0
0
0
0
0
0
0
0
0
0
0
0
0
0
0
0
0
0
0
0
0
0
-3.00609e-08
1.21143e-12
0
0
0
0
0
0
0
0
2.81057e-12
1.23941e-12
0
0
0
0
0
0
0
0
0
0
0
-5.29623e-15
-3.11471e-16
0
0
0
0
0
0
0
0
0
0
0
0
0
0
0
0
0
0
0
0
0
0
0
2.37269e-13
0
0
0
0
0
0
0
0
0
0
0
0
0
0
0
0
0
0
0
0
0
0
0
0
0
0
0
0
-9.48483e-13
-5.56913e-13
0
0
0
0
0
0
-6.39368e-14
0
0
0
0
0
0
0
0
0
0
0
0
0
0
0
0
0
0
4.44193e-16
0
1.38743e-15
0
1.35403e-16
5.25071e-14
0
0
0
0
0
0
0
0
0
0
0
1.83758e-13
-1.05958e-12
3.55244e-13
0
0
0
0
0
0
0
0
0
0
0
0
0
0
4.55005e-13
-2.85539e-12
0
0
0
0
0
0
0
0
0
0
0
0
0
0
0
0
0
0
0
0
0
0
0
0
0
0
0
0
0
0
0
0
0
0
0
0
0
0
0
1.61509e-15
0
0
0
0
1.80662e-17
0
0
0
0
0
0
0
0
0
0
0
0
0
0
0
0
0
0
0
0
0
0
0
0
0
0
0
0
0
0
0
0
0
0
0
0
0
0
0
0
0
-1.41168e-12
3.21428e-13
0
0
0
0
0
0
0
0
0
0
0
4.25288e-13
-1.26756e-12
0
0
0
0
0
0
-1.27279e-16
-2.76851e-13
0
0
0
0
0
0
0
0
0
0
0
0
0
0
0
0
0
0
0
0
0
0
0
0
0
0
6.39143e-17
0
4.39996e-16
0
0
0
0
0
0
0
0
0
0
0
-2.80008e-13
0
0
0
0
0
0
0
0
0
0
0
0
0
0
0
0
0
0
0
0
0
0
0
0
0
0
0
0
0
0
0
0
-2.03238e-16
0
0
0
0
0
0
0
0
0
0
0
0
0
0
0
0
0
0
0
0
0
0
0
0
0
0
0
-4.60356e-15
7.09492e-15
0
0
0
0
0
0
0
0
0
0
0
0
0
0
0
-1.05382e-12
-5.41958e-13
0
0
0
0
0
0
0
0
0
0
0
0
0
0
0
0
0
0
0
0
0
-8.31541e-16
0
0
0
0
0
0
0
0
0
0
0
0
0
0
0
0
0
0
0
0
0
0
0
0
0
0
0
0
0
0
0
0
0
0
0
0
0
0
0
0
0
0
0
0
0
0
0
0
0
0
0
0
0
0
0
0
0
0
0
0
0
0
0
0
0
-4.35639e-16
2.02687e-16
0
0
0
0
0
0
0
0
0
0
0
0
0
0
0
0
0
0
0
0
0
0
0
0
-2.82219e-14
-1.01657e-14
0
0
0
0
0
0
0
0
0
0
0
0
0
0
0
0
0
0
0
0
0
0
0
3.16996e-13
-2.72928e-12
0
0
0
0
0
0
0
0
0
0
0
0
-4.8665e-13
0
0
0
0
0
0
-4.94554e-17
-4.4534e-17
0
0
0
0
0
0
0
0
0
0
0
0
0
0
0
0
0
0
0
-9.15397e-17
0
0
0
0
0
0
0
0
0
0
0
0
0
0
0
0
0
0
0
0
0
0
0
0
0
0
0
0
3.03229e-13
-8.66104e-13
1.19879e-13
0
0
0
0
0
0
0
0
0
0
0
0
0
0
0
0
0
0
0
0
0
0
0
0
0
0
0
0
0
0
0
0
0
0
0
0
0
0
0
0
0
0
0
0
0
0
0
0
0
0
0
0
0
-1.17024e-15
-6.22625e-16
0
1.5503e-16
0
0
0
0
0
0
0
1.60117e-17
-7.80764e-16
0
0
0
0
0
0
0
0
0
0
-2.93956e-13
0
0
-2.22349e-08
0
0
0
0
0
0
0
0
0
0
2.46364e-13
2.27162e-13
-9.59785e-13
5.65044e-18
0
0
0
0
0
0
0
0
0
0
0
0
0
0
0
0
0
0
0
0
0
0
0
0
0
0
0
0
0
0
0
0
0
0
0
0
0
0
0
0
0
0
0
0
0
0
5.8245e-14
-6.29809e-15
0
0
-1.00693e-12
0
0
0
0
1.75428e-12
-4.89129e-08
0
0
0
0
0
0
-3.394e-16
-4.6034e-17
0
0
0
0
0
0
0
0
0
-7.98211e-13
-7.06398e-13
0
0
0
0
0
0
0
0
0
0
0
0
0
0
3.88531e-15
0
0
0
2.5231e-13
2.25819e-13
-9.64416e-13
-3.48494e-13
-3.79039e-13
0
0
0
0
0
0
0
0
0
0
0
0
0
0
0
0
0
0
0
0
0
0
0
0
0
0
0
0
0
0
0
0
0
-5.30182e-18
0
0
0
0
0
0
0
0
0
0
0
0
0
0
0
0
0
0
0
0
0
0
0
0
0
0
0
0
0
0
0
0
0
0
0
0
0
1.73608e-15
0
0
0
0
0
0
0
-3.60311e-09
1.04479e-12
-2.92727e-08
0
0
0
0
0
0
0
0
0
0
0
0
0
0
0
0
0
-4.9544e-15
1.59122e-15
0
0
0
0
0
0
0
0
4.34408e-13
-1.84306e-12
0
0
0
0
0
0
0
0
0
0
0
0
0
0
-7.87883e-17
0
-3.73952e-17
0
0
0
0
0
-1.12328e-12
1.68162e-13
0
0
0
0
0
0
0
0
0
0
0
0
0
-1.53203e-12
0
0
0
0
0
0
0
0
0
0
-3.79677e-13
-3.34574e-13
0
0
0
0
0
0
0
0
0
0
0
0
0
0
0
0
0
0
0
0
0
0
0
0
0
0
0
0
0
0
0
0
0
0
0
0
0
0
0
0
0
0
0
0
0
0
0
0
-1.9188e-13
0
0
0
0
-1.45553e-16
-2.93041e-13
-3.51658e-13
0
0
0
0
0
0
0
0
0
0
0
0
0
0
0
0
0
0
0
0
0
0
0
0
0
0
0
0
1.81587e-12
-2.50757e-08
0
0
0
0
0
0
0
0
0
0
0
0
0
0
0
0
0
0
0
0
0
0
0
0
0
0
0
0
0
0
0
0
0
0
0
0
0
0
-1.66322e-17
1.96337e-16
0
0
-1.0346e-16
1.16297e-15
3.94224e-16
0
0
0
0
0
0
6.24012e-18
0
0
0
0
0
0
0
0
0
0
0
0
0
0
0
0
0
0
0
0
0
0
0
0
0
0
0
0
0
0
0
0
0
0
0
0
0
0
0
0
0
0
0
-5.37957e-16
1.10395e-16
0
0
0
0
0
-4.19197e-13
-7.65244e-13
0
0
5.0537e-17
-2.39474e-15
0
0
0
0
-2.62268e-17
3.51388e-16
1.58938e-08
0
0
0
0
0
0
0
0
0
0
0
0
0
0
0
0
0
0
0
0
0
0
0
0
0
0
-3.46102e-15
3.09809e-15
0
0
0
-1.78141e-15
-1.62291e-12
0
0
0
0
0
0
-6.70056e-16
-1.0275e-18
0
0
0
0
0
3.46948e-08
0
0
0
0
0
0
0
0
0
0
0
0
0
0
0
0
0
0
0
0
0
0
0
0
0
1.84764e-13
1.32633e-13
-6.3705e-13
0
0
0
0
0
0
0
0
0
0
3.70309e-15
0
-1.01232e-17
0
0
-3.65894e-16
4.91892e-16
0
0
0
0
0
0
0
0
0
0
0
0
0
-2.22818e-30
0
-1.05882e-15
0
0
0
0
0
0
0
0
0
0
0
0
0
0
4.36971e-13
-1.81602e-12
-5.50569e-31
-2.01874e-16
0
0
0
0
0
0
0
0
0
0
0
0
0
0
0
0
0
0
0
0
0
1.59831e-17
0
0
0
0
0
0
0
0
0
0
0
0
0
0
0
4.86945e-16
0
0
0
0
0
0
0
0
0
0
0
0
2.12727e-15
0
-8.18896e-16
1.1659e-15
0
0
0
0
0
0
0
0
0
-2.5452e-13
0
0
0
0
0
0
0
0
0
0
0
0
0
0
0
0
0
0
0
0
0
0
0
6.36762e-15
1.29502e-15
0
0
0
0
0
0
0
-2.30538e-15
0
0
0
0
-6.12515e-17
0
6.78461e-16
3.04891e-15
0
0
0
0
0
-5.21559e-17
0
0
0
0
0
0
0
0
0
0
-2.67613e-15
1.18994e-15
2.59003e-16
0
0
0
0
0
0
0
0
0
0
0
0
0
0
0
0
0
0
0
0
0
0
0
0
0
0
0
0
0
0
0
0
-2.00771e-14
0
0
0
0
0
-1.79032e-08
1.0769e-12
0
0
0
0
0
0
0
0
0
0
0
0
0
0
0
0
-2.04468e-13
0
0
0
0
0
0
0
0
0
0
0
0
0
0
0
0
0
0
0
0
0
0
0
0
0
0
0
0
0
0
0
0
0
0
0
0
0
0
0
0
0
0
0
0
0
0
0
0
0
0
0
0
0
0
0
0
0
0
0
0
-3.46752e-09
0
0
0
0
0
0
0
0
0
0
0
0
0
0
0
0
0
0
0
0
0
0
0
0
8.15971e-15
-1.52886e-15
0
0
0
0
0
0
0
0
0
0
9.73609e-13
-4.92653e-08
2.89101e-13
-1.13593e-12
0
0
0
0
1.26631e-15
0
0
0
0
0
0
-3.56398e-17
0
0
0
0
0
0
0
0
0
0
0
0
0
0
0
0
0
0
0
0
0
0
0
0
0
0
0
0
0
0
0
0
0
2.01993e-16
0
0
0
0
0
0
0
0
0
-8.83501e-30
1.61529e-15
0
0
0
0
0
-1.05283e-16
0
0
0
0
0
0
0
0
0
0
-2.45382e-15
0
0
0
0
0
0
0
0
0
0
0
0
0
0
0
0
0
0
0
0
0
0
0
0
0
0
0
0
0
0
0
0
0
0
0
0
0
0
0
0
0
0
0
0
0
0
0
0
0
0
0
0
0
0
0
0
0
0
0
0
0
0
0
0
0
0
0
0
0
0
0
0
7.20892e-16
-3.61437e-16
0
0
0
0
0
0
0
0
0
0
0
0
0
0
0
0
0
0
0
0
0
0
0
0
0
0
0
1.9482e-13
-1.06841e-12
0
0
0
0
0
0
0
0
0
0
0
0
0
0
0
0
0
0
0
0
0
0
0
0
0
0
0
0
0
0
0
0
0
0
0
0
0
0
0
0
0
0
0
0
0
0
0
0
0
0
0
0
0
0
9.25882e-15
-3.07615e-13
-1.75972e-13
0
0
0
0
0
0
0
0
0
0
7.29637e-16
-8.98447e-16
-2.45237e-16
0
1.22914e-16
0
0
0
0
0
0
0
0
0
0
0
0
0
3.74808e-16
0
0
0
0
0
-7.32533e-13
0
0
0
0
0
0
0
0
0
0
0
0
0
0
0
0
0
0
0
0
0
0
0
0
0
0
0
0
1.64792e-14
-1.26054e-14
-4.72076e-15
0
0
0
0
0
0
0
0
-1.72727e-32
1.11376e-16
0
0
0
0
0
0
1.65991e-15
9.3937e-17
0
0
0
0
0
-3.15313e-13
0
0
0
0
0
0
0
0
0
0
0
0
0
0
0
0
0
0
0
0
0
0
0
0
0
0
0
0
0
0
0
0
0
0
0
0
0
0
0
0
0
0
0
8.84597e-15
0
0
0
0
-4.24577e-13
-2.84293e-13
0
0
0
0
0
0
0
0
0
0
0
0
0
0
0
3.61888e-18
1.71803e-19
0
0
0
0
0
-5.56978e-13
0
0
0
0
0
0
0
0
0
0
0
0
0
0
0
0
0
0
0
0
0
0
0
0
0
0
0
0
0
0
0
0
0
0
0
0
0
0
0
0
0
0
0
0
0
0
0
0
0
0
0
0
0
0
0
0
0
0
0
0
6.01675e-16
0
-2.20227e-30
0
0
0
0
0
0
0
0
0
0
0
0
0
0
1.23909e-15
0
0
0
0
0
0
0
4.14231e-17
0
0
-6.29314e-16
-1.4956e-16
0
0
0
0
0
0
0
0
0
0
0
0
0
0
0
0
0
0
0
0
0
0
0
0
0
0
0
0
0
0
0
0
-5.46376e-15
0
-1.11811e-14
0
0
0
0
0
0
0
0
0
0
0
0
0
0
0
0
0
0
0
0
0
0
0
0
0
0
0
0
0
0
0
0
0
0
0
0
0
0
0
0
0
0
0
0
0
0
0
0
0
0
0
0
0
0
-1.18398e-16
-2.56337e-13
0
0
0
0
0
0
0
0
0
0
0
0
0
0
0
0
0
0
0
0
0
0
0
0
0
0
0
0
0
0
0
0
0
0
0
0
0
0
0
0
0
0
0
0
0
0
0
0
0
0
0
0
0
0
0
0
0
0
0
0
0
0
0
0
0
0
0
0
0
0
0
0
0
0
0
0
0
0
0
0
0
0
0
0
0
0
0
0
-2.1321e-13
0
0
0
0
0
0
0
-5.08207e-16
0
0
0
0
0
0
0
0
0
0
0
0
0
0
0
0
0
0
0
0
0
0
0
0
0
0
0
0
0
0
0
0
0
0
0
0
0
0
0
-7.48597e-16
8.79587e-16
0
0
0
0
0
0
0
0
0
0
0
0
0
0
-8.56379e-18
0
0
0
0
0
0
0
0
0
0
-1.22687e-16
0
2.15127e-16
0
0
0
0
0
0
0
0
0
0
0
0
0
0
0
0
0
0
0
0
0
0
0
0
0
0
0
0
0
0
0
0
0
0
0
0
0
0
0
0
0
0
0
0
0
0
-2.20128e-16
0
0
0
0
0
0
0
0
0
0
0
0
0
0
0
0
0
0
0
0
0
0
0
0
0
0
0
0
0
0
0
0
0
0
-1.36251e-16
0
-1.27513e-12
-8.0173e-18
0
0
0
0
0
0
0
0
3.63119e-18
0
0
0
0
0
8.01518e-15
0
0
0
0
0
0
0
0
0
0
0
0
0
0
0
0
0
0
0
0
0
0
0
0
0
0
0
0
-1.14698e-15
0
0
0
0
3.78563e-16
0
0
0
0
0
0
0
0
0
0
0
0
0
0
0
0
0
0
0
0
0
0
0
0
0
0
0
0
0
0
0
0
0
-2.92101e-13
0
0
0
0
0
0
0
0
0
0
0
0
0
0
0
0
0
0
0
1.06809e-15
9.42754e-16
0
0
0
0
0
-1.65509e-14
-4.31343e-14
0
0
0
0
0
0
0
0
0
0
0
0
0
0
0
0
0
0
0
0
0
0
-8.78945e-14
-1.54171e-13
0
0
0
0
0
0
0
0
0
0
0
0
0
0
0
0
0
0
0
0
0
0
0
0
0
0
0
0
0
0
0
0
0
0
0
0
0
0
0
0
0
0
0
0
0
0
0
0
0
0
0
0
0
0
0
0
0
-2.15857e-18
0
0
0
0
0
0
0
0
0
0
0
0
0
0
0
0
0
0
-3.3507e-16
0
-1.43626e-16
0
0
0
0
0
0
0
0
0
0
0
0
0
0
0
0
0
0
0
0
0
0
0
-2.7351e-13
-1.50891e-16
0
0
0
0
0
0
0
0
0
-4.91081e-13
0
0
0
-8.36162e-17
0
0
0
0
0
0
0
0
0
0
0
0
0
0
0
0
0
0
0
0
0
0
0
0
0
0
0
0
0
0
1.21439e-15
0
1.82573e-16
-1.83566e-13
0
0
0
0
0
0
0
0
0
0
0
0
0
0
0
0
0
0
3.12685e-13
2.14182e-13
0
0
0
0
0
0
0
0
0
0
0
0
0
0
0
0
0
0
0
0
0
0
0
0
0
0
0
0
0
-6.47939e-13
0
0
0
0
0
0
0
0
0
0
0
0
0
0
0
0
0
0
0
0
0
0
0
0
0
0
0
0
0
0
0
0
0
0
0
0
0
0
0
0
0
0
0
0
0
0
0
0
0
0
0
0
0
0
0
0
0
0
1.53828e-15
2.45413e-15
0
0
0
7.84185e-17
9.98037e-17
0
0
0
0
0
0
0
0
0
0
0
0
0
0
0
0
0
0
0
0
0
0
0
0
0
0
0
0
0
0
0
0
0
0
0
0
0
0
0
0
0
0
0
0
0
0
0
0
0
0
0
0
0
0
0
0
0
0
0
0
0
0
0
0
0
0
0
0
0
0
0
0
0
0
0
0
0
0
1.49182e-17
5.19911e-21
-1.19554e-17
0
0
0
0
0
0
0
0
0
0
0
0
0
0
0
0
0
0
0
0
0
0
0
0
0
0
0
0
0
0
0
0
0
0
0
1.38984e-15
0
0
0
0
0
0
0
0
0
0
0
0
0
0
0
0
0
0
0
0
0
0
0
0
0
0
0
0
0
0
0
0
0
0
0
0
0
0
0
0
0
0
0
0
0
-4.62039e-16
2.34618e-16
0
0
0
0
0
0
0
0
0
0
0
0
0
0
0
-5.80058e-13
-3.41862e-13
0
0
0
0
5.11719e-16
0
0
0
0
0
0
-3.32065e-14
1.38513e-13
-5.95746e-13
0
0
0
0
0
0
0
0
0
0
0
3.51263e-13
-1.23165e-12
0
-5.55528e-16
2.80115e-16
0
0
0
0
0
0
0
0
0
0
0
0
0
0
0
0
0
0
0
0
0
0
0
-2.18054e-18
0
0
0
0
-9.98045e-16
0
1.81386e-15
0
0
0
0
0
0
0
0
0
0
0
0
0
0
0
0
0
0
0
0
0
0
0
0
0
0
0
0
-4.05068e-16
2.05985e-16
0
0
0
0
0
0
0
0
0
0
0
0
3.7143e-16
0
0
0
0
0
0
0
0
0
1.30012e-15
0
0
0
0
0
0
0
0
0
0
0
0
0
0
0
0
0
0
0
0
0
0
0
0
0
0
0
2.5105e-14
0
0
0
0
0
0
0
0
0
0
0
0
0
0
0
0
0
0
0
0
0
0
0
0
0
0
-1.07432e-15
1.52484e-15
0
0
0
0
0
0
0
0
0
0
0
0
0
0
0
0
0
0
0
0
0
0
0
0
0
0
0
0
0
0
3.01306e-16
0
0
0
0
0
0
0
0
0
0
0
0
0
0
0
0
0
0
0
0
0
0
0
0
0
0
0
0
0
8.18203e-16
0
0
0
0
0
0
0
0
0
0
0
0
0
0
0
0
0
0
0
0
0
0
0
0
0
0
0
0
0
0
0
0
0
0
0
0
0
-3.02433e-19
0
0
0
0
0
0
0
0
0
0
3.00224e-16
0
0
0
0
0
0
0
0
0
0
0
0
0
0
0
0
0
0
0
0
0
0
0
0
0
0
0
3.33712e-16
0
-1.63898e-15
0
0
0
0
0
0
0
0
0
0
0
0
0
0
0
0
0
0
0
0
0
0
0
0
0
0
0
0
0
0
0
0
1.10769e-15
0
9.04726e-16
0
0
0
0
0
0
0
0
0
0
0
0
3.18179e-16
-8.78585e-17
0
0
0
0
0
0
0
0
0
0
0
5.57046e-31
0
0
0
0
0
0
0
0
0
0
0
0
0
0
0
0
0
0
0
0
-3.78787e-15
0
0
0
0
0
0
0
0
0
0
0
0
0
0
0
0
0
0
0
0
0
0
0
0
0
0
0
0
0
0
0
0
0
0
0
0
0
0
0
0
0
0
0
0
0
0
0
0
0
0
0
0
-4.53916e-16
0
0
0
0
0
0
-2.47647e-16
0
0
0
0
0
2.6804e-15
0
0
0
0
0
0
0
0
0
0
0
0
0
0
0
0
0
0
0
0
-1.10114e-30
0
0
0
0
0
0
0
0
0
0
0
0
0
0
0
0
0
0
0
0
0
0
0
0
0
0
0
0
0
0
0
0
0
0
0
0
0
5.43784e-17
0
0
0
0
0
6.5437e-16
0
0
0
0
0
0
0
0
0
0
0
0
0
0
0
0
0
-7.02708e-15
0
0
0
0
0
0
0
0
0
0
0
0
0
0
0
0
0
0
0
0
0
0
0
0
0
0
0
0
0
0
1.24078e-12
0
0
0
0
0
0
0
0
0
0
0
0
0
0
0
0
0
0
0
0
0
0
0
0
0
0
0
1.01336e-15
-3.00045e-15
1.18986e-15
3.07448e-17
0
0
0
0
0
0
0
0
0
-4.44755e-15
0
5.94564e-15
0
0
0
0
0
0
0
0
0
0
0
0
0
0
0
0
0
0
2.19793e-15
2.88671e-16
0
0
0
0
0
0
0
0
0
0
0
0
0
0
0
0
0
0
0
0
-7.18375e-16
-4.06705e-15
0
-1.86766e-16
0
0
0
0
0
0
0
0
0
0
0
0
0
0
0
0
0
0
0
9.3864e-16
5.68404e-16
0
0
0
0
0
0
0
0
5.62123e-16
-2.98241e-16
0
0
0
0
0
0
0
0
0
0
0
0
0
0
0
0
0
0
0
0
0
0
0
0
0
0
0
0
0
0
0
0
0
0
0
0
0
0
0
0
0
0
0
0
0
0
0
0
0
0
0
0
0
0
0
0
-9.47243e-15
0
0
0
0
0
0
0
0
0
0
0
0
0
0
0
0
0
-1.15714e-12
0
0
0
0
0
0
0
0
0
0
0
0
0
0
0
0
0
0
0
0
0
0
0
0
0
0
0
0
0
0
0
0
0
0
0
0
0
0
0
0
0
0
0
0
0
0
0
0
0
0
0
0
0
0
0
0
0
0
0
0
0
0
0
0
0
0
0
0
0
0
0
0
0
0
0
0
0
0
0
0
0
0
0
0
0
0
0
0
0
0
0
0
0
0
0
0
0
0
0
0
0
0
0
0
0
0
0
0
0
0
0
0
0
0
0
0
0
0
0
0
0
0
0
0
0
0
0
0
0
0
-3.95012e-13
0
0
0
0
0
0
0
0
0
0
0
0
0
0
0
0
0
0
0
0
0
0
0
0
0
0
0
0
0
0
0
0
0
0
0
0
0
0
0
-6.00574e-15
0
0
0
0
0
0
0
0
-2.54828e-15
4.61666e-16
0
0
0
0
0
0
0
0
0
0
0
0
0
0
0
0
0
0
0
0
0
0
0
0
0
0
0
0
0
0
0
0
0
1.9127e-17
0
0
-1.60366e-17
0
0
0
0
0
0
0
0
0
0
0
0
0
0
0
0
0
0
0
1.56717e-16
0
0
0
0
0
0
0
0
0
0
0
0
0
0
0
0
0
0
0
0
0
0
0
0
0
0
0
0
0
0
0
0
0
0
0
0
0
0
0
3.79515e-08
1.74181e-08
0
0
0
0
0
0
0
0
0
0
0
0
0
0
0
0
0
0
2.02279e-17
0
-3.49151e-16
0
-1.81071e-12
0
0
0
0
-1.05639e-16
-6.75837e-16
-1.81572e-16
0
0
0
-1.14336e-12
7.20251e-13
0
0
0
0
0
0
0
0
0
0
0
0
0
0
0
0
0
0
0
0
0
0
2.144e-15
4.57006e-15
0
0
0
0
0
0
0
0
0
0
0
0
0
0
0
0
0
0
0
0
0
0
0
0
0
0
0
0
0
0
0
0
0
0
0
0
0
0
0
0
0
0
0
0
0
0
0
0
4.05313e-16
-5.74186e-15
0
0
0
0
0
-6.3955e-16
0
-3.54913e-18
-2.39835e-19
-3.48917e-18
0
0
0
0
0
0
0
0
0
0
0
0
0
0
0
0
0
0
0
0
0
4.78494e-16
-4.76824e-16
0
0
0
5.20308e-18
0
0
0
0
0
0
0
0
0
0
0
0
0
0
0
0
0
0
0
0
0
0
0
0
0
0
0
0
0
0
0
0
0
0
0
0
0
0
0
0
0
0
4.30029e-17
-4.48469e-16
0
0
3.00173e-16
-3.25164e-13
0
0
0
-1.53399e-15
0
0
0
0
0
0
0
0
0
0
0
0
0
0
0
0
0
0
0
0
0
0
0
0
0
0
0
0
0
0
0
2.92562e-16
0
0
0
0
0
1.47429e-15
0
0
0
0
-6.63755e-13
6.8482e-14
0
0
0
0
0
0
0
0
0
0
0
0
2.81082e-16
0
0
0
0
-2.8507e-17
0
3.52843e-16
0
0
0
0
0
0
0
0
0
0
0
1.92987e-15
2.0799e-15
-1.0476e-16
2.5871e-16
0
0
0
0
0
0
0
0
0
0
0
0
0
0
0
0
0
0
0
0
0
0
0
0
0
0
0
0
0
0
0
0
0
0
0
0
0
0
0
0
0
0
0
0
0
0
0
0
0
0
0
0
0
0
0
0
0
0
0
0
0
0
0
0
0
0
0
0
0
0
0
0
0
0
9.67713e-14
-9.20475e-14
3.2566e-19
-1.34816e-17
0
0
0
0
0
0
0
0
0
0
2.85537e-15
-6.40213e-15
0
0
0
0
0
0
0
0
0
0
0
0
-2.70261e-13
0
0
0
0
4.69691e-16
6.44583e-17
0
0
0
0
0
0
0
-1.16704e-16
-2.73822e-13
0
0
0
0
0
0
0
0
0
0
0
0
-1.08916e-15
-1.10761e-30
0
0
0
0
0
0
0
0
0
0
0
0
0
0
0
0
0
0
0
0
0
0
0
0
0
0
0
0
0
0
0
0
0
0
0
0
0
0
0
0
0
0
0
0
0
0
0
0
0
0
0
0
0
0
0
0
0
0
0
0
0
0
0
-4.17596e-15
0
0
0
0
0
0
0
0
0
0
0
0
0
0
0
0
0
3.48537e-18
0
0
0
0
0
0
0
0
0
0
0
0
0
0
0
0
0
0
0
0
0
0
0
0
0
0
0
0
0
1.6602e-16
0
0
0
0
0
0
0
0
0
0
0
0
0
0
0
0
0
0
0
0
0
0
0
0
0
0
0
0
0
0
0
0
0
0
0
0
0
0
0
0
0
0
0
0
0
0
0
0
0
0
0
0
0
0
0
0
0
0
0
0
0
0
0
0
3.8476e-15
0
0
0
0
0
0
0
0
0
0
0
0
0
0
0
0
0
0
0
0
0
0
0
0
0
0
0
0
0
-2.46625e-15
0
-7.50599e-15
-1.5921e-08
-1.29045e-16
1.10962e-15
0
0
0
0
0
0
0
0
0
0
0
0
0
0
0
0
0
0
0
0
0
0
0
0
0
0
0
0
0
0
0
0
0
0
0
0
0
0
-4.8579e-16
0
0
0
0
0
0
0
0
0
0
0
0
0
0
0
0
0
0
0
0
0
0
0
0
0
0
0
0
0
0
0
0
0
0
0
0
0
0
0
0
0
0
1.58318e-15
0
0
0
0
0
0
0
0
0
0
0
0
0
0
0
0
0
0
0
0
0
0
0
0
0
0
0
0
0
0
3.49797e-15
0
0
0
0
0
4.25237e-16
3.07974e-16
0
0
0
0
0
0
0
0
0
0
0
0
0
0
0
0
0
0
0
0
0
0
3.77038e-15
0
0
0
0
0
0
0
0
0
0
0
0
0
0
0
0
0
0
0
0
0
0
1.39329e-16
2.72005e-16
0
0
0
0
0
0
0
-1.54563e-16
-1.0774e-16
0
0
0
0
0
0
-2.89659e-15
-2.89099e-15
0
0
0
0
0
0
0
0
0
0
0
0
0
0
0
0
0
0
0
0
0
0
0
0
0
0
0
0
0
0
0
0
0
0
0
0
0
0
0
0
0
0
0
0
0
0
0
0
0
0
0
0
0
0
-2.47366e-16
-2.21199e-30
0
0
0
0
0
0
0
0
0
0
0
0
0
0
0
0
0
0
0
0
0
0
0
0
0
0
0
0
0
0
0
0
0
0
0
0
0
0
0
0
0
0
0
0
0
0
0
0
0
0
0
0
0
0
0
0
0
0
0
0
0
0
0
0
0
-1.65708e-09
-1.94834e-08
0
0
0
0
0
0
0
0
3.31637e-30
0
0
0
0
0
0
0
0
0
0
0
0
0
0
0
0
0
0
0
0
0
0
3.26591e-16
0
7.25854e-16
0
0
0
0
0
0
0
0
0
0
0
0
0
0
0
0
0
0
0
0
0
0
0
0
0
0
0
0
0
0
0
0
8.43771e-15
0
0
0
0
0
0
0
0
0
0
0
0
0
0
0
0
0
0
0
-7.95603e-16
-2.843e-16
0
0
0
0
0
0
0
0
0
0
0
0
0
0
0
0
0
0
0
0
0
0
0
0
-8.80759e-15
0
0
0
0
0
0
-8.89574e-16
0
0
0
0
-4.55964e-16
0
0
-8.8091e-30
0
0
0
0
0
0
0
0
0
0
0
0
0
-5.47292e-13
0
0
-3.02942e-13
0
0
0
0
0
0
0
0
0
0
0
0
0
0
0
0
0
0
-6.88669e-16
1.97569e-15
0
0
0
0
0
0
0
0
0
0
0
0
0
0
0
0
0
0
0
0
0
0
0
0
0
0
0
0
0
0
0
0
0
0
0
0
0
0
0
0
0
0
0
0
0
0
0
0
0
0
0
0
0
0
0
0
0
0
0
0
0
0
0
0
0
0
0
0
0
0
0
0
0
0
0
0
0
0
0
0
6.81104e-15
0
4.76486e-15
0
0
0
0
0
0
0
0
0
0
0
0
0
0
0
0
0
0
0
0
0
0
0
0
0
0
0
0
0
0
0
0
-2.29781e-16
0
0
0
0
0
0
0
0
0
0
0
0
5.24332e-15
0
0
0
0
0
0
0
0
0
0
0
0
0
0
0
0
0
0
0
0
0
0
0
0
0
0
0
0
0
0
0
0
0
0
0
0
0
0
0
0
0
0
0
0
0
0
0
0
0
0
0
0
0
0
0
0
0
0
0
0
0
0
0
0
0
0
0
0
0
0
0
0
0
0
0
0
0
0
0
0
0
0
0
0
0
2.4502e-16
0
0
0
0
0
0
0
0
0
0
0
0
0
0
0
0
0
0
0
0
0
0
0
0
0
0
0
0
0
-2.89878e-16
-2.04404e-16
0
0
0
0
0
0
0
0
0
0
0
0
0
0
0
0
0
0
-2.6066e-16
0
0
0
0
0
0
0
0
0
0
0
0
0
0
0
0
0
0
0
0
0
0
0
0
0
0
0
0
0
0
0
0
0
0
0
0
0
0
0
0
0
0
0
0
0
-2.40499e-16
1.53611e-16
0
0
0
0
0
0
0
0
0
0
0
0
0
0
0
0
0
0
0
0
0
0
0
0
0
0
0
0
0
0
0
0
0
0
0
0
0
0
0
0
1.84515e-17
0
-4.00548e-16
0
0
0
0
0
0
0
-8.52563e-14
0
0
0
0
0
0
0
0
0
0
0
0
0
0
0
0
0
0
0
0
0
0
0
0
0
0
0
0
0
0
0
0
0
0
0
0
0
1.28722e-16
0
-3.65685e-16
0
0
0
0
0
0
0
0
0
0
0
0
0
0
0
0
0
3.5505e-16
0
0
0
0
0
0
-1.61071e-14
-4.78584e-14
0
0
0
0
0
0
0
0
0
0
0
0
0
0
0
0
0
0
0
0
0
0
0
0
0
0
0
0
0
0
1.97919e-13
0
0
0
0
-3.41322e-13
-1.39706e-16
-2.39374e-13
0
0
0
0
0
0
0
0
0
0
0
0
0
0
0
0
0
0
0
0
0
0
0
0
0
0
0
0
0
0
0
0
0
0
0
0
0
0
0
0
0
0
0
0
0
0
0
0
0
0
0
0
0
0
0
0
0
0
0
0
0
0
0
0
0
0
0
0
0
0
0
0
0
0
0
0
0
0
0
0
0
0
0
0
0
0
0
0
0
0
0
0
0
0
0
0
0
0
0
0
0
0
0
0
0
0
0
0
0
0
0
0
0
0
0
0
0
0
0
0
0
0
0
0
0
0
0
0
0
0
0
0
0
0
0
0
0
0
0
0
0
0
0
0
0
0
0
0
0
0
0
0
0
0
0
0
0
0
0
0
0
0
0
0
0
0
0
0
0
0
0
0
0
0
0
0
0
0
0
0
0
0
0
0
0
0
5.62969e-16
0
0
0
0
0
0
0
0
0
0
0
0
0
0
0
0
0
0
0
0
0
0
0
0
0
0
0
0
0
0
0
0
0
0
0
0
0
0
0
0
0
0
0
0
0
0
0
0
0
0
0
0
0
0
0
0
0
0
0
0
0
0
0
0
0
0
0
0
0
0
0
0
0
0
0
0
0
0
0
0
0
0
0
0
0
0
0
0
0
0
0
0
1.46681e-16
-1.77332e-16
0
0
0
0
0
0
0
0
0
0
0
0
-7.03161e-16
0
1.05258e-15
0
0
0
0
0
0
0
0
0
0
0
0
0
0
0
0
0
0
0
-1.32641e-16
0
0
0
0
0
0
0
0
0
0
0
0
0
0
0
0
0
0
0
0
0
0
0
0
0
0
0
0
0
0
0
0
0
0
0
0
0
0
0
0
0
0
0
0
0
0
0
0
0
0
0
0
0
0
0
0
0
0
0
0
0
0
0
0
0
0
0
0
0
0
0
3.81797e-18
0
0
0
0
0
0
0
0
0
0
0
0
0
0
0
0
0
0
0
0
0
0
-1.15192e-16
-1.40551e-16
0
0
0
0
0
0
0
0
0
0
0
0
0
0
0
0
0
0
0
0
0
0
0
0
0
0
0
0
0
0
0
0
0
0
0
0
0
0
0
0
0
0
0
0
0
0
0
0
0
0
0
0
0
0
0
0
0
0
0
0
0
0
0
0
0
0
0
0
0
0
0
0
0
0
0
0
0
0
8.8881e-17
3.94291e-17
0
0
0
0
0
0
0
0
0
0
0
0
0
0
0
0
0
0
0
0
0
0
0
0
0
0
0
0
0
0
0
0
0
0
0
-3.7886e-16
0
7.04653e-16
0
0
0
0
0
0
0
0
0
0
0
0
0
0
0
0
0
0
0
0
0
0
0
0
0
0
0
0
0
0
0
0
0
0
0
0
0
0
0
0
0
0
0
0
0
0
0
0
0
0
0
0
0
0
0
0
0
0
0
0
0
0
0
0
0
0
0
0
0
0
0
0
0
0
0
0
0
0
0
0
0
0
0
0
0
0
0
0
0
0
0
0
0
0
0
0
0
0
0
0
0
0
0
0
0
0
0
0
0
0
0
0
0
0
0
0
0
0
0
0
0
0
0
0
0
0
0
0
0
0
0
0
0
0
0
0
0
0
0
0
0
0
0
0
0
0
0
0
0
0
0
0
0
0
0
0
0
0
0
0
0
0
0
0
0
0
0
0
0
0
0
0
0
0
0
0
0
0
0
0
0
0
0
0
0
0
0
0
0
0
0
0
0
0
2.0674e-16
0
0
0
0
0
0
0
0
0
0
0
-6.95101e-15
7.28994e-16
0
0
0
0
-5.38673e-17
0
0
0
0
0
0
1.8496e-16
-8.68719e-16
0
0
0
0
0
0
0
0
0
0
0
0
0
0
0
0
0
0
0
0
0
0
0
0
0
0
0
0
0
0
0
0
0
0
0
0
0
0
0
0
0
0
0
0
0
0
0
0
0
0
0
0
0
0
0
0
0
0
0
0
0
0
0
0
0
0
0
0
0
0
0
0
0
0
0
0
0
0
0
0
0
0
0
0
0
0
-6.19779e-18
3.21177e-18
0
0
0
0
0
0
0
0
0
0
0
0
0
0
0
0
0
0
0
0
0
0
0
0
0
0
0
0
0
0
0
0
0
0
0
0
0
0
0
0
0
0
0
0
0
0
0
0
0
0
0
0
0
0
0
0
0
0
0
0
0
0
0
0
0
0
0
0
0
0
0
0
0
0
0
0
-3.19172e-16
-3.23864e-16
0
0
0
0
0
0
0
0
0
0
0
0
0
0
0
0
0
0
0
0
0
0
0
0
3.58385e-15
0
0
0
0
0
0
0
0
0
0
0
0
0
0
0
0
0
0
0
0
0
0
0
0
0
0
0
0
0
0
0
0
0
0
0
-6.19431e-17
-1.18488e-14
0
1.18679e-15
6.59422e-16
0
0
0
0
0
0
-1.48545e-15
0
0
-1.64919e-15
0
0
0
0
0
0
-3.08816e-15
4.34154e-15
0
0
0
0
0
0
0
0
-1.39533e-15
3.87596e-15
1.32486e-15
0
0
0
0
0
0
0
0
0
0
0
0
0
0
0
0
0
0
0
0
0
0
0
0
0
0
0
0
0
0
0
0
0
0
0
0
0
0
0
5.9593e-17
0
0
0
0
0
0
0
0
0
0
0
0
0
0
0
0
0
0
0
0
0
0
0
0
0
0
0
0
0
0
0
1.40889e-15
-5.09278e-16
0
0
0
0
-1.05569e-16
1.25212e-18
3.44097e-18
0
0
0
0
0
0
0
0
0
0
0
0
0
0
0
0
0
0
0
0
0
0
0
0
0
0
0
0
0
0
0
0
0
0
-2.44699e-18
0
0
0
0
0
0
0
0
0
0
0
0
0
0
0
0
0
0
0
0
0
0
0
0
0
0
0
0
0
0
0
0
0
0
0
0
0
0
0
0
0
0
0
0
0
0
0
0
0
0
-1.63063e-15
0
0
0
0
0
0
0
0
0
0
0
0
0
0
0
0
0
0
0
0
0
0
0
0
0
0
0
8.1929e-15
0
-7.2697e-15
0
0
0
0
0
0
0
0
0
0
0
0
0
0
0
0
0
0
0
0
0
0
0
0
0
0
0
0
0
0
0
0
0
0
0
0
0
0
0
0
0
0
0
0
0
0
0
0
0
0
0
0
0
0
0
0
0
0
0
0
0
0
0
0
0
0
0
0
0
0
0
0
0
0
0
0
0
1.93081e-15
-3.41784e-16
0
0
0
0
0
0
1.85984e-16
0
0
-2.96387e-17
-1.95184e-15
0
0
0
0
0
0
0
0
0
0
0
0
0
0
0
0
0
0
4.4167e-16
-3.8737e-16
0
0
0
0
0
0
0
0
0
0
0
0
4.54963e-16
-4.34825e-16
0
0
0
0
0
0
0
0
0
0
0
0
0
0
0
0
0
0
0
0
0
0
0
0
0
0
0
0
0
0
0
0
0
0
0
0
0
0
0
0
0
0
1.41489e-16
-7.33302e-16
0
0
0
0
0
0
0
0
0
0
0
0
0
0
0
0
0
0
0
0
0
0
0
0
0
0
-5.68943e-16
1.59649e-14
0
0
0
0
0
0
0
0
0
0
0
0
0
0
0
0
0
0
0
0
0
0
0
0
0
0
0
0
0
0
0
0
0
0
0
0
0
0
0
0
0
1.31384e-15
-2.03347e-15
0
0
0
0
-1.06662e-12
0
0
0
0
0
0
0
0
0
0
0
0
0
0
0
0
0
0
0
0
0
0
0
0
0
0
0
0
0
0
0
0
2.00278e-16
0
0
0
0
0
0
0
0
0
0
0
0
0
0
0
-4.37145e-17
0
0
0
0
0
0
0
0
0
0
0
0
0
0
0
0
0
0
0
0
0
0
0
0
0
0
0
7.09793e-15
0
0
0
0
0
0
0
0
0
0
0
0
0
0
0
0
0
0
0
0
0
0
0
0
0
0
0
0
0
0
0
0
0
0
0
0
0
0
0
0
0
0
0
0
1.19111e-17
1.18328e-18
0
0
0
0
0
0
0
0
0
0
0
0
0
0
2.30769e-17
0
0
0
0
0
0
0
0
0
0
0
0
0
0
0
0
0
0
0
0
0
0
0
0
0
0
0
0
0
0
0
0
0
0
0
0
0
0
0
0
0
0
0
0
0
0
0
0
0
0
0
0
0
0
0
0
0
0
0
0
0
2.34195e-08
0
0
0
0
0
0
0
0
0
0
0
0
0
0
0
0
0
0
0
0
0
0
0
0
0
0
0
0
0
0
0
0
0
0
0
0
0
0
0
0
0
0
0
0
0
0
0
0
0
0
0
0
0
-2.15004e-17
0
0
0
-1.27293e-12
2.22921e-15
0
0
0
0
0
0
0
0
0
0
0
0
0
0
0
0
0
0
0
0
0
0
0
0
0
0
0
0
0
0
0
0
0
0
0
0
0
0
0
0
0
0
0
0
0
0
0
0
0
0
0
0
0
-4.64177e-16
0
0
0
0
0
0
0
0
0
0
0
0
0
0
0
0
4.36481e-15
0
0
0
0
0
0
0
0
0
0
0
0
0
0
0
0
0
0
0
0
0
0
1.46061e-16
1.72471e-17
0
0
0
0
0
0
0
0
0
0
0
0
0
0
0
0
0
0
0
0
0
0
0
0
0
0
0
0
0
0
0
0
0
0
0
0
0
0
0
0
0
0
0
0
0
0
3.30188e-13
-8.5981e-13
0
0
0
0
0
0
0
0
0
0
0
0
0
0
0
0
0
0
0
0
0
0
0
0
0
0
0
0
0
0
0
0
0
0
0
0
0
0
0
0
0
0
0
0
0
-1.78912e-16
3.26861e-16
0
0
0
0
0
0
0
0
0
0
0
0
0
0
0
0
0
0
0
0
0
0
0
0
0
0
0
0
0
0
0
0
0
0
0
0
0
0
0
0
0
0
0
0
0
0
0
0
0
0
0
0
0
0
0
0
0
0
0
0
0
0
0
0
0
0
0
0
0
0
0
0
0
0
0
0
0
0
0
0
0
0
0
0
0
0
0
0
0
0
0
0
0
0
0
0
0
0
0
0
0
0
0
0
-9.44826e-16
9.66804e-16
0
0
0
0
0
0
0
0
0
0
0
0
0
0
0
0
0
-2.8861e-16
0
0
0
0
0
0
0
0
0
0
0
0
0
0
0
0
0
0
0
0
0
0
0
0
0
0
0
0
0
0
0
0
0
0
0
0
0
0
0
0
0
0
0
0
0
0
0
0
0
-2.31811e-16
4.29461e-16
-3.97583e-16
0
0
-3.41569e-16
0
0
0
0
0
0
0
0
0
0
0
0
0
0
0
0
0
0
0
0
0
0
0
0
0
0
0
-5.52188e-31
0
2.44998e-16
0
0
0
0
0
0
0
0
0
0
0
0
0
0
0
0
0
0
0
0
0
-1.01623e-15
0
0
0
0
0
0
0
0
0
0
0
0
0
5.00222e-17
0
0
-4.10327e-16
0
0
0
0
0
0
0
0
0
0
0
0
0
0
0
0
0
0
0
0
0
0
0
0
0
0
0
0
0
0
0
0
0
0
0
0
0
0
0
0
0
0
0
0
0
0
0
0
0
0
0
0
0
0
0
0
0
0
0
0
0
0
0
0
0
0
0
0
-2.70012e-16
0
0
0
0
0
0
0
0
0
0
0
0
0
0
0
0
0
0
0
0
0
0
0
0
3.50906e-15
0
1.54267e-16
0
0
0
0
0
0
0
0
0
0
0
0
0
0
0
0
0
0
0
0
0
0
0
0
0
0
0
0
0
0
0
0
0
0
0
0
0
0
0
0
0
0
0
0
0
0
0
0
0
0
0
0
0
0
0
0
0
0
0
0
0
0
0
0
0
0
0
0
0
-8.82293e-15
0
0
0
0
0
-3.44089e-13
0
4.21437e-19
0
0
0
0
0
0
0
0
0
0
0
0
0
0
0
0
-1.36668e-15
0
0
0
0
0
0
0
0
0
0
0
0
-6.71559e-13
0
0
0
0
0
0
-7.10653e-16
0
0
0
0
0
0
0
0
0
0
0
0
0
0
0
0
0
-1.56435e-17
0
0
0
0
0
0
0
0
0
0
0
0
0
0
0
0
0
0
0
0
0
0
0
0
0
0
0
0
0
0
0
0
0
0
0
0
0
0
0
0
0
0
0
0
0
0
0
0
0
0
0
0
0
0
0
0
0
4.56e-30
0
0
0
0
0
0
0
0
0
0
0
0
0
0
0
0
2.16023e-16
0
0
0
0
-2.16057e-16
0
0
0
-1.88757e-15
0
7.79668e-16
-8.99067e-15
0
0
0
0
0
0
0
0
0
0
0
0
0
0
0
0
0
0
0
0
0
0
0
0
0
0
0
0
0
0
0
0
0
-1.6751e-16
2.07671e-16
0
0
0
0
-3.13286e-16
0
0
0
0
0
-1.06038e-12
-2.68705e-13
0
0
0
0
0
0
0
0
0
0
0
0
0
0
0
0
0
0
0
-4.5211e-17
0
0
0
0
0
0
0
0
0
0
0
0
0
0
0
0
0
0
0
0
0
0
0
0
0
0
0
-5.18182e-32
0
0
0
0
5.17723e-17
0
0
0
0
0
0
0
0
0
0
0
0
0
0
0
0
0
0
0
0
0
0
0
0
0
0
0
0
0
0
0
0
0
0
0
0
0
0
0
0
0
0
0
0
0
0
0
0
0
0
0
0
0
0
0
0
0
-2.3105e-15
0
0
0
0
0
0
0
0
0
0
0
0
0
0
0
0
0
0
0
0
0
0
0
0
0
0
0
0
0
0
0
0
0
0
0
0
0
0
0
0
0
0
0
0
0
0
0
0
0
0
0
-1.14402e-15
0
2.94305e-16
0
0
0
0
0
0
0
0
1.04201e-17
0
0
0
0
0
0
0
0
0
0
0
0
0
0
0
0
0
0
0
0
0
0
0
0
0
0
0
0
0
0
0
0
0
0
0
0
0
0
0
0
0
0
0
0
0
0
0
0
0
0
0
0
0
0
0
0
0
0
0
0
0
0
0
0
0
0
0
0
0
0
0
0
0
0
0
0
0
0
1.69719e-15
0
0
0
0
0
0
0
0
0
0
0
0
0
0
0
0
0
0
0
0
0
0
0
0
0
0
0
0
0
0
0
0
0
0
0
0
0
0
0
0
0
0
0
0
0
0
0
0
0
0
0
0
0
0
0
0
0
0
0
0
0
0
0
0
0
0
0
0
0
0
0
0
0
0
0
0
0
0
0
0
0
0
0
0
0
0
0
0
0
0
0
0
0
0
0
0
0
0
0
0
0
0
0
0
0
0
0
0
0
0
0
0
0
0
0
0
0
0
0
0
0
0
0
0
0
0
0
0
0
0
0
0
0
0
0
0
0
0
0
0
0
0
0
0
0
0
0
0
0
0
0
0
0
0
0
0
0
0
0
0
0
0
0
0
0
0
0
0
0
0
0
0
0
0
0
0
0
0
0
0
0
0
0
0
0
0
0
0
0
0
0
0
0
0
0
0
0
0
0
0
0
0
0
0
0
0
0
0
0
0
0
0
0
0
0
0
0
0
0
0
0
0
0
0
0
0
0
0
0
0
0
0
0
0
0
0
0
0
0
0
0
0
0
0
0
0
0
0
0
0
0
0
0
0
0
0
0
0
0
0
0
0
0
0
0
0
0
0
0
0
0
0
0
-3.61934e-15
0
0
0
0
0
0
0
0
0
0
0
0
4.33091e-18
0
0
0
0
0
0
0
0
0
0
-8.80773e-17
0
5.57046e-31
0
0
0
-5.91522e-18
0
0
0
0
0
0
0
0
0
0
0
0
0
0
0
0
0
0
0
0
0
0
0
0
0
-1.68682e-13
-3.28669e-16
0
0
0
0
0
0
0
0
0
0
0
0
0
0
0
0
0
8.84796e-30
0
0
0
0
0
0
0
0
0
0
0
0
0
0
0
0
-1.46402e-16
0
0
0
0
0
0
0
0
0
0
0
-2.10104e-18
0
0
0
0
0
0
0
0
0
0
0
0
0
0
0
0
0
0
0
0
0
0
0
0
0
0
0
0
0
0
0
0
0
0
0
-1.62177e-16
1.13782e-16
0
0
0
0
0
0
0
0
0
0
0
0
-7.08297e-17
0
0
0
0
1.07791e-16
0
0
0
0
0
0
0
0
0
0
0
0
0
0
0
0
0
0
0
0
0
0
0
0
0
0
0
0
4.97815e-17
0
0
0
0
0
0
0
0
0
0
0
0
0
0
0
0
0
0
-7.11698e-16
0
0
-5.93311e-16
0
0
0
0
0
0
0
0
0
0
0
0
0
0
0
0
0
0
0
0
0
0
0
0
0
0
0
0
0
0
0
0
0
0
0
0
0
0
0
0
0
0
7.6715e-16
-8.11455e-16
0
0
0
0
0
0
0
0
0
0
0
0
0
0
0
0
0
0
0
0
0
0
0
0
0
0
0
0
0
0
0
0
0
0
0
0
0
0
0
0
0
0
0
0
0
0
0
0
0
0
0
0
0
0
0
0
2.76768e-16
0
0
0
0
0
0
0
-3.43624e-16
0
0
0
0
0
0
0
0
0
0
0
0
0
0
0
0
0
0
0
0
0
0
0
0
0
0
0
0
0
0
0
0
0
0
0
0
0
-8.61561e-17
-1.12086e-16
0
0
0
0
0
0
0
0
0
0
0
0
0
0
0
0
0
0
0
0
0
0
0
0
0
0
0
0
0
0
0
0
0
0
0
0
0
0
0
0
0
0
0
0
0
0
0
0
0
0
0
0
0
0
0
0
0
0
0
0
0
0
0
0
0
0
0
0
0
0
0
0
0
0
3.68759e-15
0
0
0
0
0
0
0
0
0
0
0
0
0
0
0
0
0
0
0
0
0
0
0
0
0
0
0
0
0
0
0
0
0
0
0
0
0
0
0
0
0
0
0
0
0
0
0
0
0
0
0
0
0
0
0
0
0
0
0
0
0
0
0
0
0
0
0
8.81224e-17
0
-2.06919e-17
0
0
0
0
0
0
0
0
0
0
0
0
0
0
0
0
0
0
0
0
0
0
0
0
0
0
0
0
0
0
0
0
0
0
0
0
0
0
0
0
0
0
0
0
0
0
0
0
0
0
0
0
0
0
0
0
0
0
0
0
0
0
0
0
0
0
0
0
2.39603e-16
5.28666e-16
0
0
0
0
0
0
0
0
0
0
0
0
0
0
0
0
0
0
0
0
0
0
0
0
0
0
0
0
0
0
0
0
0
0
0
0
0
0
0
0
0
0
0
0
0
0
0
0
0
0
0
0
0
0
0
0
0
0
0
0
0
1.68395e-16
3.69711e-16
0
0
0
0
0
0
0
0
0
0
0
0
0
0
0
0
0
0
0
0
0
0
0
0
0
6.84518e-15
0
0
0
0
0
-6.65599e-17
0
0
0
0
0
0
0
0
0
0
0
1.72677e-15
0
0
0
0
0
0
0
0
0
0
0
0
0
0
0
0
0
0
0
0
0
0
0
0
0
-1.7238e-16
0
0
0
0
0
0
0
0
0
0
0
0
0
0
0
0
0
0
0
0
0
0
0
0
0
0
0
0
0
0
0
0
0
0
0
0
0
0
0
0
0
0
0
0
0
0
0
0
0
0
0
0
0
0
0
0
0
-2.30869e-17
-2.10557e-16
0
0
0
0
0
0
0
0
0
0
0
0
0
0
0
0
0
0
0
0
0
0
0
0
0
0
0
0
0
0
0
0
0
0
0
0
0
0
0
0
0
0
0
0
0
0
0
0
0
0
0
0
0
0
0
0
0
0
0
0
0
0
0
0
0
0
0
0
0
0
0
0
0
0
0
0
0
0
-6.27363e-16
0
0
0
0
0
0
0
0
0
0
0
0
0
0
0
0
0
0
0
0
0
0
0
0
0
0
0
0
0
0
0
0
0
0
0
0
0
0
0
0
0
0
0
0
0
0
0
0
0
0
0
0
0
0
0
0
0
0
0
0
0
0
0
0
0
0
0
0
0
0
0
6.72177e-16
1.48581e-16
0
0
0
0
0
0
0
0
0
0
0
0
0
0
0
0
0
0
0
0
0
0
0
0
0
0
0
0
0
0
0
0
2.51285e-17
-2.57151e-17
0
0
0
0
0
0
0
0
1.30334e-14
0
0
0
0
0
0
0
0
0
0
0
0
0
0
0
0
0
0
0
0
0
0
0
0
0
-6.39063e-18
1.07516e-17
0
0
0
0
0
0
0
0
-1.35382e-15
0
0
0
0
0
0
0
0
0
0
0
0
0
0
0
0
0
0
-1.22372e-15
0
0
0
0
0
0
0
0
0
0
0
0
0
0
0
0
0
0
0
0
0
0
0
0
0
0
0
0
0
0
0
0
0
0
0
0
0
0
0
0
0
0
0
0
0
0
0
0
0
0
0
0
0
0
0
0
0
0
0
0
0
0
0
0
0
0
0
0
0
0
0
0
0
0
0
0
0
0
0
0
0
0
2.59394e-16
3.85392e-16
0
0
0
0
0
0
0
0
0
0
0
0
0
0
0
0
0
0
0
0
0
0
0
0
0
0
0
0
0
0
0
0
0
0
0
0
0
0
0
0
0
0
0
0
0
0
0
0
0
0
0
0
0
0
0
0
0
0
0
0
0
0
0
0
0
0
0
0
0
0
0
0
0
0
0
-2.16743e-12
0
0
0
0
0
0
0
-2.99889e-15
0
0
0
0
0
0
0
0
0
0
0
0
0
0
0
0
0
0
0
0
0
0
0
0
0
0
0
0
0
0
0
0
0
0
0
0
0
0
0
0
0
0
0
0
0
0
0
0
-1.181e-17
2.30954e-16
0
0
0
0
3.30516e-16
0
0
0
0
0
4.06414e-17
-1.40716e-17
0
0
0
-2.62239e-16
0
-6.54434e-17
-2.9494e-16
0
0
0
0
0
1.02868e-15
0
0
0
0
0
0
0
0
0
0
0
0
0
9.55604e-16
0
0
0
-1.56008e-17
3.08833e-20
0
2.34159e-17
0
0
0
0
0
0
0
0
0
0
0
0
0
0
0
0
0
0
0
-1.29417e-16
0
0
0
0
0
0
0
0
0
0
0
0
0
0
-1.24468e-15
2.18874e-15
0
0
0
0
0
0
0
0
0
0
0
0
0
0
0
0
0
0
0
0
0
0
0
0
0
0
0
0
0
0
0
0
0
0
0
0
0
0
0
0
0
0
0
0
0
0
0
0
0
0
0
0
0
0
0
0
0
0
0
0
0
0
-2.60061e-15
0
0
0
3.30007e-15
0
0
0
0
0
0
0
0
0
0
0
0
0
0
0
0
0
0
0
0
0
0
0
0
0
0
-2.45951e-16
0
1.5501e-15
0
0
0
0
0
0
0
0
4.64597e-16
0
0
0
0
0
0
0
0
0
0
0
0
0
0
0
0
0
0
0
0
0
0
0
0
0
0
0
6.38114e-15
0
-1.54588e-14
0
0
0
0
0
-2.66451e-15
0
0
0
0
0
0
0
0
0
0
0
0
0
0
0
0
0
0
0
0
0
0
0
0
0
0
0
0
0
0
0
0
0
0
-9.72028e-16
0
0
0
0
0
0
0
0
0
0
0
0
0
0
0
0
0
0
0
0
0
0
0
0
0
2.92853e-16
0
0
0
0
0
0
0
0
0
0
0
0
0
0
0
0
0
0
0
0
0
0
0
0
0
0
0
0
0
0
0
0
0
0
0
0
0
0
0
0
0
0
0
0
0
0
0
0
0
0
0
0
0
0
0
0
0
0
-9.62747e-16
0
0
0
0
0
0
0
0
0
0
0
0
0
0
0
0
0
0
0
0
0
0
0
0
0
0
0
0
0
0
0
0
0
0
0
0
0
0
0
0
0
0
1.67748e-16
0
0
0
0
0
0
0
0
0
0
0
0
0
0
0
0
0
0
9.73561e-17
0
0
0
0
0
0
-1.48958e-16
0
0
0
0
0
0
0
0
0
0
0
0
0
0
0
0
0
0
0
0
0
0
0
0
0
0
0
0
0
0
0
0
0
0
0
0
0
0
0
0
0
0
0
0
0
0
0
0
0
0
0
0
0
0
0
0
0
0
0
0
0
0
0
0
0
0
0
0
0
0
0
-2.05056e-15
1.53385e-15
0
0
0
0
0
0
0
0
0
0
0
0
0
0
0
0
0
0
0
0
0
0
0
0
0
0
0
0
0
0
0
0
0
0
0
1.33637e-17
0
0
0
0
0
0
0
0
0
0
0
0
0
0
0
0
0
0
0
0
0
0
0
0
0
0
0
0
0
0
0
0
0
0
0
0
0
0
0
0
-9.98615e-16
0
0
0
0
0
0
-6.79795e-13
0
0
0
0
0
0
0
0
0
0
0
0
0
0
0
0
0
0
0
0
0
0
0
0
0
0
0
0
0
0
0
0
0
0
0
0
0
0
0
0
0
0
0
0
0
0
0
0
0
0
0
0
0
0
0
0
0
0
0
0
0
0
0
0
0
0
0
0
0
0
0
0
0
0
0
0
0
0
0
0
0
0
0
0
0
0
0
0
0
0
0
0
0
0
0
0
0
0
0
0
0
0
0
0
8.60812e-15
0
0
0
0
0
0
0
0
0
0
0
0
5.64386e-16
0
0
0
0
0
0
0
0
0
0
0
0
0
0
0
0
0
0
0
0
0
0
0
0
0
0
0
0
0
0
0
0
0
0
0
0
0
0
0
0
0
0
0
0
0
0
0
0
0
0
0
0
0
0
0
-3.74426e-16
0
1.81915e-16
0
0
0
0
0
0
0
-5.25627e-16
0
0
0
0
0
0
0
0
0
0
0
0
0
0
0
0
0
0
0
0
0
0
0
0
-1.22028e-16
0
0
0
0
0
0
0
0
0
0
0
0
0
0
0
0
0
0
0
0
0
0
0
0
0
0
0
0
-8.99187e-16
0
0
0
0
0
0
0
0
0
0
1.21926e-14
0
0
0
0
0
0
0
0
0
0
0
0
0
0
0
0
0
0
0
0
0
0
0
0
0
0
0
0
0
0
0
0
0
0
0
0
0
0
0
0
0
0
0
0
0
0
0
-4.33616e-16
0
0
0
0
0
0
0
0
0
0
0
0
0
0
0
0
0
0
0
0
0
0
0
0
0
0
0
-2.21526e-17
0
0
0
0
0
0
-1.68635e-15
3.10085e-15
0
0
0
0
0
0
0
0
0
0
0
0
0
0
0
0
0
0
0
0
0
0
0
0
0
0
0
0
0
0
0
0
0
0
0
0
0
0
0
0
0
0
0
0
0
0
0
0
0
0
0
0
0
0
0
0
0
0
0
0
0
0
0
0
0
0
0
0
0
0
0
0
0
0
0
0
0
0
0
0
0
0
0
0
0
0
0
0
0
0
0
0
0
0
0
0
0
0
0
0
0
0
0
4.58879e-16
-7.45307e-16
0
0
1.66967e-16
0
0
0
0
0
0
1.50137e-16
0
0
0
0
0
0
0
0
0
0
0
0
1.65818e-30
1.30068e-16
0
0
0
0
0
0
0
0
0
0
-7.10796e-15
0
0
0
0
2.20227e-30
8.02489e-16
0
0
0
0
0
0
0
0
0
0
0
0
0
0
0
0
0
0
0
0
0
0
0
0
0
0
0
0
0
0
0
0
0
0
0
0
0
0
0
0
0
0
0
0
0
0
0
0
0
0
0
0
0
0
0
0
0
0
0
0
0
0
0
0
0
0
0
0
0
0
0
0
0
0
0
0
0
0
0
0
0
0
0
0
0
0
0
0
0
0
0
0
0
0
0
0
0
0
0
0
0
0
0
0
0
0
0
0
0
0
0
0
0
0
0
0
0
0
0
0
0
0
0
0
0
0
0
0
0
0
0
0
0
0
0
0
0
0
6.54467e-14
-1.93326e-12
0
0
0
0
0
0
0
0
0
0
0
0
0
0
0
0
0
0
0
0
0
0
0
0
0
0
0
0
0
0
0
0
0
0
0
0
0
0
0
0
0
0
0
0
0
0
0
0
-9.1641e-16
0
0
0
0
0
0
0
0
0
0
-1.46703e-17
0
0
0
0
0
0
0
0
0
0
0
0
0
0
0
0
0
0
0
0
0
0
0
0
0
0
0
0
0
0
0
0
0
0
0
0
0
0
0
0
0
0
0
0
0
0
0
0
0
0
0
0
0
0
0
0
0
0
0
0
0
0
0
0
0
0
0
0
0
0
0
0
0
0
0
0
0
0
0
0
0
0
0
0
0
0
0
0
0
0
0
0
0
0
0
0
0
0
0
0
0
0
0
0
0
0
0
0
0
0
0
0
0
0
0
0
0
0
0
0
0
0
0
0
0
0
0
0
0
0
0
0
0
0
0
0
0
0
0
0
0
0
0
0
-2.63652e-13
0
0
0
0
0
0
0
0
0
0
0
0
0
0
0
0
0
0
0
-5.07041e-16
0
0
0
0
0
0
-1.3151e-16
0
0
0
0
0
0
0
0
2.01079e-16
0
0
0
0
0
0
0
0
0
0
0
0
0
0
0
0
0
0
0
0
0
0
0
0
0
0
0
0
0
0
0
-8.74348e-16
0
0
0
0
0
0
0
0
0
0
0
0
0
0
0
0
0
0
0
0
0
0
0
0
0
0
0
0
0
0
0
0
0
0
0
0
0
0
0
0
0
0
0
0
0
0
0
0
0
0
0
2.45097e-16
0
0
0
0
0
0
0
0
0
0
0
0
0
0
0
0
0
0
0
0
0
-5.54926e-18
-4.93043e-19
0
0
0
0
0
0
0
-2.4346e-16
0
0
0
0
0
0
0
0
0
0
-4.09031e-17
0
0
0
0
0
0
0
0
0
0
0
0
0
0
0
0
0
0
0
0
0
0
-1.60623e-16
0
0
0
0
0
-6.10045e-16
-2.06345e-16
0
0
0
0
0
0
0
0
0
0
0
0
0
0
0
0
0
0
0
0
0
0
0
0
0
0
0
0
0
0
0
0
0
0
0
0
0
0
0
0
0
0
0
0
0
0
0
0
0
0
0
0
0
0
0
0
0
0
0
0
0
0
0
0
0
0
0
0
0
0
0
0
0
0
0
0
0
0
0
0
0
0
0
0
0
0
0
0
0
0
0
0
0
0
0
0
0
0
0
0
0
0
0
0
0
0
0
0
0
0
0
0
0
0
0
0
0
0
0
0
0
0
0
4.77216e-14
-8.71029e-13
0
0
0
0
0
0
0
0
0
0
0
0
0
0
0
0
0
0
0
0
0
0
0
0
0
0
0
0
0
0
0
0
0
0
0
0
0
0
0
0
0
0
0
0
1.25993e-17
0
0
0
0
0
0
0
-1.64787e-16
0
0
0
0
0
0
0
0
0
0
0
0
0
0
0
0
0
0
0
0
0
0
0
0
0
0
0
0
0
0
0
0
0
0
0
0
0
0
0
7.78405e-16
0
0
0
0
0
0
0
0
0
0
0
0
0
0
0
0
0
0
0
0
0
0
0
0
0
0
0
0
0
0
0
0
0
0
0
0
0
0
0
0
0
0
0
0
0
0
0
0
0
0
0
0
0
0
0
0
0
0
0
0
0
0
0
0
0
0
0
0
0
0
0
0
0
0
0
0
0
0
0
0
0
0
0
0
0
0
0
-7.5416e-16
0
0
0
0
1.106e-30
0
0
0
0
0
0
-2.33585e-15
0
0
0
0
0
0
0
0
0
0
0
0
0
0
0
0
0
0
-1.11612e-12
0
0
0
0
0
0
0
0
0
0
0
0
0
0
0
0
0
0
0
0
0
0
0
0
0
0
0
0
0
0
0
0
0
0
0
0
0
0
0
4.23974e-16
0
0
0
0
0
0
0
0
0
0
0
0
0
0
0
0
0
0
0
0
0
0
0
0
0
-1.01474e-12
0
0
0
-1.38516e-18
0
0
0
0
0
-9.57237e-16
0
0
0
0
0
0
0
0
0
0
0
0
0
0
0
0
0
0
1.32516e-14
-1.08431e-14
0
0
0
9.41026e-16
0
0
0
0
0
0
0
0
0
0
0
0
0
3.98561e-16
0
0
0
0
0
0
0
0
0
0
0
0
0
0
0
0
0
0
0
0
0
0
0
0
0
0
0
-2.76296e-31
0
0
0
0
0
0
0
-1.58793e-17
0
0
0
0
0
0
0
0
4.74483e-16
0
0
0
0
0
0
0
0
0
0
-2.24508e-14
0
0
0
0
0
-2.68928e-15
0
0
0
0
0
0
0
0
0
0
0
0
0
0
0
0
0
0
0
-7.66026e-13
1.37297e-13
0
0
0
0
0
0
0
0
0
0
-1.73982e-17
0
0
0
0
0
0
0
0
0
0
0
0
0
0
0
0
0
-2.08585e-17
0
0
0
0
0
0
0
0
0
0
0
0
0
0
0
0
0
0
2.88358e-14
0
0
0
0
0
0
0
0
0
0
0
0
-5.74824e-15
0
0
0
0
0
3.43223e-15
0
0
0
0
0
0
0
0
0
0
0
0
0
0
0
0
0
0
0
0
0
0
0
0
0
0
0
0
0
0
0
0
0
0
0
0
0
0
0
0
0
0
0
0
0
-1.81431e-17
-3.08046e-15
0
0
0
0
0
0
0
0
9.1883e-17
0
0
0
0
0
0
0
0
0
0
0
0
0
0
1.65156e-15
0
0
0
0
0
0
0
0
0
0
0
0
0
0
0
0
0
0
0
0
0
0
0
0
0
0
0
0
0
0
0
0
0
0
0
0
0
0
0
0
0
0
0
0
0
0
0
0
0
0
0
0
0
0
0
0
0
0
0
0
0
0
0
0
0
0
0
0
0
0
0
0
0
0
0
0
0
0
0
0
0
0
0
0
0
0
0
0
0
0
0
0
0
0
0
0
0
0
0
0
0
0
0
0
0
0
0
0
0
0
-1.46258e-16
-1.26333e-12
0
0
0
0
0
0
0
0
0
0
0
0
0
0
0
0
0
0
0
0
0
-1.29285e-12
0
0
0
0
0
0
0
0
0
0
0
0
0
0
0
0
0
0
0
0
0
0
0
0
0
0
0
0
0
0
0
0
0
0
0
0
0
0
0
0
0
0
0
0
0
0
0
0
0
0
0
0
0
0
0
0
0
0
0
0
0
0
0
0
0
0
0
0
0
0
0
0
0
0
0
0
0
0
0
0
0
0
0
0
0
0
0
0
0
0
0
0
0
1.35032e-16
0
0
0
0
0
0
0
0
0
0
0
0
0
0
0
0
0
0
0
0
0
0
0
0
0
0
0
0
0
0
0
0
0
0
0
0
0
0
0
0
0
0
0
0
-4.28885e-12
0
0
0
0
0
0
0
0
0
1.55925e-16
0
1.11469e-15
0
0
0
0
0
0
0
0
0
0
0
1.03137e-17
0
0
0
0
0
0
0
0
-3.07879e-16
0
0
0
0
0
0
0
0
0
0
0
4.92908e-14
0
0
0
9.11205e-18
0
0
0
0
0
0
-2.15062e-13
-2.91554e-13
0
0
0
0
0
0
0
0
0
0
0
0
0
0
0
0
0
0
0
0
0
0
0
0
0
0
0
0
0
0
0
0
0
0
0
0
0
0
0
0
0
0
0
0
0
0
0
0
0
0
0
0
0
0
0
0
0
0
0
0
0
0
0
0
0
0
0
0
0
0
0
0
0
0
0
0
0
0
0
0
0
0
0
0
0
0
0
0
0
0
0
0
0
0
0
0
-2.95025e-18
-6.80057e-16
0
0
5.47907e-15
0
0
0
0
0
0
0
0
0
0
0
0
0
0
0
0
0
0
0
0
-2.50503e-17
0
0
0
0
0
0
0
0
0
0
0
0
0
0
0
0
0
0
0
0
0
0
1.6604e-15
0
0
0
0
0
0
0
0
0
0
0
0
3.61298e-16
-4.04261e-16
0
0
0
0
0
0
0
0
0
0
0
0
0
0
1.45049e-15
0
0
0
0
-2.52192e-15
0
0
0
0
0
0
8.18523e-15
8.499e-16
0
0
0
0
0
0
0
0
0
0
0
0
0
0
-9.29059e-13
1.54903e-13
0
0
0
0
0
0
0
0
0
0
0
0
0
0
0
0
0
0
0
0
5.14738e-08
2.92682e-08
6.19017e-08
2.51177e-08
-1.86993e-08
2.82185e-09
1.10683e-09
7.77567e-10
2.26998e-08
-2.50226e-09
1.96025e-08
3.52508e-08
1.11169e-08
1.6285e-08
5.23124e-08
2.32908e-08
4.49947e-08
3.56805e-08
2.83704e-09
2.57411e-08
6.36393e-08
3.48802e-08
6.25086e-08
2.96239e-08
3.84046e-08
1.30434e-08
5.67448e-09
-5.11469e-09
1.71413e-08
3.52267e-08
5.97298e-09
1.37724e-08
-8.10626e-09
1.14352e-08
-1.08089e-08
-1.25373e-08
8.02992e-09
-1.66854e-08
5.84808e-09
-4.58433e-09
-2.2815e-08
-7.73415e-09
-2.60264e-08
-2.82143e-08
-1.06325e-08
-2.17624e-08
-2.36167e-08
-3.4402e-08
-1.89785e-08
-3.76408e-08
-4.36149e-08
-1.80295e-08
0
0
0
0
0
0
0
0
0
0
0
0
0
0
-1.52549e-14
0
0
0
0
0
0
7.50189e-18
0
0
0
0
0
0
0
0
0
0
0
0
0
0
0
0
0
0
0
0
0
-3.35329e-16
-9.57643e-15
0
0
0
0
0
0
0
0
0
0
0
0
0
0
0
0
0
0
0
0
0
0
0
0
0
0
0
0
0
2.49175e-09
-1.71409e-08
0
0
-1.69092e-08
-3.21512e-08
-2.30227e-08
-5.64605e-09
-1.01577e-08
-2.74159e-08
-2.66043e-08
-8.42805e-09
0
0
0
0
0
0
-2.22966e-08
-3.81663e-08
-2.89288e-08
-1.11638e-08
-4.49007e-09
-2.16742e-08
-1.94541e-08
-4.18095e-09
-2.06846e-08
3.60905e-09
0
0
5.0256e-09
-1.47318e-08
8.32382e-09
-1.15573e-08
-1.09924e-08
1.02994e-08
0
0
-6.8086e-09
-2.56861e-08
0
0
1.88223e-08
-5.54203e-09
-8.22073e-09
1.26174e-08
1.17135e-08
-9.86294e-09
0
0
0
0
0
0
0
0
0
-1.27328e-08
7.02394e-09
0
0
2.41716e-08
5.71936e-10
0
0
0
1.44708e-08
-7.53288e-09
0
0
0
0
0
0
0
0
0
0
0
0
2.07001e-08
-2.3157e-09
0
2.62944e-08
3.54218e-09
0
0
0
0
0
0
0
0
0
0
0
0
0
0
0
0
0
0
2.97164e-08
6.48111e-09
0
0
0
2.35574e-09
-1.58795e-08
0
-1.82497e-08
-2.95705e-08
0
0
0
-2.40027e-08
-5.93929e-09
-9.323e-09
-2.69797e-08
0
-3.36855e-08
-8.81401e-09
0
0
0
0
0
0
0
0
0
0
0
0
0
0
1.07394e-08
3.43566e-08
0
0
0
0
0
0
0
0
-1.8143e-08
0
0
-2.16049e-08
-3.75922e-08
0
0
0
0
-5.50439e-09
-1.95778e-08
0
0
0
1.09289e-08
3.92223e-08
3.66664e-08
1.09698e-08
0
0
-2.05209e-08
2.11477e-09
0
0
0
0
0
0
0
0
0
0
0
0
0
-3.56249e-08
-3.01069e-08
0
0
0
0
5.12992e-09
-1.35892e-08
9.21691e-09
-1.11796e-08
0
0
0
0
0
0
0
0
0
0
1.95858e-08
-5.07882e-09
0
0
0
-8.89923e-09
1.20236e-08
0
0
0
0
0
6.40179e-09
3.35797e-08
0
0
0
0
4.85355e-08
3.99832e-09
0
4.30908e-17
0
1.37588e-16
0
0
0
0
0
2.48649e-08
1.15043e-09
0
0
1.51882e-08
-6.97855e-09
0
0
0
0
0
0
0
0
0
0
0
0
0
0
-2.15365e-16
0
0
0
0
0
0
0
0
0
0
0
0
0
0
0
0
0
0
0
0
7.64318e-09
3.11005e-08
0
0
0
0
0
0
0
-5.49269e-15
-8.55399e-16
0
0
0
0
0
0
0
0
0
0
0
0
2.13903e-08
-1.734e-09
-1.44254e-17
2.76351e-08
0
0
0
0
0
0
0
0
0
0
0
0
0
0
0
0
0
0
0
0
0
0
0
0
0
0
0
0
0
0
0
0
0
0
0
0
3.06992e-08
6.76429e-09
0
0
0
-1.11862e-15
0
0
0
0
0
0
0
0
0
0
0
0
0
0
0
0
0
0
0
2.18609e-08
5.24648e-08
9.45945e-09
3.43582e-08
0
0
0
0
0
0
8.79944e-15
0
8.84365e-30
0
0
0
0
2.78523e-31
0
0
0
0
0
0
0
0
0
0
0
0
1.01104e-08
3.87771e-08
0
0
0
0
0
0
0
0
0
0
0
0
0
0
0
0
0
0
0
0
0
2.54996e-16
0
-2.94931e-17
0
0
0
0
0
1.81682e-16
0
0
0
0
0
0
0
2.53811e-08
5.40443e-08
5.26233e-08
2.42649e-08
0
0
0
0
0
0
0
0
0
0
0
0
0
0
0
0
0
0
0
0
0
0
0
0
0
0
0
0
0
0
0
0
0
8.14913e-17
0
0
0
0
0
0
0
0
0
0
0
0
0
0
0
0
0
0
0
0
0
0
0
0
0
3.8069e-08
0
0
0
0
0
0
0
4.64259e-08
3.56891e-08
0
0
0
0
0
0
0
0
0
0
0
0
-1.25775e-15
0
0
0
0
0
0
0
0
0
0
0
0
0
0
0
0
0
0
0
0
0
0
0
0
0
0
0
0
0
0
0
0
0
0
0
0
0
0
0
0
0
0
1.13509e-08
0
0
6.63274e-15
-1.10225e-14
0
0
0
0
0
0
0
0
0
0
0
0
0
0
0
0
0
0
0
0
0
0
0
0
0
0
0
0
0
0
0
0
0
0
0
0
0
0
0
0
0
0
0
0
0
0
0
0
0
0
0
0
0
0
3.23319e-08
5.85681e-08
0
0
0
0
0
0
0
0
0
0
0
0
0
0
0
0
0
0
0
0
0
0
0
0
0
0
0
0
0
0
1.6122e-08
0
0
0
0
0
0
0
0
0
0
0
0
0
0
0
0
0
0
0
0
4.02481e-18
-4.83019e-19
0
0
0
0
0
0
0
0
0
0
0
0
0
0
0
0
0
0
0
0
0
0
0
0
0
0
0
0
0
0
0
6.62246e-08
2.71454e-08
0
0
0
0
0
0
-3.09799e-16
0
0
0
0
0
0
0
0
0
0
0
0
0
0
0
0
0
0
0
0
0
0
0
0
0
0
0
0
0
0
0
0
0
0
0
0
0
0
0
0
0
0
0
0
0
0
0
0
0
0
0
0
0
0
0
0
0
0
0
0
0
0
0
-6.37103e-09
-2.48454e-08
2.14803e-08
5.15663e-08
0
0
0
0
0
0
0
0
0
0
0
0
0
0
0
0
0
0
0
0
0
3.23621e-08
6.48596e-08
0
0
0
0
0
0
0
0
0
-5.50569e-31
1.30495e-16
0
0
0
0
0
0
0
0
0
0
0
0
0
0
0
0
0
0
0
0
0
0
0
0
0
0
1.33399e-15
0
0
0
0
0
0
0
0
0
0
0
0
0
0
0
0
8.5798e-16
0
-2.38657e-16
0
0
0
0
0
0
0
-7.48429e-16
0
0
0
0
0
0
0
0
0
-2.94214e-15
0
0
0
0
0
0
0
0
0
0
0
0
0
0
0
0
0
0
0
0
0
0
1.05892e-16
0
0
0
0
-2.79978e-16
-4.9716e-16
0
0
0
0
0
0
0
0
0
0
0
0
0
0
0
0
0
0
0
-4.92365e-16
4.61465e-17
0
0
0
0
0
0
0
0
0
0
0
0
0
0
0
0
0
0
0
0
0
0
0
0
0
0
0
0
0
0
0
0
0
0
0
0
0
0
0
0
0
0
0
0
0
0
0
0
0
0
0
0
0
0
0
0
0
0
0
0
0
2.24591e-08
5.56748e-08
0
0
0
0
0
0
0
0
0
0
0
0
0
0
0
0
0
0
0
0
0
0
0
0
0
0
0
0
0
0
0
0
0
0
0
0
0
0
0
0
0
0
0
0
0
0
0
0
0
0
0
0
0
0
-2.68853e-12
0
0
0
0
0
0
0
0
0
0
0
0
0
0
0
0
0
0
0
0
0
0
0
0
0
0
0
0
0
0
0
0
0
0
0
0
-2.35521e-17
-5.31991e-18
0
0
0
0
0
0
0
0
0
0
0
0
0
0
0
0
0
0
0
0
0
0
0
0
0
0
0
0
0
0
1.52361e-14
0
0
0
0
0
0
0
0
0
0
0
0
0
0
0
0
1.06236e-14
0
0
0
0
0
0
0
0
0
0
0
0
0
0
0
0
0
0
0
0
0
0
0
0
0
0
0
0
0
0
0
0
0
0
0
0
0
0
0
0
-6.09766e-15
0
0
0
0
0
0
0
0
0
0
0
0
0
0
0
0
0
5.6128e-08
2.71189e-08
0
0
0
0
0
0
0
0
0
0
0
0
0
0
0
0
0
0
0
0
0
4.11687e-16
0
0
0
0
0
0
0
0
0
0
0
0
0
0
0
0
2.81197e-17
-4.10485e-15
0
0
0
0
0
0
0
0
0
0
0
0
0
3.22627e-08
6.36858e-08
0
0
0
2.22041e-15
-2.71723e-15
0
0
0
0
0
0
0
0
0
0
0
0
0
0
0
0
0
0
0
0
0
0
0
0
0
0
0
0
0
0
0
0
0
0
0
0
0
0
0
-1.72234e-15
-2.05818e-15
0
0
0
0
0
0
0
0
0
0
0
0
0
0
0
0
0
0
0
0
0
0
0
0
0
0
0
0
0
0
0
0
0
0
0
0
0
0
0
0
0
0
0
0
0
0
0
0
0
0
0
-7.3172e-13
1.53389e-13
0
0
0
0
0
0
0
0
0
0
0
0
0
0
0
0
0
0
0
0
0
0
0
0
0
0
0
0
0
0
0
0
0
0
0
0
0
0
0
0
0
0
0
0
0
0
0
0
0
0
0
0
0
0
0
0
0
0
0
0
0
0
0
0
0
0
0
0
0
0
0
0
0
0
0
0
0
0
0
0
0
0
0
0
0
0
0
4.03705e-08
4.93795e-08
0
0
0
0
0
0
0
0
0
0
0
0
0
0
0
0
0
0
0
0
-1.0007e-14
2.03431e-15
0
0
0
0
0
0
0
0
0
0
0
0
0
0
0
0
0
0
0
0
-2.44161e-16
-4.80373e-16
6.41854e-16
0
6.34148e-08
3.63901e-08
0
0
0
0
0
0
0
0
0
0
0
0
0
0
0
0
0
0
0
0
0
0
0
0
0
0
0
0
0
0
0
0
0
0
0
0
0
0
0
0
0
0
0
0
0
0
0
0
0
0
0
0
0
0
0
0
0
0
0
0
0
-8.64473e-17
-4.96109e-17
0
0
0
0
0
0
0
0
0
0
0
0
0
0
0
0
0
0
0
0
0
0
0
0
0
0
0
0
0
-2.16185e-16
0
0
0
0
0
0
0
0
0
0
0
0
0
0
0
0
-9.01253e-15
0
0
0
0
0
0
0
0
0
0
0
0
0
-4.24233e-15
0
0
0
0
0
0
0
2.9946e-16
0
0
-2.56126e-13
0
0
0
0
0
0
0
0
0
6.23697e-08
3.23236e-08
0
0
0
0
0
0
0
-5.19888e-16
0
0
0
0
0
0
0
0
0
0
0
0
0
0
0
0
0
0
0
0
0
0
0
0
0
0
0
0
0
0
0
0
0
0
0
0
0
0
0
0
0
0
0
0
0
0
0
0
0
0
0
0
0
0
0
0
0
0
0
4.14217e-16
0
0
0
0
0
0
0
0
0
0
0
0
0
0
0
0
0
0
-1.37642e-31
5.78932e-18
0
0
0
0
0
0
0
0
0
0
0
0
0
0
0
0
0
0
0
0
0
0
0
0
0
-3.79646e-16
0
0
0
0
0
0
0
0
0
0
0
0
0
0
0
0
0
0
0
0
0
0
0
0
0
0
0
0
0
0
0
0
0
0
0
0
0
0
0
0
0
0
0
0
0
0
0
0
0
0
0
0
0
0
0
0
0
0
0
0
0
0
0
0
0
0
0
0
0
0
0
0
0
0
0
0
0
0
0
0
0
0
0
0
-3.6016e-18
6.38354e-18
0
0
0
0
0
9.30746e-17
0
0
0
0
4.18277e-16
0
0
0
0
0
0
0
0
0
0
0
0
0
0
0
0
0
0
0
0
-3.33086e-16
0
0
0
0
2.35309e-16
0
0
0
1.61243e-15
-7.2369e-15
0
0
0
0
0
0
0
0
-2.82924e-16
0
0
0
0
0
0
0
0
0
0
0
0
0
0
0
0
0
0
0
0
0
0
0
0
0
0
0
0
0
0
0
0
0
0
0
0
0
0
0
0
0
0
-2.73104e-16
0
0
0
0
0
0
0
0
0
-4.27376e-16
0
0
0
0
0
0
0
0
0
0
0
0
0
0
0
0
0
0
0
0
0
0
0
0
0
0
0
-3.9856e-16
-1.15517e-16
0
0
0
0
0
0
0
0
0
0
0
0
0
0
0
0
0
0
0
0
0
0
0
0
0
0
0
0
0
0
0
0
0
0
0
0
0
0
0
0
0
0
0
5.43861e-16
-4.0596e-16
0
0
1.69629e-15
0
0
0
0
0
0
0
-4.75753e-16
0
0
0
0
0
0
0
0
0
0
0
0
0
0
0
0
0
0
0
0
0
0
0
0
-2.03614e-16
0
0
0
0
0
0
0
0
0
0
0
0
0
0
0
0
0
0
0
-7.18579e-16
8.49235e-16
0
0
0
0
0
0
0
0
0
0
0
0
0
0
0
0
0
0
0
0
0
0
0
0
0
0
0
0
0
0
0
0
0
0
0
0
0
0
0
0
0
0
0
0
0
0
0
0
1.19266e-12
0
1.34786e-12
1.40211e-12
0
0
1.29457e-12
1.39427e-12
1.40594e-12
0
0
0
0
0
0
0
0
0
0
0
0
0
0
0
0
0
0
0
0
0
1.21335e-12
0
0
0
0
0
0
0
0
0
0
1.16537e-12
1.23487e-12
0
0
0
0
0
0
0
0
0
0
0
0
0
0
0
0
0
0
3.07327e-16
-8.92742e-16
0
0
0
0
0
0
1.25182e-12
0
0
1.15143e-12
0
0
0
0
0
0
0
0
0
0
0
-1.12286e-15
2.29467e-15
0
0
0
0
0
0
0
0
0
-1.22672e-15
0
0
0
0
0
-2.54691e-16
0
1.108e-12
1.01676e-12
0
0
0
0
0
0
0
9.06255e-13
0
0
0
0
0
0
0
0
0
2.53538e-10
2.19617e-08
0
0
0
0
0
0
0
0
0
0
1.05675e-12
0
0
0
0
0
0
0
0
0
0
0
0
0
0
0
0
0
0
0
0
0
0
0
0
0
0
0
0
0
0
0
0
0
7.13359e-13
1.0518e-12
0
0
0
0
0
0
0
0
0
0
0
0
0
0
0
0
0
0
0
0
0
0
0
0
0
0
0
0
0
0
0
3.70186e-16
0
0
0
0
0
0
1.36016e-14
0
0
0
0
0
-1.56574e-14
-8.40719e-15
1.49412e-12
0
0
-8.68059e-17
0
1.45847e-12
1.38447e-12
1.19338e-12
0
0
0
0
0
0
0
0
0
0
0
0
0
0
0
0
0
0
0
0
0
0
0
0
0
0
0
0
0
0
0
0
0
0
0
0
1.23725e-12
0
0
0
0
0
2.13786e-12
-3.35812e-15
0
0
0
0
0
0
0
0
0
0
0
0
0
0
0
0
0
0
0
0
0
0
0
0
0
0
0
0
1.19188e-12
1.16845e-12
0
0
0
0
0
0
0
-2.65594e-15
0
0
0
0
0
0
1.14623e-12
1.1684e-12
0
0
0
5.4901e-13
0
0
0
0
0
0
0
0
0
0
0
0
0
0
0
0
0
0
0
0
0
0
0
0
4.06578e-08
4.5313e-08
0
0
0
0
0
0
0
0
0
0
0
0
0
0
0
0
0
0
0
0
0
0
0
0
-2.60421e-13
-2.8212e-13
9.59942e-13
7.11254e-13
0
0
0
0
0
0
0
4.63398e-16
0
0
0
0
-1.17185e-12
-2.61429e-12
-5.64785e-15
0
0
0
0
0
0
1.69038e-09
2.5613e-08
-1.97765e-15
0
0
0
0
0
1.04674e-12
0
0
0
0
0
0
0
0
0
0
0
0
0
0
0
0
0
0
0
0
0
0
0
-2.87276e-15
0
0
0
0
1.87904e-12
0
0
0
0
0
0
0
8.36128e-13
0
0
0
0
0
0
0
0
0
0
0
0
0
0
0
0
0
0
0
0
0
0
0
0
0
0
0
8.94732e-13
0
0
0
0
0
0
0
0
0
0
1.42703e-12
0
0
0
0
0
0
0
0
0
0
0
0
0
0
0
0
0
0
0
-1.01055e-12
0
0
0
0
0
0
6.10799e-13
0
0
-3.34961e-15
3.30787e-15
4.38356e-16
0
0
0
0
-5.19819e-16
4.51021e-16
0
0
0
0
0
0
9.19949e-16
0
0
0
0
0
0
1.48898e-12
0
0
9.57308e-13
0
0
0
0
5.39381e-08
1.65015e-08
0
0
0
0
0
0
3.99604e-16
0
0
-7.15917e-16
0
0
0
0
0
0
0
0
0
0
0
0
0
1.5224e-17
1.10136e-15
0
0
0
0
0
0
0
0
5.19596e-16
-1.26674e-15
0
0
0
0
0
0
0
0
0
0
0
0
0
0
-1.3768e-15
0
0
0
0
0
0
0
0
0
0
0
0
1.11659e-12
-6.37347e-18
0
0
0
0
0
0
0
0
0
0
6.47175e-16
7.77063e-17
0
0
0
0
0
0
0
0
0
0
0
1.60637e-15
-1.30773e-15
0
0
0
0
0
0
0
0
0
0
0
0
0
0
0
0
0
0
0
0
0
0
0
0
0
0
0
0
0
0
0
0
0
0
0
0
0
0
0
0
0
0
0
0
0
0
0
0
0
0
6.51588e-08
3.59073e-08
0
0
0
0
0
0
0
0
0
0
0
0
0
0
0
0
0
0
0
0
0
0
0
0
0
0
0
0
0
0
0
0
0
0
0
0
0
0
0
0
0
0
1.04062e-12
0
0
0
0
0
-1.23925e-15
0
0
0
0
0
0
0
0
0
0
0
0
0
0
0
0
0
-6.52628e-14
0
0
0
0
0
0
0
0
0
0
0
0
0
3.38126e-13
3.64006e-13
0
0
0
0
0
0
0
0
0
0
0
0
0
0
0
0
0
0
0
0
0
0
0
0
0
0
0
0
0
0
0
0
0
0
0
0
0
0
0
0
0
0
0
0
0
0
0
0
0
0
0
0
0
0
0
0
0
0
0
0
0
0
0
0
0
-3.44427e-16
0
4.41941e-15
0
0
0
0
0
0
0
0
0
8.15347e-15
1.04849e-18
0
0
0
0
0
0
0
0
0
0
0
0
0
0
0
0
0
0
0
0
0
0
0
0
0
0
0
0
0
0
0
0
0
0
0
0
-5.96635e-16
-3.42717e-16
0
0
0
0
0
0
0
0
0
0
0
0
5.57046e-31
0
0
0
0
0
0
1.94088e-12
-5.55668e-16
-1.104e-16
0
0
1.53479e-16
0
0
0
0
0
0
0
0
0
0
0
0
0
0
0
0
0
0
0
0
0
0
0
0
0
0
0
0
0
0
0
0
0
0
0
0
0
0
0
0
0
0
0
0
0
0
0
0
0
0
-9.00448e-16
0
0
0
0
0
0
0
0
0
0
0
0
0
0
0
0
0
0
0
0
0
0
0
0
0
0
0
0
0
0
0
0
0
0
0
0
0
0
0
0
0
0
5.2829e-16
0
0
0
0
0
0
0
0
0
0
0
0
0
0
-2.08281e-15
0
0
0
0
0
0
0
0
0
0
0
0
0
0
0
0
0
0
0
0
0
0
0
0
0
0
0
0
0
0
0
0
0
0
0
-8.83119e-17
0
0
0
0
0
0
0
0
0
0
0
0
0
0
0
0
0
0
0
0
0
0
0
0
0
0
0
0
0
0
0
0
0
0
4.49258e-10
0
0
0
0
0
0
0
0
0
0
0
0
0
0
0
1.34329e-15
0
0
0
0
0
0
0
0
0
0
0
0
0
0
0
0
0
0
0
0
0
0
0
0
0
0
0
0
0
0
0
0
5.18003e-15
0
0
0
0
0
0
3.16715e-13
0
0
0
0
0
0
0
0
0
0
0
0
0
0
0
0
0
0
0
0
0
0
0
0
0
0
0
0
0
0
0
0
0
0
0
0
0
0
0
0
3.67193e-08
0
0
0
0
0
0
0
0
0
0
0
0
0
0
0
0
0
0
1.65102e-12
0
0
0
0
0
0
7.77285e-13
0
0
0
0
0
0
0
0
0
0
0
0
0
0
0
0
0
0
0
0
0
0
0
0
0
0
0
0
0
0
0
0
0
0
0
0
0
0
0
0
0
0
0
0
0
0
0
-9.49253e-15
1.90416e-16
0
0
0
0
0
0
0
-2.1204e-08
0
0
0
0
9.30566e-15
3.02399e-13
0
0
0
0
0
0
0
0
0
0
0
0
0
0
0
0
-7.52208e-16
0
0
0
0
0
0
0
0
0
0
0
0
0
0
0
0
0
0
0
0
0
0
0
0
1.9319e-08
0
0
0
0
0
0
0
0
0
0
0
0
0
0
0
3.38189e-16
0
0
0
0
0
0
0
0
0
0
0
0
0
0
0
0
6.07647e-15
0
0
0
0
0
0
0
0
0
0
0
0
0
0
0
0
0
0
0
0
0
0
0
0
0
0
0
0
0
0
0
0
0
0
0
0
0
0
-8.75534e-15
0
0
0
0
0
0
0
0
-1.61835e-14
0
0
0
0
0
0
0
0
0
0
0
1.40704e-15
0
0
0
0
0
0
0
0
0
0
0
0
0
0
0
0
0
0
0
0
0
0
0
0
0
0
0
0
0
0
0
0
0
0
0
1.94599e-15
0
0
0
0
0
0
5.08037e-19
0
0
0
0
0
0
0
0
0
0
0
0
0
9.85329e-16
0
0
0
0
0
0
0
0
0
0
0
0
0
0
0
0
4.52254e-13
0
0
0
0
0
0
0
0
0
0
0
0
0
0
0
0
0
0
0
0
0
0
0
0
0
0
0
0
5.1804e-16
-6.93611e-14
0
0
0
0
0
0
0
0
0
2.76018e-13
2.52538e-13
0
-3.01127e-16
0
0
0
0
0
0
-1.87199e-14
-1.25084e-12
0
0
0
0
0
0
0
0
0
0
0
0
0
0
0
0
1.02269e-13
0
0
0
0
0
0
0
0
0
0
0
0
0
0
0
0
0
0
0
0
0
0
0
0
0
0
0
0
0
0
0
0
0
0
0
0
0
0
0
0
0
2.70025e-16
0
0
0
0
0
0
0
0
0
0
-2.14735e-16
0
0
0
0
0
0
2.13558e-13
0
0
0
0
0
4.33141e-09
8.90304e-13
0
0
0
0
0
0
0
0
0
0
0
0
0
0
7.40242e-16
0
0
0
0
0
0
0
0
0
0
0
0
1.86355e-16
0
0
0
0
0
0
0
0
0
0
0
0
0
0
0
0
0
0
0
0
0
0
0
0
0
0
0
0
0
0
0
0
0
0
0
0
0
0
0
0
0
0
0
0
-2.00999e-08
0
-9.47989e-08
0
0
0
0
0
0
0
0
0
0
0
0
0
0
0
-1.32731e-08
2.1509e-13
0
0
-1.46864e-12
3.52777e-13
0
0
0
0
0
0
0
0
0
0
0
0
0
0
0
0
0
0
1.92335e-15
0
0
0
0
0
0
1.6665e-17
0
0
0
0
0
0
0
0
0
0
0
0
0
0
0
0
0
0
0
0
0
0
0
0
0
0
0
0
0
0
0
0
0
0
0
0
0
0
0
0
0
0
0
0
0
0
0
0
0
0
0
0
0
0
0
0
0
0
0
0
0
0
0
0
0
0
0
0
0
0
0
0
0
0
0
0
0
0
0
0
0
0
0
0
0
0
0
0
0
-4.29263e-15
0
0
0
0
0
0
0
0
0
-7.9632e-16
7.2266e-16
2.62542e-13
2.57231e-13
0
0
0
0
0
0
0
0
0
0
0
0
0
0
0
0
0
0
0
0
0
0
0
0
0
-2.40987e-17
-4.82721e-08
0
0
4.66283e-12
0
0
-6.76755e-18
5.99069e-18
0
0
0
0
0
0
0
0
0
0
0
0
0
0
0
0
0
0
0
0
0
0
0
0
0
0
0
0
0
0
0
0
0
0
1.15029e-12
-1.54338e-08
7.95353e-13
0
0
0
0
0
0
0
0
0
0
0
0
0
0
0
0
0
0
0
-1.48106e-15
0
0
0
0
1.72832e-16
0
0
0
0
0
0
0
0
0
0
0
0
0
0
0
0
0
0
0
0
0
0
6.21177e-16
0
0
0
0
8.20788e-19
-1.49774e-18
0
0
0
0
0
0
0
0
0
0
0
0
0
0
0
0
0
0
0
0
0
0
0
0
0
0
0
0
0
0
0
0
0
0
0
0
0
0
-5.88267e-13
0
0
0
-2.68153e-12
0
0
0
0
0
0
9.07921e-13
-1.42757e-08
-1.77743e-15
0
0
0
0
0
0
0
0
-1.25847e-12
0
0
0
0
0
0
0
0
0
0
0
0
0
0
0
0
0
-4.22377e-08
1.20545e-12
-1.14495e-19
0
0
0
0
0
0
0
0
0
0
0
0
0
0
0
0
0
0
0
0
2.26093e-13
0
7.01546e-15
0
0
0
0
0
0
0
0
-1.12543e-12
0
0
0
0
0
0
0
0
0
0
0
0
0
0
0
0
0
0
0
0
0
0
0
0
0
0
0
0
0
0
0
0
0
0
-1.5387e-14
0
0
0
0
0
0
-2.99921e-13
0
0
0
0
0
0
0
3.24399e-08
2.03698e-08
0
0
0
0
0
0
0
0
0
0
0
0
-1.20883e-14
-5.85212e-13
0
0
2.52921e-08
0
0
0
0
0
0
0
0
0
0
0
0
0
0
0
0
0
0
0
0
0
0
0
0
0
0
0
0
2.13585e-08
0
0
-4.11959e-13
5.9784e-14
0
-1.49981e-16
6.22969e-16
0
0
0
0
0
0
1.51709e-16
0
0
0
0
0
0
0
0
0
0
0
0
0
0
0
0
0
0
-2.07258e-08
0
0
0
0
0
0
9.52598e-15
-1.22464e-12
0
0
0
0
0
0
0
0
0
0
0
0
0
0
0
0
0
0
0
0
0
0
0
0
0
4.75724e-12
0
0
3.21443e-15
0
0
0
0
0
-7.38595e-16
0
0
0
0
0
1.767e-29
0
0
0
0
-3.13638e-16
3.23156e-16
0
0
0
-7.90246e-16
-1.42444e-16
0
0
0
0
0
0
0
0
0
0
0
0
0
-1.90621e-14
0
0
0
0
0
0
0
0
0
0
0
0
0
0
0
0
0
0
0
0
0
0
0
0
0
0
0
0
0
0
0
0
3.44236e-08
1.38015e-12
0
0
-6.37401e-17
0
0
0
0
0
0
0
0
0
0
0
0
0
0
0
0
0
-1.10114e-30
-1.26866e-16
0
0
0
0
0
2.72138e-13
1.65862e-13
0
0
0
0
4.71391e-16
0
0
0
0
0
0
0
0
0
0
0
-1.79636e-12
0
0
0
0
0
0
0
0
-1.50572e-12
9.53909e-13
0
1.61517e-15
0
0
1.08701e-08
0
0
-5.99724e-09
0
-2.08901e-10
1.07697e-12
0
0
1.12485e-17
2.42027e-15
0
0
0
0
0
0
0
0
0
0
-3.77188e-09
0
0
0
0
0
0
0
0
0
0
0
0
0
0
0
-2.85453e-16
0
0
-3.56035e-08
0
0
0
0
0
-8.78716e-16
1.8791e-15
0
0
0
0
-1.22242e-12
0
0
0
0
0
0
0
0
0
0
0
0
0
0
0
0
0
0
0
0
0
0
0
0
0
-3.56763e-16
0
-1.49049e-14
0
0
0
0
0
0
2.36001e-16
0
0
0
0
0
0
0
0
0
0
0
0
0
0
-3.33096e-13
-1.34152e-16
0
0
0
0
0
0
5.2455e-13
-6.87215e-09
0
0
0
0
0
0
0
0
0
0
0
0
0
0
0
0
0
3.1767e-08
0
0
0
0
0
0
0
0
0
0
0
0
0
0
0
4.87105e-15
9.5307e-09
0
0
0
0
0
0
0
0
0
0
0
0
0
0
0
0
0
0
0
0
0
0
0
0
0
0
0
0
0
0
0
0
0
0
0
0
0
0
0
0
0
0
0
0
0
0
0
0
0
0
0
0
1.66469e-13
0
0
0
-1.40792e-17
0
0
0
0
0
0
0
0
0
0
0
0
0
0
0
0
0
0
0
0
0
0
0
1.06159e-12
5.07449e-09
0
0
0
0
0
0
0
0
0
0
0
0
0
0
0
0
0
0
0
0
0
0
0
0
0
0
0
0
0
0
0
0
0
0
0
0
0
0
0
0
0
0
0
-2.06364e-16
0
0
0
0
0
0
0
0
0
0
0
0
0
0
0
0
0
0
0
0
0
0
0
0
0
0
0
0
0
0
0
0
0
0
0
0
0
0
0
0
0
0
0
0
0
0
0
0
0
0
0
0
0
0
0
0
3.13232e-15
0
0
0
0
0
0
0
0
0
0
0
0
0
0
0
0
0
0
0
0
0
0
0
0
0
0
0
0
0
1.06917e-16
0
-5.13161e-08
0
0
0
0
0
-8.03715e-15
0
0
0
0
0
0
0
0
0
0
0
0
0
0
0
0
0
0
0
0
0
0
0
0
0
2.52479e-13
0
0
0
0
0
0
0
0
0
0
0
0
0
0
0
0
0
0
0
0
7.41359e-14
0
0
0
0
0
-1.94153e-08
5.46152e-13
-4.17012e-08
0
0
0
2.41437e-16
1.30617e-17
0
0
0
0
0
0
9.33789e-17
-4.19716e-16
0
0
0
-3.32473e-08
0
0
0
0
0
0
0
0
0
0
0
0
0
0
0
0
0
0
0
0
0
0
0
0
0
0
0
0
0
2.94218e-15
3.63622e-08
0
0
0
0
0
-3.33358e-13
1.6935e-08
0
0
0
0
0
3.34448e-08
0
0
0
0
1.27847e-08
0
0
0
0
1.9769e-13
1.5318e-13
2.70016e-08
0
1.16761e-16
2.37947e-16
0
0
0
0
0
-1.62629e-14
8.89985e-14
0
0
2.93798e-16
-6.57038e-10
0
0
0
0
0
0
0
0
0
0
0
0
0
0
0
0
0
0
0
0
0
0
1.32404e-13
-5.23254e-08
0
0
0
0
-3.50096e-08
0
0
0
0
0
0
0
0
0
0
0
0
-5.3739e-08
0
0
0
-8.63051e-12
7.11708e-13
0
8.63637e-33
0
0
0
0
0
0
0
0
0
0
0
0
2.33503e-16
0
0
0
0
0
0
0
0
0
0
0
0
0
0
4.22516e-13
3.19566e-13
1.50976e-15
1.66692e-16
0
0
0
0
0
0
0
0
0
0
0
0
0
0
1.63122e-13
0
-6.0973e-16
3.97422e-16
0
0
0
0
0
0
0
0
0
0
0
0
0
0
0
0
0
0
0
1.02013e-16
5.73234e-16
0
0
0
0
0
0
0
0
0
0
0
0
0
0
0
0
0
0
0
0
2.13504e-13
0
0
0
-3.63499e-13
-1.32371e-16
-3.10292e-13
0
0
0
0
0
0
0
0
0
0
0
0
0
0
0
-4.21648e-13
0
-2.92232e-16
0
0
0
0
0
0
0
0
0
0
0
0
0
0
-8.01894e-16
0
0
0
0
4.08999e-13
4.56159e-13
0
0
-2.49285e-16
0
0
0
0
0
0
0
0
0
0
0
0
0
0
0
3.69738e-16
0
0
0
0
0
0
0
0
0
0
0
0
0
0
0
0
-3.46155e-08
0
0
0
0
0
0
-1.05734e-17
6.05058e-16
0
0
0
0
0
0
0
0
0
0
0
0
0
0
0
0
0
6.1242e-08
0
0
0
0
0
0
0
0
0
0
0
0
0
0
0
0
0
0
0
0
0
0
0
0
0
0
0
0
0
0
-4.45873e-15
0
0
9.3192e-16
0
0
0
-2.9956e-13
0
0
0
0
0
0
0
-1.70646e-16
0
0
0
0
0
0
0
0
0
0
8.34539e-16
-1.93199e-16
0
0
-1.96763e-08
0
0
0
0
0
0
0
0
0
0
0
0
0
0
0
0
0
0
0
0
0
0
0
0
0
2.23005e-16
0
0
0
0
-2.10904e-13
0
-1.44093e-13
0
0
0
0
0
0
1.5388e-13
0
0
0
0
0
0
0
-3.66554e-13
0
0
0
0
0
0
0
0
0
0
0
0
0
-4.27985e-16
0
1.47376e-16
7.34556e-17
0
0
0
0
1.45193e-12
0
0
0
6.88395e-16
0
0
0
0
0
0
0
6.93121e-16
0
0
0
0
0
0
0
0
0
0
0
0
0
0
0
0
0
0
0
0
0
0
0
0
0
0
0
0
0
0
0
0
0
1.05444e-12
-1.57997e-08
0
0
0
0
-2.03897e-13
0
0
0
0
0
0
0
0
0
0
0
0
0
0
0
0
1.09404e-13
1.28586e-13
0
0
1.34912e-16
0
0
0
0
0
0
0
0
0
0
0
0
0
0
0
0
0
0
0
0
0
0
0
0
0
0
0
0
0
-4.28898e-17
0
0
0
0
0
0
0
0
0
0
0
0
0
0
0
0
0
0
0
2.11326e-15
0
0
0
0
6.07074e-14
0
0
0
0
0
0
0
-2.05706e-15
0
0
0
0
0
0
0
0
1.22169e-15
0
0
0
0
0
0
0
-2.55399e-13
-7.77652e-12
0
0
0
0
0
0
0
0
0
0
0
0
0
0
0
-2.54529e-13
0
0
0
0
1.47715e-16
-4.33573e-16
0
0
0
0
0
0
0
0
0
0
0
0
0
-1.51946e-15
0
2.36928e-13
0
-2.48176e-13
0
0
0
0
0
0
0
0
0
0
0
0
0
0
-4.95077e-13
0
0
0
0
0
0
0
0
0
0
0
0
0
0
0
0
-3.38855e-13
1.95626e-13
0
2.46727e-16
0
0
0
0
0
0
0
0
0
0
0
0
0
0
0
0
-2.62188e-16
0
0
0
0
3.06818e-13
0
0
0
0
0
0
0
0
0
0
0
0
0
0
0
0
0
0
0
0
-5.03987e-08
0
0
0
0
0
0
0
0
0
0
0
0
0
0
0
0
0
0
0
0
0
0
0
0
0
0
0
2.35967e-16
0
0
0
0
0
0
0
0
0
0
0
0
0
0
0
0
0
0
0
0
0
0
0
0
4.81626e-16
0
0
0
0
0
3.42889e-13
0
0
0
1.01775e-16
-3.09308e-13
0
0
0
0
0
0
0
-1.65078e-16
0
0
0
1.14623e-15
0
0
0
0
-2.27583e-15
0
0
0
0
0
0
0
0
0
0
0
0
0
0
0
0
0
0
0
0
0
0
0
0
0
0
0
0
0
0
-1.92488e-13
0
0
0
0
0
0
0
0
0
0
0
2.51173e-13
0
0
0
0
0
0
0
0
0
0
0
2.69203e-16
0
0
0
2.44066e-13
0
0
0
0
0
0
0
0
0
0
0
0
0
0
0
0
0
0
0
0
0
0
-2.55494e-13
0
0
0
0
0
0
0
0
1.60698e-13
0
-2.29574e-13
0
0
0
0
0
0
0
0
0
0
0
0
0
0
0
-3.25165e-16
0
0
0
0
0
0
0
0
0
3.00979e-13
0
0
0
0
0
0
0
0
3.62393e-13
0
0
0
0
0
0
0
0
0
0
0
0
0
0
0
0
0
0
0
0
0
0
0
0
0
0
0
6.57257e-13
0
0
0
0
0
0
0
0
0
0
0
0
0
0
0
0
0
0
0
9.98001e-17
0
0
-1.08364e-15
0
0
-6.73945e-16
0
0
0
0
0
0
0
0
0
0
0
0
0
0
0
2.34311e-13
0
0
0
0
0
0
0
0
-8.39161e-13
0
0
0
0
0
-3.23653e-13
2.3833e-16
-2.52624e-13
0
0
0
0
0
0
0
0
0
0
0
0
0
0
0
0
0
0
0
0
0
0
0
0
0
0
0
-4.41935e-13
0
8.87627e-14
0
0
0
0
0
0
2.05059e-13
-2.19565e-13
0
0
0
0
2.83296e-13
0
-3.21938e-13
0
0
0
0
0
0
0
0
0
0
0
-4.73251e-17
0
0
0
0
0
-2.05094e-13
-9.85345e-16
0
0
0
0
0
2.48397e-16
0
0
0
0
2.00946e-15
0
0
0
0
0
0
0
0
0
0
0
0
0
0
0
0
0
-3.62664e-13
0
0
0
0
0
0
0
0
3.3875e-13
0
0
0
0
0
0
0
0
0
0
0
-1.48556e-13
6.23609e-16
-1.18627e-16
4.38663e-16
0
0
0
0
0
0
0
0
0
0
0
0
-3.76287e-13
0
0
0
0
0
0
0
0
0
0
0
0
0
0
0
0
0
0
0
0
0
0
0
0
0
0
0
0
0
0
0
0
0
0
0
0
0
0
0
0
0
0
-3.0966e-08
0
0
2.49494e-16
0
0
0
0
0
0
0
0
0
0
0
0
0
0
0
4.18393e-16
0
1.57002e-13
0
0
0
0
0
0
0
0
0
0
0
0
0
0
0
0
0
0
0
0
0
0
0
0
3.80092e-13
3.12327e-13
0
-3.37065e-13
-2.58187e-16
0
0
0
0
0
0
0
0
0
0
0
0
0
0
0
0
0
0
0
0
0
0
0
0
0
0
0
-2.79913e-13
0
0
0
0
2.59162e-13
0
0
0
0
0
0
0
0
0
0
0
0
0
0
0
0
0
0
0
0
0
2.66233e-08
3.52197e-15
0
0
0
0
0
0
0
0
0
0
0
-6.00902e-16
0
0
0
0
8.68021e-14
-1.13526e-15
-5.52188e-31
0
0
0
0
0
0
0
0
0
0
2.16232e-18
2.7958e-13
0
0
0
0
0
0
0
0
0
0
0
0
0
-1.30786e-15
-3.51435e-13
0
0
0
0
0
0
0
0
0
0
3.35886e-13
0
0
0
0
0
0
0
0
0
0
0
0
-2.20929e-13
0
0
0
0
0
0
0
-1.41939e-15
0
0
0
0
-2.74013e-13
0
0
2.345e-13
0
0
0
0
0
-4.04329e-13
-5.91688e-17
0
0
0
0
0
0
0
0
0
0
0
1.91169e-13
0
3.75647e-15
0
0
0
0
0
0
0
0
0
1.09209e-15
0
0
0
0
0
0
0
0
0
-3.73091e-16
0
0
0
0
0
0
-2.5622e-16
0
0
0
0
0
0
0
0
-2.91731e-16
0
-6.76638e-17
)
;

boundaryField
{
    frontback
    {
        type            empty;
        value           nonuniform List<scalar> 0();
    }
    topbottom
    {
        type            calculated;
        value           uniform 0;
    }
    outlet
    {
        type            calculated;
        value           nonuniform List<scalar> 0();
    }
    inlet
    {
        type            calculated;
        value           uniform 0;
    }
    walls
    {
        type            calculated;
        value           nonuniform List<scalar> 
135
(
-1.36085e-07
-6.48631e-08
-1.1828e-07
1.03018e-07
-1.28454e-07
-6.74068e-08
-1.10649e-07
4.19702e-08
-1.61522e-07
-1.7424e-07
3.17956e-08
4.45139e-08
-4.70575e-08
-3.43393e-08
-9.28433e-08
-1.38629e-07
-1.51347e-07
-1.25911e-07
-1.15736e-07
-5.72321e-08
-1.97133e-07
-1.84415e-07
-1.03018e-07
-6.99504e-08
-2.41647e-08
-8.26687e-08
-1.14464e-08
-1.27183e-09
8.90278e-09
2.1621e-08
5.46885e-08
6.74068e-08
7.75814e-08
9.02996e-08
1.00474e-07
1.13192e-07
1.23367e-07
2.9252e-08
9.79306e-08
5.72321e-08
7.50377e-08
6.99504e-08
1.20823e-07
8.0125e-08
5.21448e-08
4.70575e-08
3.43393e-08
1.90774e-08
6.35913e-09
1.27183e-09
6.48631e-08
-2.67083e-08
-8.90278e-09
-3.81548e-09
1.14464e-08
-4.96012e-08
-1.39901e-08
-3.68829e-08
-5.97758e-08
-7.24941e-08
2.67083e-08
9.53869e-08
5.97758e-08
7.24941e-08
8.52123e-08
-9.02996e-08
1.05562e-07
1.1828e-07
4.96012e-08
-1.00474e-07
-9.53869e-08
3.68829e-08
1.30998e-07
1.65337e-08
3.81548e-09
-2.9252e-08
-6.35913e-09
-8.0125e-08
-1.05562e-07
-5.21448e-08
-1.65337e-08
-7.75814e-08
-3.94266e-08
-6.23195e-08
-7.50377e-08
-1.48804e-07
-8.7756e-08
-9.79306e-08
-1.58978e-07
-1.53891e-07
-1.08105e-07
-1.64065e-07
-1.20823e-07
-1.81871e-07
-1.30998e-07
-1.86958e-07
6.23195e-08
-1.4626e-07
-1.94589e-07
-1.56435e-07
-1.66609e-07
-1.92046e-07
-1.79327e-07
-1.99677e-07
-1.89502e-07
-4.45139e-08
-1.71696e-07
-5.46885e-08
-1.41173e-07
-2.0222e-07
1.15736e-07
3.94266e-08
2.41647e-08
-3.17956e-08
-1.23367e-07
-1.90774e-08
-1.13192e-07
1.33542e-07
1.10649e-07
-4.19702e-08
9.28433e-08
1.08105e-07
1.39901e-08
-8.52123e-08
-1.69153e-07
8.26687e-08
-2.1621e-08
-1.43716e-07
-1.33542e-07
1.28454e-07
8.7756e-08
2.41647e-08
-1.76784e-07
1.25911e-07
2.1621e-08
)
;
    }
    procBoundary0to1
    {
        type            processor;
        value           nonuniform List<scalar> 
104
(
0
0
0
0
0
0
0
0
5.43491e-13
0
0
0
0
0
0
0
0
0
0
0
0
0
0
0
0
0
0
0
0
0
0
0
0
0
0
0
0
0
0
0
0
0
0
0
0
0
0
0
9.19649e-16
0
-1.17205e-15
0
0
0
0
6.79769e-16
0
0
0
0
0
0
0
0
0
0
0
-2.3622e-12
0
0
0
0
0
0
0
0
0
0
0
0
0
0
0
0
0
0
0
0
0
0
0
0
0
0
0
2.04873e-16
0
0
0
-3.45504e-08
0
0
0
0
)
;
    }
    procBoundary0to2
    {
        type            processor;
        value           nonuniform List<scalar> 
83
(
0
0
1.60938e-15
0
-4.44062e-16
-1.75911e-12
0
0
-1.28354e-15
0
1.28152e-16
0
0
0
0
0
0
-9.83164e-16
-2.11714e-16
0
0
0
0
-3.91312e-15
0
7.46151e-16
0
1.08083e-15
0
0
0
0
1.04888e-14
0
0
0
1.61237e-15
0
0
0
0
0
0
-9.63818e-16
0
0
0
0
0
0
0
0
0
0
0
0
0
7.74522e-16
5.97854e-16
3.38433e-16
-2.56091e-16
0
-7.17058e-08
1.03345e-14
0
0
0
0
2.30901e-16
0
0
0
0
0
-3.54018e-16
-8.52247e-16
0
0
0
0
-6.76774e-15
0
0
)
;
    }
}


// ************************************************************************* //
