/*--------------------------------*- C++ -*----------------------------------*\
| =========                 |                                                 |
| \\      /  F ield         | OpenFOAM: The Open Source CFD Toolbox           |
|  \\    /   O peration     | Version:  v2012                                 |
|   \\  /    A nd           | Website:  www.openfoam.com                      |
|    \\/     M anipulation  |                                                 |
\*---------------------------------------------------------------------------*/
FoamFile
{
    version     2.0;
    format      ascii;
    class       surfaceScalarField;
    location    "600";
    object      meshPhi;
}
// * * * * * * * * * * * * * * * * * * * * * * * * * * * * * * * * * * * * * //

dimensions      [0 3 -1 0 0 0 0];
oriented        oriented;


internalField   nonuniform List<scalar> 
20537
(
0
0
0
2.92375e-16
-4.7166e-16
-2.77083e-17
0
0
0
0
0
0
0
0
0
2.59586e-14
0
5.82769e-16
0
0
0
0
0
0
0
0
0
0
0
0
0
0
0
2.7517e-15
0
9.9078e-17
0
0
0
0
0
0
0
0
0
0
0
0
0
0
0
0
0
0
0
-2.49763e-16
5.48457e-16
0
0
0
0
0
0
0
0
0
0
0
0
0
0
0
0
0
0
0
-4.19299e-08
2.01392e-12
0
0
0
0
0
-1.86672e-15
0
0
0
1.98148e-15
1.7254e-15
0
0
0
0
0
0
0
0
0
0
0
-1.39673e-15
0
6.54609e-16
0
0
0
0
0
0
0
0
0
0
-1.80031e-12
-8.40122e-18
-1.65524e-12
0
0
0
0
0
-4.70842e-17
2.78116e-17
7.70906e-17
0
0
0
0
0
0
0
0
0
0
0
0
0
0
0
0
0
0
-9.73768e-13
-2.38844e-12
0
0
0
0
0
0
0
0
0
0
0
0
0
0
0
0
0
0
0
0
3.20306e-16
0
0
0
0
0
0
0
0
0
0
0
0
0
0
0
0
0
0
0
0
0
0
0
0
8.07927e-13
-2.90252e-14
-1.34515e-12
0
0
0
0
-1.04181e-14
0
0
0
0
0
0
0
0
0
0
-1.07737e-12
-8.19602e-17
-4.32922e-13
0
0
0
5.13947e-14
-9.79496e-13
0
0
0
0
0
0
0
0
0
2.67576e-15
3.46909e-17
0
0
0
6.73371e-15
0
0
0
0
0
0
0
0
0
0
0
0
0
0
0
0
0
0
0
0
0
0
0
0
0
0
0
0
0
0
0
0
0
0
0
0
-1.22482e-15
-3.79898e-16
0
0
0
0
0
0
0
0
0
0
0
0
3.27413e-14
-2.71601e-14
0
4.82247e-17
0
-1.40829e-15
0
0
0
0
0
0
0
0
0
0
0
0
0
0
0
0
0
0
0
-8.60843e-15
0
-1.80272e-15
0
0
0
0
0
0
0
0
0
1.11622e-12
-5.81354e-12
0
0
0
0
2.13747e-15
0
0
0
0
0
-2.22337e-14
2.11705e-14
0
0
0
0
0
0
0
0
0
0
0
0
0
1.18877e-14
0
0
0
0
0
0
0
0
0
0
0
0
0
0
0
0
0
0
-1.65363e-15
0
0
0
0
0
0
0
0
0
0
0
0
0
0
0
0
0
0
0
0
0
0
0
0
0
0
0
0
0
0
0
0
0
0
0
0
0
0
0
0
0
0
0
0
0
0
0
0
0
0
0
0
0
0
0
0
0
0
0
0
0
0
0
0
0
0
0
0
0
0
0
0
-2.14996e-12
7.70781e-14
0
0
0
0
0
0
0
0
0
0
0
0
0
0
0
0
0
0
0
0
0
0
0
0
0
0
0
0
0
0
0
0
0
0
0
0
0
0
0
0
0
0
0
0
0
0
0
0
0
0
0
0
0
0
0
0
0
0
0
0
0
0
-2.40786e-15
0
2.82084e-14
0
0
0
0
0
0
0
1.07063e-16
2.57488e-15
0
0
0
0
0
0
0
0
0
0
0
5.9572e-16
0
-2.32203e-15
0
0
0
0
0
0
0
0
0
0
0
0
0
0
0
4.71363e-16
-1.03304e-16
0
0
0
0
0
0
0
0
0
0
0
0
0
-2.68483e-17
0
0
0
0
0
0
0
0
0
0
0
0
0
0
0
0
0
0
0
0
0
0
0
0
0
0
1.6976e-15
0
9.62409e-16
0
0
5.18633e-15
1.61673e-16
0
0
0
0
0
0
0
0
0
0
0
0
1.46834e-15
8.29024e-17
0
0
0
0
0
0
-7.6222e-15
0
0
0
0
0
0
0
0
0
0
0
0
0
0
0
0
0
0
0
0
0
0
0
0
0
0
0
0
0
0
0
0
0
0
0
0
0
0
0
0
0
0
0
0
3.16888e-12
2.42751e-08
4.7966e-08
0
0
0
0
0
0
0
0
0
0
0
0
0
0
0
0
0
0
0
0
0
0
0
0
0
0
0
0
0
0
0
0
0
0
0
0
0
0
0
0
0
0
0
0
0
0
0
0
0
0
0
0
0
0
0
0
0
0
0
0
0
0
0
0
0
0
0
0
0
0
0
0
0
0
0
0
0
0
0
0
0
0
-5.35341e-15
-1.7306e-15
0
0
0
0
0
0
0
1.12562e-16
0
0
0
0
0
0
0
0
0
0
0
0
0
0
0
0
0
1.59103e-29
0
0
0
0
0
0
0
0
0
0
0
0
3.61681e-17
2.44585e-17
0
0
0
0
0
0
0
0
0
0
0
0
0
0
0
0
0
0
0
0
0
0
0
0
0
0
0
0
0
2.51693e-13
2.35553e-12
0
0
0
0
0
0
0
0
0
0
0
0
0
0
0
0
0
0
0
0
0
0
0
0
0
0
0
0
0
0
0
0
0
0
0
0
0
0
0
0
0
0
0
0
2.09231e-15
0
-1.79183e-15
0
0
0
2.55227e-15
0
0
0
2.56284e-14
0
-3.27464e-17
0
0
0
0
0
0
0
0
0
0
0
0
0
0
0
9.51259e-15
-2.53725e-15
-5.72921e-17
0
0
0
1.0991e-16
2.99957e-14
0
0
0
0
0
0
0
0
0
0
0
0
0
0
0
0
0
0
0
0
0
0
0
0
-3.36654e-17
5.03047e-31
1.06612e-14
0
-3.58941e-15
2.01226e-14
-6.54825e-18
0
0
0
0
0
0
0
0
0
-1.80218e-14
2.19401e-16
0
0
0
0
0
0
0
0
1.8938e-15
0
1.41589e-15
0
-2.48599e-31
-2.05114e-15
0
0
0
0
0
0
0
6.93803e-14
1.96512e-14
0
0
0
0
0
0
0
0
0
0
0
0
0
0
1.96688e-15
-4.9563e-16
0
0
0
0
0
0
0
0
0
0
0
0
0
0
-5.48216e-14
-3.0161e-13
0
0
0
-4.41721e-16
0
0
0
0
0
0
0
0
0
0
0
0
0
0
0
0
0
0
0
0
0
0
0
0
0
0
0
0
0
0
0
0
0
0
0
5.36892e-16
0
0
0
0
0
0
0
0
0
0
-8.35072e-15
8.36862e-15
0
0
0
0
0
0
0
0
0
0
0
0
0
0
0
0
0
0
0
-3.56254e-13
0
0
0
0
0
0
0
0
0
0
0
0
0
0
0
0
0
0
0
-1.89197e-15
0
3.10868e-15
0
0
0
0
0
0
0
0
0
0
0
0
0
0
0
0
0
0
0
0
0
0
0
0
0
0
0
0
0
0
0
0
1.27847e-16
-2.93734e-15
-1.28732e-15
0
0
0
0
1.72353e-17
0
-3.41083e-17
0
0
0
0
1.6299e-14
-2.8245e-16
0
0
0
0
0
0
0
0
0
0
0
0
0
0
0
0
0
0
0
0
0
0
0
0
0
0
0
0
0
0
0
0
0
0
0
0
0
0
0
0
0
0
0
0
2.63239e-14
2.09605e-15
0
0
0
0
-1.15747e-16
6.10104e-17
0
0
0
0
0
0
0
0
0
0
0
0
1.17747e-15
0
0
0
0
0
0
0
0
0
0
0
0
0
0
0
0
0
0
0
1.70478e-12
-5.33208e-12
0
0
0
0
0
0
0
0
0
0
-6.83556e-16
3.64745e-15
0
-3.93372e-17
1.53527e-16
0
0
0
0
0
0
0
0
0
0
0
0
0
0
0
0
0
0
0
0
0
0
0
0
0
0
0
0
0
0
-3.76662e-16
2.52254e-16
0
0
0
0
0
0
0
0
0
-3.62593e-16
7.46062e-14
0
0
0
0
0
1.96114e-17
-1.68288e-17
-6.71686e-17
1.03948e-16
-1.20476e-15
0
0
0
3.33867e-17
9.2211e-17
0
0
0
0
0
-3.31966e-16
0
0
0
0
0
0
0
0
0
0
0
0
0
0
0
0
0
0
0
0
0
0
0
0
0
0
0
0
0
0
0
0
0
0
5.63997e-15
4.127e-16
0
0
0
0
-1.86055e-17
0
0
0
0
0
0
0
0
0
0
0
0
0
0
0
0
-1.90071e-15
0
0
0
0
0
0
0
0
0
0
0
0
0
0
6.64511e-16
-3.57587e-16
-1.67707e-15
0
0
0
0
0
0
0
3.85852e-16
0
-1.78982e-16
0
0
0
-8.75686e-17
-1.01216e-16
0
0
0
0
0
0
0
0
0
0
0
0
0
0
0
0
0
0
0
0
0
0
0
0
0
0
0
0
0
0
3.33124e-15
-1.80103e-15
0
0
0
0
0
0
0
0
0
0
0
0
-8.48526e-16
0
0
0
7.2188e-16
1.63864e-15
-9.54856e-17
5.35475e-16
0
0
0
-6.15472e-13
-3.47223e-13
0
0
0
0
0
0
0
0
0
0
0
0
0
0
0
0
0
0
0
0
0
0
0
0
0
0
0
0
0
0
0
0
0
0
0
0
0
0
0
0
0
0
0
0
0
0
0
0
0
0
0
0
-4.02437e-30
0
0
0
0
0
0
0
0
0
0
0
0
0
0
0
0
0
0
0
-6.65254e-17
-1.19387e-15
0
0
0
0
0
0
0
0
0
0
0
0
0
0
0
0
-8.17972e-17
-6.14062e-17
-2.73479e-16
0
0
0
0
0
0
0
0
0
0
0
0
0
0
0
0
0
0
0
0
0
0
4.30414e-16
-3.48731e-16
0
0
0
-1.48283e-16
0
0
0
0
0
0
0
0
0
0
0
0
0
0
0
0
0
0
0
0
0
0
0
0
0
0
0
0
0
0
0
0
6.24138e-15
-8.99957e-17
0
0
0
0
0
0
0
0
0
0
0
-3.06512e-17
1.2223e-16
0
0
0
0
0
-8.72185e-17
1.83041e-16
0
0
0
0
0
0
2.28637e-15
-7.03919e-15
0
0
0
0
0
0
4.81255e-17
0
1.36398e-16
0
0
0
0
0
0
0
0
0
0
0
0
0
0
0
0
0
0
0
0
2.89722e-16
-2.16643e-15
0
0
0
0
0
0
0
0
0
-1.65524e-15
0
0
0
0
0
0
0
0
0
0
0
0
0
0
3.2387e-16
0
0
0
0
0
0
0
0
0
0
0
0
0
0
0
0
0
0
3.9097e-17
-4.11241e-17
0
0
0
0
0
0
0
0
-8.81798e-17
-2.33972e-13
-2.34278e-13
1.78673e-12
-5.62572e-12
1.05318e-12
0
0
0
0
0
0
0
0
0
0
0
0
0
0
5.42661e-15
0
0
0
0
0
0
0
0
0
0
0
0
0
0
0
0
0
0
0
-3.59521e-17
-1.14709e-15
0
0
0
0
0
0
0
0
0
0
0
0
0
0
0
0
0
0
0
0
0
0
0
0
0
0
0
0
0
0
0
-2.09267e-14
-2.19145e-14
-9.59423e-17
0
0
0
0
0
0
0
0
0
0
-1.04232e-16
-2.99932e-15
0
0
0
0
0
0
0
0
0
0
0
0
0
0
0
0
0
0
0
0
0
-7.10747e-16
-1.52788e-17
0
0
0
0
0
0
0
0
0
0
0
0
0
0
0
0
0
0
0
0
0
0
0
0
0
0
0
0
0
0
0
0
0
0
0
0
0
0
0
-5.98264e-15
5.2046e-17
-2.12152e-15
0
0
0
-3.28464e-14
5.59581e-17
0
6.50612e-17
0
0
1.51958e-15
-2.65752e-16
0
0
0
0
0
0
0
0
0
0
0
0
0
0
0
0
0
0
0
0
0
0
0
0
0
0
0
0
0
0
0
0
-5.8079e-17
-2.73904e-12
3.31573e-13
0
0
0
0
0
-1.04881e-15
3.08135e-15
-2.79662e-16
6.87468e-15
0
0
0
0
0
0
1.75115e-17
-1.25707e-12
0
0
0
0
0
0
0
0
0
0
0
0
0
0
0
0
0
0
0
0
0
0
0
0
0
0
-2.25348e-13
0
0
0
-1.99641e-17
-3.73812e-17
-6.47378e-16
1.20871e-16
1.10047e-16
-8.20618e-16
0
0
0
0
0
0
0
0
0
0
0
7.22467e-15
-1.69023e-15
0
0
0
0
0
0
0
0
0
0
0
0
0
0
0
0
0
0
0
0
0
0
0
0
0
0
0
0
0
0
0
0
0
0
0
-1.70203e-13
3.02393e-14
0
0
0
0
0
0
0
0
0
0
6.67432e-17
5.00122e-31
0
0
0
0
0
0
0
-3.86569e-17
6.49152e-16
0
0
-3.91129e-16
2.6406e-14
-1.71766e-16
1.31424e-16
0
0
0
0
0
0
0
0
0
0
-7.08762e-17
4.44536e-16
2.56848e-15
0
0
0
0
0
9.94394e-31
-8.25221e-15
-7.92149e-15
0
0
0
0
0
0
0
0
0
0
0
5.29426e-17
1.06842e-15
-5.75706e-17
0
0
0
0
0
0
0
0
0
0
0
5.17982e-15
8.16175e-14
0
0
0
0
0
0
0
0
0
0
0
0
5.84062e-14
1.4683e-13
0
0
0
0
0
1.19097e-16
0
0
0
0
0
0
0
0
0
0
0
0
0
0
4.22921e-16
0
-3.26419e-16
0
0
0
0
0
0
0
0
-1.66915e-12
0
-1.2634e-12
0
0
-4.05229e-16
0
0
0
0
0
0
0
0
0
0
0
-8.78044e-13
0
0
0
0
0
0
0
0
1.66347e-15
-2.46914e-12
2.07105e-13
0
0
0
0
0
0
0
0
0
5.31495e-17
0
0
0
0
-3.99777e-17
0
0
0
0
-2.22655e-16
0
0
0
0
0
0
0
0
0
0
0
0
0
0
0
0
0
0
0
0
0
0
-1.54512e-17
2.76687e-17
0
0
0
1.84642e-15
-2.04423e-15
0
0
0
0
0
0
0
0
0
0
0
0
0
0
0
0
0
0
0
0
0
-4.85326e-16
0
0
0
0
0
0
0
0
0
0
0
0
0
0
0
0
0
0
0
0
0
0
0
0
0
0
0
0
0
0
0
0
8.45448e-17
-7.16206e-17
0
0
0
0
0
0
0
0
0
0
0
0
0
0
0
0
0
0
0
0
0
0
0
0
0
0
-3.41915e-14
0
0
0
0
0
0
0
0
0
0
0
-3.1347e-17
-8.29821e-18
0
0
0
0
0
0
0
0
0
0
0
0
0
0
0
0
0
0
0
0
0
0
0
0
0
0
0
0
0
0
0
-4.01373e-16
0
0
0
0
0
0
0
0
0
0
0
0
0
0
0
0
0
0
0
0
0
0
0
0
0
0
0
0
0
0
0
0
0
0
0
0
0
0
0
0
0
0
0
0
0
0
0
0
0
0
0
0
0
0
0
0
0
0
0
0
0
0
0
0
0
0
0
0
-4.50313e-13
-5.25175e-13
-1.24857e-16
0
0
0
0
0
0
0
0
0
0
0
0
0
0
0
0
0
0
0
0
0
0
0
-1.22873e-14
9.47881e-15
0
0
0
0
0
0
0
0
0
0
-5.41053e-15
-1.35768e-16
-1.12126e-15
0
0
0
0
0
0
0
0
0
0
0
0
7.11713e-17
-4.98467e-16
0
-3.71346e-17
1.05782e-16
0
0
0
0
0
0
0
0
0
0
0
0
0
0
0
0
0
0
0
0
0
0
0
0
0
0
0
0
0
0
0
0
0
0
0
0
0
0
-7.45849e-17
7.15417e-17
-8.59388e-15
7.59717e-17
-2.58012e-16
9.54215e-17
0
0
0
0
0
0
0
0
1.26762e-16
0
-4.5209e-16
0
0
0
0
0
0
1.15568e-17
-5.34063e-17
4.86953e-15
1.98393e-15
0
0
0
0
0
0
0
0
0
0
0
0
0
0
0
0
0
0
0
0
0
0
0
0
0
0
0
0
0
0
0
0
0
0
0
0
1.53785e-17
-2.09654e-12
-7.23461e-14
0
1.03736e-15
0
0
0
0
0
0
0
0
0
0
0
0
0
0
0
0
0
0
0
0
0
0
0
0
0
0
0
0
0
0
0
0
0
-4.10042e-13
0
-3.14218e-13
0
0
4.6459e-17
-2.27444e-17
-4.95095e-17
0
0
0
0
0
0
2.09288e-16
3.3666e-17
0
0
0
0
0
0
0
0
2.56512e-15
3.4168e-16
-2.87637e-15
0
0
0
-1.48711e-17
0
0
0
0
0
0
0
0
0
0
0
0
0
0
0
0
0
0
-3.95226e-12
3.54692e-13
0
0
0
0
0
0
0
0
0
0
0
0
0
0
-1.0156e-15
0
0
0
0
0
-3.9597e-16
0
0
0
0
0
-8.08074e-16
-2.74112e-17
5.75997e-17
0
0
0
0
0
0
0
1.06195e-15
0
0
0
0
0
0
0
0
0
0
0
0
0
0
0
0
0
0
0
0
0
-4.53594e-13
0
0
0
0
0
0
0
0
0
0
0
0
0
-2.01867e-16
0
-1.5309e-17
0
0
0
0
0
0
0
0
0
0
0
0
0
9.24034e-16
0
0
0
0
0
0
0
0
-2.13477e-15
0
0
0
0
0
0
0
0
0
0
0
0
0
0
0
0
0
0
0
0
3.24325e-15
2.73092e-16
0
0
0
0
0
0
0
0
0
0
0
-1.14519e-16
-8.36737e-17
0
0
-1.0848e-14
0
0
0
0
0
0
0
0
0
0
0
0
0
0
0
0
0
3.68392e-15
-6.48964e-16
0
0
0
0
0
7.47988e-16
0
1.20196e-16
0
0
0
0
0
0
0
0
0
0
0
0
0
0
0
0
0
0
0
0
0
0
0
0
0
1.84825e-17
2.69931e-17
0
0
0
0
0
0
0
0
0
0
0
0
0
0
0
-1.30466e-16
0
0
0
0
8.55599e-16
2.54284e-16
-8.06645e-15
0
0
0
0
0
0
0
0
0
0
0
0
0
0
0
0
0
0
0
0
0
0
0
0
0
0
0
0
0
0
0
0
0
1.81831e-14
1.29559e-14
0
0
0
0
0
0
0
0
0
0
0
0
0
0
0
0
0
0
0
0
0
0
0
0
0
0
0
0
0
0
0
0
0
0
0
0
0
0
0
0
0
0
0
0
0
0
0
0
0
0
6.24986e-15
0
0
0
0
0
0
0
0
0
0
0
0
0
0
0
0
0
0
0
0
0
0
0
0
0
0
0
0
0
0
0
0
0
0
0
0
0
0
0
0
0
0
0
0
0
0
0
0
0
0
0
2.89935e-17
-3.12112e-16
0
0
0
0
0
0
0
0
0
0
0
0
0
0
0
-7.32522e-17
0
0
0
0
0
0
0
0
2.17861e-16
-1.98879e-30
0
0
0
0
0
0
0
0
0
0
0
0
0
0
0
0
0
0
0
0
0
0
0
0
0
-1.55446e-17
1.14798e-16
-8.62736e-18
0
0
0
0
0
0
0
0
0
0
0
0
0
0
0
0
0
-1.07938e-16
-4.58354e-15
-4.70132e-16
0
0
0
0
0
0
0
0
0
0
0
0
0
0
0
0
0
0
0
0
0
0
0
0
0
0
0
0
0
0
0
0
0
0
0
0
0
0
0
0
2.07389e-17
9.8529e-17
-1.43755e-15
6.90019e-18
3.01403e-17
0
0
0
0
-1.38787e-16
5.80767e-16
0
0
0
0
0
0
0
0
0
0
0
0
0
0
0
0
0
0
0
0
0
4.05759e-13
-1.75621e-12
0
0
0
0
0
2.00168e-15
4.80776e-17
5.35627e-17
-9.71225e-16
9.79393e-16
0
0
0
0
0
0
0
0
0
0
0
0
0
0
0
0
0
0
0
0
0
0
0
0
0
0
0
0
0
0
0
0
0
0
0
0
0
0
0
0
0
0
0
0
-3.72685e-16
-2.90995e-16
2.20188e-16
4.24476e-16
1.02303e-16
7.13235e-17
0
0
0
0
0
0
0
0
0
0
0
0
0
0
0
0
0
0
0
0
0
0
0
0
0
0
0
0
0
0
0
-8.88557e-13
-1.35436e-16
-3.83246e-13
0
7.77447e-17
2.86277e-17
0
0
0
0
0
0
0
0
0
0
0
0
0
0
0
0
0
0
0
0
0
0
0
0
0
0
0
0
0
0
0
0
0
0
0
0
0
0
0
0
0
0
0
0
0
0
0
0
0
0
0
0
0
0
0
1.09716e-16
-1.36587e-16
0
0
0
0
0
0
0
0
0
0
0
0
0
0
0
0
0
0
0
0
0
0
0
0
0
0
0
0
0
0
0
-7.3501e-17
0
0
7.07066e-15
0
-1.99408e-15
0
0
0
0
0
0
-7.33789e-17
-1.13539e-15
1.21262e-16
-1.15868e-15
0
0
0
0
0
0
0
4.52819e-15
-1.26657e-12
0
0
0
0
0
0
0
0
0
1.59821e-16
-6.76556e-17
0
0
0
0
0
0
0
0
0
0
0
0
0
0
0
0
0
0
0
0
0
0
0
0
1.79981e-17
-6.16677e-17
0
0
0
0
0
0
0
0
0
0
0
0
0
0
0
0
0
0
0
0
0
0
0
-3.72456e-13
-5.1656e-12
0
0
0
0
0
0
0
0
0
0
0
0
0
0
0
0
0
0
0
-5.29961e-15
0
5.00122e-31
-1.03689e-16
6.26134e-17
0
0
0
0
0
0
0
0
0
-1.01723e-16
0
-3.60709e-16
0
0
0
0
0
0
0
0
0
0
-4.12722e-13
-1.64018e-12
-1.79843e-17
0
0
-8.26975e-13
-8.28785e-16
0
0
0
0
-5.92777e-15
0
0
0
0
0
0
0
0
9.38166e-16
0
0
1.02724e-14
-6.62719e-16
0
0
0
0
0
0
0
0
0
0
0
0
0
0
0
0
0
0
0
0
0
0
0
0
0
1.4748e-15
-3.37395e-17
3.72074e-17
0
0
0
0
0
0
0
0
0
0
0
0
0
0
0
0
0
0
0
0
0
0
0
0
0
-4.41438e-16
0
0
0
0
0
0
0
0
0
0
0
0
0
6.19749e-17
0
0
0
0
0
0
0
0
-4.62534e-16
0
0
0
0
-2.47981e-16
-7.70676e-18
0
0
0
0
-1.09846e-15
0
0
0
2.01841e-16
-1.65603e-15
0
0
-1.47183e-16
9.90866e-15
0
0
0
0
0
0
2.25051e-18
-1.35058e-12
0
0
0
0
0
0
0
0
0
0
0
0
0
0
0
0
0
0
0
0
0
3.62947e-16
-7.95166e-17
0
0
-2.3611e-15
-6.51546e-16
0
0
0
0
3.90547e-16
0
0
7.23312e-14
4.94118e-16
0
0
0
0
0
0
0
0
0
0
0
0
-8.41337e-15
0
1.99777e-13
0
0
0
0
0
0
-2.87468e-16
-2.93671e-15
0
0
0
0
0
0
0
0
0
0
0
0
0
0
3.95532e-17
1.24457e-15
0
0
0
0
0
0
0
0
0
0
0
0
0
0
0
0
0
0
0
0
0
0
0
0
0
0
0
0
0
0
0
0
0
0
0
0
0
0
0
0
0
4.49057e-17
0
0
0
0
0
0
0
0
0
0
0
0
0
0
0
0
0
0
0
0
0
0
0
0
0
0
0
0
0
0
0
0
0
0
0
0
0
0
-2.09469e-15
3.57775e-16
-1.95113e-16
0
0
0
0
0
0
0
0
0
0
0
0
0
0
0
0
0
0
0
0
0
0
0
0
0
0
0
0
-1.0863e-15
3.61926e-17
0
0
0
0
0
0
0
0
0
0
0
0
0
0
0
0
0
0
1.22934e-15
-1.24927e-15
0
0
0
0
0
0
0
0
0
0
0
0
0
0
0
0
0
0
0
0
0
0
0
0
0
0
0
-1.70263e-17
0
0
0
-1.13139e-15
-9.83579e-18
-8.792e-17
-1.92361e-15
2.86045e-17
0
0
0
0
0
0
0
0
0
0
0
0
0
0
0
0
0
0
0
0
0
0
0
9.5219e-16
4.97785e-17
-1.95759e-17
0
0
0
0
0
0
0
0
0
0
0
0
0
0
0
0
0
0
0
1.36249e-15
4.8811e-17
0
4.89647e-17
2.84913e-15
0
0
-6.34298e-17
0
2.03117e-15
0
0
0
-4.9866e-31
0
0
0
0
-7.1996e-16
0
0
0
0
0
0
0
0
0
0
0
0
-6.45215e-17
-1.5736e-17
0
0
0
0
0
0
4.8628e-17
-8.88934e-18
2.93649e-17
0
0
0
0
0
0
0
3.57527e-17
0
0
0
0
0
0
0
0
0
0
0
0
0
0
0
0
0
0
0
0
0
0
0
0
0
0
0
1.41442e-16
0
0
0
0
0
0
0
0
-5.05803e-17
-1.21334e-15
-3.80032e-17
0
0
0
0
0
0
0
0
0
0
0
0
0
0
0
0
0
0
0
0
4.27678e-14
-4.92518e-15
0
0
0
0
0
0
0
0
0
0
0
0
0
6.61088e-17
0
0
0
0
0
3.27609e-16
-2.22225e-16
-1.01969e-15
0
0
0
0
-4.62833e-16
0
0
0
0
0
0
0
0
0
0
0
0
0
0
0
0
0
0
0
0
0
0
0
0
0
0
0
0
0
0
0
0
0
0
0
0
-2.36496e-16
1.89643e-15
0
0
0
0
-3.89995e-16
0
0
0
0
0
0
0
-5.54212e-17
0
0
0
0
0
0
0
0
0
0
0
0
0
0
0
0
0
0
0
0
0
0
0
0
0
0
0
0
-1.18549e-15
0
0
0
0
0
0
0
0
1.44359e-17
6.96565e-17
-1.31166e-16
0
0
0
0
0
0
0
0
0
1.85954e-15
0
0
0
0
0
0
0
0
4.12748e-16
0
0
-3.75989e-17
0
0
-2.30605e-13
0
0
0
0
0
0
0
0
0
0
1.96539e-30
0
5.55167e-16
0
0
0
0
0
0
0
0
3.82133e-17
1.47836e-15
4.19801e-17
0
0
0
0
0
0
0
0
0
0
0
0
0
0
0
0
0
-1.31122e-15
3.49348e-18
5.17017e-17
0
0
-2.57566e-16
0
0
0
0
0
0
0
0
0
0
0
0
0
0
0
0
0
0
0
0
0
0
0
0
0
0
0
0
0
0
0
0
0
0
0
0
0
-3.51531e-17
6.8819e-17
0
0
0
0
0
0
0
0
0
0
0
0
0
0
0
0
0
0
0
0
0
0
0
0
0
-1.84194e-15
0
0
0
0
0
0
0
0
0
0
5.95868e-16
0
0
0
0
1.04491e-15
0
0
0
0
0
0
0
0
0
0
0
0
0
0
0
0
0
0
-1.7283e-15
0
0
6.37689e-16
0
-7.92754e-16
8.77779e-16
0
0
0
0
0
0
0
2.22692e-15
0
0
0
0
0
0
0
0
0
0
0
-2.01673e-12
0
0
0
0
0
0
0
0
0
0
0
0
0
0
0
0
0
0
0
0
0
0
0
0
0
0
0
0
0
0
7.805e-17
6.58428e-17
1.81917e-15
3.214e-17
-1.38993e-16
0
0
0
0
0
0
0
5.81749e-16
-6.12603e-16
0
0
0
0
0
0
0
-2.33177e-16
-6.69856e-15
0
0
0
0
7.24858e-15
0
-5.3422e-17
5.42302e-16
0
0
4.90363e-16
0
-7.54052e-17
0
0
0
0
0
0
0
0
0
0
0
0
0
0
0
0
0
-1.75358e-17
1.846e-15
0
1.53295e-15
0
-7.98517e-15
0
0
0
0
0
0
0
0
-1.67725e-15
2.96917e-16
3.46075e-16
2.79709e-16
0
0
0
0
0
0
0
0
0
0
0
0
0
0
0
0
0
0
0
0
0
8.40614e-15
0
0
0
0
0
0
0
0
0
0
0
0
0
0
0
0
0
0
0
0
0
0
0
0
0
5.39418e-16
2.89976e-15
-6.67777e-17
1.71381e-16
0
0
0
7.49797e-17
-4.2078e-17
0
0
0
0
0
0
0
0
0
0
0
0
0
0
0
0
0
-2.76899e-16
8.49735e-16
1.41173e-16
0
0
0
0
0
0
0
0
0
0
-1.46296e-16
1.60157e-16
0
0
0
0
0
0
0
0
0
0
0
7.59698e-14
9.41085e-16
0
2.88436e-15
0
-9.25425e-17
0
0
0
4.97028e-16
0
0
0
0
0
0
0
0
0
0
0
0
0
-3.13375e-16
-1.32322e-15
0
0
0
0
0
0
0
0
0
0
0
0
0
0
0
0
0
0
0
0
0
0
0
0
0
0
0
0
0
0
0
0
0
0
0
0
0
0
0
0
0
0
0
0
0
0
0
0
0
0
0
0
0
0
0
0
0
0
0
0
0
0
0
0
0
0
0
0
0
0
0
1.31564e-16
-3.10241e-17
0
0
0
0
0
0
0
0
0
0
0
0
0
0
-5.41017e-16
-7.81828e-15
-1.17357e-15
0
0
0
0
0
0
0
0
0
0
0
0
0
0
0
0
0
0
0
0
0
0
0
0
0
0
0
0
0
0
0
0
0
3.67418e-17
-4.77628e-13
0
0
0
0
0
0
0
-5.06961e-16
-5.50256e-16
0
0
0
0
0
0
0
0
0
0
0
0
0
0
0
0
0
0
0
0
0
0
0
0
0
0
0
0
0
0
0
0
0
0
2.40754e-15
0
0
0
0
0
0
0
0
0
0
0
0
0
0
0
0
0
0
0
0
0
0
0
0
0
0
0
0
0
0
1.76924e-14
0
0
0
0
0
0
0
0
0
0
0
0
0
-1.96809e-15
6.54389e-16
0
0
0
5.26075e-16
-1.13195e-15
0
0
0
0
0
0
0
0
0
0
0
0
0
0
0
0
0
0
0
0
0
0
0
0
0
0
0
0
0
0
0
0
0
0
0
0
0
0
0
0
0
0
0
0
-6.37517e-17
0
0
0
0
0
0
0
0
0
0
0
0
0
0
0
-1.84621e-13
-1.48105e-13
0
0
0
0
0
0
0
0
0
0
0
0
0
0
0
0
0
0
0
0
0
0
0
0
0
0
0
0
0
0
0
0
0
0
0
0
0
0
0
0
0
0
0
0
0
-3.88858e-13
-5.99175e-13
4.06858e-17
0
0
0
0
0
0
0
0
0
0
0
0
0
0
0
0
0
0
0
0
0
0
0
0
0
-2.32013e-15
6.32149e-17
0
0
0
0
0
0
0
0
0
0
0
0
0
0
0
0
0
0
0
0
0
2.2333e-15
0
0
0
9.12385e-16
-8.02987e-16
0
0
0
-6.52265e-17
-4.9866e-31
0
0
0
0
0
0
0
0
0
0
0
0
0
-1.98879e-15
0
0
0
0
0
0
0
0
0
0
0
-7.49699e-17
0
0
0
0
0
0
0
0
-3.13209e-17
0
0
2.6028e-15
1.29409e-15
0
0
0
0
0
0
0
0
0
0
0
0
0
0
0
8.95387e-17
-6.54761e-17
0
0
0
0
0
0
0
0
0
0
0
5.92384e-15
4.02947e-16
0
0
0
0
0
0
0
0
0
0
0
0
0
0
0
0
0
0
0
0
0
0
0
0
0
0
0
0
0
0
0
-4.27028e-13
0
0
0
0
0
0
0
0
0
0
0
0
0
0
0
0
0
0
0
0
0
0
0
0
0
0
0
0
0
0
0
3.75062e-15
0
0
0
0
0
0
0
0
0
-1.88618e-12
-8.7394e-18
0
1.07827e-16
-3.04619e-17
0
0
0
0
0
0
0
0
0
0
0
0
-3.24219e-17
0
0
0
0
-1.84332e-17
2.86405e-17
1.12581e-16
0
1.8358e-15
1.38989e-16
0
0
0
0
0
0
0
0
0
0
0
0
0
0
0
0
0
0
0
0
0
0
0
0
0
0
-4.4516e-16
7.84592e-16
0
0
0
0
0
0
1.09177e-15
0
0
0
0
0
0
0
0
0
0
0
0
0
0
0
0
0
0
0
0
0
0
0
-5.08532e-17
0
-5.04269e-17
0
0
0
0
0
0
0
2.05658e-15
0
0
0
0
0
0
0
0
0
0
0
0
0
0
0
0
0
-6.26088e-17
1.355e-15
0
0
0
0
0
0
0
0
-1.32739e-15
0
0
0
0
0
0
0
0
0
-1.66357e-16
0
0
0
0
0
0
0
7.17601e-15
0
0
0
0
0
0
0
0
0
0
0
0
0
0
0
0
0
0
0
0
0
0
0
0
0
2.40329e-16
4.24959e-16
0
0
-9.39226e-17
0
0
0
0
-3.91633e-17
0
0
0
0
0
0
0
0
0
0
0
0
0
0
0
0
-3.08509e-16
2.32508e-16
0
0
0
0
0
0
2.83079e-15
0
0
0
0
0
0
0
0
0
0
0
0
0
0
0
0
0
0
0
0
0
0
0
0
0
0
0
0
0
0
0
0
0
0
0
0
0
2.74293e-16
0
0
0
0
0
0
0
0
0
0
0
0
0
0
0
0
0
0
0
1.66378e-16
-2.29357e-16
6.46439e-15
0
0
0
0
0
0
0
0
0
0
-6.45631e-16
0
0
0
0
0
0
0
0
0
0
0
0
0
0
1.56076e-15
-2.50061e-31
-1.47656e-15
0
-4.73937e-16
0
0
0
0
0
0
0
0
0
0
0
0
0
-4.32791e-16
9.30236e-16
0
0
0
0
0
0
0
0
0
0
0
0
0
0
-1.60227e-15
0
0
0
0
0
0
0
0
0
3.00047e-16
-6.67386e-15
-4.981e-16
7.2755e-15
0
0
0
0
0
0
0
0
0
0
0
0
-4.41733e-16
0
0
0
0
0
0
-1.50056e-16
4.25657e-17
0
0
0
0
0
0
0
0
0
2.57336e-15
0
0
0
0
8.0167e-16
0
0
0
0
-2.58914e-15
0
0
0
0
0
0
0
0
0
0
0
0
0
0
0
0
0
0
0
-2.00543e-14
4.40332e-16
0
0
0
-9.84589e-15
0
0
0
0
0
0
0
0
0
0
0
0
0
0
0
0
0
0
0
0
0
0
0
0
0
0
0
0
0
0
0
0
0
0
8.24452e-16
0
0
0
0
0
0
0
0
7.16867e-15
2.48217e-15
0
0
0
0
-1.42734e-14
0
0
0
0
0
0
0
0
0
0
0
0
0
0
0
0
0
0
0
0
0
0
0
0
0
0
0
0
0
0
0
0
0
0
0
5.04725e-17
-4.44127e-16
0
0
0
0
5.31164e-15
0
0
0
0
0
0
0
0
0
0
0
0
0
0
0
0
0
0
0
0
0
0
0
0
0
0
0
0
0
0
0
0
0
0
0
0
0
0
0
0
0
0
0
0
0
0
0
0
0
0
0
0
0
0
0
0
0
0
9.04443e-16
0
0
0
0
0
0
0
0
0
0
0
0
0
0
0
0
0
0
0
0
0
0
0
0
0
0
1.4313e-15
0
0
1.53268e-15
9.38254e-17
0
0
0
0
0
0
0
0
1.10138e-16
2.46077e-16
0
0
0
0
0
0
0
3.16742e-15
-3.1553e-15
0
0
0
0
0
0
0
-5.29934e-17
-1.99823e-16
9.41519e-15
0
0
-4.5578e-17
0
0
0
0
0
0
0
0
0
0
0
0
0
0
0
1.44592e-16
0
0
0
0
0
0
0
0
0
0
0
0
0
0
-8.43564e-14
0
0
-4.91723e-16
0
0
0
0
0
0
0
0
0
0
0
0
0
0
0
0
0
0
0
0
0
0
0
0
0
0
0
0
0
0
0
0
0
0
0
0
0
0
0
0
0
-6.58202e-15
7.1373e-15
0
0
0
0
0
0
0
0
0
0
0
0
0
0
0
0
0
0
0
0
0
0
-5.04301e-17
0
0
2.96147e-15
0
0
0
0
0
-2.65899e-14
-8.78997e-16
0
0
0
0
0
0
0
0
0
0
0
0
0
0
0
0
0
0
0
0
0
0
0
0
0
0
-7.55487e-17
0
0
0
0
0
0
0
0
0
0
0
0
0
0
0
0
0
0
0
0
0
0
0
0
0
0
0
0
0
0
0
0
0
0
0
0
0
0
0
0
0
0
0
0
0
0
0
0
0
0
0
0
0
0
0
0
0
0
0
0
0
0
-1.62036e-16
1.36131e-16
0
0
0
0
0
0
0
0
0
0
0
0
0
0
0
0
0
0
0
0
0
0
0
-2.56482e-15
0
0
0
0
0
0
0
0
0
0
0
0
0
0
0
0
0
0
0
0
0
0
0
-2.48599e-31
1.4714e-15
0
0
0
0
0
0
0
0
0
0
0
0
0
0
0
0
0
0
0
0
1.03955e-16
0
0
0
0
0
0
0
0
0
0
0
0
0
0
0
0
0
0
0
0
0
0
0
0
0
0
0
0
0
2.74886e-17
0
0
0
0
0
0
0
-9.98046e-17
-1.45605e-14
0
0
0
0
0
0
0
0
0
0
0
0
0
3.94638e-30
-1.82999e-15
-2.68644e-17
-1.91698e-16
0
0
0
0
-1.89059e-14
0
2.9806e-14
0
0
0
0
0
0
0
0
0
0
0
0
0
0
0
0
0
0
0
0
0
0
0
0
0
0
0
0
0
0
0
0
0
-2.97152e-17
3.4999e-16
5.34144e-17
8.25202e-15
9.8755e-16
1.53824e-16
0
0
0
0
0
0
0
0
0
0
0
0
0
-1.32494e-16
-5.01886e-15
-1.194e-14
0
0
0
0
0
0
0
0
0
0
1.05834e-16
0
9.95755e-15
0
0
0
0
0
0
0
0
0
0
0
0
0
9.44501e-16
0
0
0
-1.16952e-16
2.59204e-16
-2.72657e-15
0
0
0
0
0
0
-2.81924e-15
0
0
0
0
0
0
0
0
0
0
0
0
0
0
0
0
0
0
0
0
0
0
0
3.82701e-17
0
0
-2.94258e-17
0
0
0
0
0
0
0
0
0
-6.84112e-16
-5.2264e-17
0
0
0
0
0
0
0
0
0
0
0
0
0
0
0
0
0
0
0
0
0
0
0
0
0
0
0
0
0
0
0
0
0
0
0
0
-6.73448e-16
0
0
0
0
0
0
0
0
0
0
0
0
0
0
0
0
0
0
0
0
0
0
0
0
0
0
0
0
0
0
0
0
0
0
0
0
0
0
0
0
0
0
0
0
0
0
0
0
0
0
0
0
0
0
0
0
0
0
0
0
0
0
0
0
0
0
0
0
0
0
0
0
0
0
0
0
0
0
0
0
0
0
0
0
0
0
0
0
0
0
0
0
0
0
0
0
0
0
0
0
0
0
0
0
0
0
0
0
0
0
0
0
0
0
0
0
0
0
0
0
0
0
0
0
0
0
0
0
0
0
0
0
1.05027e-15
0
0
0
0
0
0
0
0
0
0
0
0
0
0
0
0
0
0
0
0
0
0
0
0
0
0
0
0
0
0
0
0
0
0
0
0
0
0
0
0
0
0
0
0
0
0
0
0
0
0
0
0
0
0
0
0
0
0
0
0
0
0
0
0
0
0
-2.22404e-14
-8.50792e-17
0
0
1.38153e-15
1.07647e-16
0
0
0
0
0
0
-1.15638e-15
8.66985e-17
-2.51515e-15
0
0
0
0
0
0
0
0
0
0
0
0
0
0
0
0
0
0
0
0
0
0
0
0
0
0
0
0
0
0
0
0
0
0
0
0
0
0
0
0
0
0
0
0
0
0
0
0
0
0
0
0
0
0
0
0
0
0
0
0
0
0
0
0
0
0
0
0
0
0
0
0
0
0
0
-1.52536e-16
-6.95619e-15
0
0
0
0
0
0
0
0
0
0
0
0
0
0
0
0
0
0
0
0
0
0
0
0
0
0
0
0
0
0
0
0
0
0
0
0
0
0
3.09621e-17
0
-1.098e-16
0
0
0
0
0
0
0
0
5.16372e-16
0
0
0
0
0
0
0
0
0
0
0
0
0
0
0
0
0
0
0
0
0
0
0
0
0
0
0
0
0
0
0
0
0
0
0
0
0
0
0
0
0
-1.29448e-13
-5.15284e-12
0
0
0
0
0
0
0
0
0
0
0
0
0
0
0
0
0
0
0
0
0
0
0
0
0
0
0
0
0
-2.77823e-16
0
0
0
0
0
-1.04902e-14
6.76987e-15
0
0
0
0
0
0
0
0
0
0
0
0
0
0
0
0
0
0
0
0
0
-9.3334e-16
0
0
0
0
0
0
0
0
0
0
0
0
0
0
0
0
0
0
0
0
0
0
0
0
0
0
0
0
0
0
0
0
0
0
0
0
0
1.20199e-14
0
0
0
0
0
0
0
0
0
0
0
0
0
0
0
0
0
0
0
0
0
0
0
0
0
0
0
0
0
0
0
0
0
0
0
0
0
0
0
0
0
0
0
0
0
0
0
0
0
0
0
0
0
0
-5.5867e-16
0
0
0
0
0
0
0
0
0
0
0
0
0
0
0
0
0
0
0
1.84995e-15
3.54955e-16
2.26899e-15
0
0
0
0
0
0
0
0
0
0
0
0
0
0
0
0
0
0
0
0
0
0
0
0
0
0
0
0
0
0
0
0
0
0
0
0
0
0
0
0
0
0
0
0
0
0
0
0
0
0
9.06067e-17
0
0
0
0
0
0
0
5.42018e-15
-3.76583e-16
0
0
0
0
0
0
0
0
0
0
3.84046e-16
1.13446e-14
0
0
0
0
0
0
0
0
0
0
0
0
0
0
0
0
0
0
0
0
0
0
0
0
0
0
0
0
0
0
0
0
0
0
0
0
0
0
0
0
0
0
2.33365e-14
0
0
0
0
0
0
-7.37117e-15
0
0
4.83292e-16
-4.07678e-16
-5.41125e-15
0
0
0
0
0
0
0
0
0
0
0
0
0
0
0
0
0
0
0
0
0
0
0
-5.72169e-16
0
0
5.35015e-17
0
0
0
0
0
0
0
0
0
0
0
0
0
0
0
0
0
0
0
0
0
0
0
0
0
0
0
0
0
0
0
0
0
0
0
0
0
0
0
0
0
0
0
0
-1.80332e-15
1.67024e-15
0
0
0
0
0
0
0
0
0
0
0
0
0
0
0
0
0
0
0
0
0
0
0
0
0
0
0
0
0
0
0
0
0
0
0
0
0
0
0
0
0
0
0
0
0
0
0
0
0
0
0
0
0
0
0
0
0
0
0
0
0
0
0
0
0
0
0
0
0
0
0
0
0
0
0
0
0
0
-5.34616e-17
5.43814e-17
0
0
0
0
0
0
0
0
0
0
0
0
0
0
0
0
1.50005e-15
0
0
0
0
0
0
0
0
0
0
0
0
1.49815e-16
0
0
0
0
0
0
0
0
0
0
0
0
0
0
0
0
0
0
0
0
0
0
0
0
0
0
0
0
0
0
0
0
0
0
0
0
0
0
0
0
0
1.45369e-15
0
0
0
0
0
0
0
0
0
0
0
0
0
0
0
0
0
0
0
0
0
0
0
0
-3.79642e-16
0
0
0
0
0
0
0
0
0
0
0
0
0
0
0
0
0
0
4.0561e-17
0
0
0
-6.06068e-17
8.14673e-17
0
0
0
0
0
0
0
0
0
0
0
0
-1.7574e-17
0
0
0
0
0
0
0
0
0
0
0
0
0
0
0
0
0
0
0
0
0
0
0
0
0
0
0
0
0
0
0
0
0
0
0
0
0
0
0
0
0
0
0
0
0
0
0
0
0
0
0
0
0
0
0
0
0
0
0
0
-1.6423e-16
4.78194e-16
0
0
-9.59521e-16
0
0
0
0
0
0
2.98241e-14
-4.28993e-16
-2.21498e-16
0
0
0
0
0
0
0
0
0
0
0
0
0
0
0
0
0
0
0
0
0
0
0
0
0
0
0
0
0
0
0
0
0
0
0
0
0
0
0
0
0
0
0
0
0
0
0
0
0
0
0
0
0
0
0
0
0
1.15548e-16
1.64363e-16
3.33668e-17
0
0
0
0
0
0
5.58828e-15
0
0
0
0
1.46711e-14
3.07088e-14
0
0
0
0
0
0
0
0
0
0
0
0
0
0
0
0
0
0
0
0
0
0
0
0
0
0
0
0
0
0
0
0
0
0
0
0
0
0
0
0
0
0
0
0
0
0
0
0
0
0
0
0
0
0
0
0
0
0
0
6.12716e-16
0
0
0
0
-1.61621e-16
1.17341e-15
0
0
0
0
0
0
0
0
0
0
0
0
0
0
0
0
0
0
0
0
0
0
0
0
0
0
0
-8.98416e-16
1.26234e-16
0
0
0
0
0
0
0
0
-1.90979e-15
0
0
0
0
0
0
0
0
0
0
0
0
0
0
0
0
0
0
0
0
0
0
0
0
0
0
0
0
0
0
0
0
-9.90068e-15
0
0
0
0
0
0
0
0
0
0
0
0
0
0
0
0
0
-1.36775e-16
0
0
0
0
0
0
0
0
0
0
0
0
0
0
0
0
0
0
0
0
-9.92364e-16
0
0
0
0
0
0
0
0
0
0
0
0
0
0
0
0
0
0
0
0
3.44713e-16
-4.07677e-16
4.80606e-16
0
0
0
0
0
0
0
0
0
0
-1.87572e-15
-1.78742e-16
0
0
0
0
0
0
0
0
0
0
0
0
0
0
0
0
0
0
0
0
0
0
0
0
0
6.32361e-17
6.26804e-17
0
0
0
0
0
0
0
0
0
0
0
0
0
0
0
0
0
0
0
0
0
0
0
0
0
0
0
0
0
0
0
0
0
0
0
0
0
0
0
2.5453e-16
6.57458e-17
0
0
0
0
0
-1.02541e-15
0
0
0
0
0
0
0
0
0
0
0
0
0
0
0
0
0
0
0
0
0
0
0
0
0
0
0
0
0
0
0
0
0
0
0
0
0
0
0
0
0
0
0
0
0
0
0
-2.60072e-14
0
0
0
0
0
0
0
0
0
0
0
0
0
0
0
0
0
0
0
0
0
0
0
0
3.56749e-14
0
0
0
0
0
0
0
-9.50938e-15
3.63215e-17
0
0
0
0
-3.41094e-14
0
1.04871e-15
0
0
0
0
0
0
0
0
0
0
0
0
0
0
0
-6.20986e-16
0
0
-7.5836e-17
2.6093e-16
0
0
0
-3.0258e-14
0
0
0
0
0
0
0
0
0
0
0
0
0
0
0
0
0
0
0
0
0
0
0
0
0
0
0
0
0
0
0
-2.31763e-14
0
0
0
0
0
0
0
0
0
0
0
0
0
0
0
0
1.80903e-17
0
0
0
0
0
0
0
0
0
0
0
0
0
0
0
0
0
0
0
0
0
0
0
0
0
0
-2.16027e-16
-1.28862e-15
0
0
0
0
0
0
0
0
0
0
0
0
0
0
0
0
0
0
0
0
0
0
0
0
0
0
0
0
0
0
0
0
0
0
0
0
0
0
0
0
0
0
0
0
0
0
0
0
0
0
0
0
0
0
0
0
0
0
0
0
0
0
0
0
0
1.3919e-16
-3.0585e-17
0
0
0
0
0
0
0
0
0
0
0
0
0
0
0
0
0
0
0
0
0
0
0
0
0
0
0
0
-5.98698e-16
-3.02181e-14
0
0
0
0
0
0
0
0
0
0
0
0
0
0
0
0
0
0
0
0
0
0
0
0
0
0
0
0
0
0
0
0
0
0
0
0
0
0
0
0
0
0
0
0
0
0
0
0
0
0
0
0
0
0
0
0
0
0
0
0
0
0
0
5.19215e-16
0
0
0
0
0
0
0
0
0
0
0
0
0
0
0
0
0
0
0
0
0
0
0
-3.40489e-17
0
0
0
0
0
0
0
0
0
0
0
0
0
0
0
0
0
0
0
0
0
0
0
0
0
0
0
0
0
-1.43913e-15
0
0
0
0
0
0
0
0
0
0
0
0
0
0
0
0
0
0
0
0
0
0
0
0
0
0
0
0
0
0
0
0
0
0
0
0
2.55791e-16
0
0
0
0
0
0
0
-1.16167e-16
-1.58638e-16
0
0
0
0
0
0
0
0
0
0
0
0
0
0
0
0
0
0
0
0
0
0
0
0
0
0
0
0
0
0
0
0
0
0
1.15382e-17
2.88061e-17
0
0
0
0
0
0
0
0
0
0
0
-2.64935e-16
0
0
0
0
0
0
0
0
0
0
0
0
0
0
0
0
0
0
0
0
0
0
8.41017e-16
-8.23491e-15
0
0
0
0
0
0
0
0
0
0
0
0
0
-8.36586e-15
0
1.00743e-15
4.93873e-16
7.92792e-17
5.73375e-17
-7.26819e-17
0
0
0
0
0
0
0
0
0
0
0
0
0
0
0
0
0
0
0
0
0
0
0
0
0
0
0
6.71404e-16
-6.47437e-15
0
0
0
0
0
0
0
0
0
0
0
0
0
0
4.14088e-15
0
0
-3.48631e-16
0
0
0
0
0
0
0
0
0
0
0
0
0
2.78818e-16
0
0
0
0
0
0
0
0
0
0
0
0
0
0
0
0
0
0
0
0
0
0
0
0
0
0
0
0
0
0
0
0
0
0
0
0
0
0
0
0
0
0
3.72786e-17
9.32014e-17
0
0
0
0
1.41215e-16
0
0
0
0
0
0
0
0
0
0
0
0
0
0
0
0
0
0
0
0
0
0
0
0
0
0
0
0
0
0
0
0
0
0
0
0
0
0
0
0
0
0
0
0
0
0
0
0
1.35803e-16
-1.01698e-16
9.70604e-17
0
0
0
0
0
0
0
0
0
1.29805e-14
0
0
0
0
0
0
0
0
0
0
0
0
0
0
-6.73052e-15
-6.51051e-16
0
0
0
0
0
0
0
0
0
0
0
0
0
0
0
0
0
0
0
-1.02841e-16
1.89971e-15
0
0
0
0
0
0
0
0
0
0
0
0
0
0
0
0
0
8.67082e-16
2.51697e-16
0
0
0
0
0
0
0
0
0
0
0
0
0
0
0
0
0
0
0
0
0
0
0
0
0
0
0
0
0
0
0
0
0
0
0
0
0
0
0
0
0
0
-2.71452e-16
-1.72174e-16
0
0
0
0
0
0
0
0
0
0
0
0
0
0
0
0
0
0
0
0
0
0
0
0
0
0
0
0
0
0
0
0
0
0
0
0
0
0
0
-3.60511e-16
0
0
0
0
0
0
0
0
0
0
0
0
0
0
0
0
0
0
0
0
0
0
0
0
0
0
0
0
0
0
0
0
0
0
0
0
0
0
0
0
0
0
0
0
0
0
0
0
0
0
0
0
0
0
0
0
0
0
0
0
0
0
0
0
0
0
0
0
0
0
0
0
0
0
0
0
0
0
0
0
0
0
0
0
2.02454e-17
-1.47956e-16
0
0
0
0
0
0
0
0
0
0
0
0
0
0
0
0
0
0
0
0
0
0
0
0
0
0
0
0
0
0
0
0
0
0
0
0
0
0
0
0
0
0
0
0
-5.65247e-17
0
0
0
4.03864e-17
0
0
0
0
0
0
0
0
0
0
0
6.42785e-16
0
0
0
0
0
0
0
0
0
0
0
0
0
0
0
0
0
0
0
0
0
0
0
0
0
0
0
0
0
0
0
0
0
0
0
0
0
0
0
0
0
0
0
1.15297e-17
-4.03407e-17
0
-2.0726e-15
0
-2.92469e-33
0
0
0
0
0
0
0
0
0
0
0
0
0
0
0
0
0
0
0
0
0
0
0
0
0
0
0
0
0
0
0
0
0
0
0
0
0
0
0
0
0
0
0
0
0
0
0
0
0
0
0
0
0
0
0
0
0
-2.96505e-15
2.66522e-16
5.6398e-15
0
0
0
0
0
0
0
0
0
0
0
0
0
0
0
0
0
0
0
0
0
0
0
0
0
0
0
0
0
0
0
0
0
0
0
0
0
0
0
0
0
0
2.22062e-14
0
0
0
3.19285e-16
-3.43128e-16
0
0
0
0
0
0
0
0
0
0
0
0
0
0
0
0
0
0
0
0
0
0
0
0
0
0
0
0
0
0
0
0
0
0
0
0
5.07154e-17
0
0
0
0
0
-2.62765e-15
0
-2.43366e-14
0
0
0
0
0
0
0
0
0
0
0
0
0
0
0
0
0
0
0
0
0
0
0
0
0
0
0
0
0
0
0
0
0
0
0
0
0
0
0
0
0
0
0
0
0
0
0
0
0
0
0
0
0
0
0
0
0
0
0
0
0
0
0
0
0
0
0
0
0
0
0
0
0
0
0
0
0
0
0
0
0
0
0
0
0
0
0
0
0
0
0
0
0
0
0
0
0
0
0
0
0
0
0
0
0
0
0
0
0
0
0
0
0
0
0
0
-1.47755e-15
0
0
0
0
0
0
0
0
0
0
0
0
0
0
0
0
0
0
0
0
0
0
0
2.95077e-16
0
0
0
0
-1.76458e-16
2.51699e-15
0
0
0
0
0
7.70419e-14
-3.44203e-15
0
0
0
0
0
0
0
0
0
0
0
0
0
0
0
0
0
0
0
0
0
0
0
0
0
0
0
0
0
0
0
0
0
0
0
0
0
0
0
0
0
0
0
0
0
0
0
0
0
0
0
0
0
0
0
0
0
0
0
0
0
0
0
0
0
0
0
0
0
2.76038e-14
0
1.34381e-14
0
0
0
0
0
0
0
0
0
0
0
0
0
-1.73741e-16
4.8308e-16
0
0
0
0
0
0
0
0
0
0
0
0
0
0
0
0
0
0
0
0
-1.26308e-16
0
0
0
0
0
0
0
0
0
0
0
0
0
0
0
0
0
0
0
0
0
0
0
0
0
0
0
0
0
2.62978e-17
0
0
0
0
0
0
0
0
0
0
0
0
0
0
0
0
0
0
0
0
0
-2.84887e-16
1.51575e-15
0
0
0
0
0
0
0
0
0
0
4.83779e-14
-3.44225e-14
0
0
-1.11882e-15
0
0
0
0
0
0
0
0
0
0
0
0
0
-4.3609e-16
-2.82204e-14
0
0
0
0
0
0
0
0
0
0
0
8.65551e-15
1.62517e-16
0
0
0
0
0
-2.26124e-14
-1.2071e-15
0
0
0
0
0
0
0
0
0
0
0
0
0
0
0
0
0
0
0
0
0
0
0
0
0
0
0
0
0
0
0
0
0
0
0
-2.18399e-14
0
0
0
0
4.67388e-16
-1.45174e-16
0
0
0
0
0
0
0
0
0
0
0
0
0
0
0
0
0
0
0
0
0
0
0
0
0
0
0
0
0
0
0
0
0
0
0
0
0
0
0
0
0
0
0
0
0
0
0
0
0
0
0
0
0
0
0
0
3.43931e-17
1.06661e-16
0
0
0
0
0
0
0
0
0
0
0
0
0
0
0
0
0
0
0
0
0
0
0
0
0
0
0
0
0
0
0
0
0
0
0
0
0
0
0
0
0
0
0
0
0
0
0
0
0
0
0
0
0
0
0
3.88554e-16
-2.10165e-16
0
0
0
0
0
0
0
0
0
0
0
0
0
0
0
0
-5.55655e-16
1.1952e-16
0
0
0
0
0
0
0
0
0
0
0
0
0
0
0
0
0
0
0
0
0
0
5.36782e-14
0
0
0
0
0
0
0
0
0
0
0
0
0
0
0
0
0
0
0
0
0
0
0
0
0
0
0
0
0
0
0
0
0
0
0
0
0
0
-1.20183e-16
-1.07377e-15
0
0
0
0
0
0
0
0
0
0
0
0
0
0
0
0
0
0
0
0
0
0
0
0
0
0
0
0
0
0
0
0
0
1.099e-16
2.16867e-16
0
0
0
0
0
0
0
0
0
0
0
0
0
0
0
0
0
0
0
0
0
0
0
0
0
0
4.6445e-16
-1.14357e-16
0
0
0
0
0
0
0
0
0
0
0
0
0
0
0
0
0
0
0
0
0
0
0
0
0
0
0
0
0
0
0
0
0
0
0
0
0
0
0
0
0
0
0
0
0
0
0
0
0
0
0
0
0
0
-2.53341e-14
-9.38855e-15
0
0
0
0
0
0
0
0
0
0
0
0
0
0
0
0
0
0
0
0
0
0
0
0
0
0
0
0
0
0
0
0
0
0
0
0
0
0
0
0
0
0
0
0
0
0
0
0
0
0
0
0
0
0
0
0
0
0
1.62395e-13
0
0
0
0
0
0
0
0
0
0
0
0
0
0
0
0
0
0
0
1.52312e-13
1.20354e-15
0
0
0
0
0
0
0
0
0
0
0
0
0
0
0
0
0
0
0
0
0
0
0
0
0
0
0
0
0
0
0
0
0
0
0
0
0
0
0
0
0
0
0
2.31129e-15
0
9.05609e-16
-8.29271e-16
0
0
0
0
0
0
0
0
0
0
0
0
0
0
0
-2.14047e-16
0
0
0
0
0
0
0
0
1.04465e-14
-1.19217e-13
0
0
0
0
0
0
0
0
0
0
0
0
0
0
0
0
0
0
0
0
0
0
0
0
0
0
0
0
0
0
0
0
0
0
0
0
0
0
0
0
0
0
0
0
0
0
0
0
0
0
0
0
0
0
0
0
0
0
0
0
0
0
0
0
0
0
0
0
0
0
0
0
0
0
0
0
0
0
0
0
0
0
0
0
0
0
0
0
0
0
0
0
0
0
0
0
0
0
0
0
0
0
0
0
0
0
0
0
0
0
0
0
0
0
1.74083e-17
-1.48779e-15
0
0
0
0
0
0
0
0
0
0
0
0
0
0
0
0
0
0
0
0
0
0
0
0
0
0
0
0
0
0
0
0
0
0
0
0
0
0
0
0
0
0
0
0
0
0
0
0
0
0
0
0
0
0
0
0
0
0
0
0
0
0
0
0
0
0
0
0
0
-1.7967e-16
0
0
0
0
0
0
0
0
0
0
0
0
0
0
0
0
0
0
0
0
0
0
0
0
0
0
0
0
0
0
0
0
0
0
0
0
0
0
2.99815e-16
0
0
0
0
0
0
0
0
6.97296e-16
0
0
0
0
0
0
0
0
0
0
0
0
0
0
0
0
0
0
0
1.08177e-15
0
0
0
0
0
0
0
0
0
0
0
0
0
0
0
0
0
0
0
0
0
0
0
0
0
0
0
0
0
0
0
0
0
0
0
0
0
0
0
0
0
0
0
0
0
0
0
0
0
0
0
0
0
0
0
0
0
0
0
0
0
0
-2.92178e-14
4.85674e-14
0
0
0
0
0
0
0
0
0
0
0
0
0
0
0
0
0
0
0
0
0
-1.1933e-16
0
0
0
0
0
0
0
0
0
0
0
0
0
0
0
0
0
0
0
0
0
0
0
0
0
0
0
0
0
0
0
0
0
0
0
0
0
0
0
0
0
0
0
0
0
0
0
0
0
0
0
0
0
0
0
0
0
0
0
0
0
0
0
0
0
0
0
0
0
0
0
0
0
0
0
0
0
0
0
0
0
0
0
0
0
0
0
0
0
0
0
0
0
0
0
0
0
0
0
0
0
0
0
0
0
0
0
0
0
0
0
0
0
9.17674e-16
0
0
0
0
0
0
0
0
0
0
0
0
0
0
0
0
0
0
0
0
0
0
-5.98345e-14
0
0
0
0
0
0
0
0
0
0
0
0
0
0
0
0
0
0
0
0
0
0
0
0
0
0
0
0
0
0
0
0
0
0
0
0
0
0
0
0
0
0
0
0
0
0
0
0
0
0
0
0
0
0
0
0
0
0
2.89143e-17
0
0
0
0
0
0
0
0
0
0
0
0
0
0
0
0
0
0
0
0
0
-1.52621e-16
0
0
0
0
0
-2.22986e-15
-4.33008e-14
0
0
0
0
0
0
0
0
0
0
0
0
0
0
0
0
0
0
0
0
0
0
0
0
0
0
0
0
0
0
0
-2.23941e-16
0
0
0
0
0
0
0
0
0
0
0
0
0
0
0
0
0
0
0
0
0
0
0
0
0
0
0
0
0
0
0
0
0
0
0
0
0
0
0
0
0
0
0
0
0
0
0
0
0
0
0
0
0
0
0
0
0
0
0
0
0
0
0
0
0
0
0
0
0
0
0
0
0
0
0
0
0
0
0
0
0
0
0
0
0
0
0
0
0
0
0
0
0
0
0
0
0
0
0
0
0
0
0
0
0
0
0
0
0
3.46267e-16
0
0
0
0
0
0
0
0
0
0
0
0
0
0
0
0
0
0
0
0
0
0
0
0
0
0
0
0
0
0
0
0
0
0
0
0
0
0
0
0
0
0
0
0
0
0
0
0
0
0
0
0
0
0
0
0
0
0
0
0
0
0
0
0
0
0
0
0
0
0
0
0
0
0
0
0
0
0
0
0
0
0
0
0
0
0
0
0
0
0
0
0
0
0
0
0
0
0
0
0
0
0
0
0
0
0
0
0
0
0
0
0
0
0
0
0
0
0
0
0
0
0
0
0
0
0
0
0
0
0
0
0
0
0
0
0
0
0
0
0
0
0
0
0
0
0
0
0
0
0
0
0
0
0
0
0
0
0
0
0
0
0
0
0
0
0
0
0
0
0
0
0
0
0
0
0
-1.21158e-14
0
0
0
0
0
0
0
0
0
0
0
0
0
0
0
0
0
0
0
0
0
0
0
0
0
0
0
0
0
0
0
0
0
0
0
0
6.05171e-14
0
0
0
0
0
0
0
0
0
0
0
0
0
0
0
0
-1.02651e-16
0
0
0
0
0
0
0
0
0
0
0
0
0
0
0
0
0
0
0
0
0
0
0
0
0
0
0
-4.57623e-17
2.57341e-16
0
0
0
0
0
0
0
4.70619e-17
-1.11157e-16
0
0
0
0
0
0
0
0
0
0
0
0
0
0
0
0
0
0
0
0
0
0
0
0
0
0
0
0
0
0
0
0
0
0
0
0
0
0
0
0
0
0
0
0
0
0
0
0
0
0
0
0
0
0
0
0
0
0
0
0
0
0
0
0
0
0
0
0
0
1.50841e-15
1.32404e-17
0
0
0
0
0
0
0
0
0
0
0
0
0
0
0
0
0
-1.14281e-16
-7.93833e-17
0
0
0
0
0
0
0
0
0
0
0
0
0
0
0
0
0
0
0
0
0
0
0
0
0
0
0
0
0
0
0
0
0
0
0
0
0
0
0
0
0
0
0
0
0
0
0
0
0
0
0
0
0
0
0
0
0
0
0
0
0
0
0
0
0
0
0
0
0
0
0
0
0
0
-1.00735e-15
1.17045e-16
0
0
0
0
0
0
0
0
0
0
0
0
0
0
0
0
0
0
0
0
0
0
0
0
0
0
0
0
0
0
0
0
0
0
0
0
0
0
0
0
0
0
0
0
0
0
0
0
0
0
0
0
0
0
0
0
0
0
0
0
0
0
0
0
0
0
0
0
0
0
0
0
0
0
0
0
0
0
0
0
0
0
0
0
0
0
0
0
0
0
0
0
0
0
0
0
0
0
0
0
0
0
0
0
0
0
0
0
0
0
0
0
0
0
0
0
0
0
0
0
0
0
0
0
0
0
0
0
0
0
0
-2.44017e-16
0
0
0
0
0
0
0
0
0
0
0
0
0
0
0
0
0
0
0
0
0
0
0
0
0
0
0
0
0
0
0
0
0
0
0
0
0
0
0
0
0
0
0
0
0
-4.03312e-14
-5.52304e-14
0
0
0
0
0
0
0
0
0
0
0
0
0
0
0
0
0
0
0
0
0
0
0
0
0
0
0
0
0
0
0
0
0
0
0
0
0
0
0
0
0
0
0
0
0
0
0
0
0
0
0
0
0
0
0
0
0
0
0
0
0
0
0
0
0
0
0
0
0
0
0
0
6.47534e-16
0
-1.18096e-15
0
0
0
0
0
0
0
0
0
0
0
0
0
0
0
0
0
0
0
0
0
0
0
0
0
0
0
0
0
0
0
0
0
0
0
0
0
0
0
0
0
0
0
0
0
0
0
0
0
0
0
0
0
0
0
0
0
0
0
0
0
0
0
0
0
0
0
0
0
0
0
0
0
0
0
0
0
0
0
0
0
0
0
0
0
0
0
0
0
0
0
0
0
0
0
0
0
0
0
0
0
0
0
0
0
0
0
0
0
0
0
0
0
0
0
0
0
0
0
0
0
0
0
0
0
0
0
0
0
0
0
0
0
0
0
0
0
0
0
0
0
0
0
0
0
0
0
0
0
0
0
0
0
0
0
0
0
0
0
0
0
0
0
1.36124e-16
0
0
0
0
0
0
0
0
0
0
0
0
0
0
0
0
0
0
0
0
0
0
0
0
0
0
0
0
0
0
0
0
1.86778e-16
0
0
0
0
0
0
0
0
0
0
0
0
0
0
0
0
0
0
0
0
0
0
0
0
0
0
0
0
0
0
0
0
0
0
0
0
0
7.2314e-15
-1.73633e-16
0
0
0
0
0
0
0
0
0
0
0
0
0
0
0
0
0
0
0
0
0
0
0
0
0
0
0
0
0
0
0
0
0
0
0
0
0
0
0
0
0
0
0
0
0
0
0
0
0
0
0
0
0
0
0
0
0
0
0
0
0
0
0
0
0
0
0
0
0
0
0
0
0
0
0
0
0
0
0
0
0
0
0
0
0
0
0
0
0
0
0
0
0
0
0
0
0
0
0
0
0
0
0
0
0
0
0
0
0
0
0
0
0
0
0
0
0
0
0
0
0
0
0
0
0
0
0
0
0
0
0
0
0
0
0
0
0
0
0
0
0
0
0
0
0
0
0
0
0
0
0
0
0
0
0
0
0
0
0
0
0
0
0
0
7.04861e-17
0
0
0
0
0
0
0
0
0
0
0
0
0
0
0
0
0
0
0
0
0
0
0
0
0
0
0
0
0
0
0
0
0
0
0
0
0
0
0
0
0
0
0
0
0
0
0
0
0
0
0
0
0
0
0
0
0
0
0
0
0
0
0
0
0
0
0
-3.75397e-14
0
0
0
0
0
0
0
0
0
0
0
0
0
0
0
0
0
0
0
0
0
0
0
0
0
0
0
0
0
0
0
0
0
0
0
0
0
0
0
0
0
0
0
0
0
0
0
0
0
0
0
0
0
0
0
0
0
0
0
0
0
0
0
0
0
0
0
0
0
0
0
0
0
0
0
0
0
0
0
0
0
0
0
0
0
0
0
0
0
0
0
0
0
0
0
0
0
0
0
0
0
0
0
0
0
0
0
0
0
0
0
0
0
0
0
0
0
0
0
0
0
0
0
0
0
0
0
0
0
0
0
0
0
0
0
0
0
0
0
0
0
0
0
0
0
0
0
0
0
0
0
0
0
0
0
0
0
0
0
0
0
0
0
0
0
0
0
0
0
0
0
0
0
0
0
0
0
0
0
0
0
0
0
0
0
0
0
0
0
0
0
0
0
0
0
0
0
0
0
-1.94642e-14
0
0
0
0
0
0
0
0
0
0
0
0
0
0
0
0
0
0
0
0
0
0
0
0
0
0
0
0
0
0
0
0
0
0
0
0
0
0
0
0
0
0
0
0
0
0
0
0
0
0
0
0
0
0
0
0
1.81725e-16
0
0
0
0
0
0
0
0
0
0
0
0
0
0
0
0
0
0
0
0
0
0
0
0
0
0
0
0
0
0
0
0
0
0
0
0
0
0
0
0
0
0
0
0
0
0
-5.59544e-16
2.26812e-17
0
0
0
0
0
0
0
0
0
0
0
0
0
0
0
0
0
0
0
0
0
0
0
0
0
0
0
0
0
0
0
0
0
0
3.66833e-14
0
0
0
0
0
0
0
0
0
0
0
0
0
0
0
0
0
0
0
0
0
0
0
0
0
0
0
0
0
0
0
0
0
0
0
0
0
0
0
0
0
0
0
0
0
0
0
0
0
0
0
0
0
0
0
0
0
0
0
0
0
0
0
0
0
0
0
0
0
0
0
0
0
0
0
0
0
0
0
0
0
0
0
0
0
0
0
0
0
0
0
0
0
0
0
0
0
0
0
0
0
0
-8.50771e-14
0
0
0
0
0
0
0
0
0
0
0
0
0
0
0
0
0
0
0
0
0
0
0
0
0
0
0
0
0
0
0
0
0
0
0
0
0
0
0
0
0
0
0
0
0
0
0
0
0
0
0
0
0
-4.52126e-15
0
0
0
0
0
0
0
0
0
0
0
0
0
0
0
0
0
0
0
0
0
0
7.05371e-14
0
0
0
0
0
0
0
0
0
0
0
0
0
0
0
0
0
0
0
0
0
0
0
0
0
0
0
0
0
0
0
0
0
0
0
0
0
0
0
0
0
0
0
0
0
0
0
0
0
0
0
0
0
0
0
0
0
0
0
0
0
0
0
0
0
0
0
0
0
0
0
0
0
0
0
0
0
0
0
0
0
0
0
0
0
0
0
0
0
0
0
0
0
0
0
0
0
0
0
0
0
0
0
0
0
-1.04284e-17
-5.0778e-16
0
0
0
0
0
0
0
0
0
0
0
0
0
0
0
0
0
0
0
0
0
0
0
-9.62794e-14
0
0
0
0
0
0
0
0
0
0
0
0
0
0
0
0
0
0
0
0
0
0
0
0
0
0
0
0
0
0
0
0
0
0
0
0
0
0
-5.72475e-17
0
0
0
0
0
0
0
0
0
0
0
0
0
0
0
0
0
0
0
0
0
0
0
0
-2.42558e-15
0
0
0
0
0
0
0
0
0
0
0
0
0
0
0
0
0
0
0
0
0
0
0
0
0
0
0
0
0
0
-5.72796e-17
0
0
0
0
0
0
0
0
0
0
0
0
0
-3.06019e-14
0
0
0
0
0
0
0
0
0
0
0
0
0
0
0
0
0
0
0
0
0
0
0
0
0
0
0
0
0
0
0
0
0
0
0
0
0
0
0
0
0
0
0
0
0
0
0
0
0
0
0
0
0
0
0
0
0
0
0
0
0
0
0
0
0
0
0
0
0
0
0
0
0
0
0
0
0
0
0
0
0
0
0
0
0
0
0
0
0
0
0
0
0
0
0
0
0
0
0
0
0
0
0
0
0
0
0
0
0
0
0
0
0
0
0
0
0
0
0
0
0
0
0
0
0
0
0
0
0
0
0
0
0
0
0
0
0
0
0
0
0
0
0
0
0
0
0
0
0
0
0
0
0
0
0
0
0
0
0
0
0
0
0
0
0
0
0
0
0
0
0
0
0
0
0
0
0
0
0
0
0
0
0
0
0
0
0
0
0
0
0
0
0
0
0
0
0
0
0
0
0
0
0
0
0
0
0
0
0
0
0
0
-1.42904e-16
0
0
0
0
0
0
0
0
0
0
0
0
0
0
0
0
0
0
0
0
0
0
0
0
0
0
0
0
0
0
0
0
0
0
0
0
0
0
0
0
0
0
0
0
0
0
0
0
0
0
0
0
0
0
0
0
0
0
0
0
0
0
0
0
0
0
0
0
0
0
0
0
0
0
0
0
0
0
0
0
0
0
0
0
0
0
0
0
0
0
0
0
0
0
0
0
0
0
0
0
0
0
0
0
0
0
0
0
0
0
0
0
0
0
0
0
0
0
0
0
0
0
0
0
0
0
0
0
0
0
0
0
0
0
0
0
0
0
0
0
0
0
0
0
0
0
0
0
0
0
0
0
0
0
0
0
0
2.26693e-17
0
0
0
0
0
0
0
0
0
0
0
0
0
0
0
0
0
0
0
0
0
0
0
0
0
0
0
0
0
0
0
-1.10372e-16
0
0
0
0
0
0
0
0
0
0
0
0
0
0
0
0
0
0
0
0
0
0
0
0
0
0
0
0
0
0
0
0
0
0
0
0
0
0
0
0
-5.52721e-15
0
0
0
0
0
0
0
0
0
0
0
0
0
0
0
0
0
0
0
0
0
0
0
0
0
0
0
0
0
0
0
0
0
0
0
0
0
0
0
0
0
0
0
0
0
0
0
0
0
0
0
0
0
0
0
0
0
0
0
0
-5.183e-15
0
0
0
0
0
0
0
0
0
0
0
0
0
-1.46187e-16
0
0
0
0
0
0
0
0
0
0
0
0
0
0
0
0
0
0
0
0
0
0
0
0
0
0
0
0
0
0
0
0
0
0
0
0
0
0
0
0
0
0
0
0
0
0
0
0
0
0
0
0
0
0
0
0
0
-4.97877e-15
0
0
0
0
0
0
0
0
0
0
0
0
0
0
0
0
0
0
0
0
0
0
0
0
0
0
0
0
0
0
0
0
0
0
0
0
0
0
0
0
0
0
0
0
0
0
0
0
0
0
0
0
0
0
0
0
0
0
0
0
0
0
0
0
0
0
0
0
0
0
0
0
0
3.06724e-14
0
0
0
0
0
0
0
0
0
0
0
0
0
0
0
0
0
0
0
0
0
0
0
0
0
0
0
0
0
0
0
0
0
0
0
0
0
0
0
0
0
0
0
0
0
0
0
-6.82749e-17
0
-2.04037e-16
-4.87482e-16
0
0
0
0
0
0
0
0
0
0
0
0
0
0
0
0
0
0
0
0
0
0
0
0
0
0
0
0
0
0
0
0
0
0
0
0
0
0
0
0
0
0
0
0
0
1.80678e-14
-3.01551e-14
0
0
0
0
0
0
0
0
0
0
0
0
0
0
0
0
0
0
0
0
0
0
0
0
0
0
0
0
0
0
0
0
0
0
0
0
0
0
0
0
0
0
0
0
0
0
0
0
0
0
0
0
0
0
0
0
0
0
0
0
0
0
0
0
0
0
0
0
0
0
0
0
0
0
0
0
0
0
0
0
0
0
0
0
0
0
0
0
7.18869e-14
0
0
0
0
0
0
0
0
0
0
0
0
0
0
0
0
0
0
0
0
0
0
0
0
0
0
0
0
0
0
0
0
0
0
0
0
0
0
0
0
0
0
0
0
0
0
0
0
0
0
0
0
0
0
0
0
0
0
0
0
0
0
0
0
0
0
0
0
0
0
0
0
0
0
0
0
0
0
0
0
0
0
0
0
0
0
0
0
0
0
0
0
0
0
0
0
0
0
0
0
0
0
0
0
0
0
0
0
0
0
0
0
0
0
0
0
0
0
2.01471e-16
0
0
0
0
0
0
0
0
0
0
0
0
0
0
0
0
0
0
0
0
3.09657e-15
0
0
0
0
0
0
0
0
0
0
0
0
0
0
0
0
0
0
0
-1.13299e-14
0
0
0
0
0
0
0
0
0
0
0
0
0
0
0
0
0
0
0
-5.82505e-15
-3.24683e-14
0
0
0
0
0
0
0
0
0
0
0
0
0
0
0
0
0
0
0
0
0
0
0
0
0
0
0
0
0
0
0
0
0
0
0
0
0
0
0
0
0
0
0
0
0
0
0
0
0
0
0
0
0
0
0
0
0
0
0
0
0
0
0
0
0
0
0
0
0
0
0
0
0
1.60472e-16
-1.28115e-16
1.22082e-16
0
0
0
0
0
0
0
0
0
0
0
0
0
0
0
0
0
0
0
0
0
0
0
0
1.74717e-14
-1.14757e-16
-3.45e-16
0
0
0
0
0
0
0
0
0
0
0
0
0
0
0
0
0
0
0
0
0
0
0
0
0
0
0
0
1.59875e-16
0
0
0
0
0
0
0
0
0
0
0
0
0
0
0
0
0
0
0
0
0
0
0
0
0
0
0
0
0
0
0
0
0
0
0
0
0
0
0
0
0
0
0
0
0
0
0
0
0
0
0
0
0
0
0
0
-2.26505e-14
0
0
0
0
0
0
0
0
0
0
0
0
0
0
0
0
0
0
0
0
0
0
0
0
0
0
0
0
0
0
0
0
9.92098e-17
0
0
0
0
0
0
0
0
0
0
0
0
0
0
0
0
0
0
0
0
0
0
0
0
0
0
0
0
0
0
0
0
0
0
0
0
0
0
5.67663e-14
0
0
0
0
0
0
0
0
0
0
0
0
0
0
0
0
0
0
0
0
0
0
0
0
0
0
0
0
0
0
0
0
0
0
0
0
0
0
0
0
0
0
0
0
0
0
0
0
0
0
-1.53929e-16
0
0
0
0
0
0
0
0
0
0
0
0
0
0
0
0
0
0
0
0
0
0
0
0
0
0
0
0
0
0
0
0
0
0
0
0
0
0
0
0
0
0
0
0
0
0
0
0
0
0
0
0
0
0
0
0
0
0
0
0
0
0
0
0
0
0
0
0
0
0
0
0
0
0
0
0
0
0
0
0
0
0
0
0
0
0
0
0
0
0
0
0
0
0
0
0
0
0
0
0
0
0
0
0
0
0
0
0
0
0
0
0
0
0
0
0
0
0
0
0
0
0
0
0
0
0
0
0
0
0
0
0
0
0
0
0
0
0
0
0
0
0
0
0
0
1.9519e-15
0
0
0
0
0
0
0
0
0
0
0
0
0
0
0
0
0
0
0
0
0
0
0
0
0
0
0
0
0
0
0
0
0
0
0
0
0
0
0
0
0
0
0
0
0
0
0
0
0
0
0
0
0
0
0
0
0
0
0
0
0
0
0
0
0
0
0
0
0
0
0
0
0
0
0
0
0
0
0
0
0
0
0
0
0
0
0
0
0
0
0
0
0
0
0
0
0
0
0
0
0
0
0
-1.33958e-14
0
0
0
0
0
0
0
0
0
0
0
0
0
0
0
0
0
0
0
0
0
0
0
0
0
0
0
0
0
0
0
0
0
0
0
0
0
0
0
0
0
0
0
0
0
0
0
0
0
0
0
0
0
0
0
0
0
0
0
0
0
0
0
0
0
0
0
0
0
0
0
0
0
0
0
0
0
0
0
0
0
0
0
0
0
0
0
0
0
0
0
0
0
0
0
0
0
0
0
0
0
0
0
0
0
0
0
0
0
0
0
0
0
0
0
0
0
0
0
0
0
0
0
0
0
0
0
0
0
0
0
0
0
0
0
0
0
0
0
0
0
0
0
0
0
0
0
0
0
0
0
0
0
0
0
0
0
0
0
0
0
0
0
0
0
0
0
0
0
0
0
0
0
0
0
0
0
0
0
0
0
0
0
0
0
0
0
0
0
0
0
0
0
-1.70369e-16
0
0
0
0
0
0
0
0
0
0
0
0
0
0
0
0
0
0
0
0
0
0
0
0
0
0
0
0
2.57642e-17
-1.21641e-16
0
0
0
0
0
0
0
0
0
0
0
0
0
0
0
0
0
0
0
0
0
0
0
0
0
0
0
0
0
0
0
0
0
0
0
0
0
0
0
0
0
0
0
0
0
0
-1.04556e-15
2.69057e-15
0
0
0
0
0
0
0
0
0
0
0
0
0
0
1.89036e-17
0
-5.29601e-12
9.35983e-13
0
0
0
0
0
0
0
0
0
0
0
0
0
0
0
0
0
0
0
0
0
0
0
0
0
0
0
0
0
0
-4.80978e-13
0
0
0
0
0
1.32967e-17
1.76547e-17
0
0
0
0
0
0
0
0
0
0
0
0
0
0
0
-1.63587e-12
0
0
0
0
0
0
0
0
0
0
0
0
0
0
0
0
0
0
0
0
0
0
0
0
0
0
0
0
0
0
0
0
0
0
0
0
0
0
0
0
0
0
0
0
0
0
0
0
0
0
0
0
0
0
0
0
0
0
0
0
0
0
0
0
0
0
0
5.33913e-15
0
0
0
0
0
0
0
0
3.66095e-15
6.45568e-17
0
0
0
0
0
0
0
0
0
0
0
0
0
0
0
0
0
0
0
0
0
0
0
0
0
0
0
0
0
0
0
0
0
0
0
-4.94228e-15
3.12834e-15
0
0
0
0
0
0
0
0
0
0
0
0
0
0
0
0
0
0
0
0
0
0
0
0
0
0
0
0
0
0
0
0
0
0
0
0
0
0
0
0
0
0
0
0
0
0
0
0
0
0
3.09258e-15
0
0
0
0
0
0
0
0
0
0
0
0
0
0
0
0
0
0
0
0
0
0
0
0
0
0
0
0
0
0
0
0
0
0
0
0
0
0
0
0
0
0
0
0
0
0
0
0
0
0
0
0
0
0
0
0
0
0
0
0
0
0
0
0
0
0
0
0
0
0
0
0
0
0
0
0
0
0
0
0
0
0
0
0
0
0
0
0
0
0
0
0
0
0
0
0
0
0
0
0
0
0
0
0
0
0
0
0
0
0
0
0
0
0
0
0
0
2.01546e-15
7.88164e-17
-8.99285e-17
0
0
0
0
0
0
0
0
0
0
0
0
0
0
0
0
0
0
0
0
0
0
0
0
0
0
0
0
0
0
0
0
0
0
0
0
0
0
0
0
0
0
0
0
0
0
0
0
0
0
0
0
0
0
0
0
0
0
0
0
0
0
0
0
0
0
0
0
0
0
0
0
0
0
0
0
0
-1.9222e-16
0
0
0
0
0
0
0
0
0
0
0
0
0
0
0
0
0
0
0
0
0
0
0
0
0
0
0
0
0
0
0
0
0
0
0
0
0
0
0
0
0
0
0
0
0
0
0
0
0
0
0
0
0
0
0
0
0
0
0
0
0
0
0
0
0
0
-1.63025e-14
0
0
0
0
0
0
0
0
0
0
0
0
-5.37303e-14
0
0
0
0
0
0
0
0
0
0
0
0
0
0
0
0
0
0
0
0
0
0
0
0
0
0
0
0
0
0
0
0
0
0
0
0
0
0
0
0
0
0
0
0
0
0
0
0
0
0
0
0
0
0
0
0
0
0
0
0
0
0
0
0
0
0
0
0
0
0
0
0
0
0
0
0
0
0
0
0
0
0
0
0
0
0
0
0
0
0
0
0
0
0
0
0
0
0
0
0
0
0
0
0
0
0
0
0
0
0
0
0
0
0
0
0
0
0
0
0
0
0
0
0
0
0
0
0
0
0
0
0
0
0
0
0
0
0
0
0
0
0
0
0
0
0
0
0
0
0
0
0
0
0
0
0
0
0
0
0
0
0
0
0
0
0
0
0
0
0
0
0
0
0
0
0
0
0
0
0
0
0
0
0
0
0
0
0
0
0
0
0
0
3.69124e-15
-1.16743e-15
0
0
0
0
0
0
-4.10323e-17
-5.03047e-31
0
0
0
0
0
0
0
0
0
0
0
0
0
0
0
0
0
0
0
0
1.20497e-15
0
0
0
0
0
0
0
0
0
0
0
0
0
0
0
0
0
0
0
0
0
-3.47986e-16
0
0
0
0
0
0
0
0
0
0
0
0
0
0
0
0
0
0
0
-3.3705e-17
-1.93069e-17
1.74924e-16
0
0
0
0
0
0
0
0
-3.16225e-16
0
0
0
0
0
0
0
0
0
0
0
0
0
0
0
0
0
0
0
0
0
0
0
0
0
0
0
0
0
0
0
0
0
0
0
0
0
0
0
0
0
0
0
0
0
0
0
0
0
0
0
0
0
0
0
0
0
0
0
0
0
0
3.27479e-16
0
0
0
0
0
0
0
0
0
0
0
0
0
0
0
0
0
0
0
0
0
0
-2.06231e-14
0
0
0
0
0
0
0
0
0
0
0
0
0
0
0
0
0
0
0
0
0
0
0
0
0
0
0
0
0
0
0
0
0
0
0
0
0
0
0
0
0
0
0
0
0
0
0
0
0
0
0
0
0
0
0
0
0
0
0
0
0
0
0
0
0
0
-6.41845e-16
0
0
0
0
0
0
0
0
0
0
0
0
0
0
0
0
0
0
0
0
0
0
0
0
0
0
0
0
-3.15871e-15
0
0
0
0
0
1.0334e-14
0
0
0
0
0
0
0
0
0
-1.31888e-16
0
0
0
0
0
-1.07635e-14
0
0
0
0
0
0
0
0
0
0
0
0
0
0
0
0
0
0
0
0
0
-1.93222e-16
3.2154e-16
0
0
0
0
0
0
0
0
0
0
0
0
0
0
0
-1.07802e-14
0
0
0
0
5.1535e-17
0
0
0
0
0
0
0
0
0
0
0
0
0
0
0
0
0
0
0
0
0
0
0
0
0
0
0
0
0
0
0
0
0
0
0
0
0
0
0
0
0
0
0
0
0
0
7.6975e-16
0
0
0
0
0
0
0
0
0
-2.51464e-15
0
0
0
0
0
0
0
0
0
0
0
-8.5509e-15
-5.30105e-14
0
0
0
0
0
3.3537e-14
2.27036e-14
0
0
0
0
0
0
0
0
0
0
0
1.08851e-16
0
0
0
0
0
0
0
0
0
0
0
0
0
0
0
0
0
0
0
0
0
0
0
0
0
0
0
0
0
0
0
0
0
0
0
0
0
0
0
0
0
0
0
0
0
0
0
0
0
-2.00239e-14
9.83889e-16
-4.22966e-16
0
0
0
0
0
0
0
0
0
0
0
0
0
0
0
0
0
0
0
0
0
0
0
0
0
0
0
0
0
0
0
0
0
0
0
0
0
0
0
0
0
0
0
0
0
0
0
0
0
0
0
0
0
0
9.21841e-15
-2.73066e-16
0
0
0
0
0
0
0
0
0
0
0
0
0
0
0
0
0
0
0
0
0
0
1.42937e-17
5.25501e-16
0
0
0
0
0
4.18566e-15
-6.0779e-17
-2.09683e-16
5.95617e-16
0
0
0
0
0
0
0
0
0
0
0
0
0
0
0
0
0
0
0
0
-4.78322e-14
0
0
0
0
0
0
0
0
0
0
0
0
0
0
0
0
0
0
0
0
0
0
0
0
0
0
0
0
0
0
0
0
0
0
0
0
0
0
0
0
0
0
0
0
0
0
0
0
0
0
0
0
0
0
0
0
0
0
0
0
0
0
0
0
0
0
0
0
0
0
-1.69029e-16
5.95078e-16
0
0
0
0
0
0
0
0
0
0
0
0
3.02716e-16
0
0
0
0
0
0
0
0
0
0
0
0
0
0
0
-5.62939e-16
0
0
0
0
0
0
0
0
0
0
0
0
0
0
0
-2.89753e-16
0
0
0
0
0
0
0
0
0
0
0
0
0
0
1.15153e-15
0
-7.91056e-15
0
0
0
0
0
0
0
0
0
0
0
0
0
0
0
0
0
0
-4.72182e-08
5.25678e-08
-5.22874e-08
5.01844e-08
-5.2692e-08
0
0
0
0
0
0
-3.26308e-17
7.03438e-17
0
0
0
0
0
0
0
0
0
0
0
0
0
0
0
0
0
0
0
0
4.66113e-08
-4.41963e-08
0
0
0
0
0
0
0
0
0
0
0
0
0
0
5.17317e-08
-4.655e-08
0
0
0
0
0
0
0
0
0
0
0
0
0
-2.25724e-08
-1.43581e-08
-1.63527e-08
-2.40252e-08
-3.13436e-08
-2.21266e-08
-3.15237e-08
-1.15084e-08
-2.22241e-08
-2.91898e-08
-2.54939e-08
-2.11093e-08
-3.03161e-08
-1.90004e-08
0
0
0
0
0
0
1.824e-17
-3.47635e-14
0
0
0
0
0
0
0
0
0
0
0
0
0
0
0
0
-5.05121e-16
-7.8458e-16
0
0
0
0
0
0
0
0
-8.41556e-16
-1.29346e-16
0
0
0
0
0
0
0
0
0
0
0
0
0
0
0
0
0
0
0
0
0
0
0
0
0
0
0
0
0
0
0
0
0
0
0
0
0
0
0
0
0
0
0
0
0
0
0
0
0
0
0
0
0
0
0
0
0
0
0
0
0
0
0
0
0
0
0
0
0
0
0
0
0
0
0
0
0
0
0
0
0
0
0
0
0
0
0
0
0
0
0
0
3.27602e-17
9.14324e-17
0
0
0
0
0
0
0
0
0
0
0
0
0
0
0
0
0
-3.58877e-16
0
0
0
0
0
0
0
0
0
0
0
0
0
0
0
-1.17597e-14
2.0821e-15
0
-1.96795e-12
-7.60451e-16
0
0
0
0
0
0
0
0
0
0
0
0
0
0
0
0
0
0
2.82497e-16
-7.79319e-15
0
0
0
0
0
0
0
0
0
0
0
0
0
0
9.94394e-31
-1.43489e-14
0
0
0
0
0
0
0
0
0
4.25518e-16
0
0
3.84706e-16
-7.96492e-16
2.53032e-16
-1.20409e-16
0
0
7.14883e-16
0
0
0
0
1.09177e-16
-9.04396e-15
0
0
0
0
0
0
0
0
0
0
-5.85984e-18
3.2176e-16
0
0
0
0
0
0
0
0
0
1.56755e-16
-5.76038e-16
0
0
0
0
0
0
0
0
0
-9.93884e-17
4.89175e-17
-1.24649e-15
-2.2907e-08
-1.47131e-08
1.45468e-16
0
0
0
0
0
0
8.27539e-16
0
0
0
0
0
0
0
0
0
0
0
0
0
0
0
0
0
0
0
0
0
0
7.63558e-17
3.69775e-16
0
0
1.63533e-14
-1.91581e-14
0
0
0
-1.21485e-08
-3.02136e-08
-2.43963e-08
-1.66676e-08
1.36705e-16
0
0
0
0
0
0
0
0
0
0
0
0
0
0
0
0
0
0
0
0
0
0
0
0
0
0
0
0
0
0
-3.42659e-17
0
0
0
0
0
0
0
-1.80251e-08
-2.1713e-08
0
0
0
0
0
0
0
0
-1.43974e-15
-2.20298e-08
-2.39059e-08
0
0
0
0
0
0
0
0
0
-1.40444e-15
0
0
0
0
0
0
0
0
0
0
1.37259e-16
0
0
0
0
0
0
0
0
0
-1.5961e-16
-7.3294e-15
-3.18031e-17
0
0
0
0
-2.95086e-08
-2.25947e-08
0
0
0
0
0
0
0
0
0
0
0
0
0
-2.08496e-08
-2.78068e-08
0
0
0
0
0
0
0
0
0
0
-1.31435e-16
-1.3493e-16
0
0
0
-1.67695e-08
-2.22395e-08
0
0
0
0
0
0
0
0
0
0
0
-3.97188e-16
0
-5.00483e-16
1.45799e-15
8.62891e-17
0
0
0
0
0
0
0
0
0
0
0
0
0
0
0
0
0
0
0
0
0
0
0
0
0
0
0
0
0
0
0
0
0
0
0
0
0
0
0
0
0
0
0
0
0
0
0
0
0
0
0
0
0
0
0
0
0
0
0
0
0
0
0
0
0
0
0
-2.64578e-08
-1.18138e-08
0
0
-4.86315e-08
4.82797e-08
0
0
0
0
0
0
0
0
0
0
0
0
0
0
0
0
0
0
-5.01004e-08
5.18533e-08
0
0
0
0
0
0
0
0
0
0
0
0
2.04019e-14
0
0
0
0
0
0
0
0
-9.41402e-15
0
0
0
0
0
0
0
0
0
0
0
0
0
0
0
0
0
0
0
0
0
0
0
0
0
0
0
0
0
0
-1.57273e-08
-2.60064e-08
0
0
0
0
0
0
0
0
0
0
0
0
0
0
0
0
0
0
0
0
0
0
0
0
0
0
0
0
0
0
0
-1.01885e-15
0
0
0
0
0
0
0
0
0
0
0
0
0
0
0
0
0
0
0
0
0
0
0
0
0
0
0
-2.19878e-16
0
0
0
0
0
0
0
0
0
0
0
0
0
0
0
0
0
0
0
0
0
0
0
0
0
0
0
0
0
0
0
0
0
0
0
0
0
0
0
-5.10059e-08
4.79166e-08
4.48768e-08
-4.93581e-08
6.19166e-16
0
0
0
0
0
2.81063e-17
-5.3464e-17
0
0
0
0
0
0
0
0
0
0
0
0
0
0
0
0
0
0
5.6239e-08
-5.31504e-08
0
0
0
0
0
0
0
-2.36296e-08
-2.16431e-08
0
-4.75591e-08
5.20712e-08
0
0
0
0
0
0
0
0
0
0
0
0
0
0
0
-7.50148e-15
0
0
0
0
0
0
0
-2.68351e-16
0
0
0
0
0
0
0
0
0
0
0
0
0
0
-5.06363e-16
3.05931e-16
0
0
0
0
0
0
0
0
0
0
0
0
0
0
0
0
0
0
0
0
0
0
6.96631e-15
0
0
0
0
0
0
0
0
0
0
0
0
0
0
0
0
0
0
0
0
0
0
0
0
0
0
0
0
0
0
0
0
-2.36153e-08
-2.91909e-08
0
0
0
0
-1.73813e-15
0
0
0
0
0
7.87094e-17
0
0
0
0
0
0
0
0
0
0
0
0
-2.16897e-16
0
0
0
0
0
0
0
0
0
0
0
0
0
-2.32073e-08
-2.47939e-08
0
0
0
0
0
0
0
0
0
0
0
0
0
0
0
0
0
0
0
0
0
0
0
0
0
0
0
0
0
0
0
0
0
0
0
0
0
0
-1.08763e-16
2.50258e-16
0
0
0
0
0
0
0
0
0
0
1.51973e-16
1.39573e-15
0
0
0
0
0
0
0
0
0
-1.44152e-16
2.98875e-16
1.02428e-16
-2.9584e-17
0
0
0
0
0
-2.7576e-15
0
0
0
0
0
0
0
0
0
0
0
0
9.00253e-17
-7.21495e-15
0
0
0
0
0
0
0
0
0
0
7.86983e-15
-2.99538e-16
0
0
0
0
0
0
0
0
0
0
0
0
0
0
0
0
0
0
0
0
0
0
0
0
0
0
0
0
0
0
0
0
0
-2.12665e-16
1.2616e-16
-3.28659e-17
-1.5065e-15
0
0
0
0
0
0
0
0
0
0
0
7.9209e-17
-1.05785e-13
-1.38864e-15
-1.14028e-16
2.91488e-17
0
0
0
0
0
8.29339e-15
0
0
0
0
0
0
-4.92385e-16
-3.68049e-16
0
0
0
0
0
0
0
0
0
0
0
0
0
0
0
0
0
0
0
0
0
0
0
0
0
0
0
0
0
0
0
-6.78644e-15
-2.61904e-14
0
0
0
0
-4.7908e-08
4.68449e-08
0
0
0
0
0
0
0
0
0
0
0
0
1.73582e-16
0
0
0
0
0
0
0
6.79765e-17
-6.26572e-17
9.94394e-31
0
0
0
0
0
0
0
0
0
0
0
0
0
0
3.92461e-17
0
0
0
0
0
0
0
0
0
0
0
0
0
0
0
0
0
0
0
0
0
0
0
0
0
0
-5.1885e-17
1.4572e-16
0
-6.7423e-17
0
0
0
-1.0977e-15
0
0
0
0
2.31837e-14
0
0
0
0
0
0
0
0
0
0
0
0
0
0
-1.29447e-15
0
0
0
0
8.04043e-15
-4.95946e-16
0
0
0
0
0
0
0
0
0
0
0
0
0
0
0
5.10793e-08
-4.52309e-08
0
-2.56456e-15
0
2.68434e-15
0
0
0
0
0
0
0
0
0
0
0
0
0
0
0
0
0
0
0
0
0
0
0
0
0
0
0
0
0
1.59172e-17
0
0
0
0
2.59006e-17
-8.63829e-17
0
0
0
0
0
0
0
0
0
0
0
0
0
0
0
0
0
0
0
0
0
0
0
0
0
0
0
0
0
0
0
0
0
0
0
0
0
0
0
0
0
0
0
0
0
0
0
0
0
0
0
-1.11247e-16
1.64539e-15
0
0
0
0
0
-3.7879e-17
0
4.01258e-15
0
0
0
0
0
0
0
0
0
0
0
0
0
0
0
0
0
-5.00252e-08
4.62421e-08
0
0
0
0
0
0
0
0
0
0
0
0
0
0
0
0
0
0
0
0
0
0
0
0
0
0
-3.05625e-15
2.68116e-17
2.22918e-16
0
0
0
0
0
0
0
0
0
0
4.82828e-08
-4.4504e-08
0
0
0
0
0
0
0
0
1.98342e-15
0
8.7425e-16
0
0
0
0
0
0
0
0
0
0
0
0
0
0
0
0
0
0
0
0
0
0
0
0
0
0
0
0
0
-1.53992e-16
-2.90767e-15
1.86029e-16
0
0
0
0
0
0
0
0
0
0
0
0
0
0
0
0
1.07402e-14
7.09708e-15
0
0
-2.55748e-16
-1.67154e-15
0
0
0
0
0
0
0
0
0
0
0
0
0
0
0
0
0
0
0
0
0
0
-2.9722e-15
1.33904e-16
-2.15283e-16
0
-2.73275e-17
0
1.3728e-15
0
0
0
-8.9654e-16
0
0
0
0
0
0
0
0
0
0
0
-5.04612e-12
6.67569e-13
0
0
0
0
2.89423e-16
-4.32665e-16
0
0
0
0
0
0
0
0
0
0
0
0
0
-5.19325e-16
0
0
0
0
0
0
0
0
0
-2.83455e-16
2.13193e-16
0
6.34418e-13
0
0
0
0
0
0
0
0
0
0
0
0
0
0
0
0
0
0
0
0
0
0
0
0
9.92137e-13
-6.41362e-16
0
0
0
0
0
0
0
0
0
0
0
0
2.56493e-16
2.31258e-16
1.01512e-17
0
0
0
0
0
0
0
0
0
0
0
0
0
0
0
0
0
0
0
0
0
0
1.39282e-12
0
1.31993e-12
0
0
0
0
0
0
0
0
0
0
0
0
0
0
0
0
0
0
0
0
2.03519e-18
-1.56141e-12
-6.96421e-13
0
0
0
0
0
0
0
0
0
0
0
0
0
0
0
0
0
0
0
1.20784e-12
0
0
0
0
0
0
0
0
0
0
0
0
0
0
0
0
0
0
0
0
0
0
0
0
-3.46146e-16
0
2.38619e-16
0
0
0
0
0
0
0
0
6.88288e-16
0
0
0
5.73524e-12
0
0
0
0
0
0
0
0
0
0
0
0
0
0
0
1.55422e-16
5.97409e-15
0
0
-5.44705e-16
0
0
0
0
0
5.41888e-12
0
0
0
0
0
0
0
0
4.59234e-16
0
0
0
-1.83176e-16
2.76311e-15
0
0
0
0
0
0
0
0
0
0
0
0
-7.55882e-16
0
0
0
0
0
0
0
0
0
0
0
0
0
0
0
0
0
0
0
0
0
0
0
0
0
0
0
0
0
6.51371e-12
0
0
-8.60509e-16
0
0
0
0
0
0
0
0
0
0
0
0
0
0
-3.19648e-16
1.02291e-16
0
0
0
0
0
0
0
0
0
0
0
0
0
0
0
0
0
0
0
0
0
0
0
0
0
0
1.96182e-15
0
0
0
0
0
-1.53475e-15
0
0
0
0
0
0
0
0
0
0
0
0
0
0
2.84135e-17
-5.62789e-17
0
0
0
0
0
0
0
0
0
0
0
0
8.05176e-13
0
0
0
0
0
0
0
0
0
0
0
0
0
0
0
0
0
0
0
0
0
0
0
0
0
0
0
0
0
0
0
0
0
0
0
0
0
0
0
0
-5.80302e-17
0
0
0
0
0
0
0
0
0
0
0
0
0
0
0
2.94504e-13
8.18423e-13
0
0
0
0
0
0
-3.21011e-17
0
0
0
-7.93956e-30
0
0
0
0
0
2.37223e-16
0
0
0
0
1.52023e-16
-1.12947e-16
0
0
0
0
0
0
-3.03733e-08
-2.37995e-08
0
0
0
0
0
0
0
0
0
0
0
0
-2.36937e-15
0
5.17595e-08
-4.52314e-08
0
0
0
0
0
0
0
0
0
0
0
-1.81842e-15
0
0
0
0
0
0
0
0
0
0
0
0
0
0
0
0
0
0
4.28487e-17
0
0
-3.27405e-16
4.2474e-16
0
0
0
0
0
0
0
0
0
0
0
0
0
0
0
0
0
0
0
0
-6.99662e-17
-3.98087e-15
2.80011e-16
0
0
0
0
0
0
0
0
0
0
0
0
1.70776e-16
0
0
0
0
0
0
0
0
0
0
0
0
0
0
0
0
0
0
0
0
0
3.96036e-15
3.65948e-15
5.86556e-12
0
0
0
0
0
0
0
0
0
0
0
-1.91968e-15
0
0
0
0
0
0
0
0
0
0
0
1.65697e-12
0
0
7.54638e-17
0
0
0
0
0
0
0
-9.90341e-17
0
0
0
0
0
2.11711e-15
1.79661e-16
0
0
0
0
0
0
0
0
0
-6.4016e-17
0
0
4.92757e-17
0
0
0
0
0
0
0
0
0
0
0
0
0
0
0
0
1.424e-16
0
0
0
9.22409e-16
-4.07332e-15
0
0
0
0
0
0
0
1.46616e-15
0
0
0
0
0
2.22054e-16
-1.59585e-15
-1.14215e-16
0
0
0
0
0
0
0
5.64716e-16
0
0
-1.73659e-15
0
0
0
0
1.55336e-16
0
0
5.26268e-16
0
-5.23472e-16
0
0
0
0
0
0
0
1.1304e-16
0
0
0
0
0
7.96211e-17
0
0
0
0
0
0
0
0
0
0
0
5.60023e-17
1.24444e-16
0
0
0
0
0
0
0
0
0
0
0
0
0
0
0
0
0
0
0
0
0
0
0
0
4.47885e-16
0
0
0
0
0
0
0
0
0
0
0
0
0
0
0
0
0
0
1.2354e-16
-1.62419e-15
0
0
-2.12258e-08
-2.94876e-08
0
-2.76698e-15
5.03047e-31
2.78662e-17
1.51936e-15
-7.70137e-15
0
0
0
0
0
0
-3.0589e-08
0
0
0
0
0
0
0
0
0
0
0
0
0
0
0
0
-8.34262e-16
7.84609e-15
0
1.12836e-16
-1.54428e-16
0
0
0
0
0
0
-3.13399e-18
0
0
5.54009e-15
0
-7.26271e-15
7.05378e-15
0
0
0
0
0
0
0
0
0
0
0
0
0
0
2.65244e-15
0
0
0
0
2.75735e-15
2.89356e-15
0
6.60993e-15
-1.59717e-29
0
0
0
0
0
0
-4.92857e-12
0
0
0
0
-1.8603e-16
0
0
0
0
0
0
0
0
0
0
0
0
-2.93638e-16
0
0
0
-1.67898e-16
0
0
0
0
0
0
0
0
0
0
1.14472e-12
0
0
0
0
1.85678e-15
1.81446e-16
0
0
0
9.22448e-17
-2.86287e-16
0
1.12094e-16
0
0
0
0
0
0
4.2542e-16
-8.56344e-16
0
0
-2.10084e-15
-2.73567e-15
0
0
0
0
0
0
0
0
0
0
0
0
0
0
0
3.48362e-16
0
0
1.72895e-12
0
0
1.28966e-15
0
0
0
0
-4.25357e-16
-7.98683e-16
0
0
0
0
0
0
0
0
0
0
0
0
0
0
0
0
0
0
0
0
0
0
0
0
0
0
0
-5.03047e-31
0
0
6.53473e-17
0
0
0
0
0
0
0
-2.88529e-16
5.12234e-12
0
0
0
0
0
0
0
0
0
0
0
0
3.60021e-13
-1.33216e-12
4.94956e-13
1.96501e-13
0
0
0
0
0
0
5.03449e-12
0
0
0
0
0
0
0
0
0
0
0
0
0
0
0
0
0
-2.68937e-14
3.16897e-08
-1.00024e-30
-3.11984e-15
0
0
0
4.23501e-15
1.12166e-15
0
0
0
0
0
0
0
0
0
0
0
0
0
0
0
0
0
0
0
0
0
0
0
0
2.1885e-16
1.17751e-15
0
0
0
0
0
0
0
-1.12957e-13
6.12736e-16
0
0
0
0
0
0
0
0
0
0
0
0
0
0
0
0
0
0
0
0
0
0
0
0
0
0
0
0
0
0
0
0
0
0
2.63388e-16
0
2.26809e-15
0
0
0
0
0
0
0
0
0
0
0
0
0
-8.14759e-17
1.50296e-15
0
0
1.52878e-15
-1.47326e-15
0
0
0
0
0
0
0
-1.83024e-08
-3.10611e-15
8.65866e-16
1.47595e-14
0
0
0
0
0
0
0
0
0
0
0
0
0
0
0
0
0
0
0
3.95459e-16
0
0
2.71148e-16
0
0
0
0
3.2004e-13
0
0
0
0
0
0
-7.75048e-16
0
0
0
0
0
0
0
0
0
0
0
0
0
0
0
0
0
0
0
0
0
0
0
0
0
1.17977e-16
0
0
0
0
0
0
0
0
0
0
0
0
0
3.04947e-15
-3.55522e-15
2.16834e-14
-6.84526e-15
0
0
0
0
0
1.21722e-16
0
0
0
0
0
0
0
0
8.63037e-16
0
0
0
0
0
0
0
0
-1.99377e-15
0
-1.38962e-15
2.97348e-15
1.08616e-15
0
0
0
0
0
0
0
0
0
0
0
0
0
4.21463e-17
4.20058e-17
0
0
0
0
0
0
0
0
0
0
0
0
0
0
0
0
0
0
0
0
0
0
0
0
0
0
0
0
0
0
0
0
0
0
0
0
1.46094e-16
0
0
0
0
0
5.21876e-17
0
0
0
0
0
0
0
0
0
0
0
0
0
0
0
0
-2.94159e-12
6.56758e-13
0
0
0
0
0
0
0
0
4.69758e-16
1.51862e-15
5.09022e-18
2.14338e-17
0
0
0
0
-7.61297e-18
0
0
0
0
0
0
0
0
0
0
-1.52516e-16
0
0
0
0
0
0
0
0
0
0
0
0
0
0
0
0
0
0
0
0
0
-2.77715e-17
0
0
0
0
0
0
0
0
0
0
-1.28757e-17
0
0
0
0
0
-1.57576e-12
1.93294e-13
0
0
0
0
0
0
0
0
0
-4.24287e-16
0
0
0
0
0
0
0
0
0
0
0
0
0
0
0
0
0
0
0
0
0
0
0
0
0
0
0
0
4.71883e-12
0
0
0
0
0
0
0
0
0
0
0
0
0
0
0
0
0
0
0
-1.62856e-12
0
0
0
0
0
0
0
0
0
0
0
0
0
0
0
0
-7.88259e-17
0
0
0
0
0
0
0
0
0
0
1.02153e-12
0
0
0
0
3.0536e-16
1.66818e-15
1.08291e-15
4.35519e-16
0
0
0
0
0
0
0
0
0
0
0
0
0
0
0
0
2.61291e-16
0
0
0
6.37731e-16
0
-2.01789e-12
0
0
0
0
0
0
0
0
0
0
0
0
0
0
0
0
0
0
0
0
0
0
0
0
0
0
2.01461e-15
1.91483e-15
0
0
0
0
0
1.68367e-15
0
0
0
0
0
0
0
0
1.77359e-17
1.52048e-15
0
0
0
0
0
-5.04311e-16
0
0
0
0
0
0
0
0
0
0
0
0
9.58115e-17
-3.38044e-16
0
0
0
0
0
0
0
0
0
0
0
0
0
0
0
0
0
0
0
0
0
0
0
0
0
0
0
0
0
0
0
0
0
0
0
0
0
4.78371e-17
0
0
0
-3.21105e-15
0
0
0
0
0
0
0
0
0
0
0
0
0
0
0
0
0
0
0
0
0
0
-1.03234e-16
0
0
0
0
0
0
2.09043e-15
0
-6.25705e-16
0
0
0
0
0
0
0
0
0
0
0
-2.50594e-16
0
0
0
0
0
0
0
0
0
0
0
0
0
0
0
0
0
0
0
0
0
0
0
0
0
0
0
0
0
0
0
0
0
0
0
0
0
0
0
0
0
0
0
0
0
0
-5.50771e-16
0
0
0
0
0
0
2.08321e-12
0
0
0
0
0
0
0
0
0
0
0
0
0
0
0
0
0
0
0
0
0
0
0
0
0
0
0
0
0
0
0
0
0
0
7.4872e-31
0
0
0
0
0
0
0
0
0
0
0
0
0
0
0
-2.00572e-17
0
0
0
0
0
0
0
-3.82388e-17
0
0
0
0
0
0
0
0
0
0
0
0
0
0
0
0
0
0
0
0
0
0
0
0
0
0
-1.00589e-15
0
0
0
0
0
0
0
0
0
0
0
0
0
0
0
0
0
0
0
0
0
0
0
0
0
0
0
0
0
0
0
-1.1708e-16
0
0
1.26945e-16
-4.69616e-13
0
0
0
0
0
-6.50387e-16
0
0
0
0
-1.3423e-16
0
0
0
0
0
0
0
0
0
0
0
0
0
0
0
0
0
0
0
0
0
0
0
0
0
0
0
0
0
0
0
0
0
0
0
0
0
0
0
0
0
0
0
0
0
0
0
0
0
0
0
0
0
0
7.2063e-15
0
0
0
0
-1.08748e-16
0
0
0
0
0
0
0
0
0
-3.66002e-15
0
0
0
0
0
0
0
0
0
0
0
0
0
0
0
0
0
0
0
0
0
0
0
0
0
0
0
0
0
0
0
0
0
0
0
0
0
0
0
0
0
0
0
0
0
0
0
0
1.67846e-15
0
0
0
0
0
6.9614e-16
0
0
0
0
0
1.05196e-15
-1.02989e-15
-1.95788e-12
2.29764e-17
0
0
0
0
0
0
0
0
0
0
0
0
0
0
0
0
0
0
0
0
0
0
0
0
0
0
0
0
0
-2.14391e-14
4.12216e-14
0
0
0
2.48379e-08
0
0
0
0
0
0
0
0
0
0
0
0
0
0
0
0
0
0
0
0
0
0
0
0
0
0
0
-1.69365e-15
0
0
0
0
8.9085e-17
2.83129e-15
1.38541e-15
0
0
0
0
0
0
0
0
0
0
0
0
0
6.8828e-15
0
0
0
0
0
0
-6.05148e-16
2.17932e-15
0
0
0
0
0
0
4.67429e-13
0
0
0
0
0
0
0
0
0
0
0
0
0
0
0
0
0
0
0
0
0
0
0
0
0
0
0
0
-1.48988e-16
0
0
0
0
2.30991e-17
0
0
0
4.98502e-15
0
0
0
0
0
0
0
0
0
1.0975e-16
0
0
0
0
1.29576e-16
1.55458e-16
0
0
0
0
0
0
0
0
0
0
0
0
0
0
0
0
0
0
0
0
2.24642e-08
-4.9866e-31
0
0
0
0
-1.58127e-16
-4.36891e-16
1.74867e-15
7.98365e-15
0
0
0
0
0
0
0
1.86106e-16
0
0
0
0
0
0
0
0
0
3.08184e-16
0
0
0
0
0
0
0
0
0
0
0
0
0
0
0
0
0
0
0
0
0
0
0
0
0
0
0
3.20261e-15
0
0
9.12527e-17
2.10353e-16
0
0
0
2.5099e-08
5.50952e-16
0
0
0
0
0
0
0
0
0
-5.78704e-12
0
0
0
0
2.45874e-16
0
0
0
0
0
-1.63163e-16
0
0
2.4916e-08
0
0
0
2.91118e-15
0
0
0
0
0
0
0
0
0
-4.64416e-17
0
0
0
0
0
0
0
0
0
0
0
0
0
0
0
0
-2.37933e-16
-7.88377e-16
0
0
0
-4.58417e-17
0
0
0
0
1.98881e-16
0
0
0
0
0
-5.64546e-16
-8.74957e-17
0
0
0
0
-4.34543e-17
0
0
0
0
-1.12057e-16
1.40355e-15
0
0
-3.68166e-08
0
0
0
-3.45907e-08
0
0
0
1.4553e-15
0
0
0
0
0
0
0
0
0
0
0
0
0
0
0
0
0
0
2.19654e-17
0
0
0
-1.47567e-16
9.07968e-16
3.35321e-17
0
0
0
0
-1.55636e-16
0
0
0
0
0
-2.25532e-16
0
0
0
0
0
-1.63568e-16
0
0
0
0
0
0
0
0
0
0
0
0
0
0
0
3.5802e-08
0
0
0
0
0
0
0
0
0
0
0
0
0
0
0
0
0
0
-6.96739e-17
0
0
0
0
0
0
0
5.70813e-16
0
2.25178e-16
0
0
0
0
-2.92399e-16
0
0
0
0
0
0
0
0
5.6086e-17
0
0
0
0
0
0
0
0
0
0
0
0
0
0
0
0
0
0
0
0
0
0
0
0
0
0
0
0
3.63353e-08
0
0
0
0
0
0
0
0
0
0
0
0
0
0
0
0
0
0
0
0
-3.94185e-17
0
0
0
0
0
0
0
0
0
0
2.3587e-16
0
0
0
0
0
0
0
0
0
0
0
0
0
0
0
0
0
8.02412e-16
-6.31359e-16
0
0
0
0
0
0
0
0
3.41925e-13
4.2053e-17
0
0
0
0
0
0
0
0
0
0
0
0
0
0
0
0
0
0
0
0
0
0
-4.09151e-16
-2.05018e-16
0
0
0
0
0
0
0
0
0
0
0
0
0
0
0
0
0
0
0
0
0
0
0
0
0
0
-9.48775e-17
0
0
0
0
0
0
0
0
0
0
0
0
0
0
0
0
0
0
0
0
2.01219e-30
0
-1.58861e-15
-1.68219e-15
0
0
0
0
0
0
0
0
0
0
0
0
0
0
0
0
0
0
6.20401e-15
-2.71427e-17
0
0
0
0
0
0
0
1.41837e-16
0
0
0
0
0
0
0
0
-1.73493e-15
0
0
0
-2.49513e-31
0
0
0
0
0
0
0
0
0
0
0
0
0
0
0
0
0
0
0
0
0
0
1.5987e-16
0
0
0
0
0
0
0
0
0
0
0
0
0
0
0
0
0
0
0
0
0
0
4.12747e-15
2.26899e-15
0
0
1.40867e-15
0
0
0
0
0
0
0
0
0
0
0
0
0
0
0
0
0
0
0
0
0
0
0
0
0
6.66302e-16
0
0
0
0
0
0
0
0
0
0
-2.56278e-17
7.23364e-17
0
0
-2.9362e-17
0
0
0
0
0
0
0
0
0
0
0
0
0
0
0
0
0
0
0
0
0
0
0
0
0
-1.1928e-16
0
0
0
0
0
0
0
4.86983e-16
0
0
0
0
0
0
0
0
0
0
0
0
0
0
0
0
0
0
0
0
0
0
0
0
3.4968e-17
0
0
0
0
0
0
0
0
0
0
-1.57647e-15
0
0
0
0
0
0
0
1.00241e-16
0
0
0
0
0
0
0
0
0
0
0
0
0
0
0
0
0
0
0
0
0
0
0
0
0
0
0
0
0
0
0
0
0
0
0
0
0
0
0
0
0
0
0
0
3.18461e-16
0
0
0
0
0
0
0
0
0
0
0
0
0
0
0
0
0
0
6.30831e-17
0
0
0
9.60895e-17
0
0
0
0
0
0
0
0
-6.2155e-16
0
0
0
0
0
0
0
-5.97214e-17
0
0
0
0
0
0
0
0
-2.39424e-16
0
0
0
-1.81961e-15
-5.21698e-15
0
0
0
0
-4.88543e-15
0
0
0
0
0
0
0
0
1.46805e-15
0
0
0
0
2.23154e-16
-1.43781e-15
0
0
0
3.37011e-15
0
0
0
0
0
0
-7.91156e-15
0
0
0
0
0
0
0
-1.06978e-14
0
0
0
0
0
0
0
0
0
0
0
0
0
0
0
0
0
0
0
-1.96889e-08
0
0
-5.03615e-13
0
0
0
0
0
-5.72647e-17
0
0
0
0
0
0
0
0
0
0
0
0
0
0
0
0
0
0
0
0
0
0
0
0
0
0
0
3.4544e-16
0
0
0
0
0
0
0
-1.46035e-16
7.39615e-17
0
0
0
0
0
0
0
0
0
0
0
0
0
0
0
0
0
0
0
0
0
0
0
0
-5.26229e-17
0
0
0
0
0
0
0
0
0
0
0
0
0
0
0
0
0
-1.29456e-12
0
0
0
0
0
0
0
0
0
0
0
0
0
0
0
4.38181e-16
0
0
0
0
0
0
-4.10132e-16
0
0
0
0
0
0
0
0
0
0
0
0
0
0
0
-1.87105e-08
0
0
0
0
0
0
-2.52351e-15
0
0
0
0
0
0
0
-9.96184e-17
0
4.2628e-16
0
0
0
0
0
0
0
0
0
0
0
0
0
0
0
0
0
0
-1.40288e-15
0
0
0
0
0
0
0
-2.72391e-16
-5.13149e-16
0
0
0
8.19307e-16
0
0
0
0
0
0
0
0
0
0
0
0
0
0
0
0
0
0
0
0
0
0
0
0
1.86294e-15
0
0
0
0
0
0
0
0
0
1.28317e-12
0
0
0
0
0
0
0
0
-8.2289e-17
0
0
0
0
0
0
0
0
0
0
0
0
0
0
0
0
0
0
0
0
0
-5.47268e-17
0
0
0
0
0
0
0
0
0
0
0
0
0
0
0
0
0
0
0
0
0
0
0
0
0
-5.44662e-17
0
0
0
0
0
0
0
0
-3.32007e-15
3.20933e-15
0
0
0
0
0
0
0
0
0
0
0
0
0
0
0
0
0
0
0
0
0
0
0
0
0
0
0
2.64937e-13
2.31215e-13
0
0
0
0
0
0
-1.28897e-16
0
0
-5.62491e-14
-3.47441e-14
0
0
0
0
0
2.6346e-13
0
0
-1.09514e-16
-5.64514e-16
2.44154e-17
0
0
0
0
0
0
0
0
0
0
-1.35376e-16
0
0
0
0
0
0
0
0
0
0
0
0
0
0
0
0
0
0
0
0
0
0
0
0
0
0
0
0
0
0
0
0
0
0
0
0
-1.26701e-15
0
0
0
0
0
0
0
0
0
0
0
0
0
0
0
0
0
0
0
-2.5052e-15
0
0
0
0
0
0
0
0
0
0
0
0
0
0
0
0
0
0
0
0
0
0
0
0
0
0
0
0
0
0
0
0
0
0
0
0
0
0
1.67508e-13
0
0
-2.33134e-13
0
0
0
0
3.38044e-17
0
0
0
0
0
0
0
0
0
0
0
2.13767e-13
0
0
0
0
0
1.01512e-12
0
0
0
0
0
0
0
-2.26253e-17
5.06564e-16
0
0
4.42741e-16
-3.0405e-16
0
8.85867e-14
2.60894e-16
0
0
0
1.15179e-12
0
0
0
0
0
0
0
0
0
0
0
0
0
1.93193e-15
0
0
0
)
;

boundaryField
{
    frontback
    {
        type            empty;
        value           nonuniform List<scalar> 0();
    }
    topbottom
    {
        type            calculated;
        value           uniform 0;
    }
    outlet
    {
        type            calculated;
        value           uniform 0;
    }
    inlet
    {
        type            calculated;
        value           nonuniform List<scalar> 0();
    }
    walls
    {
        type            calculated;
        value           nonuniform List<scalar> 
45
(
1.03456e-08
-6.8971e-10
4.82797e-09
-4.82797e-09
-1.03456e-08
7.3799e-08
8.06961e-08
1.06905e-07
8.62137e-08
1.02767e-07
9.31108e-08
9.86285e-08
7.51784e-08
8.48343e-08
8.20755e-08
7.93166e-08
9.17314e-08
1.04146e-07
9.72491e-08
7.79372e-08
7.65578e-08
6.8971e-10
-3.44855e-09
8.34549e-08
6.20739e-09
8.96623e-09
-6.20739e-09
9.0352e-08
-8.96623e-09
1.05526e-07
9.58697e-08
2.06913e-09
-1.17251e-08
7.58681e-09
-7.58681e-09
1.08284e-07
-1.31045e-08
1.01387e-07
1.09664e-07
1.00008e-07
9.44903e-08
8.89726e-08
8.75932e-08
-2.06913e-09
3.44855e-09
)
;
    }
    procBoundary3to1
    {
        type            processor;
        value           nonuniform List<scalar> 
205
(
6.86672e-08
0
0
6.39456e-16
-9.72576e-16
-1.86135e-15
0
1.44859e-15
0
0
0
0
0
-4.89059e-16
0
0
0
0
2.90036e-14
0
0
0
0
0
-3.28002e-15
-4.54953e-16
0
0
0
0
0
0
0
0
0
0
0
0
0
0
0
0
0
0
3.78173e-16
0
0
0
0
0
0
0
0
1.36444e-16
7.9253e-17
1.97048e-16
9.91699e-15
0
0
0
0
0
0
0
0
0
0
0
0
0
0
0
-7.86796e-15
0
0
0
0
0
0
0
0
0
0
0
-5.2263e-16
0
0
0
2.48701e-15
0
0
0
0
0
0
0
0
4.14592e-16
-3.10918e-16
0
-1.25264e-15
0
0
0
0
0
0
-1.76637e-15
0
0
0
0
-5.88615e-16
0
0
0
0
0
0
0
0
0
0
0
0
0
0
0
0
0
0
0
0
-5.93861e-16
0
0
0
0
0
0
0
0
0
0
0
0
0
0
0
0
0
0
0
0
0
0
0
0
-1.73532e-15
0
0
0
0
0
0
0
0
0
0
0
4.09616e-16
2.33125e-15
0
-4.13407e-16
0
0
1.19906e-16
0
0
0
0
0
0
0
0
-2.34142e-16
0
0
0
-6.69629e-15
7.64115e-15
-1.77038e-14
0
-1.35411e-16
0
0
0
7.61146e-13
0
0
0
0
0
7.78948e-15
0
)
;
    }
    procBoundary3to2
    {
        type            processor;
        value           nonuniform List<scalar> 
99
(
0
0
5.81726e-13
0
0
0
0
0
0
0
0
0
0
0
0
0
0
0
0
0
0
0
0
0
0
0
0
0
0
0
0
0
0
0
4.40838e-16
0
0
0
0
0
0
0
0
0
0
0
0
0
0
0
0
0
0
0
0
0
0
0
0
0
0
0
0
0
0
0
0
0
0
1.50751e-08
0
0
0
0
0
0
0
0
0
0
0
0
0
0
0
0
0
0
0
0
0
0
0
0
0
0
0
0
0
)
;
    }
}


// ************************************************************************* //
