/*--------------------------------*- C++ -*----------------------------------*\
| =========                 |                                                 |
| \\      /  F ield         | OpenFOAM: The Open Source CFD Toolbox           |
|  \\    /   O peration     | Version:  v2012                                 |
|   \\  /    A nd           | Website:  www.openfoam.com                      |
|    \\/     M anipulation  |                                                 |
\*---------------------------------------------------------------------------*/
FoamFile
{
    version     2.0;
    format      ascii;
    class       surfaceScalarField;
    location    "150";
    object      meshPhi;
}
// * * * * * * * * * * * * * * * * * * * * * * * * * * * * * * * * * * * * * //

dimensions      [0 3 -1 0 0 0 0];
oriented        oriented;


internalField   nonuniform List<scalar> 
20537
(
0
0
0
0
0
0
0
0
0
0
0
0
-2.10566e-15
0
3.31562e-15
0
0
0
0
0
0
0
0
0
0
0
0
0
0
0
0
0
0
0
0
0
0
0
0
0
2.18793e-15
-9.78724e-17
0
0
0
0
0
0
0
0
0
-1.81421e-15
0
1.94349e-14
0
0
0
0
0
0
0
0
0
0
0
0
0
0
0
0
0
0
0
0
0
0
7.7908e-08
3.20959e-12
0
0
0
0
0
0
0
0
0
0
0
0
0
0
0
0
0
2.26709e-15
-5.85583e-16
0
0
0
0
0
0
0
0
0
0
0
0
0
0
0
0
-3.41747e-12
0
-2.69179e-12
0
0
0
0
0
0
0
0
0
0
0
0
0
0
0
0
0
0
0
0
0
0
0
0
0
2.23019e-17
-1.40951e-12
-4.19693e-12
0
0
0
0
0
0
0
0
0
0
0
1.36982e-15
0
2.91244e-17
0
0
0
0
0
0
0
0
0
0
0
0
0
0
0
0
0
0
0
0
0
0
0
0
0
0
0
0
0
0
1.45088e-14
7.64228e-13
6.17965e-15
-1.34384e-12
0
0
0
0
0
0
0
0
0
0
0
0
0
0
0
-1.01051e-12
4.79011e-16
-5.10468e-13
0
0
0
-7.15448e-15
-5.89931e-13
0
0
0
0
0
0
0
0
0
0
0
0
0
0
0
0
0
0
0
0
0
0
0
0
0
0
0
0
0
0
0
0
0
0
0
0
0
0
0
0
0
0
0
-2.75411e-15
0
0
0
0
0
0
0
0
1.97204e-16
-1.42952e-17
0
0
0
0
0
0
0
0
0
0
0
0
0
0
0
0
0
0
0
0
0
0
0
0
0
0
0
0
0
0
0
0
0
0
0
-5.14461e-17
3.31947e-16
0
0
0
0
0
0
0
0
0
0
0
1.69899e-12
-1.02102e-11
0
0
0
0
1.47968e-16
0
0
0
0
0
0
0
0
0
0
0
0
3.94409e-15
0
3.51616e-16
0
0
0
0
0
-3.33131e-14
0
0
0
6.15396e-17
0
0
0
0
0
0
0
0
3.37617e-16
0
-6.18617e-17
6.93138e-17
-1.82134e-16
0
7.81262e-18
4.30618e-17
0
0
0
0
0
0
0
0
0
0
0
0
0
0
0
0
1.95768e-15
0
0
0
0
0
0
0
0
0
0
-1.66641e-15
5.88667e-17
0
0
0
0
0
0
0
0
0
0
0
0
0
0
0
0
0
0
0
0
0
0
0
0
3.31009e-16
0
0
0
0
0
0
0
0
0
0
0
0
0
0
0
0
0
-2.218e-12
1.44249e-13
0
0
0
0
0
0
1.99405e-15
0
0
0
0
0
0
0
0
0
0
0
0
0
0
0
0
0
0
0
0
0
0
0
0
0
0
0
0
0
0
0
0
0
0
0
0
1.11408e-14
-2.45705e-15
0
0
-1.64028e-17
-1.08669e-15
0
0
0
0
0
0
0
0
0
0
0
0
0
-2.66661e-15
0
3.10026e-14
0
0
0
0
0
0
0
-2.60074e-16
-1.24337e-15
0
0
0
0
0
0
0
0
0
0
0
0
0
0
0
0
0
0
0
0
0
0
0
0
0
0
0
0
0
0
0
0
0
0
0
0
0
0
0
0
0
0
0
0
0
0
0
0
0
0
0
0
0
0
0
0
0
0
0
0
0
0
0
0
0
0
0
0
0
0
0
0
1.4369e-16
1.12783e-17
0
0
0
0
0
0
0
0
0
0
0
0
0
0
0
0
0
0
0
0
0
0
0
0
0
0
0
0
0
0
0
0
0
0
0
0
0
0
0
0
0
0
0
0
0
0
0
0
0
0
0
0
0
0
0
0
0
0
0
0
0
0
0
0
0
-2.7981e-15
0
0
0
4.62935e-12
-3.5007e-08
-9.6389e-08
0
0
0
0
0
0
0
6.07775e-16
0
2.87813e-14
0
0
0
0
0
0
0
0
0
0
0
0
0
0
0
0
0
0
0
0
0
0
0
0
0
0
0
0
0
0
0
0
0
0
0
0
0
0
0
0
0
0
0
0
0
0
0
0
0
-2.35028e-15
3.65337e-16
-3.79724e-14
0
-5.69627e-16
0
0
0
0
0
0
0
0
0
0
0
0
2.3489e-15
0
0
0
0
0
0
0
0
0
0
0
0
0
0
0
0
0
0
0
0
0
0
0
0
0
0
0
0
0
0
0
0
0
0
0
0
0
0
-2.09449e-15
0
7.57942e-16
0
0
0
0
-1.97763e-15
0
0
0
0
0
0
0
0
0
0
0
0
0
0
0
0
0
0
0
0
0
0
0
0
0
0
0
0
0
0
4.28229e-13
3.61794e-12
0
0
0
0
0
0
0
0
0
0
0
0
0
0
0
0
0
0
0
0
0
0
0
-1.57316e-15
9.4243e-17
1.29829e-16
-7.08577e-16
0
0
0
0
0
0
-4.39591e-30
0
-7.41217e-16
0
0
0
0
0
0
0
0
0
0
0
0
0
0
0
0
0
0
1.03627e-15
0
1.4586e-16
0
0
0
0
0
0
0
0
0
0
0
0
0
0
0
0
0
-2.70733e-16
1.14806e-15
0
0
4.86955e-16
0
0
0
0
0
0
0
0
0
0
0
0
0
0
0
0
0
0
0
0
-9.57302e-16
0
0
0
0
0
0
0
0
0
0
0
3.0387e-15
-2.32975e-16
0
0
0
0
0
0
0
2.0722e-14
8.32566e-14
0
0
0
0
0
0
0
0
0
-1.96453e-17
2.85006e-17
0
0
-1.54498e-16
0
0
0
0
0
0
0
0
0
0
0
0
0
0
0
0
0
0
0
0
0
0
0
-8.96683e-17
1.01906e-16
0
0
0
0
0
0
0
0
0
0
0
0
0
0
2.36107e-15
2.40155e-14
0
0
0
0
0
0
0
0
0
0
0
0
3.02942e-15
0
0
0
0
0
0
0
0
0
0
0
0
0
0
0
0
0
0
0
0
0
0
0
0
0
0
0
0
0
0
0
0
0
0
0
0
0
0
0
0
0
0
0
0
0
0
0
0
0
0
-2.09839e-14
0
-6.37307e-14
0
0
0
0
0
-5.28705e-13
0
0
0
0
0
0
0
0
0
0
0
0
0
-4.97971e-15
0
1.72384e-15
0
0
0
0
0
0
0
0
0
0
0
0
0
0
-1.91345e-13
-5.18115e-14
0
0
0
0
0
0
0
0
0
0
0
0
0
0
0
0
0
0
0
0
0
0
-1.10438e-30
-6.58359e-17
6.14193e-16
0
0
0
0
0
0
0
0
0
0
0
0
0
0
0
0
0
0
0
0
0
0
0
0
0
0
0
0
0
0
0
0
0
0
0
0
0
0
0
0
0
0
0
0
0
0
0
0
0
0
0
0
3.74146e-14
2.39418e-14
0
0
0
0
0
0
0
0
0
0
1.59712e-15
1.69433e-15
0
0
0
0
0
0
0
0
0
0
0
0
0
0
0
0
0
0
0
0
0
0
0
0
0
-1.14222e-16
1.31133e-16
8.31564e-16
0
0
0
3.17083e-12
-9.08677e-12
0
0
0
0
0
0
0
6.67016e-17
-2.16091e-16
0
0
0
0
-1.96053e-16
1.9126e-16
0
0
0
0
0
0
0
0
0
0
0
0
0
0
0
0
0
0
0
0
0
0
0
0
0
0
0
0
0
0
0
0
0
-3.2618e-16
0
0
0
0
0
0
0
1.00282e-16
0
0
0
0
0
0
5.10887e-17
-2.21799e-16
0
0
0
0
0
0
0
0
0
0
0
0
0
-3.6797e-16
0
1.64124e-15
-4.20623e-16
0
0
0
0
0
0
0
0
0
0
0
0
0
0
0
0
0
0
0
0
0
0
0
0
0
0
0
0
0
0
0
-3.33118e-15
0
0
0
0
0
0
0
0
0
0
0
0
3.18755e-14
-2.50423e-16
0
0
0
0
0
0
0
0
0
0
0
0
0
0
0
0
0
0
0
0
0
0
0
0
0
0
0
0
0
0
0
0
0
0
0
0
0
0
0
-3.06587e-16
-6.05147e-16
-9.13741e-16
0
0
0
0
0
0
0
0
0
0
0
0
0
0
0
0
0
0
0
0
0
0
0
0
0
0
0
0
0
0
0
0
0
0
0
0
0
0
0
0
0
0
0
0
0
0
0
0
0
-1.05974e-16
2.96539e-16
0
0
0
-5.35083e-13
-3.57591e-13
0
0
0
0
0
0
0
0
0
0
0
0
0
0
0
6.63885e-16
3.25281e-14
0
0
0
0
0
0
0
0
0
0
0
0
0
0
0
0
0
0
0
0
0
0
0
0
0
0
0
0
0
0
0
0
0
0
7.09645e-15
-4.8752e-15
0
0
0
0
0
0
0
0
0
0
0
0
0
0
0
0
0
0
0
-4.12582e-16
-2.75775e-15
0
0
0
0
0
0
0
0
0
0
0
0
0
0
0
0
0
0
0
0
0
0
0
0
0
0
0
0
0
0
0
0
0
0
0
0
0
0
0
0
0
0
0
0
-2.31693e-15
0
0
0
0
0
0
0
0
0
0
0
0
0
0
0
0
0
0
0
0
0
0
0
0
0
0
0
0
0
0
0
0
0
-2.14306e-16
-4.61499e-17
4.98632e-16
0
0
0
0
0
0
0
0
-8.63637e-33
0
-2.34441e-15
0
1.68688e-17
-1.17982e-15
0
0
-2.70163e-16
-1.10886e-16
0
0
0
0
0
0
-1.81671e-15
0
0
0
0
0
0
0
0
0
0
0
1.51084e-16
0
0
0
0
0
0
0
0
0
0
0
0
0
0
0
0
0
0
0
-8.14055e-17
7.98685e-17
-7.83315e-17
0
0
0
0
0
0
0
0
0
-3.64868e-15
3.3719e-15
0
0
0
0
0
0
0
0
0
0
0
0
0
1.97695e-16
0
0
0
0
0
0
0
0
0
0
0
0
0
0
0
0
0
0
0
0
0
0
0
0
0
0
0
0
5.92035e-17
3.61409e-14
3.84541e-14
3.28488e-12
-9.53545e-12
1.55074e-12
0
0
0
0
0
0
0
0
0
0
0
0
0
0
0
0
0
0
0
0
0
0
0
0
0
0
0
0
0
0
0
0
0
0
0
0
0
0
0
0
0
0
0
0
0
0
0
0
0
0
0
0
0
0
0
0
0
0
0
0
0
0
0
0
0
0
0
0
0
7.07979e-17
0
0
0
0
0
0
0
0
0
0
0
-8.22668e-15
0
0
0
0
0
0
0
0
0
0
0
0
0
0
0
0
0
0
0
0
0
0
0
0
0
0
0
0
0
0
0
0
0
0
0
0
0
0
0
0
0
0
0
0
0
0
0
0
0
0
0
0
-3.15089e-14
0
0
0
0
0
0
0
0
0
-9.47215e-17
2.08439e-15
0
0
0
0
0
0
0
0
0
0
-2.64354e-16
0
4.3212e-16
-1.10114e-30
-2.1137e-17
0
0
0
0
0
0
0
-2.53075e-15
2.14725e-15
0
0
0
7.85364e-17
1.18996e-15
0
0
0
0
0
0
0
0
0
0
0
0
0
0
0
-8.99772e-16
-4.22385e-12
2.84817e-13
0
0
0
0
0
0
5.01384e-13
-3.85425e-17
2.69504e-13
0
0
0
0
0
0
1.03351e-15
-1.92918e-12
0
0
0
0
0
0
0
-2.15935e-16
0
0
0
0
0
0
0
1.86288e-15
0
0
0
0
1.29349e-16
-1.38052e-17
0
0
0
0
1.59307e-14
0
0
0
0
0
5.08623e-17
1.96287e-15
-5.37569e-16
-3.19434e-16
0
0
0
0
0
0
0
0
0
0
0
0
0
0
0
0
0
0
0
0
0
0
0
0
0
0
0
0
0
0
0
0
-5.41909e-16
0
0
0
0
0
0
0
0
-4.11737e-16
0
0
0
0
0
0
7.82208e-13
-3.25426e-14
0
0
0
0
0
0
0
0
0
1.27155e-15
0
3.51901e-16
0
0
0
0
0
0
0
0
0
0
0
3.25319e-16
2.20905e-18
0
0
0
0
0
0
0
0
0
0
0
0
0
0
0
0
0
0
0
0
-6.46968e-16
1.24691e-16
2.25001e-16
0
0
0
0
0
0
0
0
0
0
0
0
0
0
0
0
0
0
0
0
0
0
0
0
0
0
0
0
0
0
7.87842e-15
-2.12247e-15
0
0
0
0
0
0
0
2.23804e-13
6.90662e-13
1.51105e-16
-1.64703e-15
0
0
0
0
1.90332e-15
0
0
0
0
0
0
0
0
0
0
0
0
0
-5.87444e-17
0
-1.70393e-16
0
0
0
0
0
0
0
0
-3.03596e-12
-1.75496e-17
-1.97429e-12
0
0
-1.19681e-15
-2.91818e-16
0
0
0
0
0
0
0
0
0
0
-5.18587e-13
0
0
0
0
0
0
0
0
9.31827e-16
-3.93761e-12
1.00369e-13
0
0
0
0
0
0
1.76441e-15
1.48804e-15
0
8.19453e-17
0
0
-5.50317e-15
-1.10114e-30
4.62122e-17
0
0
0
5.12437e-17
-3.87495e-15
0
0
0
0
0
0
0
0
0
0
0
0
0
0
0
0
0
0
0
0
0
0
0
0
0
0
0
0
2.87421e-17
0
0
0
0
0
0
0
0
0
0
0
0
0
0
0
0
0
0
0
0
0
0
6.4415e-15
-1.54045e-16
0
0
0
0
0
0
0
0
0
0
0
0
0
0
0
0
0
0
0
0
0
0
0
0
0
0
0
0
0
-9.67756e-17
4.22674e-17
-9.1649e-17
0
0
0
0
0
0
0
0
0
0
0
0
0
0
0
-1.26909e-15
4.04325e-15
0
0
0
0
0
0
0
0
0
0
0
0
0
0
0
0
-3.30071e-16
-2.50109e-16
0
0
0
0
0
0
0
0
0
0
0
0
0
0
0
0
0
0
0
0
0
0
0
0
0
0
1.68129e-16
-3.1843e-15
-6.97179e-15
0
0
0
0
0
0
0
8.88502e-16
-2.79333e-14
0
0
0
0
0
0
0
0
0
0
0
0
0
0
0
0
0
0
0
0
0
0
0
0
0
0
0
0
0
0
0
0
0
0
0
0
0
0
0
0
0
0
0
0
0
0
0
0
0
0
3.41232e-15
0
-1.72864e-15
0
0
0
0
0
0
0
0
0
0
0
0
0
0
-3.82734e-13
-3.29916e-13
0
0
0
-1.63316e-16
1.08971e-16
0
0
0
0
0
0
0
0
0
0
0
0
0
0
0
0
0
0
0
0
0
0
0
0
0
0
-4.46065e-16
4.43046e-30
-2.35994e-15
0
0
0
0
0
0
0
0
0
0
0
0
0
0
0
7.68752e-16
-1.10149e-15
0
0
-6.41426e-17
2.46734e-16
-2.40583e-16
0
0
0
0
0
0
0
0
0
0
0
0
0
0
0
0
0
0
0
0
0
0
0
0
0
-2.26622e-15
0
0
0
0
0
0
0
0
0
0
0
0
-2.50095e-16
8.70923e-15
-6.34788e-16
8.43463e-17
0
0
0
0
0
0
0
0
0
0
-4.69302e-17
0
0
0
0
0
0
0
0
0
2.86338e-16
0
0
-3.95612e-15
-1.39294e-15
-7.73807e-16
0
0
0
0
0
0
0
0
0
0
0
0
0
0
0
0
0
0
0
0
0
0
0
0
0
0
0
0
0
0
0
0
0
0
-3.77267e-12
1.14651e-13
0
0
0
0
0
0
0
0
0
0
0
0
0
0
0
0
0
0
0
0
0
0
0
0
0
0
0
0
0
0
0
0
0
0
0
-3.89202e-13
0
-3.52194e-13
0
0
-3.42401e-16
1.49219e-15
0
0
0
0
0
0
0
-1.54527e-16
0
0
0
0
0
0
0
0
0
0
1.14681e-15
-1.09857e-16
0
0
0
0
0
0
0
0
0
0
0
0
0
0
-2.04689e-15
-1.74862e-16
0
0
0
0
0
0
-6.39567e-12
3.66089e-13
0
0
0
0
0
0
0
7.9584e-17
0
0
0
0
0
0
0
0
0
0
0
0
-4.36997e-16
1.1343e-14
0
0
0
0
1.20128e-16
0
6.33369e-17
0
0
0
0
0
0
0
0
0
0
0
0
0
0
0
-4.10919e-16
0
0
0
0
0
0
0
0
0
0
0
0
0
-4.59349e-13
0
0
0
0
0
0
0
0
0
0
0
0
0
0
0
-1.83156e-15
-2.71972e-16
0
0
0
0
0
0
0
0
0
0
0
0
0
0
0
0
0
0
0
0
0
0
0
0
0
0
0
0
0
0
0
0
0
0
0
0
0
0
0
0
0
0
3.15207e-17
-1.36214e-16
0
0
0
0
0
0
0
0
0
0
0
0
0
0
0
0
0
0
0
0
0
0
0
0
0
0
0
0
0
0
0
0
0
-6.2976e-15
8.34038e-15
0
0
0
0
0
0
0
0
0
0
0
0
0
0
0
0
0
0
0
0
0
0
0
0
0
0
0
0
0
0
0
0
0
-2.44279e-17
0
6.25973e-16
0
0
0
0
0
0
0
0
0
0
0
0
0
0
4.59486e-17
-2.76904e-31
0
0
0
0
1.40449e-16
0
0
0
0
0
0
0
0
0
0
0
0
0
0
0
0
0
0
0
0
0
0
0
0
0
0
0
0
0
0
0
0
0
0
3.2774e-13
1.92856e-13
0
0
0
0
0
0
0
0
0
0
0
0
0
0
0
0
0
0
0
0
0
0
0
0
0
0
0
0
0
0
0
0
0
0
0
0
0
0
0
0
0
0
0
0
0
0
0
0
0
0
0
0
0
0
0
0
0
0
0
0
0
0
0
0
0
0
0
0
0
0
0
0
0
0
0
0
0
0
0
0
0
0
0
0
0
0
0
0
0
0
0
0
0
0
0
0
0
0
0
0
0
0
-1.35427e-15
4.2229e-17
0
0
0
0
0
0
-2.10285e-15
0
0
0
0
0
2.39133e-14
-3.75568e-14
0
-3.99297e-17
-1.21133e-15
0
0
0
0
0
0
0
0
0
0
0
0
0
0
0
0
0
0
0
0
0
0
0
0
0
0
0
0
0
0
0
0
0
0
0
1.44972e-16
-4.49381e-17
0
0
0
0
0
0
0
0
0
0
0
0
0
0
0
0
-4.08007e-17
3.73557e-15
2.65218e-15
-5.88976e-15
0
0
0
0
0
0
0
0
0
0
0
0
0
0
0
0
0
0
0
0
0
0
0
0
0
5.29783e-15
0
8.839e-16
0
0
0
0
0
0
0
0
0
0
0
0
5.27807e-17
1.09887e-16
1.45295e-15
0
0
0
0
0
0
0
0
0
0
0
0
0
0
0
0
0
1.84229e-15
0
0
0
0
0
0
0
0
0
0
0
2.37221e-13
-1.307e-12
0
0
0
0
0
2.2179e-15
-3.74216e-16
0
0
0
0
0
0
0
0
0
0
0
0
0
0
0
0
0
0
3.3864e-17
0
-3.75117e-17
0
0
0
0
0
0
0
0
0
0
0
0
0
0
8.85408e-16
-3.51093e-15
0
0
0
5.89576e-16
1.17037e-15
0
0
0
0
0
0
0
0
0
-6.21785e-16
0
0
0
0
0
0
0
0
0
0
0
0
0
0
0
0
0
0
0
0
0
0
0
0
0
0
0
0
0
0
0
0
-9.97708e-13
4.49929e-16
-5.08859e-13
0
0
0
0
0
0
0
0
0
0
0
0
0
0
5.1303e-16
3.21746e-16
0
0
0
0
0
0
0
0
0
0
0
0
0
0
0
0
0
0
0
0
0
0
0
0
0
0
0
0
0
-1.65286e-16
8.0966e-34
0
0
0
0
0
0
0
0
0
0
0
-6.84562e-16
2.8054e-16
0
0
0
0
0
0
0
0
0
0
0
0
0
0
0
0
0
0
6.10294e-15
3.7566e-15
0
0
0
0
0
0
0
0
0
0
0
0
0
0
0
0
0
0
0
0
0
0
0
0
0
0
0
0
3.79403e-15
0
0
0
0
0
2.14716e-14
-1.40446e-12
0
0
0
0
0
2.30805e-15
0
0
2.92537e-15
0
0
0
0
0
0
0
0
0
0
0
0
0
0
0
0
0
0
0
0
0
0
0
0
0
0
0
0
0
0
0
0
0
0
0
0
0
-1.12664e-15
0
0
0
0
0
0
0
0
0
0
0
0
0
-4.04895e-13
-8.56015e-12
0
0
0
0
0
0
0
7.85448e-15
0
0
0
0
0
0
0
0
0
0
0
0
0
0
0
0
0
0
0
0
0
0
0
1.92042e-17
-5.36909e-17
0
0
0
0
0
0
0
0
0
0
0
0
0
-4.69737e-13
-2.94968e-12
0
0
0
-1.2117e-12
-1.4343e-17
0
0
0
0
0
0
0
0
0
0
0
0
0
0
0
0
0
0
0
0
0
0
0
0
0
0
0
0
0
-4.26041e-16
4.74486e-16
0
0
0
0
0
0
0
0
0
0
0
0
0
-2.63515e-15
3.02729e-17
0
0
0
0
0
0
0
0
0
0
0
0
0
0
0
0
0
0
0
0
0
0
0
0
0
0
-2.4543e-17
-1.1294e-16
-3.51853e-17
0
0
0
0
0
0
0
0
0
0
-3.6168e-16
0
0
0
0
0
0
0
0
0
0
0
0
0
0
0
0
0
0
0
0
0
0
0
0
0
0
0
3.0018e-15
-2.20563e-14
0
0
0
0
0
0
0
-2.21177e-12
0
0
0
7.701e-16
1.19002e-15
0
0
0
0
0
0
0
0
0
0
0
0
0
0
0
0
0
0
0
0
0
0
0
0
0
0
0
0
0
1.78021e-16
6.01546e-16
0
0
-1.75681e-15
3.78743e-16
-5.49489e-31
0
0
0
0
0
0
0
0
0
1.23595e-12
0
0
0
0
0
0
0
0
0
0
0
0
0
0
0
0
0
0
0
0
0
0
5.06786e-17
8.88119e-17
0
0
0
0
0
0
0
0
0
0
0
0
0
0
0
0
0
0
0
0
0
0
0
0
0
0
0
0
0
0
0
0
0
0
0
0
0
0
0
0
-2.94206e-16
-7.57072e-17
0
3.42346e-15
0
0
0
0
0
0
0
0
0
0
0
0
0
0
0
0
0
0
0
0
0
0
0
0
0
0
0
0
0
0
0
0
0
0
0
0
0
0
0
0
0
0
0
0
0
0
0
0
0
0
0
0
0
0
0
0
0
0
-1.09063e-15
1.61342e-17
0
1.93536e-16
0
0
0
0
0
0
0
-4.97524e-14
1.25671e-14
0
0
0
1.35181e-15
-2.74771e-16
0
0
0
0
0
0
0
0
0
0
0
1.32435e-15
-1.35707e-15
-1.03045e-16
0
0
0
0
0
0
0
0
0
0
0
0
0
0
0
0
-3.24287e-17
0
0
0
0
0
0
0
0
0
0
0
0
0
0
1.61932e-33
9.82169e-17
-1.98216e-17
1.14682e-15
0
0
0
0
0
0
2.24013e-16
0
0
0
0
0
0
0
0
0
0
0
0
0
0
0
0
0
0
0
0
0
0
0
0
0
0
0
0
0
0
0
0
0
0
0
0
0
1.06601e-16
-3.12421e-15
-3.27299e-16
0
-1.5715e-16
3.19073e-15
2.69542e-16
-1.15703e-16
0
0
0
0
0
0
0
0
0
0
0
0
0
0
0
0
0
0
0
0
0
0
0
0
0
0
0
0
0
0
0
0
-3.91355e-17
0
1.25556e-15
0
0
0
0
0
0
0
0
0
0
0
0
0
0
0
0
0
0
0
0
0
1.1552e-15
-8.68038e-16
-7.62163e-17
0
0
0
0
0
0
0
0
0
0
0
2.69678e-16
0
0
0
0
0
0
0
0
-7.84327e-17
4.83829e-17
0
0
0
0
0
0
0
0
0
0
0
0
0
0
0
0
0
0
0
0
0
0
0
0
0
0
0
0
0
0
-2.2873e-15
0
0
0
0
0
0
0
0
0
0
0
0
0
-6.86474e-17
0
0
0
0
0
0
0
0
0
0
0
0
0
0
0
0
0
0
0
1.30186e-15
8.31167e-17
0
0
0
0
0
0
0
0
0
0
0
0
0
0
0
0
0
0
0
0
0
0
0
0
0
0
2.17249e-16
-1.14418e-15
0
0
0
0
0
0
-1.43751e-15
0
0
0
0
0
0
0
0
0
0
0
0
0
0
0
0
0
0
0
0
0
0
0
0
0
0
2.94818e-17
8.95483e-17
0
0
0
-1.95091e-15
0
3.89439e-16
-1.81508e-16
0
0
0
0
0
0
0
2.18402e-15
0
0
0
0
0
0
0
0
0
0
-1.02774e-17
-1.36562e-16
0
0
0
0
0
0
0
0
0
3.10669e-13
0
0
0
0
0
0
0
0
0
0
0
-5.89938e-14
7.68555e-17
0
0
0
0
0
-1.34742e-15
4.69815e-16
4.28466e-16
0
0
0
0
0
0
0
0
0
0
0
0
0
0
0
0
0
0
0
0
0
0
0
0
0
0
0
0
0
0
0
0
0
0
0
0
0
0
0
0
0
0
0
0
0
0
0
0
0
0
-9.92811e-16
2.03596e-15
0
0
0
0
0
0
0
0
0
0
0
0
0
0
0
0
0
0
0
-3.72047e-14
0
0
0
0
0
0
0
0
0
0
0
0
0
0
0
0
0
0
0
0
0
0
0
0
0
0
0
0
0
0
0
0
0
0
0
0
0
0
0
0
0
0
0
0
0
0
0
0
0
0
0
0
0
0
0
0
0
0
0
-2.03905e-16
2.92423e-16
0
0
0
0
0
0
4.65685e-15
-3.73526e-16
0
0
0
0
0
0
0
0
0
0
-1.80308e-12
0
0
0
0
0
0
0
0
0
0
0
-1.76054e-14
8.51041e-14
0
0
0
0
0
0
0
0
0
0
0
0
0
0
0
0
0
0
0
0
0
0
0
0
0
7.59014e-16
-1.81053e-16
2.35562e-16
0
0
0
0
0
0
0
0
0
0
0
-7.57748e-15
3.8778e-15
0
0
0
0
0
0
0
0
0
0
0
0
0
0
0
0
0
0
0
0
0
0
0
0
0
0
0
0
0
-5.95411e-17
0
0
0
0
6.8539e-16
0
0
0
0
0
0
0
0
4.17934e-15
1.90665e-15
0
0
0
0
0
0
0
-5.9025e-17
3.0419e-16
0
0
0
0
0
0
0
0
0
0
0
0
0
0
0
0
0
0
0
0
0
0
0
0
-3.90492e-15
-3.52355e-15
0
1.45667e-15
0
0
0
0
0
0
0
0
0
0
0
0
0
0
0
0
0
0
0
0
0
0
0
0
0
0
0
0
0
0
0
0
0
0
0
0
0
0
1.22666e-15
0
0
0
0
0
0
0
0
0
0
0
0
-1.80513e-15
0
0
0
0
0
0
0
0
0
0
0
0
0
0
0
0
0
0
0
0
0
-1.02324e-16
0
0
0
0
0
0
0
0
0
0
0
0
0
1.62493e-16
-1.77669e-15
0
0
5.12043e-17
-2.63655e-17
-2.48387e-17
0
0
0
0
0
0
0
0
0
0
0
0
0
0
0
-3.68582e-14
-5.97795e-16
0
0
0
0
0
-1.5942e-17
-9.29932e-17
0
0
0
0
0
0
0
0
0
0
0
0
0
0
0
0
0
0
0
0
0
0
0
0
0
4.42595e-17
0
0
0
0
0
0
0
0
0
0
0
0
0
0
0
0
7.33008e-17
-3.07744e-17
0
-1.58213e-15
0
0
0
0
0
0
0
0
0
0
2.31358e-16
0
0
0
0
0
0
0
0
0
0
0
0
0
0
0
0
0
0
0
0
0
0
-2.02665e-15
0
0
0
0
0
2.4496e-15
0
0
0
0
0
0
0
0
0
-4.32646e-13
0
0
0
0
0
0
0
0
0
0
0
0
0
0
0
0
0
0
0
-6.40676e-16
0
5.53807e-31
0
3.5323e-16
2.83691e-16
0
0
0
0
0
0
0
0
0
6.53894e-16
9.14199e-16
0
0
0
0
0
0
0
-1.70927e-16
0
0
0
0
0
0
0
0
0
0
0
0
0
0
0
0
0
0
0
0
0
0
0
0
0
0
0
0
0
0
0
0
-4.67772e-14
2.14987e-14
0
0
0
0
0
0
0
0
0
0
0
0
0
0
0
-2.03179e-17
-3.50744e-15
0
0
0
0
0
0
0
0
0
0
0
0
0
0
0
0
0
0
0
0
-8.1643e-17
3.31637e-30
0
0
0
0
0
0
0
0
0
0
0
0
0
0
0
0
0
0
0
0
0
0
-4.20993e-16
0
0
0
0
0
-3.50228e-17
1.06765e-15
0
0
0
0
0
0
0
0
-3.91345e-14
-2.66165e-14
1.75666e-15
0
0
0
1.20459e-15
-4.84416e-15
0
0
0
0
0
0
0
-6.74973e-17
0
0
0
0
0
0
0
0
0
-4.12921e-15
0
-1.04938e-15
0
0
0
0
0
3.48464e-17
-2.6598e-16
-3.66321e-16
0
0
0
0
0
0
0
0
0
0
0
-5.01381e-13
-6.53134e-13
0
0
0
0
0
0
0
0
0
0
0
0
0
0
0
0
0
0
0
0
0
0
0
0
1.61859e-16
0
0
0
0
0
0
0
0
0
0
0
0
0
0
0
0
0
0
0
0
0
0
0
0
0
0
0
0
6.83854e-17
0
0
0
0
0
-3.84824e-17
0
0
0
0
0
0
0
0
0
0
0
0
-5.6587e-16
-1.29546e-32
0
0
0
0
0
0
0
0
0
0
0
0
0
0
0
0
0
1.60232e-15
-8.74282e-16
0
0
0
0
0
0
0
0
0
0
0
0
0
0
0
0
0
0
0
0
0
0
0
0
0
0
0
0
0
0
0
0
0
0
3.57766e-15
0
2.6516e-15
0
0
0
0
0
0
0
0
0
0
0
0
0
0
0
0
0
0
0
0
0
0
0
0
0
0
0
-1.96839e-15
0
0
7.03265e-13
-1.06273e-16
0
0
0
-2.77011e-15
0
0
0
0
0
0
0
0
0
0
0
0
0
0
0
0
0
0
0
0
0
0
0
0
5.81715e-16
-2.49865e-15
0
0
0
0
0
0
6.17621e-16
0
0
0
-3.53994e-12
0
0
0
-1.71041e-15
0
0
0
0
0
0
0
0
0
0
0
0
-1.50308e-17
0
0
0
0
0
0
0
0
2.29693e-15
0
0
0
0
0
0
0
0
0
0
0
0
0
0
0
0
-6.19008e-17
-1.50084e-17
0
0
0
0
0
0
0
0
0
0
0
0
0
0
0
0
0
0
0
0
0
1.83066e-16
0
0
0
0
0
0
0
0
0
0
0
0
-2.94649e-16
0
0
0
0
0
0
1.64342e-16
-1.12005e-16
3.45384e-15
0
0
-1.50884e-16
0
0
0
0
0
0
0
0
0
0
0
0
0
0
0
0
0
0
0
0
0
0
0
0
0
0
0
0
0
0
0
0
-2.17091e-16
1.48446e-17
-2.88159e-16
2.92862e-17
0
0
0
0
0
0
2.47818e-15
0
0
0
0
0
0
0
0
0
0
0
0
7.91595e-14
-8.44732e-14
0
0
0
0
0
0
0
0
0
0
0
0
0
0
0
0
0
6.27344e-16
0
0
0
0
0
3.11703e-16
0
0
0
0
0
0
0
0
0
0
0
0
0
0
0
0
0
0
0
0
-1.20161e-15
0
0
0
0
0
0
0
0
0
0
0
0
0
0
0
0
0
6.40735e-16
0
0
0
0
0
0
0
0
0
0
0
0
0
0
0
0
0
0
0
0
0
0
0
0
0
0
0
0
1.98002e-15
0
0
0
0
0
0
0
0
0
0
0
0
0
0
0
0
0
0
0
-7.74853e-15
-5.08544e-16
4.0037e-15
0
0
0
0
0
0
0
0
0
0
0
0
0
0
0
0
0
0
0
0
6.97729e-16
2.61614e-15
-3.36274e-16
0
0
0
0
0
0
0
0
0
0
0
0
0
0
0
0
0
0
0
0
-9.64367e-16
3.41351e-15
0
0
0
0
0
0
0
0
0
0
0
0
5.26837e-16
-7.56365e-15
0
3.44694e-15
0
0
0
0
0
0
0
-2.52064e-14
2.659e-16
0
0
0
0
0
0
0
0
0
0
0
0
0
0
0
0
0
0
0
0
0
0
-1.72193e-16
2.07631e-16
0
0
0
0
0
0
0
0
0
0
0
0
0
0
0
0
0
0
0
2.54968e-17
0
0
-4.49496e-14
0
0
0
0
0
0
0
0
0
0
0
0
0
0
0
0
0
-4.85407e-16
0
0
0
0
0
0
0
0
0
0
0
0
0
0
0
0
0
0
0
0
0
0
0
0
0
0
0
0
0
0
0
0
0
0
0
0
0
0
0
2.59896e-15
-2.07118e-15
1.03672e-15
0
0
0
0
0
0
0
0
7.72813e-17
4.09135e-17
-2.14629e-15
0
0
0
0
0
2.6837e-14
1.0018e-14
0
0
0
0
0
0
0
0
0
-1.80079e-17
0
0
0
0
0
5.5407e-15
-1.29677e-14
0
0
0
0
0
0
0
0
0
0
0
0
-8.37474e-15
-1.84712e-16
0
0
0
0
0
0
0
0
0
0
0
0
0
0
0
0
0
0
0
0
0
0
0
0
0
0
0
0
-6.35844e-15
0
0
0
0
0
0
0
0
0
0
0
0
0
0
0
0
0
0
0
0
0
0
0
0
0
0
0
0
0
0
0
0
0
0
0
0
0
0
0
0
0
0
0
0
0
0
0
0
0
0
0
0
0
0
0
0
0
0
0
0
0
-1.62362e-15
0
0
0
0
0
0
0
0
0
9.70657e-15
0
0
0
0
0
0
0
0
0
0
0
-2.66571e-15
7.80353e-15
0
0
0
0
0
0
0
0
0
0
0
0
0
0
0
0
0
0
0
0
0
0
0
0
0
2.24113e-15
-8.21072e-17
0
0
0
0
0
0
0
0
0
0
0
0
0
0
0
0
0
0
0
0
0
0
0
0
0
0
0
0
0
0
0
1.07271e-15
0
0
0
0
0
0
0
-7.92628e-15
-1.48084e-14
0
0
0
0
0
0
0
0
0
0
0
0
0
0
0
0
0
0
0
0
0
0
0
0
0
0
0
0
0
0
0
1.20638e-15
0
0
0
0
0
8.28575e-17
0
0
0
0
-2.01893e-15
-1.33868e-14
9.91735e-17
0
0
0
0
0
0
0
0
0
0
0
0
0
0
0
0
0
0
0
0
0
0
0
0
0
0
0
0
0
0
0
0
0
0
0
0
0
0
0
0
0
0
0
0
0
0
0
0
0
0
0
0
0
0
0
0
0
0
0
0
-4.31749e-17
0
0
0
0
0
0
0
0
0
0
0
0
0
-2.45611e-15
3.21414e-15
0
0
0
0
0
0
0
0
0
-1.94564e-15
0
0
0
0
0
0
0
0
0
0
0
0
0
0
0
0
0
0
0
0
0
0
0
0
0
0
0
0
0
0
0
0
0
0
0
0
0
0
0
1.08924e-14
8.82332e-16
2.2641e-14
0
0
0
0
0
0
0
0
0
0
0
0
0
0
0
0
0
0
0
0
0
0
1.26433e-15
0
0
0
0
0
0
0
0
0
0
0
0
0
0
0
0
0
0
0
0
0
0
0
0
0
0
0
0
0
0
0
0
0
0
0
0
0
0
0
0
0
0
0
0
0
0
0
0
0
-1.60585e-17
0
0
0
0
0
0
0
0
-9.79108e-17
9.60994e-17
0
0
0
0
0
0
0
0
0
0
0
0
0
0
-1.26563e-14
4.23013e-16
0
0
0
0
0
0
0
0
0
0
0
0
0
0
0
0
0
0
0
0
0
0
0
0
0
0
0
0
0
0
0
0
0
0
0
3.36476e-15
0
0
0
0
1.01492e-15
0
-2.39452e-16
-4.02341e-16
0
0
0
0
0
0
0
0
0
0
0
0
0
0
0
-1.0966e-16
5.09647e-16
1.28968e-14
0
0
0
0
0
0
0
0
-1.34542e-15
0
0
-2.73535e-16
7.40239e-15
0
0
0
0
0
0
0
0
0
0
0
0
1.98016e-16
1.07385e-15
0
0
0
0
0
0
0
0
0
0
0
0
0
0
0
0
0
0
0
-4.02886e-15
0
0
-4.45637e-30
1.10876e-14
1.81338e-15
2.36435e-15
-3.27104e-15
0
0
0
-1.23664e-16
0
0
0
0
5.19185e-16
0
0
-1.78682e-17
-1.07955e-33
0
0
0
0
0
0
0
0
0
-4.53037e-16
-1.34775e-14
0
0
4.82577e-16
-1.57229e-15
-1.58835e-15
0
0
0
0
0
0
0
0
1.62082e-14
-1.14198e-14
0
0
0
0
0
6.92168e-15
0
0
0
0
0
0
0
0
0
0
0
0
0
0
0
0
0
0
0
0
0
0
0
0
0
0
0
0
0
0
2.13929e-15
0
0
0
-3.4135e-16
0
0
0
1.21107e-15
0
0
0
0
0
0
0
0
0
0
0
0
0
0
0
0
0
0
-3.88232e-16
0
0
0
0
0
0
0
0
0
0
0
0
0
0
0
0
0
0
0
-7.17989e-17
-3.56054e-16
0
0
0
0
0
0
0
0
0
0
0
0
0
0
0
0
0
0
0
0
0
0
0
0
0
0
0
0
0
0
0
0
0
0
0
0
0
0
0
0
0
0
0
0
0
0
0
0
0
0
0
0
0
0
7.17318e-16
0
0
0
0
0
0
-2.31061e-15
0
0
0
0
0
2.07443e-16
0
0
0
0
0
0
0
0
0
0
0
0
0
0
0
0
0
0
1.55052e-16
0
0
0
6.31595e-15
0
0
0
0
0
0
0
0
0
0
0
0
0
0
0
0
0
0
0
0
0
0
0
0
0
0
0
0
0
0
0
0
0
-2.46003e-14
0
0
0
0
2.69878e-16
0
0
0
0
0
0
0
0
0
0
0
0
0
0
0
0
0
0
2.70698e-15
0
-1.30389e-15
0
0
0
0
0
0
0
0
0
0
0
0
0
0
0
0
0
0
0
0
0
0
0
0
0
0
0
0
0
0
0
0
0
0
0
0
0
0
0
0
0
0
0
0
0
0
0
0
0
0
0
0
0
0
0
0
0
3.05671e-16
5.89214e-17
0
0
0
0
0
0
0
0
0
0
0
0
0
0
0
0
5.31354e-16
0
0
0
0
0
0
0
0
0
0
0
0
0
0
0
0
0
0
0
0
0
0
0
0
0
0
0
0
0
0
0
0
0
0
0
0
0
0
0
0
0
0
0
0
0
0
0
0
0
0
0
0
0
0
0
0
0
0
0
0
0
0
0
0
0
0
0
0
0
0
0
0
0
0
0
0
0
0
0
0
0
0
0
0
0
0
0
0
0
0
0
0
9.0886e-15
-8.71405e-12
0
0
0
0
0
0
0
0
0
0
0
0
0
0
0
0
0
0
0
0
0
0
0
0
0
0
0
0
0
0
0
0
0
0
0
0
0
0
0
0
6.52687e-18
-3.65461e-17
0
0
0
0
0
0
0
0
0
0
0
0
0
0
0
0
5.54081e-17
-1.43963e-16
0
0
0
0
0
0
0
0
0
0
0
0
0
0
0
0
0
0
0
0
0
0
2.58961e-15
0
0
7.34194e-15
0
0
0
0
0
-2.03246e-16
4.95711e-17
0
0
0
0
0
0
0
0
0
0
0
0
0
0
0
0
0
0
0
0
0
0
0
0
0
0
0
0
0
0
0
0
0
0
0
0
0
0
0
0
0
0
0
0
0
0
0
0
0
0
0
0
0
0
1.58706e-17
0
0
0
3.67831e-15
0
0
0
0
0
0
0
0
-6.7267e-15
0
0
0
0
0
0
0
0
0
0
2.87793e-15
0
-2.52599e-15
0
0
0
0
0
0
0
0
0
0
0
0
0
0
0
0
0
0
0
0
0
0
0
0
0
0
0
0
0
0
0
0
0
0
0
0
0
0
0
0
0
0
0
0
0
0
0
0
0
0
-6.02602e-16
0
0
0
0
0
0
0
0
-2.08658e-16
0
0
0
0
0
0
0
0
0
0
-3.78479e-16
0
0
0
0
0
0
0
0
0
0
0
0
0
0
0
0
0
0
0
0
0
0
0
0
0
0
0
0
-1.10902e-14
0
0
0
0
0
0
0
0
0
0
0
0
0
-1.55259e-14
0
0
0
0
0
0
0
0
0
0
0
3.0973e-16
6.02936e-15
0
0
0
0
0
0
0
0
0
0
0
0
0
0
0
0
0
0
0
0
0
0
7.75632e-16
-5.28344e-17
0
0
-1.42665e-15
0
0
0
0
0
0
0
0
0
0
0
0
0
0
0
2.05122e-15
0
0
0
0
0
0
0
0
0
0
0
0
0
0
0
0
0
0
0
0
0
0
0
0
0
0
0
0
2.06518e-14
4.38728e-30
0
0
0
0
0
0
0
0
0
0
0
0
0
0
0
4.58845e-14
0
0
0
0
0
0
0
0
0
0
0
0
0
0
0
0
0
0
0
0
0
0
0
0
0
0
0
0
0
0
0
0
-3.75313e-16
-1.41154e-16
-1.58003e-16
0
0
0
0
0
0
-5.90645e-17
6.87021e-15
8.41094e-17
0
0
0
0
0
0
0
0
0
0
0
0
0
0
0
0
0
0
4.63883e-15
1.08178e-16
0
0
0
0
0
0
1.82282e-15
0
0
0
0
0
0
0
0
0
0
0
0
0
0
0
0
0
0
0
0
0
1.63648e-15
0
8.85337e-15
0
0
0
0
0
0
0
0
0
0
0
0
0
0
0
0
0
0
0
0
0
0
0
0
0
0
0
0
0
0
0
0
0
0
0
0
0
0
0
0
0
0
0
0
0
0
0
0
0
0
0
0
0
0
0
0
0
0
0
0
0
0
0
0
0
0
0
0
0
0
0
0
0
0
0
0
0
0
0
0
0
0
0
0
0
0
0
0
6.53424e-15
0
0
0
0
0
0
0
0
0
0
0
0
0
0
0
0
0
0
0
0
0
0
0
0
0
0
0
0
0
0
0
0
0
0
0
0
0
0
0
0
0
0
0
0
0
0
0
0
0
0
0
0
0
0
0
0
0
0
0
0
0
0
0
0
0
0
0
0
0
0
0
0
0
0
0
-2.00689e-16
3.0568e-16
0
0
0
0
0
0
0
0
0
0
0
0
0
0
0
0
0
0
0
0
0
0
0
0
0
0
0
0
0
0
0
0
-2.37099e-15
0
0
0
0
0
0
0
0
0
0
0
0
0
0
0
0
0
0
0
0
0
0
0
0
0
0
0
0
0
0
0
0
0
0
0
5.12027e-16
2.22717e-14
-7.42755e-16
0
0
0
0
0
0
0
0
0
0
0
9.76793e-15
3.48209e-14
0
0
0
0
0
0
0
0
0
0
0
0
0
0
0
0
0
0
0
0
-1.22512e-13
1.7992e-14
7.18072e-17
-8.39163e-17
-7.29763e-17
0
0
0
0
0
0
0
0
0
0
0
0
0
0
0
0
0
0
2.62627e-17
0
0
0
0
0
0
0
0
0
0
0
0
0
0
0
1.33223e-14
0
0
0
0
0
0
0
0
0
0
0
0
0
0
0
0
0
0
0
0
0
0
0
0
0
0
0
0
0
0
0
0
0
0
0
0
0
0
0
0
0
0
0
0
0
0
0
0
0
0
0
0
0
0
0
0
1.13116e-16
0
0
0
0
0
0
0
0
0
0
0
0
0
0
0
0
0
0
0
0
0
0
0
0
0
0
0
0
0
0
0
0
0
0
0
0
0
0
0
0
0
0
0
0
0
0
0
0
0
0
0
0
0
0
0
0
0
7.79201e-17
-1.05405e-15
0
0
0
0
0
0
0
0
0
0
0
0
0
0
0
0
0
0
0
0
0
0
0
0
0
0
0
0
0
0
0
0
0
0
0
0
0
0
0
0
0
0
0
0
0
0
0
0
0
0
0
0
0
0
0
0
0
0
0
3.90379e-15
1.23619e-14
1.38348e-16
0
0
0
0
0
0
0
0
0
0
0
0
0
0
0
0
0
0
0
0
0
0
0
3.09018e-15
0
0
0
0
0
0
0
0
0
0
0
4.48478e-17
-1.64598e-16
0
0
0
0
0
0
0
0
0
0
0
0
0
6.84991e-14
-3.03997e-14
0
0
0
0
0
0
0
0
0
4.86615e-15
1.23162e-14
0
0
1.32074e-14
0
0
0
0
0
0
0
0
0
0
0
0
0
0
0
0
0
0
0
0
0
0
0
0
0
0
0
0
0
0
0
0
0
0
0
0
0
0
0
0
0
0
0
0
0
0
0
0
0
0
0
0
0
0
0
0
0
0
0
0
0
0
0
0
0
0
0
0
0
0
0
0
0
0
0
0
0
0
0
0
0
0
0
0
0
3.66186e-16
0
0
0
0
0
0
0
0
0
-1.65766e-15
0
0
0
0
0
0
2.65744e-16
0
0
0
0
0
0
0
0
0
0
0
0
0
0
0
0
0
0
0
0
0
0
2.34204e-14
0
0
0
0
0
0
0
0
0
0
1.39446e-14
0
0
0
0
0
0
0
0
0
0
0
0
0
0
0
0
0
0
0
0
0
0
0
0
0
0
0
0
0
1.50323e-14
0
0
0
0
0
0
0
0
0
0
0
0
0
0
0
0
0
0
0
0
0
0
0
0
0
-2.20024e-16
0
0
0
0
0
0
0
0
0
0
0
0
0
0
0
0
0
0
0
0
0
0
0
0
0
0
0
0
0
0
0
0
0
0
0
0
0
0
0
0
0
0
0
0
0
0
0
0
0
0
0
0
0
0
0
0
0
0
0
0
0
0
-5.81329e-15
0
0
0
0
0
0
0
0
0
0
1.01964e-14
0
0
0
0
0
0
0
0
0
0
0
0
0
0
0
0
0
-3.08414e-15
0
0
0
0
0
0
0
0
0
0
0
0
0
0
0
0
0
0
0
0
0
0
0
0
0
0
0
0
0
0
0
0
0
0
0
0
0
0
0
0
0
0
0
0
0
0
0
0
0
0
0
0
0
0
0
0
0
0
0
0
0
0
0
0
0
0
0
0
0
0
3.39339e-14
0
0
1.28093e-15
-4.50205e-14
0
0
0
0
0
0
0
0
0
0
0
0
0
0
0
0
0
0
0
0
0
0
0
0
0
0
0
0
0
0
0
0
0
0
0
0
0
0
0
0
0
0
-4.21822e-16
2.37481e-17
0
0
0
0
0
0
1.20762e-14
0
0
0
0
0
0
0
0
0
0
-2.91354e-15
0
0
0
0
0
0
0
0
-5.57046e-31
-4.39735e-16
0
0
0
0
0
0
0
0
0
0
0
0
0
0
0
0
0
0
0
0
0
0
0
0
0
0
0
0
0
0
0
0
0
0
0
0
0
0
0
0
0
0
0
0
0
0
0
0
0
0
0
0
0
0
0
0
0
0
0
0
0
0
0
0
0
0
0
0
0
0
0
0
0
0
0
0
0
0
0
0
0
0
0
0
0
0
0
0
0
0
8.72992e-15
-1.15551e-14
0
0
0
0
0
0
0
0
0
0
0
0
0
0
0
0
0
0
0
0
0
0
0
0
0
0
0
0
1.46508e-15
0
0
0
0
0
0
0
0
0
0
0
0
0
0
0
0
0
0
0
0
0
0
0
0
0
0
0
0
0
0
0
-1.31132e-14
0
0
0
0
0
0
0
0
0
0
0
0
0
0
0
0
0
0
0
0
0
0
0
0
0
0
0
0
0
0
0
0
0
0
0
0
0
0
0
0
0
0
-4.13682e-17
-9.28219e-16
-2.10834e-16
5.57171e-16
-3.47398e-15
0
0
0
0
0
0
0
3.03678e-16
2.35542e-17
0
0
0
0
0
0
0
0
0
0
0
0
0
0
0
0
0
0
0
0
0
0
0
0
0
0
0
0
0
0
0
0
0
0
0
0
0
0
0
0
0
-4.51205e-16
6.44804e-16
3.22244e-16
0
0
0
0
0
0
0
0
0
2.94602e-14
-1.0488e-14
1.23814e-14
0
0
0
0
0
0
0
0
0
0
0
0
0
0
0
0
0
0
0
0
0
0
0
0
0
0
0
0
0
0
0
0
0
0
-4.33185e-17
6.46073e-16
0
0
0
0
0
0
0
-6.07369e-16
8.61178e-14
0
0
0
0
0
0
0
2.89672e-15
0
0
0
0
0
0
0
0
0
0
0
0
0
0
0
0
0
0
0
0
-7.53533e-16
0
0
0
0
0
0
0
0
0
0
0
0
0
0
0
0
0
0
0
0
0
0
7.54901e-17
0
0
0
0
0
0
0
0
0
0
0
0
0
0
0
0
0
0
0
0
0
0
0
0
0
0
0
0
0
0
0
0
0
0
0
0
0
0
0
0
0
7.04728e-29
-4.13708e-14
0
0
0
0
0
0
0
0
0
0
0
0
0
0
0
0
0
0
0
0
0
0
0
0
0
0
0
0
0
0
0
0
0
0
0
0
0
0
0
0
0
0
0
0
0
0
0
0
0
0
0
0
0
0
0
0
0
0
0
0
0
0
0
0
0
0
0
0
0
0
0
0
0
0
0
0
0
0
0
0
0
0
4.48877e-17
-3.27694e-16
0
0
0
0
0
0
0
0
0
0
0
0
0
0
0
0
0
0
0
0
0
0
0
0
0
0
0
0
0
0
0
0
0
0
0
0
0
0
0
0
0
0
-1.72266e-16
0
0
0
0
0
0
0
0
0
0
0
0
0
0
0
0
0
0
0
0
0
0
0
0
0
0
0
0
0
0
0
0
0
0
0
0
0
0
0
0
0
0
0
0
0
0
0
0
0
0
0
0
0
0
0
0
0
0
0
0
0
0
0
0
0
0
0
0
0
0
0
0
0
3.63303e-17
0
0
0
0
0
0
0
-1.20549e-15
0
0
0
0
0
0
0
0
0
0
0
0
0
0
0
0
0
0
0
0
0
0
0
0
0
0
0
0
0
0
0
0
0
0
0
0
0
0
0
0
0
0
0
0
0
0
0
0
0
0
0
0
0
0
0
0
0
0
0
0
0
0
0
0
0
0
-1.13918e-15
0
0
0
0
0
0
-1.4497e-14
-3.57635e-14
0
0
0
0
0
0
0
0
0
0
0
0
0
0
0
0
0
0
0
0
0
2.99718e-14
-7.86438e-14
0
0
0
0
0
0
0
0
0
0
0
0
0
0
0
0
0
0
0
0
0
0
0
0
0
0
0
0
0
0
0
0
0
0
0
0
0
0
0
0
0
0
0
0
0
0
0
0
0
8.48873e-17
0
0
0
0
-3.40064e-16
0
0
0
1.15788e-14
0
0
0
0
0
0
0
0
0
0
0
0
0
0
0
0
0
0
0
0
0
0
0
0
0
0
0
0
0
0
0
0
0
0
0
0
0
0
0
0
0
0
0
0
0
0
0
0
0
0
0
0
0
0
1.24373e-15
0
0
0
0
0
0
0
0
0
0
0
0
0
0
0
0
0
0
0
0
0
0
0
0
0
0
0
0
0
0
0
0
0
0
0
0
0
0
0
0
0
0
0
0
0
0
0
0
0
0
0
0
0
0
0
0
0
3.81242e-14
0
0
0
-8.98245e-16
0
0
0
0
-5.44277e-16
0
0
0
0
0
-9.79109e-17
0
0
0
0
0
4.37826e-14
-1.27064e-15
0
0
0
0
0
0
0
0
0
0
0
-1.87257e-15
0
-4.57947e-15
0
0
0
0
0
0
0
0
0
0
0
0
0
0
0
0
0
0
0
0
0
0
0
6.67627e-17
0
0
0
0
0
0
0
0
0
-9.17082e-14
0
0
1.18071e-15
-1.83984e-15
0
0
0
0
0
0
0
0
0
0
0
0
0
0
0
0
0
0
0
0
0
0
0
0
0
0
0
0
0
0
0
0
0
-2.53672e-14
8.0266e-16
0
0
0
0
0
0
0
0
0
0
0
0
0
0
0
0
0
0
0
0
-8.39102e-16
0
0
0
0
0
0
0
0
0
0
0
0
0
0
0
0
0
0
0
0
0
0
0
0
0
0
0
0
0
1.26119e-16
0
0
0
0
0
0
0
0
0
-1.77218e-29
2.17324e-15
0
0
0
0
0
0
0
0
0
0
0
0
0
0
0
0
0
0
0
0
0
0
0
-8.84796e-30
0
0
0
0
0
0
0
0
0
0
0
0
0
0
0
0
0
0
0
0
0
0
0
0
0
0
0
0
0
0
0
0
0
0
0
0
1.91949e-16
-5.34879e-16
0
0
0
0
0
0
0
0
0
0
0
0
0
0
0
0
0
0
0
0
0
0
0
0
0
0
0
0
0
0
0
0
0
0
0
0
0
0
0
0
0
0
0
0
0
0
0
0
0
0
0
0
0
0
0
0
0
0
0
0
0
0
0
0
0
5.68779e-14
0
0
0
0
0
0
0
0
0
0
0
0
0
0
0
0
0
0
0
0
0
0
0
0
0
0
0
0
0
0
0
0
0
0
0
0
0
0
0
0
0
0
0
0
0
0
0
0
0
6.12162e-17
0
0
0
0
0
0
0
0
0
0
0
0
0
0
0
0
0
0
0
0
0
0
0
0
0
0
0
0
-4.24143e-16
0
0
0
0
0
0
0
0
0
0
0
0
0
0
0
0
0
0
0
0
0
0
0
0
0
0
0
0
-3.07698e-16
8.83926e-17
0
0
0
0
0
0
0
0
0
0
0
0
0
0
0
0
0
0
0
0
0
0
2.18405e-16
0
0
0
0
0
0
0
0
0
0
0
0
0
0
0
0
0
0
0
0
0
0
0
8.725e-14
0
0
0
0
0
0
0
0
0
0
0
0
0
0
0
0
0
0
0
0
0
0
0
0
-6.48964e-14
0
0
0
0
0
0
0
0
0
0
0
0
0
0
0
0
0
0
0
0
0
0
0
0
6.47728e-33
-1.47098e-16
0
0
0
0
0
0
0
0
0
0
0
0
0
0
0
0
0
0
0
0
0
0
0
0
0
0
-2.33812e-17
-6.33132e-17
0
0
0
0
0
0
0
0
8.2863e-15
0
0
0
0
0
0
0
0
0
0
0
0
0
0
0
0
0
0
0
0
0
0
8.67487e-14
0
0
0
0
0
0
0
0
0
0
0
0
0
0
0
0
0
0
0
0
0
0
0
0
0
0
0
0
0
0
0
0
0
0
0
0
0
0
0
0
0
0
0
0
0
0
0
0
0
0
0
0
0
0
0
0
0
0
0
0
0
0
0
0
0
0
0
0
0
0
0
0
0
0
0
0
0
0
0
0
0
0
0
0
0
0
0
0
0
0
0
0
0
0
0
0
0
0
0
0
0
0
0
0
0
0
0
0
0
0
0
0
0
0
0
0
0
0
0
0
0
0
0
-8.8091e-30
0
0
0
0
0
0
0
0
0
0
0
0
0
0
0
0
0
0
0
0
0
0
0
0
-1.77908e-16
-4.58589e-16
-4.59431e-16
0
0
0
0
0
0
0
0
0
0
0
0
0
0
0
0
0
0
0
0
0
0
0
0
0
0
0
0
0
0
0
0
0
0
0
0
0
0
0
0
0
0
0
0
0
0
0
0
0
0
0
0
0
0
0
0
0
0
0
0
0
0
0
0
0
0
0
0
0
0
0
0
0
0
0
0
0
0
0
0
0
0
0
0
0
0
0
0
-4.79203e-14
5.14483e-15
0
0
0
0
0
0
0
0
0
0
0
0
0
0
0
0
0
0
0
0
0
0
0
0
0
0
0
0
0
0
0
0
0
0
0
0
0
0
0
0
0
0
0
0
0
0
0
0
0
0
2.15909e-33
-2.50767e-16
0
0
0
0
0
0
0
0
0
0
0
0
0
0
0
0
0
0
0
0
0
0
0
0
0
0
0
0
0
0
0
0
0
0
0
0
0
0
0
0
0
0
0
0
0
0
0
0
0
0
0
0
0
0
0
0
0
0
0
0
0
0
0
0
0
0
0
0
0
0
0
0
0
0
0
0
0
0
0
0
0
0
0
0
0
0
0
0
0
0
0
0
0
0
0
0
0
0
0
0
0
0
0
0
0
0
0
0
-5.77211e-17
2.83409e-17
0
0
0
0
0
0
0
0
0
0
0
0
0
0
0
0
0
0
0
0
0
0
0
0
0
0
0
0
6.19634e-16
0
0
0
0
0
0
2.47032e-15
0
0
0
0
0
0
0
0
0
0
0
0
0
0
0
0
0
0
0
0
0
0
0
0
0
0
0
0
0
0
0
0
0
0
0
0
0
0
0
0
0
0
0
0
0
0
0
0
0
0
0
0
0
0
0
0
0
-1.06969e-14
0
0
0
0
0
0
0
0
0
0
0
0
0
0
0
0
0
0
0
0
0
0
0
0
0
0
0
0
0
0
0
0
0
0
0
0
0
0
0
0
0
0
0
0
0
0
0
0
0
0
0
0
0
0
0
0
0
0
0
0
0
0
0
0
0
0
0
0
0
0
0
0
0
0
0
0
0
0
0
0
0
0
0
0
0
0
0
0
0
0
0
0
0
0
0
0
0
0
0
0
0
0
0
0
0
0
0
0
0
0
0
0
0
6.71523e-15
0
0
0
0
0
0
0
0
0
0
0
0
0
0
0
0
0
0
0
0
0
0
0
0
0
0
0
0
0
0
0
0
0
0
0
0
0
0
0
0
0
0
0
0
0
0
0
0
0
0
0
0
0
0
0
0
0
0
0
0
0
0
0
0
0
0
0
0
0
0
0
0
0
0
0
0
0
0
0
0
0
0
0
0
0
0
0
0
0
0
0
0
0
0
0
0
0
0
0
0
0
0
0
0
0
0
0
0
0
0
0
0
0
0
0
0
0
0
0
0
0
0
0
-5.9152e-16
0
0
0
0
0
0
0
0
0
0
0
0
0
0
0
0
0
0
0
0
0
0
0
0
0
0
0
0
0
0
0
0
0
0
0
0
0
-9.00419e-17
-6.19923e-17
0
0
0
0
0
0
0
0
0
0
0
0
0
0
0
0
0
0
0
0
0
0
0
0
0
0
0
0
0
0
0
0
0
0
0
0
0
0
0
0
0
0
0
0
0
0
0
0
0
0
0
0
0
0
0
0
0
0
0
0
0
0
0
0
0
0
0
0
0
0
0
0
0
0
0
0
0
0
0
0
0
0
0
-4.33199e-15
-5.36254e-14
0
0
0
0
0
0
0
0
0
0
0
0
0
0
0
0
0
0
0
0
0
0
0
0
0
0
0
0
0
0
0
0
0
0
0
0
0
0
0
0
0
0
0
0
0
0
-2.43499e-15
0
0
0
0
0
0
0
0
0
0
0
0
0
0
0
0
0
0
0
0
0
0
0
0
0
0
0
0
0
0
0
0
0
0
0
0
0
0
0
0
0
0
0
0
0
0
0
0
0
0
0
0
0
0
0
0
0
0
0
0
0
0
0
0
0
0
0
0
0
0
0
0
0
0
0
0
0
4.8331e-14
0
0
0
0
0
0
0
0
0
0
0
0
0
0
0
0
0
0
0
0
0
0
0
0
-1.30026e-13
0
0
0
0
0
0
0
0
0
0
0
0
0
0
0
0
0
0
0
0
0
0
0
0
0
0
0
0
0
0
0
0
0
0
0
0
0
0
0
0
0
0
0
0
0
0
0
0
0
0
0
0
0
0
0
0
0
0
0
0
0
0
0
0
0
0
0
0
0
0
0
0
0
0
0
0
0
0
0
0
0
0
0
0
0
0
0
0
0
0
0
0
0
0
0
0
0
0
0
0
0
0
0
0
0
0
0
0
0
0
0
0
0
0
0
0
0
0
0
0
0
0
0
0
0
0
0
0
0
0
0
0
0
0
-3.25697e-16
6.09228e-14
0
0
0
0
0
0
0
0
0
0
0
0
0
0
0
0
0
0
0
0
0
0
0
0
0
0
0
0
0
0
0
0
0
0
0
0
0
0
0
0
0
0
0
0
0
0
0
0
0
0
0
0
0
0
0
0
0
0
0
0
0
0
0
0
0
0
0
0
0
0
0
0
0
0
0
0
0
0
0
0
0
0
0
0
0
0
0
0
0
0
0
0
0
0
0
0
0
0
0
0
0
0
0
0
0
0
0
0
0
0
0
0
0
0
0
0
0
0
0
0
0
0
0
0
0
0
0
0
0
0
0
0
0
0
0
0
0
0
0
0
0
-8.51991e-16
1.63425e-16
0
0
0
0
0
0
0
0
0
0
0
0
0
0
0
0
0
0
0
0
0
0
0
0
0
0
0
0
0
0
0
0
0
0
0
0
0
0
0
0
0
0
0
0
0
0
1.5833e-14
0
0
0
0
0
0
0
0
0
0
0
0
0
0
0
0
0
0
0
0
0
0
0
0
0
0
0
0
0
0
0
0
0
0
0
0
0
0
0
0
-3.72276e-14
0
0
0
0
0
0
0
0
0
0
0
0
0
0
0
0
0
0
0
0
0
0
0
0
0
0
0
0
0
0
0
-8.20294e-16
7.98766e-17
0
0
0
0
0
0
0
0
0
0
0
0
0
0
0
0
0
0
0
0
0
0
0
0
0
0
0
0
0
0
0
0
0
0
0
0
0
0
0
0
0
0
0
0
0
0
0
0
0
0
0
0
0
0
0
0
0
0
0
0
0
0
0
0
0
0
0
0
0
0
0
0
0
0
0
0
0
0
0
0
0
0
0
0
0
0
0
0
0
0
0
0
0
0
0
0
0
0
0
0
0
0
0
0
0
0
0
0
0
0
0
0
0
0
0
0
0
0
0
0
0
0
0
0
0
0
0
0
0
0
0
0
0
0
0
0
0
0
0
0
0
0
0
0
0
0
0
0
0
0
0
0
0
0
0
0
0
0
0
0
0
3.2276e-14
-3.96865e-14
8.86921e-15
0
0
0
0
0
0
0
0
0
0
0
0
0
0
0
0
0
0
0
0
0
0
0
0
0
0
0
0
0
0
0
0
0
0
0
0
0
0
0
0
0
0
0
0
0
0
0
0
0
0
0
0
0
0
0
0
0
0
0
0
0
0
0
0
0
0
0
0
0
0
0
0
0
0
0
0
0
0
0
0
0
0
0
0
0
0
0
0
0
0
0
0
0
0
0
0
0
0
0
0
0
0
0
0
0
0
0
0
0
0
0
0
0
0
0
0
0
0
0
0
0
0
0
0
0
0
0
0
0
0
0
0
0
0
0
0
0
0
0
0
0
0
0
0
0
0
0
0
0
0
0
0
0
0
0
0
0
0
0
0
0
0
0
0
0
0
0
0
0
0
0
0
0
0
0
0
0
0
0
0
0
0
0
0
0
0
0
0
0
0
0
0
0
0
0
0
2.06645e-16
0
0
0
0
0
0
0
0
0
0
0
0
0
0
0
0
2.77613e-16
0
0
0
0
0
0
0
0
0
0
0
0
0
0
0
0
0
0
0
0
-5.39868e-17
2.37047e-16
0
0
0
0
0
0
0
0
0
0
0
0
0
0
0
0
0
0
0
0
0
0
0
0
0
0
0
0
0
0
0
0
0
0
0
0
0
0
0
0
0
0
0
0
0
0
0
0
0
0
0
0
0
0
0
0
0
0
0
0
0
0
0
0
0
0
0
0
0
0
0
0
0
0
0
0
0
0
0
0
0
0
0
0
0
0
0
0
0
0
0
0
0
0
0
0
0
0
0
0
0
0
0
0
0
0
0
0
0
0
0
0
0
0
0
0
0
0
0
0
0
0
0
0
0
0
0
0
0
0
0
0
0
0
0
0
0
0
0
0
0
0
0
0
0
0
0
0
0
0
0
0
0
0
0
0
0
0
0
0
0
0
0
0
5.4639e-16
0
0
0
0
0
0
0
0
0
0
0
0
0
0
0
0
0
0
0
0
0
0
0
0
0
1.18468e-15
0
0
0
0
0
0
0
0
0
0
0
0
0
0
0
0
0
0
0
0
0
0
0
0
0
0
0
0
0
0
0
0
0
0
0
0
0
0
0
0
0
0
0
0
0
0
0
0
0
0
0
0
0
0
0
0
0
0
0
0
0
0
0
0
0
0
0
0
0
0
0
0
0
0
0
0
0
0
0
0
0
0
0
0
0
0
0
0
0
0
0
0
0
0
0
0
0
0
0
0
0
0
0
0
0
0
0
0
0
0
0
0
0
0
0
0
0
0
0
0
0
0
0
0
0
0
0
0
0
0
0
0
0
0
0
0
0
0
0
0
0
0
0
0
0
0
0
0
0
0
0
0
0
0
3.62034e-14
0
0
0
0
0
0
0
0
0
0
0
0
0
0
0
0
0
0
0
0
0
0
0
0
0
0
0
0
0
0
0
0
0
0
0
0
0
0
0
0
0
0
0
0
0
0
0
0
0
0
0
0
0
0
0
0
0
0
0
0
0
0
0
0
0
0
0
0
0
0
0
0
0
0
-2.76629e-14
0
0
0
0
0
0
0
0
0
0
0
2.94973e-16
0
0
0
0
0
0
0
0
0
0
0
0
0
0
0
0
0
0
0
0
0
0
0
0
0
0
0
0
0
0
0
0
0
0
0
0
0
0
0
0
0
0
0
0
0
0
0
0
0
0
0
0
0
0
0
0
0
0
0
0
0
0
0
0
0
0
0
0
0
0
0
0
0
0
0
0
0
0
0
0
0
0
0
0
0
0
0
0
0
0
0
0
0
0
0
0
0
0
0
0
0
0
0
0
0
0
0
0
0
0
0
0
0
0
0
0
0
0
0
0
0
0
0
0
0
0
0
0
0
0
0
0
0
0
0
0
0
0
0
0
0
0
0
0
0
0
0
0
0
0
0
0
0
0
0
0
0
0
0
0
0
0
0
0
0
0
0
0
0
0
0
0
0
0
0
0
0
0
0
0
0
0
0
0
0
0
0
0
0
0
0
0
0
0
0
0
0
0
0
0
0
0
0
0
0
0
0
0
0
0
0
0
0
0
0
0
0
0
0
0
0
0
0
0
0
0
0
0
0
0
0
0
0
0
0
0
0
0
0
0
0
0
0
0
0
0
0
0
0
0
0
0
0
0
0
0
0
0
0
0
0
0
0
0
0
0
0
0
0
0
0
0
0
0
0
0
0
0
0
0
0
0
0
0
0
0
0
0
0
0
0
0
0
0
0
0
0
0
0
0
0
0
0
0
0
0
0
0
0
0
0
0
0
0
0
0
0
0
0
0
0
0
0
0
0
0
0
0
0
0
0
0
0
0
0
0
0
0
0
0
0
0
0
0
0
0
0
0
0
0
0
0
0
0
0
0
0
0
0
0
0
0
0
0
0
0
0
0
0
0
0
0
0
0
0
0
0
0
0
0
0
0
0
0
0
0
0
0
0
0
0
0
0
0
0
0
0
0
0
0
0
0
0
0
0
0
0
0
0
0
0
0
0
0
0
0
0
0
0
0
0
0
0
0
0
0
0
0
0
0
0
0
0
0
0
0
0
0
0
0
0
0
0
0
0
0
0
0
0
0
0
0
0
0
0
0
0
0
0
0
0
0
0
0
0
0
0
0
0
0
0
0
0
0
0
0
0
0
0
0
0
0
0
-6.09611e-16
0
0
0
0
0
0
-4.92067e-17
0
0
0
0
0
0
0
0
0
0
0
0
0
0
0
0
0
0
0
0
0
0
0
0
0
0
0
0
0
0
0
0
0
0
0
0
8.46738e-14
0
0
0
0
0
0
0
0
0
0
0
0
0
0
0
0
0
0
0
0
0
0
0
0
0
0
0
0
0
0
0
3.79465e-17
0
0
0
0
0
0
0
0
0
0
0
0
0
0
0
7.74626e-16
0
0
0
0
0
0
0
0
0
0
0
0
0
0
0
0
0
0
0
0
0
0
-1.71534e-17
-6.5373e-17
0
0
0
0
0
0
0
0
0
0
0
0
0
0
0
0
0
0
0
0
0
0
0
0
0
0
0
0
0
0
0
0
0
0
0
0
0
0
0
0
0
0
0
0
0
0
0
0
0
0
0
0
0
0
0
0
0
0
0
0
0
0
0
0
0
0
0
0
0
0
0
0
0
-4.7919e-17
0
0
0
0
0
0
0
0
0
0
0
0
0
0
0
0
0
0
0
0
0
0
0
0
0
0
0
0
0
0
0
0
0
0
0
0
0
0
0
0
0
0
0
0
0
0
0
0
0
0
0
0
0
0
0
0
0
0
0
0
0
0
0
0
8.10572e-16
0
0
0
0
0
0
0
0
0
0
0
0
0
0
0
0
0
0
0
0
0
0
0
0
0
0
0
0
0
0
0
0
-8.75948e-15
-6.33106e-16
0
0
0
0
0
0
0
0
0
0
0
0
0
0
0
0
0
0
0
0
0
0
0
0
0
0
0
0
0
0
0
0
0
0
0
0
0
0
0
0
0
0
0
0
0
0
0
0
0
0
0
0
0
0
0
0
0
0
0
0
0
0
0
0
0
0
0
0
2.5938e-15
0
0
2.38298e-14
0
0
0
0
-4.28321e-15
0
0
0
0
0
0
0
0
0
0
0
0
0
0
0
0
0
0
0
0
0
0
0
0
0
0
0
0
0
0
0
0
0
0
0
0
0
0
0
0
0
0
0
0
0
0
0
0
0
0
0
0
0
0
0
0
0
0
0
0
0
0
0
0
0
0
0
0
0
0
0
0
0
0
0
0
0
0
0
0
0
0
0
0
0
0
0
0
0
0
0
0
0
0
0
0
0
0
0
0
0
0
0
0
0
0
0
0
0
0
0
0
0
0
0
0
0
0
0
0
0
0
0
0
0
0
0
0
0
0
0
0
0
0
0
0
0
0
0
0
0
0
0
0
0
0
0
0
0
0
0
0
0
0
0
0
0
0
0
0
0
0
0
0
0
0
0
0
0
0
0
0
0
0
0
0
0
0
0
0
0
0
0
0
0
0
0
0
0
0
0
0
0
0
0
0
0
0
0
0
0
0
0
0
0
0
0
0
0
0
0
0
0
0
0
0
0
0
0
0
0
0
0
0
0
0
0
0
0
0
0
0
0
-1.27916e-15
0
0
0
0
0
-8.98912e-14
1.77298e-16
0
0
0
0
0
0
0
0
0
0
0
0
0
0
0
0
0
0
0
0
0
0
0
0
0
0
0
0
0
0
0
0
0
0
0
0
0
0
0
0
0
0
0
0
0
0
0
3.478e-16
0
0
0
0
0
0
0
0
0
0
0
0
0
0
0
0
0
0
0
0
0
0
0
0
0
0
0
0
0
0
0
0
0
0
0
0
0
0
0
0
0
0
0
0
0
0
0
0
0
0
0
0
0
0
0
0
0
0
0
0
0
0
0
0
0
0
0
0
0
0
0
3.39377e-14
0
0
0
0
0
0
0
0
0
0
0
0
0
0
0
3.23329e-14
0
0
0
0
0
0
0
0
0
0
0
0
0
0
-3.96913e-14
0
0
0
0
0
0
0
0
0
0
0
0
0
0
0
0
-1.51872e-16
0
-3.91009e-16
-1.93634e-14
0
0
0
0
0
0
0
0
0
0
0
0
0
0
0
0
0
0
0
0
0
0
0
0
0
0
0
0
0
0
0
0
0
0
0
0
0
0
0
0
0
0
0
0
0
0
0
0
0
0
0
0
0
0
0
0
0
0
0
0
0
0
0
0
0
0
0
0
0
0
0
0
0
0
0
0
0
0
0
0
0
0
0
0
0
0
0
0
0
0
0
0
0
0
0
0
0
0
0
0
0
0
0
0
0
0
0
0
0
0
0
0
0
0
0
0
0
0
0
0
0
0
0
0
0
0
0
0
0
0
0
0
0
0
0
0
0
0
0
0
0
0
0
0
0
0
0
0
0
0
0
0
2.15133e-14
4.26228e-16
0
0
0
0
0
0
0
0
0
0
0
0
0
0
0
0
0
0
0
0
0
0
0
0
0
1.00155e-15
0
0
0
0
0
0
0
0
0
0
0
0
0
0
0
0
0
0
0
0
0
0
0
0
0
0
0
0
0
0
0
0
0
0
0
0
0
0
0
0
0
0
0
0
0
0
0
0
0
0
0
0
0
0
0
0
0
0
0
0
0
0
0
0
0
0
0
0
0
0
0
0
0
0
0
0
0
0
0
0
0
0
0
0
0
0
-3.29583e-14
0
0
0
0
0
0
0
0
0
0
0
0
0
0
0
0
0
0
0
0
0
0
0
0
0
0
0
0
1.26429e-14
0
0
0
0
0
0
0
0
0
0
0
0
0
0
0
0
0
0
0
0
1.766e-15
-4.03073e-16
0
0
0
0
0
0
0
0
0
0
0
0
0
0
0
0
0
0
0
0
0
0
0
0
0
0
0
0
0
0
0
0
0
0
0
0
0
0
0
0
0
0
0
0
0
0
0
0
0
0
0
0
0
0
0
0
0
0
0
0
0
0
0
0
0
0
0
0
0
0
0
0
3.93766e-16
0
8.68721e-15
0
0
0
0
0
0
0
0
0
0
0
0
0
0
0
0
0
0
0
0
0
0
0
3.25655e-16
0
0
0
0
0
0
0
0
0
0
0
0
0
0
0
0
0
0
0
0
0
0
0
0
0
0
0
0
0
0
0
2.65557e-16
-1.2683e-16
0
0
0
0
0
0
0
0
0
0
0
0
0
-9.00859e-16
6.34252e-16
0
0
0
0
0
0
0
0
-3.94237e-17
0
0
0
0
0
0
0
0
0
0
0
0
0
0
0
0
0
0
0
0
0
0
0
0
0
0
0
0
0
0
0
0
0
0
0
0
0
0
0
0
0
0
0
0
0
0
0
0
0
0
0
0
0
0
0
0
0
0
0
0
0
0
0
0
0
0
0
0
0
0
0
0
0
0
0
0
0
0
0
0
0
0
0
0
0
0
0
0
0
0
0
0
0
0
0
0
0
0
0
0
0
0
0
0
0
0
0
5.01828e-17
0
0
0
0
0
0
0
0
0
0
0
0
0
0
0
0
0
0
0
0
0
0
0
1.2705e-16
0
0
0
0
0
0
0
0
0
0
0
0
0
0
0
0
0
0
0
0
0
0
0
0
0
0
0
0
0
0
0
0
0
0
0
0
0
0
0
0
0
2.9705e-14
0
0
0
0
0
0
0
0
0
0
0
0
0
0
0
0
0
0
0
0
0
0
0
0
0
0
0
0
0
0
0
0
0
0
0
0
0
0
0
0
0
0
0
0
0
0
0
0
0
0
0
0
0
0
0
0
0
0
0
0
0
0
0
0
0
0
0
0
0
0
0
0
0
0
0
0
0
0
0
0
0
0
0
0
0
0
0
0
0
0
0
0
0
0
0
0
0
0
0
0
0
0
0
0
0
0
0
0
0
0
0
0
0
0
0
0
0
0
0
0
0
0
0
0
0
0
0
0
0
0
0
0
0
0
0
0
0
0
0
0
0
0
0
0
0
0
0
0
0
0
0
0
0
0
0
0
0
0
0
0
0
0
0
0
0
0
0
0
0
0
0
0
0
0
0
0
0
0
0
0
0
0
0
0
0
0
0
0
0
0
0
0
0
0
0
0
0
0
0
0
0
0
0
0
0
0
0
0
0
0
0
0
0
0
0
0
0
0
0
0
0
0
0
0
0
0
0
0
0
0
0
0
0
0
0
0
0
0
0
0
0
0
0
0
0
0
0
0
0
0
0
0
0
0
0
0
0
0
0
0
0
0
0
0
0
0
0
0
0
0
0
0
0
0
0
0
0
0
0
0
0
0
0
0
0
0
0
0
0
0
0
0
0
0
0
0
0
0
0
0
0
0
0
0
0
0
0
0
0
0
0
0
0
0
0
0
0
0
0
0
0
0
0
0
0
0
0
0
0
0
0
0
0
0
0
0
0
0
0
0
0
0
0
0
0
0
0
0
0
0
0
0
0
0
0
0
0
0
0
0
0
0
0
0
0
0
0
0
0
0
0
0
0
0
0
0
0
0
0
0
0
0
0
0
0
0
0
0
0
0
0
0
0
0
0
0
6.59989e-17
0
0
0
0
0
0
0
0
0
0
0
0
0
0
0
0
0
0
0
0
0
0
0
0
0
0
6.29004e-16
0
0
0
0
0
0
0
0
0
0
0
0
0
0
0
0
0
0
0
0
0
0
0
0
0
0
0
0
0
-1.15303e-16
-3.56738e-15
0
0
0
0
0
0
0
0
0
0
0
0
0
0
0
0
0
0
0
0
0
0
0
0
0
0
0
0
0
0
0
0
0
0
0
0
0
0
0
0
0
0
0
0
0
0
0
0
0
0
0
0
0
0
0
0
0
0
0
0
0
0
0
0
-8.88993e-12
1.35564e-12
0
0
0
0
0
0
0
0
0
0
0
0
0
0
0
-1.27235e-15
0
0
0
0
0
0
0
0
0
0
9.70059e-16
5.17309e-16
-5.05907e-16
0
-4.99435e-13
0
0
0
0
0
0
0
0
0
0
0
0
0
0
0
0
0
0
0
0
0
0
-1.81105e-12
0
0
0
2.55809e-17
3.41286e-17
0
0
0
0
0
0
0
0
0
0
0
0
0
0
0
0
0
0
0
0
0
0
0
0
0
0
0
0
0
0
0
0
0
0
0
0
0
0
0
0
0
0
0
0
0
0
0
0
0
0
0
0
0
0
0
0
0
0
0
0
0
-3.19365e-16
0
0
0
0
0
0
0
0
0
0
0
0
0
0
0
0
0
0
0
0
0
0
0
0
0
0
0
0
0
0
0
0
0
0
0
0
0
0
0
0
0
0
0
0
0
0
0
0
0
0
0
0
0
0
0
0
0
0
0
0
0
0
0
0
0
0
0
0
0
0
0
0
0
0
0
0
0
0
0
0
0
0
0
0
0
0
0
0
0
0
0
0
0
0
0
0
4.84405e-16
0
0
0
0
0
0
0
0
0
0
-4.73127e-16
0
0
0
0
0
0
0
0
0
0
0
0
0
0
0
0
0
0
0
0
0
0
0
0
0
0
0
0
0
0
0
0
0
0
0
-2.16416e-15
-1.57098e-15
0
0
0
0
0
0
0
0
0
0
0
0
0
0
0
0
0
0
0
0
0
0
0
0
0
0
0
0
0
0
0
0
0
0
0
0
0
0
0
0
0
0
0
0
0
0
0
0
0
0
0
0
0
0
0
0
0
0
0
0
0
0
0
0
0
0
0
0
0
0
0
2.66685e-15
3.49763e-16
2.40136e-15
0
0
0
0
0
0
0
0
0
0
0
0
0
0
0
0
0
-9.33306e-15
0
0
0
0
0
0
0
0
0
0
0
0
0
0
0
0
0
0
0
0
0
0
0
0
0
0
0
0
0
0
0
0
0
0
0
0
0
0
0
0
0
0
0
0
0
0
0
0
0
0
0
0
0
0
0
0
0
0
0
0
0
-3.02911e-15
0
0
-3.12542e-16
0
0
0
0
0
0
0
0
0
0
0
0
0
0
0
0
0
0
0
0
0
0
0
0
0
0
0
0
0
0
1.88913e-14
0
0
0
0
0
0
0
0
0
0
0
0
0
0
0
0
0
0
0
0
0
0
0
0
0
0
0
0
0
0
0
0
0
0
0
0
0
0
0
0
0
0
0
0
0
0
0
0
0
0
0
0
0
0
0
0
0
0
0
0
0
0
0
0
0
0
0
0
0
0
0
0
0
0
0
0
0
0
0
0
0
0
0
0
0
0
0
0
0
0
0
0
0
0
0
0
0
0
0
0
0
0
0
0
0
0
0
0
0
0
0
0
0
0
0
0
0
0
0
0
0
0
0
0
0
0
0
0
0
0
0
0
0
0
0
0
0
0
0
0
0
0
0
0
0
0
-5.14336e-17
-1.15796e-15
0
0
0
0
0
0
0
0
0
0
0
0
0
0
0
0
0
0
0
0
0
0
0
0
0
0
0
0
0
0
0
0
0
0
0
0
0
0
0
0
0
0
0
0
0
0
0
0
0
0
0
0
0
0
0
0
0
0
0
0
0
0
0
4.5584e-16
-2.83693e-16
-9.62216e-16
0
0
0
0
0
0
0
0
0
0
0
0
0
0
0
0
0
0
0
0
0
0
0
0
0
0
0
0
0
0
0
0
0
0
0
0
0
0
0
0
0
0
0
0
0
0
0
0
0
0
0
0
4.69857e-16
1.6684e-16
0
0
0
0
0
0
0
0
0
0
0
0
0
0
0
0
0
0
0
3.75358e-14
-7.63647e-16
-9.29605e-15
0
0
0
0
0
0
0
0
0
0
0
0
1.37623e-16
0
0
0
0
0
0
3.23704e-17
0
-2.40906e-14
0
0
0
0
0
0
-1.1399e-16
-1.36531e-17
0
0
0
0
0
0
0
0
0
0
-1.31522e-16
0
0
0
0
0
0
0
0
0
0
0
0
0
0
0
0
0
0
0
0
0
0
0
-5.63523e-31
0
0
0
0
0
0
0
0
0
0
0
-2.42605e-17
3.59321e-17
0
0
0
0
0
0
0
0
0
0
0
0
0
0
0
0
0
0
0
0
0
0
0
0
0
0
0
0
0
0
0
0
0
0
0
0
0
0
4.91347e-17
0
0
0
0
0
0
0
0
0
0
0
0
0
0
0
0
0
0
0
-1.24242e-14
0
0
0
0
0
0
0
0
0
0
0
0
0
0
0
0
0
0
0
0
0
0
0
0
0
0
0
0
0
0
0
-7.13019e-29
4.55812e-15
0
0
0
1.06038e-14
-1.36243e-14
0
0
0
0
0
0
0
0
-1.75084e-15
0
3.4075e-15
6.63106e-15
0
0
0
0
0
0
0
0
0
0
0
0
0
0
0
0
0
0
0
0
0
0
0
0
0
0
0
0
0
0
0
0
0
0
0
0
0
0
0
0
0
-1.23721e-16
0
0
0
0
0
0
0
0
0
0
0
0
0
0
0
0
0
0
0
0
0
0
0
0
0
0
0
-3.07438e-16
1.1399e-15
0
0
0
0
0
0
0
0
0
0
0
0
0
0
0
0
0
0
0
0
0
1.78551e-15
0
0
0
0
0
0
0
0
0
0
0
0
0
0
0
0
0
0
0
0
0
0
0
0
0
0
0
0
0
0
0
0
0
0
0
0
0
0
0
0
0
0
0
0
0
0
0
0
0
0
0
0
0
0
0
0
0
0
0
0
0
0
0
0
0
0
0
0
0
0
0
0
0
0
0
0
0
0
0
0
0
0
0
-1.24859e-16
1.52048e-16
-8.10008e-15
0
0
0
0
0
0
0
0
0
0
0
0
0
0
0
0
0
0
0
0
0
0
0
0
0
0
0
0
0
0
0
0
0
0
0
0
0
0
0
0
0
0
0
0
0
0
0
0
0
0
0
-3.35945e-16
5.4508e-16
0
0
0
0
0
0
1.1721e-14
0
0
0
0
0
0
0
0
0
0
0
0
0
0
0
0
0
0
0
0
0
0
0
0
0
0
0
0
0
0
0
0
0
0
0
0
0
0
0
0
0
0
0
0
0
0
0
0
0
0
0
0
0
0
0
0
0
0
0
0
1.90097e-16
6.79291e-16
0
0
0
0
0
0
0
0
0
0
0
-2.12206e-14
0
0
0
0
0
0
2.82376e-14
4.64695e-16
-1.31643e-15
0
0
0
0
0
0
0
0
0
0
0
0
0
0
0
0
0
0
0
0
0
0
0
0
0
0
0
0
0
0
0
0
0
0
0
0
0
0
0
0
0
0
0
0
0
0
0
0
0
0
0
0
0
0
0
0
0
0
0
0
0
0
0
0
0
0
0
0
0
0
0
0
0
0
0
0
0
0
0
0
0
0
0
0
0
0
0
0
0
0
0
0
0
0
0
0
0
0
0
0
0
0
-9.52318e-17
-4.62201e-15
-8.08644e-17
0
0
0
0
0
0
0
0
0
0
0
0
0
0
0
0
0
0
0
0
0
0
0
0
0
0
0
0
0
0
0
0
0
0
0
0
0
0
1.66196e-15
-3.49473e-15
0
0
0
0
-3.41939e-17
0
0
0
0
0
0
0
0
0
0
0
0
0
0
0
0
0
0
0
0
0
0
0
8.75567e-08
-9.69494e-08
9.63139e-08
-9.30904e-08
9.7598e-08
0
0
0
0
0
0
0
-3.1159e-16
0
0
0
1.20748e-16
6.88118e-16
7.24163e-17
0
0
0
0
0
0
0
0
0
0
0
0
0
0
-8.54219e-08
8.08684e-08
-1.01919e-16
0
0
0
0
0
0
0
0
0
0
0
-5.44299e-14
-1.45412e-14
-9.46312e-08
8.49665e-08
0
0
0
0
0
0
0
3.60557e-15
-1.03188e-15
0
0
0
0
4.78268e-08
2.0158e-08
2.35416e-08
5.08047e-08
6.70174e-08
3.14633e-08
6.46858e-08
1.45582e-08
3.23868e-08
6.23075e-08
5.43307e-08
3.14983e-08
6.41316e-08
2.66925e-08
0
0
0
0
0
-4.78675e-14
0
1.13336e-15
0
0
0
0
0
0
0
0
0
0
0
0
0
0
0
0
0
4.26939e-17
0
0
0
0
0
0
0
0
-1.59813e-15
-2.50351e-14
0
0
0
0
0
0
0
0
0
0
0
0
0
0
0
0
0
0
0
0
0
0
0
0
0
-7.58798e-15
0
0
0
0
0
0
0
0
0
0
0
0
0
0
0
0
0
0
0
0
0
0
0
0
0
0
0
0
0
0
0
0
0
0
0
0
0
0
0
0
0
0
0
0
0
0
0
0
0
0
0
0
0
0
0
0
0
0
0
0
0
0
0
0
0
0
0
0
0
0
0
0
0
0
0
0
0
0
0
0
0
0
0
0
0
-3.53259e-16
0
0
0
0
0
0
0
0
0
0
0
0
0
0
0
-1.15488e-14
-9.33782e-15
0
-3.39581e-12
2.69887e-34
0
0
0
0
-2.68727e-14
0
0
0
0
0
0
0
0
0
0
0
0
0
0
0
0
0
0
0
0
0
0
0
0
0
0
0
0
0
0
0
0
0
0
0
1.78012e-16
0
0
0
0
5.32452e-15
0
0
0
0
-7.00344e-17
5.92396e-17
0
0
-2.16932e-14
0
0
0
0
-5.57046e-31
6.75073e-15
0
0
0
0
0
0
0
0
0
0
0
0
0
0
0
0
0
0
0
0
0
0
0
0
0
0
0
0
0
0
0
0
0
0
0
4.84628e-08
2.07943e-08
0
0
0
0
0
0
0
0
0
0
0
0
0
0
0
0
0
0
0
0
0
0
0
0
0
0
0
0
0
0
2.72522e-16
0
0
0
0
0
0
0
0
1.54835e-08
6.25195e-08
5.13983e-08
2.42162e-08
0
0
0
0
0
0
0
0
0
0
0
0
0
0
0
0
0
0
0
0
0
0
0
0
0
0
0
0
0
0
0
0
0
0
0
0
0
0
0
2.57756e-08
4.73752e-08
0
0
0
0
0
0
0
0
0
3.3046e-08
5.15489e-08
0
0
0
1.06576e-16
0
0
0
0
0
0
-1.14333e-15
0
0
7.5249e-14
0
0
0
0
0
0
0
0
0
0
0
0
0
0
0
0
-1.17977e-15
-9.77527e-17
0
0
0
0
0
6.29924e-08
3.29739e-08
0
0
0
0
0
0
0
0
0
0
0
0
0
3.03037e-08
5.93055e-08
0
0
5.34237e-17
-1.21626e-15
3.38383e-17
0
0
0
0
0
0
0
0
0
0
2.51513e-08
4.6682e-08
0
0
0
0
0
0
0
0
0
0
0
0
0
0
0
0
0
0
0
0
0
0
0
0
0
0
0
0
0
0
0
0
0
0
0
0
0
0
0
0
0
0
0
0
0
0
0
0
0
0
0
0
0
0
0
0
0
0
0
0
0
0
0
0
0
0
0
0
0
0
0
0
0
0
0
0
0
0
0
0
0
0
0
5.62945e-08
1.41418e-08
0
0
8.99438e-08
-8.94029e-08
0
0
0
0
0
0
0
0
0
0
0
0
0
0
0
0
0
0
9.18535e-08
-9.52011e-08
0
0
0
0
0
0
0
0
0
0
0
0
0
0
0
0
0
0
0
0
0
0
0
0
0
0
0
0
0
0
0
0
0
0
0
0
0
0
0
-1.07687e-16
0
0
0
0
0
0
0
0
0
0
0
0
2.22699e-08
5.45774e-08
0
0
0
0
0
0
0
0
0
0
0
0
0
0
0
0
0
0
0
0
0
0
0
0
0
0
0
0
0
0
0
0
0
0
0
0
0
0
0
0
0
0
0
0
0
-1.2322e-15
-4.4324e-17
0
0
0
0
0
0
0
0
0
0
0
0
0
0
0
0
0
0
0
0
-2.9811e-14
-1.39263e-14
0
0
0
0
0
0
0
0
0
0
0
0
0
0
-2.9353e-16
0
0
0
0
0
0
0
0
0
0
0
0
0
0
0
9.43664e-08
-8.87793e-08
-8.34178e-08
9.15754e-08
0
0
0
0
0
0
0
0
0
0
0
0
0
0
0
0
0
0
0
0
0
0
0
0
0
0
-1.0289e-07
9.70706e-08
0
0
0
0
0
0
0
3.64211e-08
4.69566e-08
0
8.68754e-08
-9.53074e-08
0
0
0
0
0
0
0
0
5.0894e-15
0
0
2.38176e-15
-8.54429e-15
0
0
0
0
0
0
0
0
0
0
0
0
0
0
0
0
0
0
0
0
0
0
0
0
0
0
-6.78308e-16
0
0
0
3.54143e-17
0
0
0
0
0
-1.66435e-15
0
0
0
0
5.30878e-15
5.26842e-15
0
0
0
0
0
0
0
0
0
0
0
0
0
0
0
0
0
0
0
0
0
0
0
0
0
0
0
0
0
0
0
0
0
0
3.42084e-15
0
0
0
0
3.4109e-08
6.3145e-08
0
0
0
0
0
0
0
0
0
0
8.68754e-15
0
0
0
0
0
0
0
0
0
0
0
0
0
0
0
0
0
0
0
0
0
0
0
0
0
0
3.51598e-08
5.32479e-08
0
0
0
-8.36096e-16
0
0
0
0
0
0
0
0
0
0
0
0
0
0
0
0
0
0
0
0
0
0
0
0
0
0
0
0
0
0
0
0
0
0
0
0
0
0
2.91363e-16
0
0
0
0
0
0
0
0
0
0
0
0
0
0
0
0
0
0
0
0
-1.00731e-16
0
0
0
0
0
0
0
0
0
0
0
0
0
0
0
0
0
0
0
0
0
0
0
0
0
0
0
0
0
0
0
1.66758e-16
2.49267e-16
0
0
0
0
0
0
6.10416e-16
0
0
0
0
0
0
0
0
0
0
0
0
0
0
8.10343e-17
0
0
0
0
0
0
0
0
0
0
0
0
0
0
0
0
0
0
0
0
0
0
0
0
0
0
-2.63152e-16
2.18749e-14
-2.84672e-17
1.26204e-16
0
0
0
0
0
0
0
0
0
0
0
5.5958e-17
-1.54013e-16
0
0
6.83523e-16
0
0
6.88814e-16
0
0
0
0
0
0
0
0
0
0
0
0
0
0
0
0
0
-4.06926e-15
0
0
0
0
0
0
0
0
0
0
0
-9.23201e-16
3.74644e-17
-2.1989e-16
1.07497e-16
8.92141e-08
-8.73597e-08
-8.877e-15
2.67196e-16
0
0
0
0
0
0
0
0
0
0
-3.3359e-15
0
0
0
0
0
0
0
0
0
0
-3.25266e-17
0
0
0
0
0
0
0
0
0
0
0
0
0
0
2.90306e-16
0
0
0
0
0
0
0
0
-1.12615e-16
0
0
0
0
0
0
0
0
0
0
0
0
0
-1.74655e-14
0
0
0
0
0
0
0
0
0
0
0
0
-9.62951e-17
1.4256e-16
0
0
0
0
0
-1.15349e-16
0
0
0
0
0
0
0
0
0
0
0
0
0
0
0
2.74959e-16
-5.36685e-16
0
0
0
0
0
0
0
0
0
0
0
0
0
0
-9.38523e-08
8.29593e-08
0
5.99686e-15
-1.37554e-16
-1.76101e-16
0
0
0
0
0
0
0
0
0
0
-3.34663e-16
-6.07189e-16
0
0
0
0
0
0
1.75877e-14
0
0
0
0
0
1.60008e-17
2.6193e-15
0
0
0
0
0
0
0
0
0
0
0
0
0
0
0
0
0
0
0
0
0
0
0
0
0
0
0
0
0
2.35255e-16
-3.10219e-15
-8.61201e-17
0
0
0
0
0
0
0
0
0
0
0
0
0
0
2.78871e-15
0
0
0
0
0
0
0
0
0
0
0
0
0
0
-3.06715e-17
1.50671e-17
0
0
2.44796e-16
3.73453e-15
0
3.78305e-16
0
0
0
0
4.75133e-16
0
0
0
0
0
0
0
0
0
0
0
0
0
0
9.26897e-08
-8.58211e-08
0
0
0
0
0
1.37242e-15
0
0
0
0
2.48906e-17
0
0
0
0
0
-3.28032e-15
0
6.71594e-16
1.92553e-15
0
0
0
0
0
0
-6.08387e-15
2.42586e-16
-1.23501e-16
0
0
0
0
0
0
0
0
0
0
-8.85877e-08
8.15163e-08
0
0
0
0
0
0
0
0
0
0
0
0
0
0
0
0
0
0
0
0
0
0
0
0
7.41163e-17
0
0
0
0
0
0
-1.29214e-15
0
0
0
0
0
0
0
0
2.84233e-15
4.77566e-17
-1.03137e-16
0
0
0
0
0
0
0
0
0
0
0
0
0
0
0
0
-1.22167e-14
-1.01212e-14
3.04426e-15
0
0
0
0
0
0
0
0
0
0
0
0
0
0
0
0
0
0
0
0
0
0
0
0
0
0
0
0
0
0
0
0
0
0
0
0
0
0
0
0
0
0
0
0
0
0
0
-8.77108e-12
9.42954e-13
0
0
0
0
3.24148e-16
-1.56034e-16
0
0
0
0
0
0
0
0
0
0
0
0
0
2.15586e-16
0
0
0
0
0
0
0
0
0
0
0
0
3.25468e-13
0
0
0
0
0
0
0
0
0
0
0
0
0
0
0
0
8.8091e-30
-4.07895e-15
0
0
0
0
0
0
8.4476e-13
0
0
0
0
0
0
0
0
0
0
0
0
0
0
0
0
0
0
0
0
0
-1.3556e-16
0
0
0
0
0
0
0
0
0
0
0
0
0
0
0
0
1.36418e-12
0
1.31209e-12
0
0
0
0
0
0
0
0
0
0
0
0
0
0
0
0
0
0
0
0
0
-3.12273e-12
-1.3309e-12
0
0
0
0
0
0
0
0
0
0
0
0
0
0
0
1.43977e-16
0
0
0
1.92426e-13
0
0
0
0
0
0
0
0
0
0
0
0
0
0
0
0
0
0
0
0
0
0
0
0
0
0
0
0
0
0
0
0
0
0
0
0
0
0
0
9.60769e-12
0
0
2.70737e-15
5.44759e-15
0
0
0
0
0
0
0
0
0
0
0
-2.17637e-30
3.73588e-15
0
0
4.70231e-15
7.72123e-16
0
0
0
0
9.30273e-12
0
0
-4.07985e-15
0
0
0
0
0
0
0
0
0
0
0
-3.42559e-16
0
0
0
0
0
0
0
0
0
0
0
2.87388e-14
-1.13148e-16
0
0
0
0
0
0
0
0
0
0
0
0
0
0
0
0
0
0
0
0
0
0
0
0
0
0
0
0
1.06728e-11
0
1.33166e-15
0
0
0
0
0
0
0
0
0
0
0
0
0
0
0
-2.83357e-16
2.23537e-16
0
0
0
0
0
0
0
0
0
0
0
0
0
0
0
0
0
0
0
0
0
0
0
0
0
0
-3.09381e-17
1.96847e-15
0
0
-1.52856e-16
0
0
0
0
0
0
0
0
0
0
0
0
0
0
0
0
1.77637e-15
0
0
0
0
0
0
0
0
0
0
0
0
0
3.65629e-13
0
9.68257e-17
0
0
0
0
0
0
0
0
0
0
0
0
0
0
0
0
0
0
0
0
0
0
0
0
0
0
0
0
8.48838e-17
0
0
0
0
0
0
6.73057e-17
-4.94294e-16
0
2.60781e-16
0
0
0
0
0
0
0
0
0
0
0
0
-8.05396e-15
-4.94546e-15
0
-4.27454e-13
4.34546e-13
0
0
0
0
0
0
0
0
1.376e-14
3.46252e-14
0
0
0
0
0
-1.82062e-16
0
-4.85917e-15
0
-2.8554e-16
-9.73625e-17
8.33717e-17
0
0
0
0
0
0
0
6.50029e-08
3.47784e-08
-7.98308e-15
0
0
0
0
0
0
0
0
0
0
0
0
0
-9.70936e-08
8.49346e-08
0
0
0
0
0
0
0
0
0
0
0
-1.78256e-15
-3.17763e-16
-9.33893e-15
0
0
0
1.25848e-15
-9.63343e-16
0
0
0
0
0
0
0
0
0
0
0
0
0
0
-2.26672e-15
-5.35482e-16
0
0
0
0
0
0
0
0
0
1.40277e-16
0
0
0
0
0
0
0
0
0
0
0
0
0
0
0
0
0
0
0
0
0
0
0
0
0
0
0
0
0
0
0
0
0
0
0
0
0
0
2.55097e-15
5.95873e-17
0
0
0
0
0
0
0
-2.60091e-15
1.39546e-15
1.02367e-11
0
0
0
0
0
0
0
0
0
0
0
2.03064e-15
0
0
0
0
0
0
0
0
-3.15539e-17
6.46643e-17
0
1.08725e-12
0
0
-8.55582e-15
0
0
0
0
0
0
4.47487e-16
5.94736e-16
0
0
0
0
0
0
0
0
0
0
0
0
0
0
0
0
-2.34124e-15
-5.50569e-31
0
3.47494e-15
0
0
0
0
0
0
0
0
0
0
0
0
0
0
0
0
0
0
-2.37295e-15
0
0
0
0
0
0
0
0
1.39175e-16
-5.75637e-15
-1.61681e-15
0
0
0
0
0
1.6246e-15
1.79325e-15
0
0
0
0
0
0
0
5.98195e-16
2.83542e-16
0
0
0
0
1.21992e-14
1.1957e-15
3.5492e-16
0
0
0
0
0
0
3.10166e-16
0
0
0
0
0
0
-6.26269e-17
0
0
0
0
2.20875e-30
-1.76258e-16
0
0
0
0
0
0
0
0
0
0
0
-2.27451e-15
0
0
0
0
0
0
2.09415e-15
-1.77426e-15
0
1.48479e-16
1.16832e-15
0
0
0
0
0
5.37426e-16
0
4.74541e-17
1.94116e-15
2.00608e-15
-1.04513e-15
0
0
0
0
0
0
0
0
0
-3.44017e-16
0
0
0
0
0
0
0
0
0
0
0
0
0
0
0
1.39089e-15
3.08402e-08
6.25638e-08
0
0
0
1.79809e-15
-3.43068e-15
-9.9592e-17
1.26806e-15
0
0
0
0
0
6.60435e-08
3.44421e-17
6.69998e-17
0
0
0
0
0
0
0
0
0
0
0
-1.74881e-15
-3.61846e-16
0
1.539e-16
-8.82316e-15
-3.4174e-15
-4.61893e-16
6.82869e-16
0
-2.6459e-14
0
0
0
0
0
0
0
0
-7.95943e-17
1.0283e-16
7.86484e-15
0
0
0
0
0
0
0
0
0
0
0
0
0
0
0
0
0
0
0
0
-5.27228e-15
0
0
0
0
0
0
0
0
0
-8.28226e-12
0
0
0
0
0
0
0
0
0
0
0
0
0
0
0
0
0
1.98925e-16
0
0
0
0
0
0
0
0
0
0
0
0
0
0
8.18519e-13
0
0
0
0
0
0
0
0
0
1.26208e-14
-8.4612e-16
0
-3.61455e-16
0
0
0
0
1.94922e-15
-6.56756e-16
0
0
0
0
0
0
0
0
0
0
0
0
0
0
0
0
0
0
0
0
0
0
0
5.03407e-16
1.52965e-12
0
0
-2.08836e-15
0
0
0
0
0
0
0
0
0
0
0
0
0
0
0
0
0
-1.96918e-17
0
0
0
0
0
0
0
0
1.39175e-16
0
0
0
0
0
0
0
0
0
0
0
0
0
0
0
0
0
-3.23447e-16
8.67371e-12
0
0
0
0
0
0
0
0
0
0
0
0
1.39555e-13
-1.43003e-12
5.37167e-13
2.14669e-13
0
0
0
0
0
-1.34066e-15
8.68878e-12
0
-5.92097e-15
0
0
0
0
0
0
0
0
0
0
0
0
0
0
0
0
-6.68202e-08
0
0
8.83485e-19
0
-5.28367e-14
-4.23802e-15
0
0
0
0
-5.19518e-17
0
0
0
0
0
0
0
0
0
0
0
0
0
0
0
0
0
0
0
0
-7.99161e-16
-1.22238e-16
0
0
0
0
0
0
0
0
0
0
0
0
0
0
0
0
5.27515e-18
-1.20086e-17
0
-7.51592e-17
0
0
0
0
0
0
0
5.80586e-17
-3.31945e-17
0
0
0
0
0
0
0
0
0
6.73302e-16
0
0
0
2.34946e-16
-4.37559e-16
0
0
0
0
0
0
0
0
0
-1.05743e-16
0
0
0
0
0
0
0
0
0
3.86814e-15
2.73103e-16
0
0
0
0
0
-3.86109e-16
0
2.52484e-08
-8.37633e-16
1.3349e-15
0
0
0
0
0
0
0
0
0
0
0
0
0
0
0
0
0
0
0
0
-3.51115e-16
0
1.13736e-16
-1.47422e-16
0
0
0
0
2.01648e-13
0
0
0
0
0
0
-2.14598e-16
0
0
0
0
0
0
0
0
0
0
0
0
0
0
0
0
0
0
0
0
0
0
0
0
0
-2.60303e-16
0
0
0
0
0
0
0
0
0
0
5.26055e-15
0
0
0
0
0
0
0
-2.81293e-15
4.28161e-15
0
1.03624e-16
1.00405e-16
0
0
0
0
0
0
0
0
-2.81622e-14
0
0
0
0
0
0
0
0
0
0
0
0
0
0
0
0
1.51132e-17
0
-5.22455e-15
0
0
0
0
0
0
0
0
1.26825e-15
0
0
0
0
0
3.23552e-17
-1.23526e-15
0
0
0
0
0
0
0
0
0
0
0
0
0
0
0
0
0
0
0
0
0
0
0
0
0
0
0
0
0
1.85723e-15
6.49837e-16
0
0
0
0
0
0
0
0
0
0
0
0
0
0
0
0
0
0
0
0
0
-3.87456e-12
7.76984e-13
0
0
0
0
0
0
0
0
-5.25283e-16
0
0
0
0
0
0
0
0
0
0
0
0
0
0
0
0
0
0
1.68844e-16
0
0
0
0
0
-1.29233e-15
0
0
0
0
0
0
0
0
0
0
0
0
0
0
0
-6.04752e-17
0
0
0
0
0
0
0
0
0
0
0
0
3.78526e-16
0
0
0
-1.63693e-12
2.66367e-13
0
0
0
0
0
0
0
-3.26069e-17
0
0
0
0
0
0
0
0
0
0
0
-1.29367e-15
-1.20839e-17
2.73643e-14
-3.97081e-16
0
0
0
0
0
0
0
0
0
0
0
0
0
0
0
8.65907e-12
0
0
0
0
0
0
0
0
0
0
0
0
0
0
0
0
0
0
0
-2.68906e-12
0
0
0
0
0
0
0
0
0
0
-1.09514e-14
0
0
0
0
0
0
0
0
0
0
0
0
0
0
0
0
1.49414e-12
0
0
0
0
-4.24322e-17
0
-1.37494e-16
0
0
1.24657e-14
0
0
0
0
0
0
2.97876e-16
-6.26695e-16
0
0
0
0
0
0
2.17009e-16
-6.67731e-17
0
0
1.88012e-16
0
-2.37052e-12
0
0
-6.39124e-16
-1.67095e-15
0
0
0
0
0
0
0
0
0
0
0
0
0
1.66623e-17
0
0
0
0
0
0
5.72759e-16
0
-2.19916e-15
1.96511e-15
0
0
0
0
0
-2.21918e-15
0
0
0
0
0
0
0
0
0
0
0
0
0
0
0
8.64524e-16
0
0
0
0
0
0
0
0
0
0
0
0
1.15281e-14
-7.5255e-15
0
0
0
0
0
0
0
0
0
0
0
0
0
0
0
0
0
0
0
0
0
0
0
0
-7.99813e-14
0
0
-5.11175e-16
0
0
0
0
0
0
0
0
-1.85209e-16
-1.02174e-16
0
0
0
0
0
0
0
0
0
0
0
0
0
0
0
0
0
0
0
0
0
0
0
0
2.84106e-17
8.06293e-16
0
0
0
0
0
0
0
0
-1.04485e-14
0
0
0
0
0
0
0
0
0
0
-3.57507e-16
0
-2.07335e-16
-1.14684e-14
0
8.44675e-15
0
0
0
0
0
0
0
0
0
0
0
0
0
0
0
0
0
0
0
0
0
0
0
0
0
0
0
0
0
0
0
0
0
0
8.91274e-30
0
0
0
0
0
0
0
0
0
0
0
0
0
0
0
4.06936e-12
0
0
-1.79784e-15
0
0
0
0
0
0
0
0
0
0
0
0
0
0
0
1.21242e-15
0
0
0
0
0
0
0
0
0
0
0
0
0
0
0
0
0
0
0
0
0
0
0
0
0
0
0
0
0
0
0
9.07233e-17
0
0
0
0
0
0
0
0
0
0
0
0
0
0
0
0
0
0
0
0
0
0
0
0
0
0
0
0
0
0
0
0
0
0
0
0
0
9.54279e-16
0
0
0
0
0
0
0
0
0
0
0
0
0
0
0
0
1.45361e-16
4.26199e-16
3.04455e-15
0
0
0
0
0
0
0
0
0
-5.11383e-16
0
0
0
-7.57997e-13
0
0
0
0
0
0
0
0
0
0
-2.0521e-17
0
0
0
0
0
0
0
0
0
0
0
0
0
0
0
0
0
0
0
0
0
0
0
0
0
0
0
0
0
0
5.44883e-16
0
0
0
0
0
0
0
0
0
0
0
0
0
0
0
0
0
0
0
0
0
0
0
-8.59707e-15
0
0
4.52324e-15
0
-7.89205e-15
0
0
-6.56454e-16
0
0
0
0
0
0
0
0
0
0
0
0
0
0
0
0
0
0
0
0
6.96449e-14
0
0
0
0
0
0
0
0
0
0
0
0
0
0
0
0
0
0
0
0
0
0
0
0
0
0
0
0
0
0
0
-1.81764e-14
0
0
0
0
0
0
0
0
0
0
0
0
0
0
-1.02977e-15
-2.42048e-15
-3.25904e-12
-8.3511e-16
0
0
0
0
0
0
0
0
0
3.73556e-15
0
0
0
0
0
0
0
0
0
0
0
0
0
0
0
0
0
0
0
0
0
0
0
0
-5.27861e-08
0
0
0
0
0
0
0
0
0
0
0
-1.51533e-17
-1.30551e-15
1.87093e-16
1.01667e-14
0
0
0
0
0
0
0
0
0
0
0
0
-1.29177e-16
0
0
0
0
0
0
-1.09102e-15
0
0
0
0
0
0
0
0
0
0
0
-2.20227e-30
7.60957e-15
-6.35517e-16
0
0
0
0
0
0
-3.39125e-16
0
0
0
0
0
0
0
1.47911e-13
0
-4.29464e-16
0
-7.61288e-14
0
0
0
0
0
0
0
-8.08012e-15
1.78373e-15
4.4881e-16
-1.15906e-15
0
0
2.27038e-16
0
0
1.09322e-15
0
0
0
0
0
0
0
-9.33529e-16
0
0
0
0
0
0
0
0
-5.06009e-15
0
0
0
0
0
0
0
0
0
0
0
0
0
0
-6.71124e-15
2.85381e-15
0
0
0
0
0
0
0
0
0
0
3.42806e-16
-2.46389e-17
1.35411e-15
0
0
0
0
0
0
0
-3.43386e-08
0
2.39758e-15
0
0
0
0
0
0
9.03837e-15
0
0
0
0
0
0
0
0
0
0
0
0
0
0
0
0
0
0
0
1.74192e-15
0
0
0
0
0
0
0
0
0
0
0
0
0
0
0
0
0
0
0
0
0
0
0
0
0
0
0
0
2.37443e-14
-7.94785e-15
0
0
0
-5.1412e-08
0
0
0
0
0
0
0
0
0
0
-9.62317e-12
0
0
0
0
8.72526e-15
0
1.72993e-16
0
0
9.16167e-17
-1.15143e-15
0
0
-3.92772e-08
0
0
0
6.87868e-15
0
0
0
0
0
-6.64634e-17
0
0
0
0
0
0
0
0
0
0
0
0
0
0
0
0
0
0
-9.16632e-16
0
-2.35806e-16
0
0
0
0
0
0
0
0
0
0
0
0
0
0
0
0
0
0
0
0
0
0
0
0
0
0
-4.85044e-16
1.16869e-15
0
0
6.77857e-08
0
0
-8.2618e-15
6.37998e-08
0
0
0
-3.38336e-15
0
0
0
0
-2.18165e-15
0
0
0
0
0
0
0
0
0
0
0
0
0
0
0
0
0
-6.53879e-16
-5.84891e-17
2.12709e-17
0
0
-6.67635e-17
7.58435e-17
-6.89262e-16
0
0
0
0
0
0
0
0
0
0
0
-2.7237e-17
0
0
0
0
0
0
0
0
0
2.38775e-15
0
0
0
0
0
-6.58369e-08
0
0
0
0
0
0
0
0
0
0
0
0
0
0
0
0
0
0
1.57223e-16
1.66724e-16
0
0
0
0
0
0
-1.84832e-16
0
2.05977e-17
0
0
0
0
7.51657e-16
0
0
0
0
0
0
0
0
-8.58284e-16
0
0
-1.75541e-16
0
0
0
0
0
0
0
0
0
0
0
0
0
0
0
0
0
0
0
0
0
0
0
0
0
-6.69414e-08
0
0
0
0
0
0
0
0
0
0
0
0
0
0
9.6554e-15
0
0
0
0
0
0
-2.87113e-16
0
0
0
0
0
0
0
0
0
0
0
-1.75098e-17
0
0
0
0
0
0
0
0
0
0
0
0
0
0
0
8.95316e-16
-8.47875e-15
0
0
0
-3.78499e-17
0
0
0
0
3.02375e-13
1.10655e-16
0
0
0
0
0
0
0
0
0
0
0
0
0
0
0
0
0
0
0
0
0
0
0
0
0
0
0
0
0
0
0
-1.3123e-16
0
0
0
0
0
0
0
0
0
0
0
0
0
0
0
0
0
0
0
0
0
0
0
0
0
0
0
0
0
0
0
0
0
0
0
0
0
0
0
2.13055e-15
0
0
0
0
0
0
0
0
0
-3.06849e-17
0
0
0
0
0
0
0
0
0
0
0
0
0
3.99408e-17
0
0
0
0
0
0
2.84674e-15
0
0
0
0
0
0
0
0
0
0
0
0
0
0
8.61845e-16
0
0
0
0
0
0
0
0
0
0
0
0
0
0
0
0
0
0
-6.2094e-15
0
0
0
0
0
0
0
0
0
0
0
0
0
0
0
0
0
0
0
-1.38155e-15
0
0
0
0
0
0
0
0
0
0
0
0
0
0
0
0
0
0
0
0
0
0
0
0
0
0
0
0
0
0
0
0
0
0
1.54156e-16
0
0
0
0
0
0
0
0
0
0
0
-6.45508e-16
0
0
0
0
0
0
0
0
0
0
0
0
0
0
0
0
0
0
0
0
0
0
0
0
0
0
-1.30433e-15
1.69318e-15
0
0
0
0
0
0
0
-6.19951e-16
0
0
0
0
0
0
0
0
0
0
0
4.05044e-17
0
0
0
0
0
0
0
0
0
0
0
0
0
-2.86264e-16
0
0
0
0
0
0
0
0
0
0
0
0
0
0
0
0
0
0
-3.33419e-16
0
0
0
0
0
0
0
0
0
0
0
0
0
0
0
0
0
0
0
0
0
0
0
0
-1.33618e-16
0
0
0
0
0
0
0
0
0
0
0
0
-5.97737e-17
0
0
2.00884e-16
0
0
0
0
0
0
0
0
0
0
0
0
0
0
0
0
0
0
0
0
0
0
0
0
0
0
-7.65852e-15
0
0
0
0
0
0
0
0
0
0
0
0
0
0
0
0
0
0
0
0
0
0
0
0
0
0
0
0
0
0
0
0
0
0
0
2.79997e-15
0
0
0
0
0
0
0
0
0
0
0
0
0
-2.29952e-16
0
0
0
0
-2.93762e-15
0
0
1.49144e-17
0
0
0
0
0
0
0
0
0
0
0
8.618e-15
0
0
0
0
0
0
0
0
0
0
0
0
0
0
0
0
0
0
0
4.28754e-08
0
0
-5.04029e-13
0
0
0
0
0
-6.2821e-15
0
0
0
0
0
-7.04116e-16
-7.62427e-16
0
-3.67789e-15
0
0
0
3.13836e-17
0
0
0
0
0
0
0
0
0
0
-1.85194e-15
0
0
0
0
0
0
0
0
0
0
0
0
0
0
0
0
0
0
0
0
0
0
0
0
0
0
0
0
0
0
0
0
0
0
0
0
0
0
0
0
0
-5.69491e-14
0
0
0
0
0
0
0
0
-3.31637e-30
1.34078e-15
0
0
0
-2.37288e-12
0
0
0
0
0
0
0
0
0
0
0
0
0
0
0
0
0
0
0
0
0
0
0
0
0
0
0
0
0
0
0
0
0
0
0
0
0
0
2.92925e-08
0
0
0
0
0
0
-3.24406e-15
0
0
0
0
0
0
0
0
0
0
0
0
0
0
0
0
0
0
0
0
0
0
0
0
0
0
0
0
1.61019e-15
0
0
0
0
0
0
0
0
0
0
0
0
-4.61674e-17
0
0
0
0
0
0
0
0
0
0
0
0
0
0
0
0
0
0
0
0
0
0
0
0
0
0
0
0
0
0
0
0
0
0
2.42426e-12
0
0
0
0
0
0
0
0
0
0
0
0
0
0
0
0
0
0
0
0
0
0
0
-2.52358e-14
0
0
0
0
0
0
0
0
-1.6892e-15
0
0
0
0
0
0
0
0
0
0
0
0
0
0
0
0
0
0
0
0
0
0
0
0
0
0
0
0
0
0
0
0
0
0
1.11335e-14
0
0
0
0
0
0
0
0
0
0
0
0
0
0
0
0
0
0
0
0
0
0
0
0
0
0
1.80112e-13
2.43959e-13
0
0
0
0
0
0
0
0
0
0
0
0
0
0
0
0
2.07613e-13
0
0
0
-1.13384e-16
-3.18272e-16
-1.45171e-16
0
0
0
0
0
0
0
0
0
0
0
0
0
0
0
0
0
0
0
0
0
0
0
0
0
0
0
0
0
0
0
0
0
0
0
0
0
0
0
0
0
0
0
0
0
0
-1.3387e-15
0
0
0
0
0
0
0
0
0
0
0
0
0
2.00876e-16
-2.64202e-16
0
0
0
0
0
0
0
0
0
0
0
0
0
0
0
0
0
0
0
0
0
0
0
0
0
0
0
0
0
0
0
0
0
0
0
0
0
0
0
0
0
0
0
1.61747e-13
0
0
-2.11564e-13
-1.68767e-16
3.5741e-14
0
0
0
0
0
0
0
0
-2.07544e-15
0
0
0
0
0
1.78074e-13
0
0
0
0
0
1.89108e-12
0
0
0
0
0
0
0
-5.52188e-31
-8.15434e-17
0
0
0
0
0
-9.59675e-14
-5.78261e-16
0
0
0
2.11759e-12
0
0
0
0
0
0
0
0
0
0
0
0
0
0
0
0
0
)
;

boundaryField
{
    frontback
    {
        type            empty;
        value           nonuniform List<scalar> 0();
    }
    topbottom
    {
        type            calculated;
        value           uniform 0;
    }
    outlet
    {
        type            calculated;
        value           uniform 0;
    }
    inlet
    {
        type            calculated;
        value           nonuniform List<scalar> 0();
    }
    walls
    {
        type            calculated;
        value           nonuniform List<scalar> 
45
(
-1.90774e-08
1.27183e-09
-8.90278e-09
8.90278e-09
1.90774e-08
-1.36085e-07
-1.48804e-07
-1.97133e-07
-1.58978e-07
-1.89502e-07
-1.71696e-07
-1.81871e-07
-1.38629e-07
-1.56435e-07
-1.51347e-07
-1.4626e-07
-1.69153e-07
-1.92046e-07
-1.79327e-07
-1.43716e-07
-1.41173e-07
-1.27183e-09
6.35913e-09
-1.53891e-07
-1.14464e-08
-1.65337e-08
1.14464e-08
-1.66609e-07
1.65337e-08
-1.94589e-07
-1.76784e-07
-3.81548e-09
2.1621e-08
-1.39901e-08
1.39901e-08
-1.99677e-07
2.41647e-08
-1.86958e-07
-2.0222e-07
-1.84415e-07
-1.7424e-07
-1.64065e-07
-1.61522e-07
3.81548e-09
-6.35913e-09
)
;
    }
    procBoundary3to1
    {
        type            processor;
        value           nonuniform List<scalar> 
205
(
-1.26702e-07
0
0
-5.92028e-17
4.95093e-16
-2.52034e-14
2.82892e-15
1.31621e-16
0
-1.13951e-16
0
1.52552e-14
2.21113e-17
0
-2.07451e-15
2.32037e-15
0
0
0
0
1.09945e-16
0
0
1.05588e-16
0
0
5.35944e-16
4.25228e-17
5.85129e-16
0
2.94736e-15
4.80995e-15
1.55943e-16
0
-2.168e-16
-3.07754e-16
0
-2.18734e-16
0
0
0
0
0
0
2.09514e-16
0
0
0
3.88707e-17
5.87304e-15
2.32437e-17
0
0
0
-4.83622e-16
-3.271e-16
-2.00469e-14
0
0
0
-6.02974e-17
0
-1.09581e-16
-7.49435e-17
-1.21401e-16
2.21223e-16
0
-6.31007e-17
0
0
1.1158e-14
1.30452e-14
1.52544e-16
-4.00072e-14
0
0
0
-1.99784e-15
-2.53462e-16
-1.55484e-16
-4.94344e-17
0
0
-9.03084e-15
0
0
5.78015e-16
0
0
0
3.22843e-15
0
0
0
0
0
0
-9.18659e-16
0
0
0
0
0
0
0
0
0
-6.59237e-14
0
0
0
0
0
0
0
0
0
0
5.85139e-14
0
0
0
0
0
0
0
-8.42288e-14
0
0
0
0
0
0
0
0
0
-7.41479e-17
7.61534e-16
-1.16708e-16
6.16204e-14
0
0
0
1.57026e-13
0
-4.58362e-17
0
0
0
-4.99283e-17
8.68983e-17
0
0
0
9.9394e-15
0
0
2.25166e-16
0
0
0
0
0
0
2.21395e-16
0
0
-1.49151e-15
0
0
-3.72618e-17
2.02597e-15
0
1.67038e-16
8.426e-15
0
1.01066e-16
1.26651e-16
-8.64474e-15
0
-1.70955e-16
0
2.67214e-16
0
6.48632e-15
7.0175e-15
0
-4.81273e-15
0
-4.2097e-16
0
-2.03669e-14
0
0
0
-1.91757e-16
0
1.11971e-12
0
0
0
4.09236e-17
3.82566e-16
-7.99702e-15
0
)
;
    }
    procBoundary3to2
    {
        type            processor;
        value           nonuniform List<scalar> 
99
(
0
0
5.27288e-13
0
0
0
0
0
0
0
0
0
0
0
0
0
0
0
0
0
0
0
0
0
0
0
0
0
0
0
0
0
0
0
1.58711e-16
0
0
-4.70073e-16
0
0
0
0
0
0
0
0
0
0
0
0
0
0
0
0
0
0
0
9.07324e-16
0
0
0
0
0
0
0
0
0
0
0
-2.08412e-08
0
0
0
0
0
0
0
0
0
0
0
0
0
0
0
0
0
0
0
0
0
0
0
0
0
0
0
0
0
)
;
    }
}


// ************************************************************************* //
