/*--------------------------------*- C++ -*----------------------------------*\
| =========                 |                                                 |
| \\      /  F ield         | OpenFOAM: The Open Source CFD Toolbox           |
|  \\    /   O peration     | Version:  v2012                                 |
|   \\  /    A nd           | Website:  www.openfoam.com                      |
|    \\/     M anipulation  |                                                 |
\*---------------------------------------------------------------------------*/
FoamFile
{
    version     2.0;
    format      ascii;
    class       surfaceScalarField;
    location    "500";
    object      meshPhi;
}
// * * * * * * * * * * * * * * * * * * * * * * * * * * * * * * * * * * * * * //

dimensions      [0 3 -1 0 0 0 0];
oriented        oriented;


internalField   nonuniform List<scalar> 
20673
(
0
0
0
0
0
0
0
0
0
0
0
0
-1.43913e-14
0
-1.91613e-14
0
0
0
0
0
0
0
0
0
0
0
0
0
0
0
0
0
0
0
0
0
1.20211e-14
-5.0126e-08
1.69812e-12
1.08335e-08
0
0
0
0
0
0
0
0
0
0
0
0
0
0
0
0
0
0
0
0
0
0
0
0
0
0
0
0
0
0
0
0
0
0
1.98297e-15
-5.82193e-17
1.09019e-33
3.2551e-16
0
0
-9.46571e-17
5.60903e-31
0
0
0
0
0
0
0
0
0
0
3.27575e-15
1.78051e-16
3.91496e-15
0
-2.62221e-15
0
0
0
0
0
0
0
0
0
0
0
0
0
-6.45659e-13
7.59174e-13
-3.80244e-15
0
0
0
0
0
0
0
0
0
0
-1.18258e-15
-1.14341e-17
0
0
0
0
3.2152e-16
-7.5127e-15
0
0
0
0
0
-7.13985e-12
-5.71677e-12
-4.36557e-18
0
0
0
0
0
0
0
0
0
2.71491e-12
-1.96746e-11
5.6782e-17
0
0
0
1.90922e-15
-1.79397e-15
0
0
0
0
0
0
0
0
0
0
0
0
0
0
0
0
-1.70385e-08
0
0
0
0
9.34473e-16
-3.7784e-16
3.36206e-16
9.16213e-18
-1.43888e-16
-3.24873e-14
-2.92804e-14
0
0
0
0
0
0
0
4.40215e-15
0
0
0
0
0
0
0
-5.28408e-12
-9.76869e-20
-6.94221e-12
0
0
0
-1.04769e-12
0
-1.61197e-13
0
0
0
0
0
0
0
0
0
0
0
0
-1.281e-16
0
-6.06985e-17
2.24198e-18
0
0
0
0
0
0
0
0
0
0
0
-6.01778e-19
0
0
0
0
0
0
0
0
0
0
0
0
0
0
0
0
5.59268e-31
3.53385e-16
0
0
0
0
0
0
0
0
0
0
0
0
1.93414e-15
-1.30155e-16
1.34217e-16
0
0
0
0
0
0
1.11854e-30
-3.68568e-17
0
0
0
0
0
0
0
0
0
0
0
0
0
0
0
0
0
0
0
0
0
0
4.85449e-16
2.48466e-13
0
0
0
0
0
4.33174e-17
4.21589e-15
-4.91281e-17
2.28655e-12
4.63628e-17
-9.18049e-12
0
0
0
1.26625e-15
6.84826e-17
5.26957e-17
-2.30242e-13
-6.06052e-14
0
-2.41164e-16
0
1.87323e-16
0
0
0
0
0
0
0
0
1.75973e-15
0
0
0
0
0
0
0
0
0
0
0
0
0
0
0
0
0
-2.28511e-16
-7.40773e-16
0
0
0
0
0
0
0
0
0
0
0
0
-7.63664e-17
-7.25997e-17
-6.5553e-19
-2.3344e-15
-5.50685e-17
0
0
0
0
0
0
0
0
0
0
0
0
1.11199e-30
-4.32237e-18
0
0
0
1.90197e-16
0
1.09875e-16
0
0
0
0
0
0
0
0
0
0
0
-9.24806e-16
-6.25974e-12
0
0
0
0
0
0
0
0
0
-1.81792e-16
0
3.89001e-17
0
0
0
0
0
-2.61442e-12
2.64705e-13
0
0
0
9.28622e-15
2.0887e-15
0
0
0
0
0
0
0
0
0
0
0
0
0
0
0
4.78863e-16
-1.2804e-15
0
0
0
0
0
0
0
0
8.06727e-13
-2.96526e-12
0
0
0
0
0
0
0
-2.30503e-17
0
4.03584e-16
0
0
0
0
0
1.16097e-16
3.22813e-17
0
0
0
0
0
0
0
0
0
0
0
0
0
0
0
0
0
0
0
0
0
-5.12374e-17
0
0
0
0
0
0
0
0
0
0
0
0
0
0
0
0
0
0
-5.691e-17
8.78518e-16
-1.66064e-15
6.50919e-17
-1.11746e-16
0
0
0
0
0
0
0
-1.74765e-15
-6.57265e-16
7.01297e-16
0
0
0
0
0
0
0
0
0
0
0
0
0
0
0
0
0
0
0
0
0
0
0
0
0
0
0
0
0
-8.83435e-13
-3.16426e-16
-3.37858e-13
0
0
0
0
9.7971e-17
-9.86568e-17
-3.78189e-15
0
0
0
-1.18223e-12
0
-9.80427e-14
0
0
0
0
0
0
0
0
0
0
0
0
0
0
0
0
0
0
0
0
0
0
0
0
0
0
0
0
0
0
0
0
0
0
0
0
-8.07875e-15
-2.09268e-12
0
0
0
0
0
0
0
0
0
0
0
0
0
0
0
-1.69253e-13
2.21745e-16
0
0
0
0
0
0
0
0
0
0
0
0
0
0
0
0
0
0
0
0
0
0
9.97668e-13
4.47733e-13
-2.85368e-12
0
0
0
0
0
0
0
0
0
0
0
0
0
0
0
0
0
0
0
0
0
0
0
0
0
0
0
0
-1.14846e-12
-5.84933e-13
4.22323e-16
-2.7399e-16
0
0
0
0
0
0
0
0
0
9.72967e-13
2.62835e-13
-2.40565e-12
0
0
0
0
0
0
0
0
0
0
0
0
0
0
0
0
0
0
0
0
0
0
0
0
0
0
0
0
-1.74047e-16
0
-2.34792e-16
0
0
0
-1.61186e-16
7.01646e-19
0
0
0
0
0
0
0
0
0
-4.83684e-17
2.69657e-15
0
0
0
0
0
0
0
0
0
0
0
0
0
4.11371e-16
0
0
0
0
0
0
0
0
0
0
0
0
0
0
8.12157e-17
0
0
0
0
0
0
0
0
0
0
0
0
0
0
1.8547e-18
0
-9.7124e-18
0
0
0
0
0
0
0
0
0
0
0
0
-9.55158e-14
-2.12237e-13
0
0
0
0
0
0
-1.59066e-15
0
0
0
0
0
0
0
0
0
0
0
0
0
0
0
0
-3.08368e-17
0
9.21334e-18
-8.16769e-12
-4.07997e-12
6.87877e-18
0
0
0
0
0
0
0
0
0
0
0
0
0
0
0
0
0
0
0
0
0
-5.65976e-17
0
-2.8564e-14
-1.21875e-14
-1.41579e-16
2.25015e-30
3.50715e-14
-3.72938e-13
5.50594e-14
0
0
0
0
0
0
0
0
0
0
0
0
0
0
0
0
0
0
0
0
0
0
0
0
0
0
0
0
6.5825e-13
2.20155e-13
0
0
0
0
0
3.84776e-17
-1.19689e-15
0
0
0
0
0
4.10023e-13
-2.12106e-12
0
0
0
0
0
0
0
0
0
0
0
0
0
0
0
0
0
0
0
0
-1.00894e-16
-4.56696e-16
0
0
0
3.04324e-16
2.34855e-16
4.01752e-13
4.52412e-13
-1.7147e-12
0
0
0
0
0
0
0
0
0
0
0
0
0
0
0
0
0
0
0
3.40891e-12
-2.29886e-11
0
0
0
0
0
0
0
0
0
0
0
0
0
0
0
9.50166e-12
1.6955e-07
-1.39925e-07
0
0
-1.41662e-13
-2.58945e-12
0
0
0
0
0
0
0
0
0
0
0
0
0
0
0
0
0
0
0
0
0
0
0
0
5.28194e-14
-1.99519e-14
0
0
0
0
0
0
0
0
0
0
-6.44881e-17
0
4.9046e-16
0
0
0
0
-8.04837e-17
-1.85849e-17
0
0
-2.75968e-17
8.37119e-17
0
0
0
0
0
0
0
0
0
0
0
0
0
0
0
0
0
0
0
0
0
0
0
-1.44184e-14
0
0
0
0
-6.14087e-16
-6.59869e-17
1.68055e-14
0
0
0
0
0
-8.48326e-13
0
-4.69541e-14
0
0
0
0
0
0
0
0
0
0
0
0
0
0
0
0
0
0
0
0
0
0
0
0
0
-3.68838e-16
0
0
0
0
0
0
0
0
0
0
0
0
0
0
0
0
0
0
0
0
0
0
0
0
-2.13112e-13
-1.34554e-12
0
0
0
0
0
-1.14511e-12
1.47992e-16
-6.28899e-13
0
0
0
0
0
0
0
0
0
0
0
0
0
0
0
0
0
0
0
0
0
0
0
0
3.73289e-13
0
-1.16221e-12
0
0
0
0
0
0
0
0
0
0
0
0
0
0
0
0
0
0
0
0
0
0
0
0
0
0
0
0
0
0
0
0
0
4.57067e-15
0
0
0
0
0
0
0
0
0
0
0
0
0
0
0
0
0
0
0
0
0
0
0
0
0
0
0
0
0
7.81695e-16
5.15649e-19
0
0
0
0
0
0
0
0
0
0
0
0
0
0
0
0
0
0
0
-8.37948e-13
0
0
0
0
0
0
0
0
0
-9.80783e-14
-2.26754e-12
0
0
-5.81411e-13
-5.43863e-13
0
0
0
0
0
0
0
0
0
0
0
0
0
0
0
0
0
0
0
0
0
0
0
0
2.95801e-13
3.83622e-13
-1.37236e-12
0
0
-9.6274e-18
-6.13445e-13
-9.07331e-13
-7.73805e-16
0
0
0
0
0
0
0
0
0
0
0
0
0
0
0
0
0
0
0
0
0
0
0
0
0
0
0
0
0
0
3.96218e-16
1.32814e-16
0
0
0
0
0
0
0
0
0
0
0
0
0
0
0
0
0
0
0
0
0
0
1.18212e-14
5.25812e-16
-1.52877e-14
-1.0446e-15
0
0
0
0
0
0
5.05355e-15
-1.65661e-14
0
0
0
0
-2.18378e-17
0
0
0
0
0
-4.89393e-15
8.76211e-15
0
0
7.68883e-18
0
0
0
0
0
0
0
0
0
0
0
0
0
0
0
-8.47581e-13
-1.75851e-16
-5.50324e-14
0
0
0
0
0
0
0
0
0
0
0
0
0
0
0
0
0
0
3.46753e-12
-9.73253e-12
1.28707e-12
0
0
0
0
0
2.57581e-17
-6.56536e-16
0
0
-8.0231e-17
0
0
0
0
0
0
0
0
-1.84346e-15
0
0
0
0
0
-3.81251e-09
-4.04348e-08
0
0
-7.07631e-16
-9.78642e-16
0
0
0
0
0
0
0
0
0
0
1.39026e-15
0
0
0
0
0
0
-1.26584e-16
-2.64236e-13
0
0
0
0
0
3.10038e-18
-9.45745e-19
0
0
0
0
0
0
-5.61958e-13
1.49623e-17
-8.50281e-12
0
0
0
-9.56019e-17
6.99935e-18
-3.36418e-16
0
0
0
0
0
-1.15121e-12
0
0
0
0
0
0
0
0
0
0
0
0
0
0
0
0
0
0
0
0
0
0
-9.61055e-17
0
0
0
0
4.07373e-13
-3.04481e-12
0
0
0
0
0
0
0
0
-5.55997e-31
6.97528e-17
-1.36232e-15
0
0
0
0
0
0
0
0
-2.20139e-11
0
0
0
0
0
0
0
0
0
0
0
0
0
0
0
0
0
0
0
0
0
0
0
0
-5.98755e-17
0
0
0
0
0
2.05279e-16
0
0
0
0
0
0
0
0
0
0
0
0
0
0
0
0
4.28404e-12
2.26764e-12
0
0
0
0
0
0
0
-2.14462e-17
-1.8195e-17
0
0
0
0
0
0
0
0
0
0
0
0
0
0
0
0
0
0
0
-4.17337e-16
0
0
0
0
0
0
0
0
0
0
0
0
0
0
0
0
0
0
0
4.21342e-08
3.3087e-12
0
0
0
0
0
0
0
0
0
0
0
0
0
0
0
0
0
0
0
0
0
0
0
0
0
0
0
0
0
0
0
0
0
0
0
0
0
0
0
0
0
-3.26448e-13
0
0
0
0
0
-2.11152e-12
0
0
0
0
0
0
0
-1.12999e-16
0
0
0
0
0
0
0
0
0
0
0
0
0
0
0
0
0
0
0
0
-2.65362e-16
-1.03681e-16
-7.32716e-16
0
0
0
0
0
0
0
0
0
0
0
0
0
0
0
0
0
0
0
0
0
0
0
6.31145e-17
1.32767e-17
0
0
0
0
0
0
0
0
0
0
0
0
0
0
0
0
0
0
0
0
0
0
9.98449e-16
0
6.416e-17
0
0
0
0
0
0
0
0
0
0
0
0
0
0
0
0
0
0
0
0
0
0
0
0
0
0
0
0
0
0
0
0
0
0
0
0
0
0
0
0
0
0
0
0
0
0
0
0
0
0
0
0
0
0
0
0
0
0
0
0
0
0
0
0
0
0
0
0
0
0
0
0
0
0
0
-2.36346e-15
2.97166e-16
0
0
0
-9.62869e-16
0
1.8061e-15
0
0
0
0
0
0
0
0
0
0
1.20827e-12
6.75936e-13
-3.74543e-12
0
0
0
0
0
0
0
0
-3.70089e-13
0
0
0
0
0
0
0
0
0
0
0
0
0
0
0
0
0
0
0
0
0
0
0
0
0
0
0
0
0
0
0
0
0
0
0
0
0
0
-8.37876e-13
-5.90125e-13
0
0
0
0
0
0
0
0
0
0
0
0
0
0
0
0
0
0
0
0
1.03386e-12
-1.54476e-12
5.08081e-14
0
0
0
0
0
0
0
0
0
0
0
0
0
0
-2.41634e-16
3.00167e-16
0
0
0
0
0
0
0
0
2.39351e-12
6.06986e-15
-3.60865e-12
0
0
0
0
0
0
0
0
0
0
0
0
0
-7.7321e-17
0
0
0
0
0
0
0
0
0
0
0
0
0
0
0
0
0
0
0
0
0
0
0
0
0
0
0
0
0
0
0
0
0
0
0
0
0
0
0
0
0
0
0
0
0
0
1.40996e-16
0
-1.17893e-14
0
0
0
0
0
0
1.37028e-12
-7.52048e-12
0
-1.43875e-14
1.22786e-15
0
0
0
0
0
0
0
0
0
0
0
0
0
0
0
0
0
0
0
0
0
2.50385e-16
-4.86545e-17
0
0
0
0
0
0
0
0
0
0
0
0
4.86415e-16
0
-5.59268e-31
0
-6.76432e-17
-1.66662e-12
4.83663e-13
0
0
0
0
0
9.16421e-13
6.98189e-13
-3.23416e-12
-2.70087e-17
-1.20189e-15
5.65757e-16
0
0
0
0
0
0
0
0
0
0
0
0
0
0
0
0
0
0
0
0
0
0
0
0
0
0
0
-7.50943e-17
-1.80257e-17
-3.83053e-16
0
0
0
0
0
0
0
0
0
0
0
0
0
0
-3.77477e-13
-5.66183e-14
0
0
0
0
0
0
0
0
0
0
0
0
0
-3.56843e-12
6.13882e-13
0
0
-2.46869e-16
-3.50241e-16
0
0
0
0
0
-2.51415e-12
-2.52157e-16
0
0
0
0
0
0
0
0
0
0
0
0
0
0
0
0
0
0
0
0
0
0
0
0
0
0
0
-1.72175e-14
0
-1.5705e-14
2.03329e-16
-9.47273e-13
-9.45517e-13
0
0
0
0
6.23892e-17
0
0
0
0
0
0
0
-1.31002e-17
5.03791e-16
0
0
0
0
0
5.52408e-15
-8.49004e-15
-1.79038e-13
-1.32227e-13
-5.32907e-13
0
1.02748e-16
-1.29101e-15
0
0
0
0
0
0
0
6.78286e-17
-1.05658e-17
0
0
0
0
0
0
0
0
0
0
0
0
0
0
0
3.04754e-16
0
0
0
0
0
0
0
0
0
0
2.96193e-16
0
0
0
0
0
0
0
-1.10884e-12
-1.07744e-20
-4.87636e-13
0
0
0
0
6.00988e-15
-7.74922e-15
-1.76865e-16
0
0
0
0
0
0
0
0
0
0
-9.34475e-19
0
-2.17797e-18
0
0
0
0
0
0
0
0
0
0
0
0
0
0
0
0
0
0
0
0
0
-6.42998e-14
0
0
0
0
0
0
0
0
0
0
0
0
0
0
0
0
0
0
0
0
7.10896e-16
6.6213e-16
0
0
0
0
0
0
0
0
0
0
0
0
0
0
0
0
0
0
0
0
-1.64433e-18
0
2.02211e-16
4.79151e-17
0
0
7.50149e-15
0
0
0
0
0
0
0
0
0
0
0
0
0
0
0
0
0
0
0
0
0
0
0
0
0
0
0
0
0
0
0
0
0
0
0
0
0
0
0
0
0
0
0
0
0
0
0
2.41013e-15
3.02963e-15
0
0
0
0
0
6.52432e-17
0
0
0
1.16262e-12
-3.64336e-12
6.71584e-13
1.44218e-15
0
0
0
0
7.39758e-18
0
0
0
0
0
0
0
0
0
0
0
0
0
-8.92416e-17
-5.42032e-16
0
0
0
0
0
0
-2.87738e-16
-1.38489e-15
0
0
0
0
0
0
0
0
0
0
0
0
0
0
0
0
0
0
0
0
0
0
0
0
0
0
0
0
0
0
0
0
0
0
0
0
0
0
0
0
0
0
0
0
0
0
0
0
0
0
0
0
0
0
0
0
-2.26415e-15
-1.49795e-15
0
0
0
0
0
0
-5.61322e-16
0
1.82026e-16
0
0
0
0
-3.1568e-13
0
0
0
0
0
0
0
0
0
0
-2.40407e-12
3.58402e-13
0
0
0
0
0
0
0
0
0
-8.22702e-16
0
0
0
0
0
0
0
0
0
0
0
0
1.27086e-17
-3.07035e-18
0
0
0
0
0
4.10956e-16
-1.93188e-16
0
0
0
0
0
0
0
0
0
0
0
0
0
0
0
0
0
0
0
0
0
0
-5.37129e-17
0
0
0
0
1.51293e-18
1.31306e-17
0
0
0
0
0
9.77366e-16
-8.80818e-12
0
0
0
0
0
0
0
0
0
0
0
0
0
-2.17984e-16
-1.37983e-17
0
0
0
0
9.90393e-17
1.40205e-15
0
0
0
0
0
0
0
-6.0688e-17
0
0
0
0
0
0
0
0
0
0
0
0
0
1.65553e-15
-2.15741e-15
0
0
0
0
0
0
0
0
0
0
0
0
0
0
0
0
5.45095e-34
0
-6.8682e-32
0
0
0
0
0
0
0
0
0
0
0
0
0
0
0
0
0
0
0
0
0
0
0
0
0
0
0
0
0
0
0
0
4.35418e-16
-2.33689e-15
0
0
0
7.62886e-19
7.97137e-16
4.26866e-16
0
0
0
0
0
0
0
0
0
0
0
0
0
0
0
0
0
0
0
0
0
0
0
-1.07085e-12
0
0
0
0
0
0
0
0
0
0
0
0
0
0
0
0
0
0
0
0
0
0
0
0
0
0
0
0
0
0
0
0
0
0
0
0
0
0
5.59301e-17
2.891e-16
0
0
0
0
0
0
0
0
0
0
0
-9.56488e-16
0
0
0
0
0
0
0
0
0
0
0
0
0
0
0
0
0
0
0
0
0
0
0
0
0
0
0
0
0
0
0
0
0
0
0
0
0
0
0
0
0
0
-8.08029e-15
2.81252e-15
0
0
0
0
0
0
0
0
0
0
0
0
0
0
0
0
0
0
0
0
0
0
0
2.91794e-15
0
0
0
0
0
0
0
0
0
0
0
0
0
0
0
0
0
0
0
0
0
-7.97288e-13
0
0
0
0
0
2.42588e-16
0
0
0
0
0
0
0
0
0
0
9.81581e-13
-3.0364e-12
5.27497e-13
0
0
0
0
0
0
0
0
0
0
0
-2.82302e-12
-1.32229e-16
-1.52458e-12
0
0
0
0
0
0
0
0
0
0
0
0
0
0
0
-1.75269e-17
7.72925e-17
0
0
0
4.59924e-15
0
0
0
0
0
0
0
0
0
0
0
0
0
0
0
1.26297e-12
7.72346e-16
-2.34801e-12
0
0
0
-1.85141e-15
0
-1.14789e-15
-7.52107e-17
-1.14571e-12
0
0
0
0
0
0
0
-5.52999e-17
-1.72674e-17
0
0
-4.38877e-16
-2.06654e-12
-1.34142e-12
0
0
0
0
0
0
0
0
0
0
0
0
0
0
0
0
0
0
0
0
0
0
0
0
1.94804e-15
0
0
-9.4653e-17
-7.58366e-16
0
0
0
0
0
0
0
-1.01119e-12
0
-8.52987e-13
0
0
0
0
0
0
0
-9.42351e-13
-7.07061e-13
0
-6.3141e-13
-2.28874e-12
1.91882e-16
0
0
0
0
0
0
0
1.63887e-15
0
5.42506e-13
2.93935e-16
-2.95543e-12
0
0
0
0
0
0
0
1.51923e-16
-3.76007e-17
-1.59715e-15
9.74946e-16
0
0
0
0
3.60375e-15
0
0
0
0
0
0
0
0
0
0
0
0
0
0
0
0
0
0
0
0
0
0
0
0
-1.21309e-12
-1.41323e-16
0
0
0
4.5667e-16
1.22735e-15
0
0
0
0
0
0
0
0
-2.19598e-15
-5.23606e-16
0
0
3.65004e-15
-8.97286e-16
0
0
0
0
0
1.4877e-16
-4.19511e-18
-3.26245e-18
0
0
0
0
0
0
0
4.77828e-12
5.81378e-12
-2.11602e-11
-2.6715e-17
-2.28666e-17
0
8.17057e-17
0
0
0
8.53864e-16
2.63679e-16
-3.88287e-13
-7.60984e-13
0
3.36964e-17
-6.7382e-17
0
0
0
0
0
0
0
0
0
0
0
0
0
0
0
0
-3.50441e-16
-8.39772e-18
0
0
0
0
0
0
0
0
0
0
-3.05501e-12
5.96469e-13
0
0
0
0
0
1.26431e-18
2.79414e-17
0
0
0
0
0
0
0
0
0
0
0
0
0
0
0
0
0
0
0
0
0
0
0
0
0
0
0
0
0
0
0
0
0
0
0
0
0
0
0
0
8.69991e-16
1.15177e-15
0
0
0
0
0
0
0
0
0
0
0
0
0
0
0
1.03739e-16
0
0
0
0
0
0
0
-9.76925e-16
0
0
-2.55973e-12
0
0
0
0
0
0
0
0
6.45036e-16
5.18334e-18
2.12342e-16
0
-7.63658e-13
0
0
0
0
0
0
4.09177e-16
5.58041e-31
0
0
0
0
0
0
0
0
0
0
0
0
0
0
0
0
0
0
0
0
0
0
0
3.64384e-13
-6.07631e-13
0
0
0
0
0
0
0
0
0
0
0
0
0
0
0
0
0
0
0
-2.21225e-11
0
0
0
0
0
0
0
0
0
0
0
0
0
0
0
0
0
0
0
0
0
0
0
0
0
0
0
0
0
0
0
0
0
0
0
0
0
0
0
0
0
0
0
0
0
0
0
0
0
-1.36763e-16
-9.60297e-16
-1.27276e-15
9.75694e-17
0
2.95773e-16
0
0
0
0
0
0
2.18228e-18
-2.85949e-16
0
1.28354e-15
0
0
0
0
0
0
0
0
0
0
0
0
0
0
0
0
-2.88761e-13
0
0
0
0
0
0
0
0
0
0
-7.08821e-12
8.94001e-13
0
0
0
0
0
0
0
-1.05388e-15
0
0
0
0
0
0
0
0
0
0
0
0
0
0
0
0
-1.07405e-16
-1.20527e-17
0
0
0
0
0
0
0
0
0
0
0
0
0
0
0
0
0
0
0
0
0
0
0
0
0
0
0
0
0
0
0
0
8.08213e-13
1.01949e-12
-3.66149e-12
0
0
0
0
0
0
0
0
0
0
0
0
0
0
0
0
0
0
0
0
0
0
0
0
0
0
0
0
0
0
0
0
0
0
0
0
0
0
0
0
0
0
0
0
0
0
0
0
0
0
0
0
0
0
0
0
-5.76213e-16
-6.58236e-16
0
0
0
0
0
0
0
1.27903e-16
0
0
0
0
0
0
0
0
0
0
0
0
0
0
0
0
0
0
1.0454e-16
-1.57684e-16
0
-4.15469e-13
-7.54366e-13
0
0
0
0
6.52793e-16
4.41753e-16
-2.37975e-13
0
-8.41765e-17
0
0
0
0
0
0
0
0
0
0
0
0
4.32489e-13
-7.46601e-12
-7.99972e-17
0
0
0
0
0
0
0
0
0
0
0
0
0
0
0
0
0
-2.47952e-12
-8.74169e-16
2.82201e-16
1.79664e-15
0
2.54494e-15
0
0
0
5.34906e-16
0
0
0
0
0
0
0
0
0
0
0
0
0
0
0
0
0
0
0
0
0
0
0
0
0
0
0
0
0
0
0
0
0
0
0
0
1.41938e-17
0
0
0
0
0
0
0
0
0
0
1.06246e-16
2.03006e-16
8.42973e-13
-3.77732e-12
-1.19025e-15
1.88887e-14
0
0
0
0
0
0
0
0
0
0
0
0
0
0
-3.44641e-17
0
0
0
0
0
0
-1.66084e-17
3.42002e-17
0
2.38684e-14
-2.2045e-12
0
0
0
0
0
0
0
0
0
0
-4.05566e-15
-4.9336e-17
0
-1.82762e-13
-3.69324e-12
0
0
0
0
0
0
0
0
0
0
0
0
0
0
0
0
-1.39286e-16
0
0
0
0
0
0
0
0
0
0
7.12335e-13
-7.653e-14
-6.52038e-13
0
0
0
0
1.17666e-16
0
0
0
0
0
0
0
0
0
0
0
0
0
0
0
0
0
3.08723e-15
4.89121e-17
1.53146e-16
0
0
0
0
0
0
0
0
0
0
0
0
0
0
0
0
0
0
0
1.4576e-16
0
0
0
0
0
0
0
0
0
0
0
0
0
0
0
0
0
-2.76515e-16
2.1071e-16
-1.88638e-15
0
-1.80281e-15
0
-3.1359e-16
-1.49741e-17
0
0
0
0
0
4.76738e-16
-1.38917e-14
0
0
-2.52105e-16
1.79918e-15
0
0
0
0
0
0
0
0
0
0
9.8289e-17
0
0
0
0
0
0
0
0
0
0
0
0
2.79041e-16
0
0
1.33612e-16
-1.29307e-16
0
0
0
0
0
0
0
0
0
0
0
0
0
0
0
0
1.05368e-15
-5.11203e-12
0
0
0
0
0
0
0
0
0
0
0
2.16104e-16
0
-1.05641e-15
0
0
0
0
0
0
0
0
1.57449e-12
-2.70622e-12
0
0
0
0
0
0
0
0
0
0
0
0
0
0
0
0
0
0
0
0
0
6.25368e-13
-1.97308e-12
3.55865e-13
0
0
0
0
0
0
0
0
0
-6.87448e-17
0
0
0
0
0
0
0
0
1.75606e-19
0
0
0
0
0
0
0
0
0
0
0
0
0
0
6.18517e-16
-2.70586e-16
1.64574e-18
0
1.32095e-17
0
0
-2.2338e-30
0
0
0
-5.47853e-12
0
0
0
0
0
0
0
0
0
0
0
0
0
0
0
0
0
0
0
0
0
0
0
1.72851e-16
-1.91894e-16
0
0
0
0
0
0
0
0
0
0
0
0
0
0
0
0
0
0
0
0
0
0
0
0
0
0
0
0
0
0
0
0
0
0
0
4.40515e-16
6.58547e-16
-3.97055e-17
-2.29413e-16
0
0
0
0
0
0
0
0
0
0
0
0
-1.51233e-16
-8.25627e-12
0
0
0
0
0
1.95248e-15
0
0
0
0
-8.36274e-15
0
0
0
0
0
0
0
0
0
0
0
0
0
0
0
0
0
0
0
0
0
0
0
0
0
0
4.9969e-17
2.01504e-16
-4.52163e-16
0
0
0
0
0
0
0
0
0
0
0
0
0
0
0
0
0
0
0
0
0
-1.35169e-12
0
0
0
-3.03098e-16
2.66799e-15
0
0
0
0
0
0
0
0
0
0
0
0
0
0
0
0
0
0
0
0
0
0
0
0
0
0
0
0
0
-9.01373e-18
0
0
2.02904e-15
0
0
0
0
0
0
0
0
-6.33336e-17
0
0
-9.79036e-13
0
0
0
0
0
0
0
0
0
0
0
0
0
0
0
0
0
0
0
0
0
0
0
0
0
0
0
0
0
0
0
0
0
0
0
0
0
0
0
0
0
0
0
0
0
0
-4.64617e-13
-3.9646e-16
0
0
0
0
0
0
-2.03751e-12
-8.67019e-13
0
0
0
0
0
2.46991e-17
0
0
1.77554e-15
-3.11037e-15
0
0
0
0
0
0
0
0
0
0
1.10763e-30
9.65602e-18
0
0
0
0
0
0
0
0
0
0
0
0
-7.01476e-16
0
-1.21488e-15
0
0
0
0
0
0
0
0
0
0
0
0
0
-2.4332e-15
3.20756e-17
-5.60134e-15
0
0
0
0
0
0
0
0
0
0
0
0
0
0
0
0
0
0
0
0
0
0
0
-1.17993e-15
0
0
0
0
0
0
3.74363e-15
-3.24322e-16
0
0
0
0
0
0
0
0
0
0
0
0
0
0
0
0
0
0
-6.26702e-12
0
0
0
2.85654e-18
0
0
0
0
0
0
0
0
6.22685e-17
0
0
0
0
0
0
0
0
0
0
0
0
0
0
0
0
0
0
0
0
0
0
0
0
0
0
0
0
0
0
0
0
0
0
0
1.90959e-16
0
0
0
0
0
0
0
0
0
0
0
0
3.63937e-16
-8.89958e-18
-1.17752e-16
-1.33189e-14
0
0
0
0
0
0
0
0
0
0
0
-1.88018e-12
0
-9.88582e-13
0
-2.0757e-16
0
-2.30796e-16
0
0
0
0
0
0
-3.57112e-12
4.7229e-17
1.92324e-15
1.45116e-16
0
0
-3.12472e-18
0
1.42255e-17
0
0
0
0
0
0
0
0
0
0
0
0
0
0
-2.97179e-12
5.50849e-13
0
0
0
0
5.5065e-16
9.99181e-17
0
0
0
0
-2.77215e-16
0
0
0
0
0
0
-1.81483e-12
0
-7.7246e-13
0
-4.92506e-13
0
0
0
0
0
0
0
0
0
0
0
0
0
0
0
0
0
0
0
0
0
8.08639e-17
5.50809e-17
0
0
0
0
0
0
-3.09797e-16
6.41609e-16
0
0
0
0
0
0
0
0
0
0
0
0
3.99618e-17
0
0
0
0
0
0
0
0
0
0
0
0
0
0
0
0
0
0
0
0
0
0
0
0
0
0
0
0
0
0
0
0
0
0
0
0
0
0
0
0
0
0
0
0
0
0
0
0
0
0
-5.98876e-16
-1.46488e-16
0
9.32782e-18
2.43369e-18
0
0
0
0
0
0
0
1.67453e-30
-9.36584e-17
0
0
0
0
0
0
0
0
0
0
0
0
0
0
0
0
0
0
0
0
0
0
0
0
0
0
0
0
0
0
0
0
0
0
0
0
0
0
0
0
1.96406e-15
3.51807e-16
0
0
0
2.80916e-16
6.04795e-17
0
0
0
0
0
0
0
0
0
0
0
4.67657e-15
-2.79995e-12
0
1.81736e-16
0
0
0
0
0
-2.9034e-12
0
0
0
0
0
0
0
0
0
0
0
0
0
0
0
0
5.97827e-17
-8.01383e-17
0
0
0
0
0
0
0
-5.08e-13
-8.65775e-13
0
0
0
0
0
0
0
0
0
0
0
0
0
0
0
0
0
0
0
0
0
0
0
9.56373e-18
0
0
0
0
0
0
0
0
0
0
0
0
0
0
0
0
0
0
0
0
0
2.41243e-16
2.44965e-16
0
0
0
0
0
0
0
0
0
0
0
0
0
0
0
0
0
-6.61961e-13
0
0
0
-3.82981e-15
2.19116e-15
5.55997e-31
4.04014e-16
0
0
0
0
0
0
0
0
2.4207e-17
0
0
3.04639e-17
2.52831e-16
0
0
0
0
-6.70356e-18
0
0
0
0
0
0
0
0
0
0
0
0
0
0
0
0
0
0
0
0
0
0
0
0
0
0
0
0
0
0
0
0
0
0
0
0
0
0
0
0
0
0
0
0
0
0
0
0
0
0
0
0
0
0
0
1.10226e-15
4.42195e-15
0
0
0
0
0
0
0
0
0
0
0
0
0
0
0
0
0
0
0
0
0
0
0
0
0
0
0
0
0
0
0
-4.30215e-16
2.74461e-15
0
0
0
0
0
0
0
0
0
2.52492e-15
-1.96621e-15
0
-1.06116e-16
-2.38816e-16
0
0
0
0
0
0
0
0
0
0
0
0
0
0
0
0
0
-3.97156e-18
0
-6.18719e-19
0
6.82309e-16
-1.28833e-15
0
0
0
0
0
0
0
0
0
0
0
0
0
0
0
0
0
0
0
0
0
3.51793e-15
-4.74024e-16
0
1.74e-16
-1.09816e-15
0
0
0
0
0
0
0
-2.33484e-16
0
0
0
0
0
1.4273e-16
-8.647e-13
0
0
0
0
0
0
0
0
0
0
0
0
0
0
0
0
0
0
0
0
0
0
0
1.14106e-16
-7.62803e-17
0
0
0
0
0
0
0
0
0
0
-2.94334e-16
2.33864e-16
3.93406e-16
1.36123e-16
1.83614e-17
2.25991e-16
4.40305e-17
0
0
0
6.55547e-16
8.62023e-16
0
0
0
-4.26255e-16
0
-1.29979e-15
8.2672e-16
2.76196e-17
-3.82454e-18
0
0
0
0
0
1.40736e-17
0
0
0
0
0
0
0
0
6.42309e-16
-6.08734e-16
0
0
0
0
0
0
0
0
0
0
0
0
0
0
0
0
0
0
0
0
0
0
0
0
0
0
0
0
0
0
0
0
0
0
0
0
0
0
0
0
0
0
0
0
0
0
0
0
0
0
0
0
0
0
0
7.11811e-16
0
0
0
0
0
0
0
0
0
1.75388e-16
-9.45178e-17
0
0
6.44792e-17
0
0
0
0
0
0
0
0
4.09156e-13
-1.49002e-12
0
0
0
0
0
0
0
0
-5.24864e-16
0
0
0
0
-4.04755e-17
0
0
0
0
0
0
0
0
0
0
0
0
0
7.80635e-18
4.96155e-16
0
0
0
0
0
0
0
0
0
0
0
0
0
0
0
0
0
-6.25131e-17
0
0
0
0
0
0
0
0
0
7.7517e-16
-1.84125e-18
0
0
0
0
0
0
0
0
0
0
0
0
0
0
0
-3.92793e-16
8.68445e-17
0
0
0
0
0
0
0
0
0
0
0
-3.3506e-08
8.71652e-14
9.22168e-08
0
0
0
0
-5.02655e-18
1.26976e-17
0
-1.96613e-16
1.02042e-15
-6.75696e-17
-2.48601e-15
0
0
0
0
0
0
0
0
0
0
-1.31814e-16
2.92596e-16
0
0
0
0
0
0
0
0
0
0
0
0
0
0
0
0
0
0
7.10236e-16
0
-1.31814e-18
0
0
0
0
0
0
0
-2.70686e-18
-1.23789e-18
-1.38023e-16
1.30966e-16
0
0
0
0
0
0
0
0
0
0
0
0
0
0
0
0
0
0
0
0
0
0
0
0
0
0
0
0
0
0
0
0
1.37364e-31
0
-7.39937e-16
0
0
0
0
0
0
0
0
1.30452e-16
-4.2358e-15
0
0
0
0
0
0
0
0
0
0
0
0
0
0
0
0
0
0
0
0
0
0
0
0
0
0
0
1.58914e-15
0
0
0
0
0
0
0
-2.91394e-16
-2.4928e-16
0
0
0
0
0
0
0
0
0
0
0
0
0
-4.36289e-17
0
0
0
0
0
0
0
0
1.03017e-17
0
0
0
0
3.32757e-15
4.01781e-17
0
6.08537e-16
-6.32852e-16
9.4605e-17
-6.84612e-18
0
1.93172e-15
0
0
0
0
0
0
-2.95439e-16
-1.33263e-15
0
0
0
0
0
0
0
0
0
0
0
0
0
0
0
0
0
0
0
0
0
0
0
0
0
0
0
0
0
0
0
0
0
0
0
0
0
0
0
0
1.79897e-15
0
0
0
0
0
0
0
0
1.78491e-17
0
0
-3.87453e-18
0
0
0
0
0
0
0
0
-1.35235e-16
1.63552e-15
0
0
0
0
0
0
0
0
-6.42677e-17
0
0
0
0
0
0
0
0
0
0
0
0
0
0
0
0
0
-7.3265e-16
0
0
0
0
0
2.04191e-15
-7.61048e-17
0
0
0
0
0
1.00709e-15
1.197e-16
0
0
0
0
0
9.37373e-16
3.7938e-16
0
-1.45523e-16
0
0
0
0
0
0
0
0
0
0
0
0
0
0
0
0
0
0
0
0
0
0
0
0
0
0
0
0
0
0
0
0
0
0
0
0
0
0
0
0
0
0
1.17309e-18
0
0
0
0
0
0
-3.45047e-12
0
0
0
0
0
0
0
3.27971e-15
-4.35265e-16
0
5.27701e-08
2.09038e-12
0
0
0
0
0
0
0
0
0
0
0
0
0
0
0
0
0
0
0
0
0
0
-3.66134e-19
-1.55345e-15
0
0
-1.36901e-15
0
-8.05363e-16
-4.42096e-13
0
-1.13249e-13
0
0
0
0
0
0
0
0
0
0
0
0
0
0
0
0
0
0
0
0
0
0
0
-1.75718e-16
2.00345e-16
0
0
0
0
0
0
0
0
0
0
0
0
0
0
0
0
0
0
0
0
0
0
0
0
0
0
0
0
0
0
0
0
0
0
0
0
0
0
0
0
9.15121e-17
-2.73177e-16
-1.89569e-15
0
0
0
0
0
0
8.37157e-13
-2.44091e-12
0
0
0
0
0
0
0
0
2.50745e-17
2.06202e-19
0
0
0
0
0
0
0
0
0
0
0
0
0
0
0
0
1.17473e-15
0
1.79447e-15
-6.87967e-16
3.2775e-16
0
0
0
0
0
0
0
2.32863e-17
-3.99779e-16
1.76103e-15
1.13496e-17
0
0
0
0
0
0
0
1.69536e-16
0
0
3.63317e-17
0
0
4.19874e-17
0
0
0
0
0
0
0
0
0
0
0
-4.58914e-12
0
0
4.42223e-17
0
0
0
0
0
0
0
-1.03245e-16
0
0
0
0
0
0
0
-2.20013e-17
3.67089e-17
-8.82452e-17
0
0
0
-3.49582e-16
0
0
0
0
0
0
-2.29733e-12
0
0
8.29643e-16
-1.17784e-16
5.12704e-17
1.4707e-14
4.37074e-17
0
0
0
0
0
0
0
0
0
0
0
1.19981e-15
-1.10785e-16
0
0
0
-3.27229e-17
0
0
-3.48606e-16
0
0
0
0
0
0
0
0
0
0
0
0
0
0
0
0
0
0
0
0
0
0
0
0
0
0
0
0
0
0
0
0
0
0
0
-1.05737e-12
-4.06823e-17
2.30198e-16
7.02128e-15
-5.44394e-15
0
0
0
0
0
0
0
0
0
-6.35961e-17
0
0
0
0
0
4.84052e-15
0
0
0
0
0
0
0
1.50901e-16
0
0
0
0
0
0
0
0
0
0
0
0
-6.13518e-13
8.03974e-17
0
0
0
0
0
0
0
0
0
2.22048e-16
-1.4403e-16
0
0
0
0
0
0
0
0
0
0
0
0
0
0
0
0
0
0
0
0
0
0
0
0
0
0
0
-2.51585e-16
0
0
0
0
0
0
2.29092e-14
-4.6251e-16
0
-7.84458e-17
7.83618e-16
0
0
0
0
0
0
0
0
0
0
0
0
0
0
0
0
0
0
0
0
-3.49189e-16
0
0
0
0
0
0
0
0
0
-2.28142e-16
1.3006e-16
0
0
0
0
0
0
0
0
0
0
0
0
0
0
0
0
0
0
0
0
0
0
0
0
0
0
0
0
0
0
0
0
0
0
-3.73967e-17
0
0
0
0
0
0
1.38289e-16
0
0
0
0
0
0
0
0
0
0
1.24912e-12
-4.21382e-12
8.60194e-13
0
0
0
0
0
0
0
0
0
0
0
0
0
0
0
0
0
0
0
0
0
0
0
0
0
0
0
3.11542e-17
0
-4.62284e-17
0
0
0
0
0
0
0
0
0
0
0
0
0
0
0
0
0
0
0
0
0
0
0
0
0
0
0
0
0
0
0
0
0
0
0
0
0
-1.77571e-16
-3.08833e-16
0
0
0
0
0
0
0
0
0
0
0
0
0
0
0
0
0
0
0
0
-2.53831e-15
0
6.20189e-15
6.12255e-09
2.95519e-12
0
0
0
0
0
0
0
0
0
0
0
0
0
0
0
0
0
0
5.3363e-17
0
0
0
0
0
0
0
4.73696e-17
-1.89451e-15
0
0
0
0
0
0
0
0
0
0
0
0
0
0
0
0
-1.59049e-17
0
3.97089e-15
0
0
0
0
0
0
0
0
0
0
0
0
0
0
0
0
0
0
0
0
0
0
0
0
0
0
0
0
0
0
0
-1.7463e-15
0
0
0
0
0
0
-3.89487e-17
0
4.35574e-16
0
0
0
0
0
0
0
0
0
0
-1.09735e-16
0
0
0
0
0
0
0
3.58737e-15
0
0
0
0
-9.26272e-17
-2.57713e-15
0
0
0
0
-2.39281e-17
-8.03381e-17
0
0
0
0
0
0
0
0
-5.70821e-16
0
0
0
0
0
-7.52666e-17
0
0
0
0
2.26604e-16
-5.05712e-17
-1.00498e-16
0
0
0
0
0
0
0
2.96994e-15
3.29045e-16
0
0
0
0
0
0
0
0
0
0
0
0
0
0
0
0
0
0
-2.47731e-16
0
0
0
0
0
0
0
0
0
0
0
0
0
0
0
0
0
0
0
3.48835e-16
0
1.75809e-17
-2.12508e-16
0
0
0
0
0
0
0
0
0
0
0
0
0
0
0
0
0
0
-9.4063e-16
5.43667e-16
0
0
-2.2104e-15
-8.97892e-19
0
0
0
0
0
0
0
0
0
0
9.73265e-17
0
0
0
0
0
0
0
0
0
0
0
0
0
8.14905e-17
0
0
0
1.58306e-16
1.63741e-15
0
0
0
0
0
0
0
0
0
0
0
0
0
0
0
0
0
0
0
-8.45334e-18
0
0
0
0
0
0
0
0
0
0
0
0
0
0
0
0
0
0
0
0
0
0
0
4.47414e-30
0
-1.513e-16
-1.08601e-17
-1.48308e-16
0
7.421e-16
0
1.32205e-16
-2.9422e-16
0
0
0
0
0
0
0
0
0
0
0
0
0
0
0
0
0
0
0
0
0
0
0
0
0
0
0
0
0
0
0
0
0
0
0
0
0
0
0
0
0
0
-6.75863e-17
3.9244e-16
0
0
0
0
0
0
0
0
0
0
0
0
0
0
0
0
0
0
0
0
0
-5.3184e-16
0
-8.50392e-16
0
0
0
0
0
0
0
0
0
0
0
0
0
0
0
0
0
0
0
0
0
0
0
0
0
0
0
0
0
0
0
0
0
0
0
0
0
0
0
0
0
0
0
0
0
0
0
0
0
0
0
0
0
0
0
0
0
0
0
0
0
0
0
0
0
0
0
0
0
0
0
7.14015e-16
2.13494e-15
0
0
0
0
0
0
0
0
-3.66135e-16
5.66192e-16
0
0
0
0
0
0
0
0
0
5.8195e-16
0
0
0
0
0
0
0
0
0
0
0
0
0
0
0
0
0
0
0
0
0
0
0
-2.21217e-15
-2.9769e-16
0
0
0
0
0
0
0
0
0
0
0
0
0
0
0
-4.77655e-17
6.0797e-16
0
0
0
0
0
0
0
0
0
0
0
0
0
0
0
0
0
0
0
0
0
0
0
0
0
0
0
0
0
0
0
0
0
0
0
0
0
0
0
0
0
0
0
0
0
4.0507e-16
4.60496e-30
0
0
0
0
0
0
0
0
0
0
0
0
0
0
0
0
0
0
0
0
0
0
0
0
0
0
0
0
0
0
0
0
0
0
0
0
0
0
0
0
0
0
0
0
0
0
0
0
0
0
0
0
0
0
0
0
0
0
0
0
0
0
0
0
0
0
0
0
0
0
0
0
0
0
0
7.616e-17
-4.28221e-16
-3.88442e-16
0
0
0
0
0
0
0
-4.34648e-17
1.31152e-16
0
0
0
0
0
0
0
0
0
0
0
0
0
0
0
0
0
0
0
0
0
0
0
0
0
0
0
0
0
0
0
0
-3.1641e-16
-6.65896e-17
0
0
0
0
0
0
0
0
0
0
0
0
0
0
0
0
0
0
0
0
0
0
0
0
0
0
0
0
0
0
0
0
0
0
0
0
0
0
0
0
0
0
0
0
0
0
0
2.02884e-15
-4.10184e-16
0
0
0
0
0
0
0
0
0
0
0
0
0
0
0
0
0
0
0
0
0
0
0
0
0
0
0
0
0
0
0
0
0
0
0
0
0
0
0
8.7693e-17
0
-2.59495e-15
0
0
0
0
0
0
0
0
0
0
0
0
0
0
0
0
0
0
0
0
0
0
0
0
0
0
0
0
0
0
0
0
0
0
0
0
0
0
0
0
1.33923e-15
0
0
0
0
0
0
0
0
0
0
0
0
0
0
0
2.48198e-15
-2.16731e-15
0
0
0
7.10785e-16
0
0
0
0
0
0
0
0
0
0
0
0
0
0
0
0
0
0
0
0
0
0
0
0
0
0
0
0
0
0
0
0
6.60211e-16
0
0
0
0
0
0
0
0
0
0
0
0
0
0
0
0
0
0
0
0
0
0
0
0
0
0
0
0
0
0
0
0
5.36441e-18
-7.69672e-16
0
0
0
0
0
1.29635e-16
-2.89067e-17
0
1.49605e-16
0
0
0
0
0
0
0
0
1.16597e-17
0
0
0
0
0
0
0
0
0
0
0
0
0
0
0
0
0
0
0
0
0
0
0
0
0
0
0
0
0
0
0
0
0
0
0
0
0
0
3.59145e-15
0
-8.06489e-17
7.13611e-17
0
0
0
0
0
0
0
0
0
0
0
0
0
0
0
0
0
0
1.55319e-16
-1.43542e-17
0
0
0
0
0
0
0
0
0
0
0
0
0
0
0
0
0
0
0
0
0
0
0
0
0
0
0
0
0
0
0
0
0
1.56976e-15
0
0
0
0
0
0
0
0
0
0
0
0
0
0
0
0
0
0
0
0
0
0
0
0
0
0
0
0
0
0
0
0
0
0
0
0
0
0
0
0
0
0
-9.17484e-16
0
0
0
0
0
0
0
0
0
0
0
0
0
0
0
0
0
-9.05266e-16
1.04892e-15
0
-5.95227e-17
2.27177e-18
0
0
0
0
0
0
0
0
0
0
0
0
0
0
0
0
0
0
0
0
0
0
0
0
0
0
0
0
0
0
0
0
0
0
0
0
0
0
0
0
0
0
0
0
0
0
0
0
-1.14271e-15
0
0
0
0
0
0
0
0
0
0
-1.55514e-16
0
-3.86334e-16
0
-1.23515e-16
9.08493e-16
0
0
0
0
0
0
0
0
0
0
0
0
0
0
0
0
0
0
0
0
0
0
0
0
0
0
0
0
0
0
0
0
0
0
0
0
0
0
0
0
0
0
0
0
0
0
0
0
0
0
0
0
0
0
0
0
0
0
0
0
0
0
-6.71111e-17
-4.14999e-16
0
0
0
0
0
0
0
0
0
0
0
0
0
0
0
8.53204e-16
6.63614e-15
0
0
-8.61045e-17
6.69803e-17
0
0
0
0
0
0
0
0
0
0
0
0
0
0
0
0
0
0
0
0
0
0
0
0
0
0
0
0
0
0
0
0
0
0
0
0
0
0
0
0
0
-3.60948e-15
-1.43582e-16
0
0
-1.11526e-30
-1.91186e-16
0
0
0
0
0
0
0
0
0
0
0
0
0
0
0
0
0
0
0
0
0
0
0
0
0
0
0
0
0
0
0
0
0
0
0
0
0
0
0
0
0
0
0
0
0
0
0
-5.37826e-16
0
0
0
0
0
0
0
0
0
1.21218e-12
-3.36929e-08
0
0
0
0
0
0
0
0
0
0
0
0
0
0
0
0
0
0
0
0
0
0
0
0
0
0
0
0
0
0
0
0
0
0
0
0
0
0
0
0
0
0
0
0
0
0
0
0
0
0
0
0
0
0
2.65893e-16
-1.05387e-17
0
0
0
0
0
0
0
0
0
0
0
0
0
0
0
0
0
0
0
0
0
0
0
0
0
0
0
0
0
0
0
0
0
0
0
0
0
0
0
-7.90974e-17
2.29333e-16
0
0
0
-4.30704e-18
0
0
-5.14265e-18
0
0
0
0
0
0
0
0
0
0
0
0
0
0
0
0
0
0
0
0
0
0
0
0
0
0
0
0
0
0
0
0
0
0
0
5.06596e-14
-1.75262e-15
0
0
0
0
0
0
0
0
0
0
0
0
0
0
0
0
0
0
0
0
0
0
0
0
0
0
0
0
0
0
-1.26146e-16
1.28484e-15
0
0
0
0
0
0
0
0
0
0
0
0
0
6.38638e-17
0
0
0
0
0
0
0
0
0
0
0
0
0
0
0
0
0
0
0
0
0
0
0
0
0
0
0
0
0
0
0
0
0
0
0
-5.73174e-16
0
0
0
0
0
0
0
0
0
9.04167e-17
0
0
0
0
0
0
0
0
0
0
0
0
0
0
0
0
0
0
0
0
1.6459e-16
-7.74558e-16
0
0
0
0
0
0
0
0
0
0
0
0
0
0
0
0
0
0
0
0
0
0
0
0
0
0
0
0
0
0
0
0
0
0
0
0
0
0
0
0
0
0
0
0
0
0
-2.39161e-16
-1.80051e-13
0
0
0
0
0
0
0
0
0
0
0
0
0
0
0
0
0
0
0
0
0
3.32e-15
2.67491e-16
0
0
0
0
0
0
0
0
0
0
0
0
0
0
0
0
0
0
0
0
-5.99753e-17
0
0
0
0
0
0
0
0
0
0
0
0
0
0
0
0
0
0
0
0
0
0
0
0
0
0
0
0
0
0
0
0
0
0
0
2.94398e-16
0
0
0
0
0
0
0
0
0
-8.03236e-16
0
0
0
0
0
0
0
0
0
0
0
0
0
0
0
0
0
0
0
0
0
0
0
0
-5.05707e-17
1.47701e-15
0
0
-5.27525e-16
0
0
0
0
0
0
-2.38419e-15
0
0
0
0
0
-7.77741e-16
0
8.04396e-17
0
0
-4.15202e-16
0
0
0
0
0
0
0
0
0
0
0
0
0
0
0
0
0
0
0
0
0
0
0
0
0
0
0
0
0
0
0
0
0
0
0
0
0
0
0
0
0
0
0
0
0
0
0
0
0
0
0
0
0
0
0
0
0
0
0
0
0
0
0
0
0
0
0
0
0
0
0
-6.08127e-17
-1.10726e-16
0
0
0
0
0
0
0
0
0
0
0
0
0
0
0
0
0
0
0
0
0
0
0
-1.44538e-17
0
0
0
0
0
0
0
0
0
0
0
0
0
0
0
0
0
0
0
0
0
0
0
0
0
0
0
0
0
0
0
0
0
0
0
0
0
-1.87823e-15
0
0
0
0
0
0
0
0
0
0
0
0
0
0
0
0
0
0
0
0
0
0
0
-2.40278e-15
-6.17964e-15
0
0
0
0
0
0
0
0
0
0
0
0
0
0
0
0
0
0
0
0
0
0
0
0
0
0
0
0
0
0
0
0
0
0
0
0
0
0
0
0
0
0
0
0
0
0
0
0
0
0
-3.56011e-17
4.04151e-16
-4.88316e-16
8.48289e-16
0
0
0
0
0
0
0
0
0
0
0
0
0
0
0
0
0
0
0
0
0
9.2992e-16
1.20357e-17
0
0
0
0
0
0
0
0
0
0
0
0
0
0
1.89852e-15
3.79999e-15
0
0
0
0
0
0
0
0
0
0
0
0
-5.55997e-31
0
0
0
0
0
0
0
0
0
0
0
0
0
0
0
0
0
0
0
0
0
0
0
0
0
0
0
0
0
0
0
0
0
0
0
0
0
0
0
0
0
4.07301e-16
0
0
0
0
0
0
0
0
0
0
0
0
0
0
0
0
0
0
0
0
0
0
0
0
0
0
0
0
0
0
0
0
0
0
0
0
-3.60383e-18
0
0
0
0
0
0
0
0
0
0
0
0
9.41959e-15
-5.81795e-14
0
0
0
0
1.20597e-17
0
0
0
0
0
0
0
0
0
0
0
0
0
0
0
0
0
0
0
0
0
0
7.66103e-17
-2.92668e-15
0
0
0
0
0
0
0
0
1.68862e-16
1.33278e-16
0
0
0
0
0
0
0
0
0
0
0
0
0
0
0
0
0
0
0
0
0
0
0
0
0
0
0
0
-5.01131e-15
0
3.43321e-15
0
0
0
0
0
0
0
0
0
6.4927e-16
2.19347e-15
0
0
0
0
0
0
0
0
0
0
0
0
0
0
0
0
0
0
0
0
0
0
0
0
0
0
0
0
0
0
0
0
0
0
3.15597e-15
-1.59674e-16
1.38658e-15
0
0
0
0
0
0
0
0
0
0
0
0
0
0
0
0
0
0
0
0
0
0
0
0
0
0
0
0
0
0
0
0
0
0
0
0
0
0
0
0
0
0
0
0
0
0
0
0
0
0
0
0
0
0
0
0
0
2.59249e-16
5.58194e-31
0
0
0
0
0
0
0
0
0
0
-3.7057e-16
8.55165e-14
-5.74333e-16
0
0
0
0
0
0
0
0
0
0
0
0
0
-3.07581e-15
0
0
0
0
0
0
0
0
0
0
0
0
0
0
0
0
0
0
0
7.30239e-17
0
0
0
0
0
0
0
4.35206e-17
-9.2485e-16
0
0
0
0
0
0
0
0
0
0
0
0
0
0
0
0
0
0
0
0
4.46517e-15
0
0
0
0
0
0
0
0
0
0
0
0
0
0
0
0
-5.84808e-17
-1.24099e-16
0
0
0
0
0
0
0
0
0
0
0
0
0
0
0
0
-1.93178e-15
3.83717e-15
0
0
0
-6.28399e-15
0
2.42079e-16
0
0
0
0
0
0
1.79089e-14
0
0
0
0
0
0
0
0
0
0
0
0
0
0
0
0
0
0
0
0
0
0
0
0
0
0
0
5.53803e-17
-5.49456e-31
0
0
-9.38836e-17
0
0
0
0
0
0
0
0
-8.34818e-14
-1.79346e-11
0
0
0
0
0
0
0
0
0
0
0
0
0
0
0
0
0
0
0
0
0
0
0
0
0
0
0
1.24298e-15
-3.91354e-14
0
0
0
7.94733e-15
4.98231e-16
0
-3.88722e-16
0
0
0
2.12566e-16
0
0
5.58041e-31
-2.40079e-12
-7.41347e-12
0
0
0
0
0
0
0
0
0
0
0
0
0
0
0
0
0
0
0
0
0
0
0
5.37849e-19
-3.3938e-17
0
0
0
0
0
0
0
0
0
0
0
0
0
0
0
0
0
0
0
0
0
-7.14226e-17
0
0
0
0
0
1.07719e-14
0
0
0
0
0
0
0
-1.76108e-15
0
0
0
0
0
0
0
0
0
0
0
0
0
0
0
0
0
0
0
0
0
0
0
0
0
0
0
0
1.01755e-16
-6.68521e-17
0
1.93908e-15
0
0
-9.52937e-17
0
0
0
0
0
0
0
0
0
0
0
0
0
0
2.89073e-16
3.45979e-18
0
0
0
0
0
0
0
0
0
0
0
0
0
0
0
0
0
0
0
0
0
0
0
0
3.88548e-17
0
0
0
0
0
0
0
0
0
-3.09885e-16
1.50775e-14
9.56265e-17
-5.55997e-31
-2.19461e-16
0
-1.56945e-16
0
0
0
0
0
0
0
0
0
0
0
0
0
0
0
0
0
0
0
0
0
0
0
0
0
0
0
0
0
0
0
0
0
0
0
0
0
0
0
0
0
0
0
0
0
0
0
0
0
0
0
0
0
0
0
0
0
0
0
0
0
0
0
0
0
0
0
0
0
0
0
0
0
0
0
0
0
0
0
0
0
0
0
0
0
0
0
-4.81668e-12
0
0
0
0
0
0
0
0
0
0
0
0
0
0
0
0
0
0
0
0
0
0
0
0
0
0
0
0
0
0
0
0
0
0
0
0
0
0
0
0
0
0
0
0
0
0
0
0
0
0
0
0
0
-9.91793e-13
0
-5.79118e-13
0
0
0
0
0
0
0
0
0
0
0
0
0
-1.52572e-14
8.17357e-15
6.47173e-16
0
0
0
-5.10719e-16
0
3.22736e-16
0
0
0
0
0
0
0
0
0
-6.45116e-16
0
0
0
0
0
0
0
0
0
0
0
0
0
0
6.28607e-17
-6.89311e-17
0
0
0
0
0
0
0
0
0
0
0
-1.54578e-16
-2.84735e-16
0
0
0
0
0
0
0
0
0
0
0
0
0
0
0
0
0
0
0
0
0
0
0
0
0
0
0
0
0
0
0
0
0
0
1.561e-16
0
0
0
0
0
0
0
0
0
0
0
0
0
0
0
0
0
0
0
0
0
0
0
0
0
0
0
0
0
0
6.14467e-15
0
0
0
0
0
0
0
0
-6.11124e-17
2.23171e-16
0
0
0
0
0
0
0
0
0
0
0
0
0
0
0
0
0
0
0
6.79065e-16
-1.37932e-16
0
0
0
0
-3.80578e-16
5.8253e-16
0
0
0
0
0
0
0
0
0
0
0
0
0
0
0
0
0
0
0
0
0
0
0
0
0
0
0
0
0
0
-5.03406e-18
0
0
0
0
0
0
0
0
-5.87699e-16
-7.10181e-16
0
0
0
0
0
0
0
0
0
0
0
0
0
0
0
0
0
0
0
0
0
0
0
0
0
0
1.93838e-16
-1.75149e-15
0
0
0
0
0
0
0
2.31107e-12
0
0
0
0
0
0
0
0
0
0
0
0
0
0
0
0
0
0
0
0
0
0
0
0
0
0
0
0
0
0
0
0
0
0
0
0
0
0
0
0
0
0
0
0
0
0
4.35111e-17
-1.32498e-16
0
0
0
2.26512e-18
0
0
0
0
0
0
0
0
0
0
0
0
0
0
0
0
8.61028e-16
-6.08493e-16
0
0
0
0
0
0
0
0
0
0
0
0
0
0
0
0
0
0
0
0
0
0
0
0
0
0
0
0
0
0
0
0
0
0
0
0
0
0
0
0
0
0
0
0
0
0
0
0
0
0
0
0
9.82652e-17
0
0
0
0
0
0
0
0
0
-2.96594e-16
0
0
0
0
0
0
0
0
0
0
0
0
0
-1.88216e-16
-1.20626e-14
0
0
0
0
0
0
0
0
0
0
0
0
0
0
0
0
0
0
0
0
0
0
0
0
0
0
0
0
0
0
0
0
3.5724e-17
0
0
0
0
0
0
0
0
0
0
0
0
0
0
0
0
0
0
0
0
0
0
0
0
0
0
0
0
0
0
0
0
0
0
0
0
0
0
0
0
-1.60595e-17
-1.09273e-15
-1.14023e-14
-7.64109e-17
0
0
0
0
-1.12971e-14
0
0
0
0
0
0
0
0
0
0
0
0
0
-5.42655e-18
-2.04072e-16
0
0
0
0
0
0
5.9014e-16
2.37518e-15
0
0
0
0
0
0
0
0
0
0
0
0
0
0
0
0
0
0
0
0
1.78993e-15
2.62182e-16
0
0
0
0
0
0
0
2.08772e-15
0
0
0
0
0
0
0
0
0
0
0
0
0
0
0
0
0
0
0
0
0
0
0
0
0
0
0
0
0
0
0
0
0
0
0
5.3883e-16
0
0
0
0
0
0
0
0
0
0
0
-2.44944e-16
0
0
0
0
0
0
0
0
0
0
0
0
0
0
-1.40226e-16
3.17009e-17
0
0
0
0
0
0
0
1.44589e-17
0
0
0
0
0
0
0
0
0
0
0
0
0
0
0
0
0
0
0
0
0
0
0
0
0
0
0
0
0
0
0
0
0
0
0
0
0
0
0
0
0
0
0
0
0
0
0
0
0
1.4358e-16
0
0
0
0
0
0
0
0
0
0
0
0
0
0
0
0
0
0
0
0
0
0
0
0
0
0
0
0
0
0
0
0
0
0
0
0
0
0
0
0
0
0
0
0
0
0
0
0
0
0
0
0
9.53723e-17
-1.4171e-16
0
0
0
0
0
0
0
0
0
0
0
0
0
0
0
0
0
0
0
0
-8.26915e-19
0
0
0
0
0
0
0
1.59451e-15
-3.03333e-15
0
0
0
0
0
0
0
0
0
0
0
0
0
0
0
0
0
0
0
0
0
0
0
0
0
0
0
0
0
0
0
0
-7.96843e-17
0
0
0
0
0
0
0
0
0
0
0
0
0
6.02954e-17
-5.16678e-16
0
0
0
0
0
0
2.58327e-15
0
0
0
0
0
0
0
0
0
0
0
0
0
0
0
0
0
0
0
0
0
0
0
0
0
0
0
0
0
0
0
0
1.42743e-16
0
0
0
0
0
0
0
0
0
0
0
0
0
0
0
0
0
0
0
0
0
0
0
0
0
0
0
0
0
0
0
0
0
0
0
0
0
0
0
0
0
0
0
0
0
0
0
0
0
0
0
0
0
0
0
0
0
0
0
0
0
0
0
0
0
-1.15892e-15
0
-2.23216e-16
0
0
0
0
0
0
1.17493e-15
-7.3685e-15
0
0
0
0
0
0
0
0
0
0
0
0
0
0
0
0
0
0
0
0
0
0
0
0
0
0
0
0
0
0
0
0
0
0
0
0
0
0
0
0
0
0
0
0
0
0
0
-5.3507e-17
0
0
0
3.73514e-16
0
0
0
0
0
8.36707e-17
-5.90692e-17
0
0
0
0
0
0
0
0
0
0
0
0
0
0
0
0
0
0
0
0
0
0
0
0
0
0
0
-2.61646e-32
0
0
-3.65293e-15
-9.44711e-16
0
0
0
0
0
0
0
0
0
0
0
0
0
0
0
0
0
0
0
0
0
3.58878e-15
0
0
2.56304e-16
0
0
0
0
0
0
0
0
0
0
0
0
0
0
0
0
0
0
0
0
0
0
0
0
0
0
0
0
0
0
0
0
0
0
0
0
0
0
0
0
0
0
0
0
0
0
0
0
0
0
0
0
1.65367e-16
-6.6758e-17
0
0
0
-1.98246e-17
0
0
0
0
0
0
0
0
0
0
-8.72732e-16
-1.15572e-15
0
0
0
0
0
0
0
0
0
-2.77891e-17
1.80513e-16
0
0
0
0
0
0
0
0
0
0
0
0
0
0
0
0
0
0
0
0
0
0
0
0
0
0
0
0
0
0
0
0
0
0
0
0
0
0
0
0
0
0
0
0
0
0
0
0
0
0
0
0
0
0
0
2.44567e-16
0
0
0
0
0
0
0
0
0
0
0
0
0
0
0
0
0
0
0
0
0
0
0
0
0
0
0
0
0
-8.14806e-17
0
0
0
0
0
0
4.80616e-17
0
0
0
0
0
0
-1.61088e-16
0
1.68254e-16
0
0
0
0
0
0
0
0
0
0
0
0
0
0
0
0
0
0
0
0
0
0
0
0
0
0
0
9.24806e-16
-2.18853e-17
0
0
0
0
0
0
0
0
0
0
0
0
0
0
0
-1.52297e-15
-1.43358e-16
0
0
0
0
0
0
0
0
0
0
5.51219e-16
-8.6232e-16
0
0
0
0
0
0
0
0
0
0
0
0
0
0
0
0
0
0
0
0
0
0
0
0
0
0
0
0
0
0
0
0
0
0
0
0
0
0
0
0
-4.36911e-17
1.33695e-16
2.99388e-14
8.9162e-15
-2.07707e-15
0
0
0
0
0
0
0
0
-3.08747e-15
0
0
0
-6.76137e-16
2.51966e-15
0
0
0
0
0
0
0
-5.53673e-18
0
0
0
0
0
0
0
0
0
0
0
0
0
0
0
0
1.13018e-17
0
0
0
0
0
0
0
0
0
0
0
0
0
0
0
0
0
0
0
0
0
0
0
0
0
0
0
0
0
0
0
-9.89671e-17
0
2.205e-16
0
0
0
0
0
0
0
0
0
0
0
0
0
0
0
-7.25062e-15
0
0
0
0
0
0
0
0
0
0
0
0
0
0
1.24476e-15
-1.65698e-15
0
0
0
1.40293e-16
-9.03934e-15
0
0
0
0
0
0
0
-6.41447e-16
9.25529e-16
0
0
0
0
0
0
0
0
0
0
0
0
6.60455e-13
-1.97304e-12
0
0
0
0
0
2.35736e-16
0
-2.49223e-15
0
0
0
0
0
0
0
0
0
0
3.7665e-17
0
0
0
0
0
0
5.20848e-16
8.24542e-15
0
0
0
0
0
0
0
0
0
0
0
0
0
0
0
0
0
0
0
0
0
0
0
0
0
0
0
0
0
0
0
0
0
0
0
0
0
0
0
0
0
0
0
0
0
0
0
0
0
0
0
0
0
0
0
0
0
1.24741e-15
0
-2.18975e-15
0
0
0
0
0
0
0
0
0
0
0
0
0
0
0
0
0
0
0
0
0
0
0
0
0
0
0
0
0
0
0
1.83432e-14
-5.86118e-16
0
-8.37266e-31
0
0
0
0
0
0
0
0
0
0
0
0
0
0
0
0
0
0
0
0
0
0
0
0
0
0
0
0
0
0
0
0
0
0
0
0
0
0
0
0
0
0
0
0
-1.52429e-15
0
2.86263e-15
0
8.14554e-16
-2.91796e-16
0
0
0
-3.05906e-12
0
0
0
0
0
0
0
0
0
0
0
0
0
0
0
0
0
0
0
0
0
0
1.6532e-16
0
0
0
0
0
0
0
0
0
2.51052e-15
1.35521e-16
0
0
0
0
0
0
0
0
0
0
0
0
0
0
0
0
0
0
-7.23101e-17
7.8089e-17
0
0
0
0
0
0
0
0
0
0
0
0
1.30187e-16
0
0
0
0
0
0
0
0
0
0
0
0
0
0
4.03376e-13
0
0
0
0
0
0
0
0
0
0
0
0
0
-1.47111e-15
0
0
0
0
0
0
0
0
0
0
0
0
0
0
0
0
0
0
0
0
0
0
0
0
0
0
0
0
0
2.56685e-18
0
0
0
0
0
0
0
0
0
0
0
0
0
0
0
0
0
0
0
0
0
-3.68909e-19
0
-7.72525e-16
0
0
0
0
0
-2.97563e-16
0
0
2.59432e-17
0
-1.94939e-17
0
0
0
0
0
0
0
0
0
-9.6633e-17
4.98205e-16
0
0
0
0
0
0
0
0
0
0
0
0
0
0
0
0
0
0
0
0
0
0
0
0
0
0
0
1.79078e-15
0
0
0
0
0
0
0
0
0
0
0
0
0
0
0
0
0
-1.23505e-17
7.63494e-18
0
0
0
0
0
0
0
0
0
0
0
0
0
0
0
0
0
0
0
0
0
0
0
0
0
0
0
0
0
0
0
0
0
0
0
0
0
0
0
2.84748e-16
0
0
0
0
0
0
0
0
0
0
-1.90683e-15
0
0
0
0
0
0
0
0
0
0
0
0
0
0
0
0
0
0
0
0
0
0
0
0
0
0
0
0
-3.25146e-17
0
0
0
0
0
0
0
0
0
3.52243e-15
2.95748e-16
0
0
0
0
0
0
0
0
0
0
0
0
0
0
0
0
0
0
0
0
0
0
0
0
0
8.25716e-16
0
0
0
0
0
0
0
0
0
0
0
0
0
0
0
0
0
0
0
0
0
0
0
0
0
0
0
0
0
-1.43242e-16
-9.85799e-16
0
0
0
0
0
0
0
0
0
0
0
0
0
0
0
0
0
0
0
0
0
0
0
0
2.45464e-17
0
0
0
0
0
0
0
0
0
0
0
0
0
0
0
0
0
-1.17856e-15
4.39846e-16
0
0
0
0
0
0
0
8.15047e-15
0
0
0
0
0
0
4.00539e-16
-1.96921e-15
0
0
0
0
0
0
0
0
1.2278e-16
-2.42092e-15
0
0
0
0
0
0
0
0
0
0
0
0
0
0
0
0
-3.08077e-16
0
0
0
0
0
0
1.68416e-14
0
0
0
0
0
0
0
0
0
0
0
0
0
0
0
0
0
0
0
0
0
0
0
0
0
-3.81751e-17
0
0
0
0
0
0
0
0
0
0
0
0
0
0
0
0
0
0
0
-4.77964e-16
0
0
0
0
0
0
0
0
-9.35886e-17
0
0
0
0
0
0
0
0
0
0
0
0
0
0
0
0
0
0
0
0
0
0
0
0
0
0
0
0
0
0
0
0
0
0
0
0
0
0
0
0
0
1.38999e-31
0
0
0
0
0
0
0
0
-5.00067e-16
0
0
0
0
-9.03573e-17
0
0
0
0
0
-6.14035e-14
0
-2.6692e-13
0
-6.52775e-16
2.81907e-16
0
0
0
0
0
0
0
0
0
0
0
0
0
0
0
0
0
0
0
0
0
0
0
0
0
0
0
0
0
0
0
0
0
0
0
0
0
0
0
0
0
0
0
0
0
0
0
0
0
0
0
0
0
0
0
0
0
0
0
0
0
0
0
0
0
0
0
0
0
0
0
0
-2.77999e-31
0
0
0
0
0
0
0
0
0
0
0
0
0
0
0
0
0
0
0
0
0
0
0
0
0
0
0
0
0
0
0
0
0
0
0
0
0
0
0
0
0
0
0
0
0
0
0
0
0
0
0
0
0
0
0
0
0
0
0
0
0
0
0
5.53817e-31
0
0
0
0
0
0
0
0
0
0
0
0
0
0
0
0
0
0
0
0
0
0
0
0
0
0
0
0
3.52062e-16
0
0
0
0
0
0
0
0
0
0
0
0
0
0
0
0
0
0
0
0
0
0
0
0
0
0
0
0
0
0
0
0
0
0
0
-2.53739e-16
0
0
0
0
0
0
0
0
0
0
0
0
0
0
0
0
0
0
0
0
0
0
0
0
0
0
0
0
0
0
0
0
0
-2.37861e-12
0
0
0
0
0
0
0
0
0
0
0
0
0
0
0
0
0
0
0
0
0
0
0
0
0
0
0
0
0
0
0
0
0
0
0
0
0
0
0
0
0
0
0
0
1.05252e-16
0
0
0
0
0
0
0
0
0
0
0
0
0
0
0
0
0
0
0
0
0
0
0
0
0
0
0
0
0
0
0
0
0
0
0
0
0
0
0
0
0
0
0
0
0
0
0
0
0
0
0
0
0
0
0
0
0
0
0
6.57853e-16
0
0
0
0
0
0
-5.06832e-13
2.01381e-17
0
0
0
0
0
0
0
0
0
0
0
0
0
0
0
0
0
0
0
0
0
2.75739e-15
0
0
0
0
0
0
0
0
0
0
0
0
0
0
0
0
0
0
0
0
0
0
0
0
0
0
0
0
0
0
0
0
0
0
0
0
0
0
0
0
0
0
0
0
0
1.025e-15
0
0
-4.43814e-15
2.14693e-15
0
0
0
0
0
0
0
0
0
0
0
0
0
0
0
0
0
0
0
0
0
0
0
0
0
0
0
0
0
0
0
0
0
0
0
0
0
0
0
0
0
0
0
0
0
-2.42364e-16
0
0
0
0
0
0
0
0
0
0
0
0
0
0
0
0
0
-3.56505e-17
0
0
0
0
0
0
0
0
0
0
0
0
0
0
0
0
0
0
0
0
0
0
0
0
0
0
0
0
0
0
0
0
-4.64842e-16
-9.7663e-17
0
0
0
0
0
0
0
0
0
0
0
0
0
8.68494e-13
-3.14607e-12
0
0
0
0
0
0
0
0
0
0
0
0
0
0
0
0
0
0
0
0
0
0
0
0
0
0
0
0
0
0
0
0
0
0
0
0
0
0
0
0
0
0
0
0
0
0
0
0
-5.92976e-17
1.80321e-16
0
0
0
0
0
0
0
0
0
0
0
0
0
0
0
0
0
0
0
0
0
0
0
0
0
0
0
0
0
0
0
0
0
0
0
0
0
0
0
0
0
0
0
0
3.03963e-16
-3.67583e-15
0
0
0
0
0
0
0
0
0
0
0
0
0
0
0
0
0
0
0
0
0
0
0
0
0
0
0
0
0
0
0
0
0
0
0
0
0
0
0
0
-1.78976e-14
-1.37817e-15
0
0
0
0
0
0
0
0
0
0
0
0
0
0
0
0
0
0
0
0
0
0
0
0
0
0
0
0
0
0
0
0
0
0
0
9.76876e-17
-1.08463e-16
0
0
0
0
0
0
0
0
0
0
0
0
0
0
0
0
0
0
0
0
0
0
0
0
0
0
0
0
0
0
0
0
0
0
9.23153e-17
0
0
0
0
0
0
0
0
0
0
0
0
0
0
0
0
0
0
1.08297e-16
3.08939e-16
0
0
0
0
0
0
0
0
0
0
0
0
0
0
5.03168e-16
0
0
0
0
0
0
0
0
0
0
0
0
0
0
0
0
0
1.5245e-16
0
0
0
0
0
0
0
0
0
-1.48538e-16
0
0
0
0
-3.60399e-18
0
0
0
0
0
0
0
0
0
0
0
0
0
0
0
0
0
0
0
0
-1.78637e-15
2.73774e-15
0
0
0
0
0
0
0
0
0
0
0
0
0
0
0
0
0
0
0
0
0
0
0
0
0
0
0
0
0
0
0
0
0
0
0
0
0
0
0
0
0
0
0
0
0
0
1.51995e-15
0
0
0
0
0
0
0
-3.64068e-15
0
0
0
0
0
0
0
0
0
-7.4688e-15
6.08744e-16
0
0
-4.04297e-17
1.09777e-15
0
0
0
0
0
0
0
0
0
0
0
0
0
0
0
0
0
0
0
0
0
0
0
0
0
0
0
0
0
0
0
0
0
0
0
0
-1.47635e-17
0
-9.15223e-13
0
0
0
0
0
-1.05409e-16
1.80102e-15
0
0
0
0
0
0
0
0
0
0
0
0
0
0
0
0
0
0
0
-2.92036e-12
0
0
0
0
0
0
0
0
-3.40382e-16
0
0
0
0
0
0
0
0
0
0
0
0
0
0
0
0
0
0
0
0
0
0
0
0
0
0
0
0
0
0
0
0
0
0
0
0
0
0
0
0
0
0
0
0
0
0
0
0
0
0
0
0
0
0
0
0
0
0
0
0
0
0
0
0
0
0
0
0
0
0
0
0
0
0
0
0
0
4.41606e-16
0
0
0
0
0
0
0
0
0
0
0
0
0
0
0
0
0
0
0
0
0
0
-2.19094e-16
5.43607e-16
0
0
0
0
0
0
0
0
0
0
0
0
1.03934e-16
0
0
0
3.77849e-18
0
0
0
0
0
0
0
0
0
0
0
0
0
0
0
0
0
0
0
0
0
0
0
0
0
0
0
0
0
0
0
0
0
0
0
0
0
0
0
0
0
0
0
-2.48064e-16
0
0
0
0
0
0
0
0
0
0
0
0
0
0
-2.21329e-16
0
2.03952e-17
0
0
0
0
0
0
0
0
0
0
0
0
-4.07605e-15
-6.76926e-16
0
0
0
0
0
0
0
0
0
0
0
2.90768e-16
0
4.81444e-18
0
0
0
0
0
0
0
0
0
0
0
0
0
0
0
0
0
0
0
0
0
0
0
0
0
0
0
0
0
0
0
0
0
0
0
0
0
0
2.3671e-15
-2.52746e-15
0
0
0
0
0
0
0
0
0
0
0
0
0
0
0
-4.48785e-16
5.57632e-31
0
0
-5.32942e-16
0
-1.91509e-16
0
0
0
0
0
0
0
0
0
0
0
0
0
0
0
0
0
0
0
0
0
1.17861e-15
-4.33563e-16
0
0
0
0
0
0
0
0
0
0
0
0
0
0
0
-2.37666e-13
-2.12791e-12
0
0
0
0
0
0
0
0
0
0
0
-2.05458e-15
0
0
0
0
0
0
0
0
0
0
0
0
0
0
0
0
0
0
0
-6.08608e-13
2.81269e-31
-6.24297e-13
0
0
0
0
0
0
0
0
0
0
0
0
0
0
0
0
0
0
0
0
0
0
0
0
0
0
0
0
0
0
0
0
0
0
0
0
0
0
0
0
0
0
0
0
0
0
2.23322e-16
0
-9.20084e-16
5.28221e-16
0
1.4623e-16
0
0
0
-2.0315e-14
3.0342e-16
0
0
0
0
-5.02792e-13
-5.04554e-13
0
0
0
0
0
0
1.65917e-16
0
0
0
0
0
0
0
0
0
0
0
0
0
0
0
0
0
0
0
0
-8.50138e-15
-9.48275e-15
-2.90635e-16
0
0
0
0
0
0
0
0
3.15858e-16
0
0
0
0
0
0
0
0
0
0
0
0
0
0
0
0
0
0
0
0
0
0
0
0
0
0
0
0
0
0
0
0
0
0
0
0
0
0
0
0
0
0
0
0
0
0
0
0
0
0
0
0
0
0
0
0
0
0
0
0
0
0
0
0
0
0
0
0
0
0
0
0
0
0
0
0
0
0
0
0
0
0
0
0
0
0
0
0
0
0
0
0
0
0
0
0
0
0
0
0
0
0
0
0
0
0
0
0
0
0
0
0
0
0
0
0
0
0
0
0
0
0
0
0
0
0
0
0
0
0
0
0
0
0
0
0
0
0
0
0
0
0
0
0
0
0
0
0
0
0
0
0
0
0
0
0
0
0
0
0
0
0
0
0
0
-3.06902e-15
0
0
0
0
0
0
0
0
0
0
0
0
0
0
0
0
0
0
0
0
0
0
0
0
0
0
0
0
0
0
0
0
0
0
0
0
0
0
0
-3.90217e-14
0
0
0
3.75075e-17
8.71464e-17
0
0
0
0
0
0
0
0
0
0
0
0
0
0
0
0
0
0
0
0
0
0
0
0
0
0
0
0
0
0
0
0
0
0
0
0
0
0
0
0
0
0
0
2.4886e-17
0
0
0
0
0
0
0
0
0
0
0
0
0
0
0
0
0
0
0
0
0
0
0
0
0
0
0
0
0
0
0
-1.52078e-12
0
-8.59388e-13
0
0
-1.14465e-12
-4.59108e-13
0
0
0
0
0
0
0
0
0
0
0
0
0
0
0
0
0
0
0
0
0
0
0
0
0
0
-1.30332e-14
8.39585e-16
0
0
0
1.35212e-18
0
0
0
0
0
0
0
-7.82344e-16
0
0
0
0
0
0
-3.88042e-14
0
0
0
0
0
0
0
0
0
0
0
0
0
0
0
0
0
0
0
0
0
0
0
0
0
0
0
0
0
0
0
0
0
0
0
0
0
0
0
0
0
0
0
-2.78675e-15
0
0
0
0
0
0
0
0
0
0
0
0
0
0
0
0
0
0
0
0
0
0
0
0
0
0
0
0
0
0
0
0
0
0
0
0
0
-1.08784e-16
0
-1.1273e-16
0
0
0
0
0
0
0
0
0
0
0
0
0
0
0
0
0
-1.19937e-16
-1.10373e-12
0
0
0
0
0
0
0
-4.75528e-15
0
0
0
0
0
0
0
0
0
0
0
8.68015e-19
0
0
0
0
0
0
0
0
0
0
0
0
0
0
0
0
0
0
0
0
0
0
0
0
0
0
0
0
0
0
-9.83523e-13
0
0
-1.96095e-15
0
-3.31609e-15
-1.61767e-18
0
0
0
0
0
0
0
0
0
0
0
0
0
0
0
0
0
0
0
0
0
0
0
0
0
0
0
0
0
0
0
0
0
0
0
0
0
0
0
0
0
0
0
0
0
0
0
0
0
0
0
0
0
0
0
0
0
0
0
0
0
0
0
0
-1.2755e-15
5.76238e-19
0
0
0
0
-4.68751e-16
1.33413e-15
0
0
2.84786e-19
0
0
0
0
0
0
0
0
0
0
0
0
0
0
0
2.64537e-16
-7.68319e-17
0
0
0
0
0
0
0
0
0
0
0
0
0
0
0
0
0
0
0
0
0
0
0
0
0
0
0
0
0
0
0
0
0
0
0
0
0
0
0
0
0
0
0
0
-8.11748e-15
0
0
0
0
0
0
0
0
0
0
0
0
0
-4.78199e-16
0
0
0
0
0
0
0
0
0
0
0
0
0
0
0
0
0
0
0
0
0
0
0
0
0
0
0
1.21418e-14
-1.53986e-15
0
0
0
0
0
0
0
1.54779e-16
0
0
0
0
0
0
0
0
0
0
0
0
0
0
0
0
0
0
0
0
0
0
0
0
0
-6.5106e-17
0
0
0
0
0
0
1.04949e-14
1.17599e-16
4.65509e-16
0
0
0
0
0
0
0
0
0
0
0
0
0
0
0
0
0
0
0
0
0
0
0
0
0
0
0
0
0
0
0
0
0
0
0
0
0
-1.06444e-16
-5.12132e-17
0
0
0
0
0
0
0
0
0
-5.05815e-15
0
0
0
0
0
-5.28463e-19
-5.23011e-15
7.42902e-16
0
0
0
0
0
0
0
0
0
0
0
-2.47082e-16
8.58667e-17
0
0
0
0
0
0
0
0
0
0
0
0
0
1.41055e-16
3.91867e-15
0
0
0
0
0
0
0
0
0
0
0
0
0
0
0
0
0
0
0
0
0
0
0
0
0
0
0
0
0
0
0
0
0
0
0
0
0
0
0
0
0
0
0
0
0
7.80096e-15
0
0
0
0
0
0
0
0
0
0
0
0
0
0
0
0
0
0
0
0
0
0
0
0
0
0
0
0
0
0
0
0
0
0
0
0
0
0
0
0
0
0
0
0
0
0
0
0
0
0
0
0
0
0
0
0
0
0
0
0
0
0
0
0
0
0
0
0
0
0
0
0
0
0
0
0
0
0
0
0
0
0
0
0
0
0
0
0
0
0
0
0
0
0
0
0
2.34227e-14
-2.74658e-14
0
0
-3.88509e-17
0
0
0
0
0
0
0
0
0
0
2.48433e-16
-8.82046e-17
0
0
0
0
0
0
0
0
0
0
0
0
0
-8.78113e-15
0
0
0
0
0
0
0
0
0
-6.13667e-15
0
0
0
0
0
0
0
0
0
0
0
0
0
0
0
0
0
0
0
0
0
8.39667e-16
0
-5.01175e-15
0
0
0
0
0
0
0
6.83305e-16
-1.19408e-16
1.28546e-16
0
0
0
0
0
0
0
0
0
0
0
0
0
0
0
0
0
0
0
0
0
0
0
0
0
0
0
0
0
0
0
0
-7.79829e-17
0
0
0
0
0
0
0
0
0
0
0
0
4.98793e-15
0
0
0
-8.91842e-17
5.57632e-31
0
0
0
0
0
0
0
0
0
0
0
-4.85691e-12
0
0
0
0
0
0
0
0
0
0
0
0
0
0
0
0
0
0
0
0
0
0
0
0
0
0
0
0
0
0
0
-1.37416e-18
0
0
0
0
0
0
-7.55301e-12
0
-4.30268e-16
0
-1.55894e-14
0
0
0
0
0
4.85429e-16
0
0
0
0
0
0
0
0
0
-1.67526e-14
2.83776e-18
0
0
0
0
0
-1.91699e-15
0
0
0
0
0
0
0
0
0
0
0
0
0
0
1.2798e-17
0
0
0
0
0
0
0
0
0
0
0
0
0
0
0
0
0
0
0
0
0
0
2.29459e-15
0
0
0
0
0
0
0
0
0
0
1.9885e-16
-1.52964e-16
0
0
0
0
0
0
-3.90588e-15
0
0
0
0
0
0
0
0
0
0
0
0
0
0
0
0
0
0
0
0
0
0
0
0
0
0
0
0
0
0
0
0
0
-3.6667e-16
2.87513e-16
0
0
0
0
0
0
0
0
1.76032e-14
0
0
0
0
0
0
0
0
0
0
0
0
0
0
0
0
0
0
0
0
0
0
0
0
0
0
0
0
0
0
0
0
0
3.69968e-17
0
-4.29704e-12
0
0
0
0
0
0
0
0
0
0
0
0
0
0
0
0
0
0
0
0
0
0
0
0
0
0
0
0
0
0
0
1.29155e-15
0
0
-2.18036e-15
0
0
0
0
0
0
0
0
0
0
0
0
0
0
0
0
0
0
0
0
0
0
3.39958e-08
8.72183e-08
-4.31589e-08
-1.33429e-08
-5.68688e-08
-1.19474e-08
-6.82917e-08
-1.27728e-08
-1.22707e-07
-5.8548e-08
-1.0556e-07
-8.84757e-08
5.4637e-08
1.16242e-08
5.83124e-08
-4.90579e-09
-1.13245e-08
3.24413e-08
2.86248e-08
-2.02825e-08
8.14205e-08
2.97896e-08
7.62371e-08
2.49655e-08
6.85908e-08
2.01126e-08
6.98124e-08
6.03504e-09
4.54111e-08
-1.77547e-09
4.17856e-08
1.86513e-08
-2.03552e-08
-2.59759e-08
1.47857e-08
-3.30318e-08
9.27694e-09
-3.58489e-08
1.72465e-09
-4.25749e-09
-6.97047e-08
-2.14752e-08
-6.79273e-08
-3.34725e-08
-7.2863e-08
-4.10718e-08
-7.52585e-08
-4.87394e-08
-5.46345e-08
-8.18259e-08
-1.05121e-07
-4.35713e-08
-5.46499e-08
-1.0414e-07
-6.25707e-08
-1.08772e-07
1.59031e-14
0
0
0
0
0
0
0
0
0
0
0
8.99561e-17
0
0
0
0
6.40998e-16
-6.64969e-18
0
0
0
0
0
0
0
0
0
0
0
0
0
0
-1.99948e-11
0
0
0
0
0
0
0
0
0
0
7.40999e-17
0
0
0
0
0
0
0
0
-2.59915e-14
5.21262e-15
0
0
0
0
0
0
0
0
0
0
0
0
0
0
0
0
0
0
0
0
0
0
0
0
0
0
0
4.10727e-17
0
-9.31205e-16
1.44355e-15
0
0
0
0
0
0
0
0
0
0
0
0
0
0
0
0
-2.22399e-30
0
0
0
0
0
0
0
0
0
0
2.26046e-15
0
0
0
0
0
0
0
0
0
0
0
0
0
0
0
0
0
0
0
0
0
0
0
0
0
0
0
0
0
0
0
1.77391e-08
-2.6366e-08
-2.23788e-08
1.82734e-08
1.04554e-08
-3.18384e-08
0
0
0
0
0
3.23522e-08
-8.58973e-09
0
-1.87194e-09
-2.98759e-08
0
0
0
0
0
0
0
0
0
-8.42389e-10
4.20297e-08
2.23672e-09
4.89339e-08
0
0
0
0
6.23682e-17
2.14955e-15
0
0
0
0
0
0
0
0
0
0
9.80774e-09
5.3916e-08
0
0
0
0
0
0
0
-1.12029e-08
-4.2771e-08
-4.25339e-08
-6.4212e-09
0
0
0
0
2.86947e-09
7.06511e-08
0
0
0
0
0
0
0
0
0
0
0
0
0
0
0
0
0
0
0
0
0
0
0
0
0
0
-2.18997e-08
-4.47339e-08
0
0
0
0
0
0
0
0
2.45211e-08
7.41827e-08
0
0
0
0
0
0
0
2.9708e-08
7.89948e-08
7.91853e-08
2.44401e-08
0
0
0
-1.68134e-08
-6.20047e-08
0
0
0
0
-5.40449e-08
-4.69936e-09
0
0
-3.32088e-08
-5.59795e-08
0
0
0
0
1.77522e-16
0
0
0
0
0
0
0
0
0
8.30322e-08
3.0661e-08
0
-5.85011e-17
-3.80634e-16
0
0
0
0
0
0
0
0
0
0
0
0
0
0
-3.12392e-08
-6.76567e-08
0
0
0
0
4.84072e-08
-2.30542e-09
0
-3.98082e-08
-7.16076e-08
1.42496e-18
0
0
0
0
0
0
0
-1.80763e-08
2.20664e-08
9.03288e-08
-7.21861e-08
-4.4299e-08
-4.51693e-08
-7.62704e-08
2.21624e-08
-2.84488e-08
1.07927e-08
-2.96671e-08
-7.74498e-08
-4.89937e-08
0
0
1.33122e-15
0
0
0
0
0
0
0
0
0
0
0
0
0
0
0
0
3.53067e-08
-9.15229e-09
0
1.05054e-09
-2.98797e-08
-1.36485e-08
2.98248e-08
-1.30689e-16
0
0
0
0
0
2.07402e-09
3.67393e-08
0
0
-3.59595e-08
-3.1225e-09
1.06212e-09
4.76066e-08
0
0
0
0
0
0
-8.28575e-08
-5.6115e-08
0
0
0
0
0
0
0
1.38317e-08
4.75278e-08
0
0
0
0
0
0
0
0
0
0
0
-7.3175e-09
-4.40757e-08
0
0
1.39156e-08
5.73752e-08
0
0
0
0
0
0
0
0
0
2.96697e-08
5.43465e-08
0
0
0
-5.88121e-08
-8.76434e-08
0
2.14624e-08
7.22341e-08
0
-2.83332e-08
-4.58432e-08
0
0
-4.21197e-16
0
0
0
0
-1.59637e-07
-1.49036e-07
1.4806e-07
1.57926e-07
-1.69281e-07
-1.72815e-07
1.91534e-07
1.93876e-07
-1.85286e-07
0
0
0
0
0
0
0
0
0
0
0
0
0
0
0
0
0
-5.84378e-17
0
0
0
0
0
0
-6.46454e-16
-1.73798e-16
0
0
-2.18722e-08
-4.23189e-08
0
0
0
0
0
0
0
0
0
0
0
0
0
0
0
2.26271e-08
7.35713e-08
0
0
0
0
0
5.73186e-17
0
0
0
0
0
2.55844e-08
8.0553e-08
-7.52777e-16
0
0
0
0
0
0
0
2.13835e-16
-6.05526e-16
0
0
-2.61557e-08
-5.03996e-08
0
0
0
-4.37568e-08
-4.31171e-08
0
0
0
0
0
0
0
0
0
0
0
0
0
0
0
0
0
0
8.93287e-08
2.67593e-08
0
0
0
0
-1.22663e-15
0
0
0
0
0
0
0
0
3.10157e-08
9.51422e-08
-4.17267e-08
-5.50361e-08
0
0
0
0
-5.99128e-08
-8.40654e-08
0
0
0
0
0
0
0
-1.06193e-07
-5.50986e-08
0
0
0
0
0
0
0
0
0
0
0
0
0
0
0
0
0
-3.47011e-08
-7.41533e-08
1.72429e-15
0
0
2.16879e-14
0
0
0
0
0
0
0
0
0
0
0
0
0
4.43754e-08
8.43872e-08
-7.44302e-08
-4.45033e-08
0
-8.05355e-08
-4.83905e-08
0
0
0
0
0
0
0
0
0
0
0
5.58136e-16
0
0
0
0
0
0
0
0
0
0
0
0
0
0
0
0
0
0
0
0
0
0
0
0
0
0
-2.8925e-12
0
0
0
0
5.54675e-16
0
0
0
0
-4.08145e-17
0
0
0
0
0
0
0
0
0
0
0
0
0
0
0
0
0
0
0
0
0
0
3.68297e-15
2.19782e-30
0
0
0
0
0
0
-1.49829e-16
0
-8.92746e-13
0
0
0
0
0
-1.1807e-15
4.19563e-16
-2.76389e-16
2.71587e-18
0
0
0
0
0
0
0
0
0
0
0
0
0
2.37739e-15
0
0
0
0
0
0
0
0
0
-2.19807e-12
0
0
0
-8.43731e-08
-5.70723e-08
0
0
0
0
0
0
0
0
0
0
0
0
0
0
0
0
1.45068e-16
0
1.61515e-16
0
0
0
0
0
0
0
0
0
0
0
0
0
0
0
0
0
0
0
0
0
0
0
0
0
0
0
0
0
4.83667e-18
-1.70401e-17
0
0
0
0
-1.08008e-07
-6.58673e-08
-7.91024e-08
-9.98976e-08
0
0
0
0
0
-7.60232e-19
0
0
0
0
0
0
0
0
0
0
0
0
0
0
0
0
0
0
0
0
0
8.25205e-15
0
0
0
0
0
0
0
0
0
0
0
0
0
0
0
0
0
0
0
0
0
0
0
0
0
0
0
0
0
0
0
0
0
0
0
0
0
0
0
0
0
0
1.63756e-16
0
0
0
0
0
0
0
5.46975e-17
0
0
-9.12597e-08
-1.00328e-07
0
0
0
0
0
0
0
0
0
0
0
0
0
0
0
0
0
0
0
0
0
0
0
0
0
0
0
0
0
0
0
0
0
0
0
0
0
0
0
0
0
0
0
0
0
0
0
0
0
0
0
2.8734e-15
0
0
0
0
0
0
0
0
0
0
0
0
0
0
0
0
0
0
0
0
0
0
0
0
0
0
0
0
0
0
6.5938e-16
0
0
0
0
0
0
0
0
0
0
0
0
0
0
0
0
0
0
0
-7.15609e-08
-8.25541e-08
-2.11864e-17
0
0
0
0
0
0
0
0
0
0
0
0
0
0
0
0
0
0
0
0
0
0
0
0
0
0
0
0
0
0
0
0
0
0
0
0
0
0
0
0
0
-3.76318e-16
0
0
0
0
0
0
0
0
0
0
0
4.92924e-16
-3.85732e-16
0
0
0
0
0
0
0
0
0
0
0
0
0
0
0
4.82047e-18
0
0
0
-5.85029e-15
0
0
0
0
0
0
0
0
0
0
0
0
0
0
0
0
-1.12545e-16
2.93442e-16
0
-1.01615e-12
-2.48907e-13
0
0
0
0
0
0
0
-9.92628e-08
-6.71537e-08
0
0
0
0
0
0
0
0
0
0
0
0
8.5724e-13
7.76333e-13
0
0
0
2.58202e-16
0
-6.93825e-15
-8.15913e-17
0
0
0
0
0
0
0
0
0
0
0
0
-5.27091e-17
2.09468e-16
0
0
0
0
0
0
0
0
0
0
-9.02379e-15
0
0
0
0
0
0
0
0
0
0
0
0
0
0
0
0
0
0
0
0
0
0
0
0
0
0
0
0
0
0
0
0
0
0
0
0
0
0
0
0
0
0
0
-1.67148e-16
0
0
0
0
-4.07946e-17
1.98222e-15
3.92858e-15
-2.38303e-17
0
0
0
0
0
4.37864e-15
-2.65725e-15
0
0
0
0
0
0
0
0
0
0
0
0
0
0
0
0
0
0
0
0
0
0
0
0
0
0
0
0
0
0
0
0
0
0
0
0
4.71927e-14
0
0
0
1.16317e-17
0
0
0
0
0
0
0
0
0
0
0
0
0
0
-1.76257e-07
1.62415e-07
-1.10352e-07
-8.61348e-08
0
0
0
0
0
0
0
0
0
0
0
0
-9.04051e-15
-2.80446e-16
0
0
0
-1.00411e-07
-6.34668e-08
1.93797e-16
0
0
0
0
0
0
0
0
0
0
1.02757e-14
0
0
0
0
0
0
0
0
0
0
0
0
0
0
0
0
0
0
0
0
0
0
0
0
0
0
0
0
2.49441e-16
0
0
0
0
0
0
0
0
0
0
0
0
0
0
0
0
0
0
9.54713e-16
-3.74745e-16
0
0
0
0
-4.28269e-16
0
0
0
0
0
0
0
0
0
0
0
0
0
0
0
0
-1.70078e-14
0
0
3.00344e-17
-4.76371e-17
0
0
0
0
0
0
0
0
0
0
0
0
0
0
0
1.66451e-14
0
0
0
0
0
0
0
0
0
0
0
0
0
0
0
0
0
0
0
0
0
0
0
0
0
0
0
0
0
0
0
0
0
0
0
0
0
-1.94657e-07
2.00917e-07
2.01376e-07
-1.99998e-07
0
0
0
0
1.60492e-07
-1.69401e-07
0
0
0
0
0
0
0
0
0
0
0
0
0
0
0
0
0
0
0
0
0
0
0
0
0
0
0
1.36786e-15
4.44117e-16
0
0
0
0
0
0
0
0
0
0
0
0
0
0
3.76043e-17
8.18224e-19
0
0
0
-4.96936e-15
0
0
0
0
0
0
0
-1.82091e-14
8.10654e-15
0
0
0
3.27893e-17
3.30455e-16
0
0
0
0
0
0
0
0
0
0
0
0
0
0
0
0
0
0
0
1.87474e-07
-1.76488e-07
0
0
0
0
0
0
0
0
0
0
0
0
0
0
0
0
0
0
0
0
0
0
0
0
0
0
5.99665e-15
0
0
-9.05955e-08
-9.59952e-08
0
0
0
0
0
0
0
0
0
0
4.519e-18
0
-7.08428e-16
0
0
-5.34945e-15
0
0
0
0
0
0
0
0
0
0
8.04129e-17
0
0
0
0
0
0
0
0
0
0
0
0
0
-1.31846e-12
2.94232e-13
0
0
0
0
0
0
0
0
2.70023e-17
0
0
0
0
0
0
0
0
0
0
0
0
0
0
0
0
0
0
0
0
0
0
0
0
0
0
0
0
0
0
0
0
0
0
0
0
0
0
0
0
9.29758e-15
-6.09631e-16
0
0
0
0
0
0
-7.28601e-15
0
0
0
0
0
0
0
-1.0125e-07
-7.52255e-08
0
0
0
0
0
0
0
0
0
0
0
0
0
0
0
2.18629e-13
-1.49024e-12
5.24918e-08
1.64114e-08
0
0
0
0
0
0
0
0
0
0
0
0
0
0
0
0
0
0
0
0
0
0
0
0
0
0
0
-1.63888e-15
3.3634e-15
0
0
0
0
0
0
0
0
0
0
0
-5.05864e-17
5.46445e-16
0
0
0
0
-3.00268e-15
0
0
0
-1.12876e-15
0
0
0
0
0
1.48282e-17
0
0
0
0
0
0
0
0
0
-5.83848e-13
0
9.74144e-16
0
0
0
0
0
0
0
0
0
0
0
0
0
0
0
0
0
-1.47402e-16
0
0
0
0
-6.33831e-16
0
0
0
0
0
0
0
0
0
0
0
-8.4476e-08
-1.04539e-07
0
0
0
0
0
0
7.83109e-08
4.5594e-08
0
0
0
0
2.14876e-16
0
0
4.16556e-17
0
0
0
0
0
0
0
0
0
0
0
0
0
0
0
0
0
0
0
0
0
0
0
1.64325e-16
0
0
0
0
-4.23322e-18
5.25952e-18
0
0
0
0
0
0
0
0
0
0
0
0
0
0
2.3662e-15
0
0
0
0
0
0
0
0
0
0
0
0
0
0
0
0
0
0
0
0
0
0
0
0
0
0
0
0
0
0
0
0
0
0
0
0
0
0
0
0
0
0
0
0
0
0
0
0
0
0
0
0
1.67271e-07
-1.83545e-07
2.27772e-14
0
0
0
0
0
0
0
8.52408e-17
0
0
0
0
0
0
0
0
0
0
0
0
0
0
0
0
0
0
-1.00062e-14
3.16094e-16
2.20247e-15
0
0
0
0
0
0
0
0
0
0
0
0
0
0
0
0
0
0
0
0
0
-3.91955e-16
0
0
0
0
0
0
0
0
0
0
0
0
-3.23985e-15
0
0
0
0
0
0
0
0
1.7642e-15
-8.80703e-15
0
0
0
0
0
0
0
0
0
0
0
0
0
0
0
0
0
0
0
0
0
0
0
0
0
0
0
0
0
0
0
0
0
0
0
0
0
0
0
0
0
0
0
0
0
0
0
0
0
0
0
0
0
0
0
0
0
3.70821e-16
0
0
0
0
0
0
0
0
0
0
0
0
1.05911e-17
2.95577e-18
0
0
-2.89201e-16
0
0
0
0
0
0
0
0
0
0
0
0
0
0
0
0
0
0
0
0
0
0
0
0
0
0
0
0
0
0
0
0
0
0
0
0
0
0
0
0
0
0
0
0
0
0
0
0
0
0
6.17097e-16
0
0
0
0
0
0
0
0
0
0
2.50903e-17
-3.99324e-17
0
0
0
0
-7.17115e-18
0
0
3.23276e-16
0
-6.57759e-17
0
0
0
0
0
0
0
0
0
0
0
0
0
0
0
0
0
0
0
0
0
0
0
0
0
0
0
0
0
0
0
0
0
0
0
0
0
0
0
0
0
1.33575e-17
0
0
0
0
0
0
0
0
0
-3.25974e-16
9.35452e-16
0
0
0
0
0
0
0
0
0
0
0
0
0
0
0
0
0
6.98085e-17
-5.13482e-16
0
-3.28295e-16
3.36542e-17
0
0
0
0
0
0
0
3.52349e-16
1.42545e-15
0
-6.78126e-16
0
0
0
0
0
0
2.71547e-16
0
0
0
0
0
0
0
0
0
0
0
4.15994e-16
0
0
0
0
0
0
0
0
0
0
0
0
0
0
0
0
0
0
0
0
0
0
0
0
0
0
0
0
8.10839e-16
0
0
0
0
0
0
0
0
-2.18025e-15
3.50987e-16
0
0
0
0
0
0
2.35212e-12
2.36903e-12
3.7154e-12
0
0
0
0
0
0
-2.03831e-16
0
7.11568e-16
2.4921e-12
0
0
0
0
-6.03714e-17
1.93386e-17
0
0
0
-5.82433e-16
2.26198e-16
0
0
0
0
0
0
0
0
0
0
0
0
0
2.61946e-12
0
0
0
0
0
0
0
0
0
0
0
3.0009e-12
0
0
0
0
0
0
0
6.28688e-13
0
0
0
0
0
0
0
0
0
0
0
-6.22113e-16
0
0
0
0
0
0
0
0
0
0
0
0
0
-3.89147e-16
1.74182e-16
-1.75194e-07
1.78901e-07
0
0
3.79168e-12
0
0
2.07453e-12
0
0
0
0
2.16985e-12
2.00634e-12
0
0
0
0
0
0
0
0
0
0
0
1.84404e-07
-1.91101e-07
0
0
0
2.67247e-12
0
0
0
0
0
0
0
0
0
0
0
0
0
0
1.81611e-12
0
0
0
0
0
0
0
0
0
0
0
0
0
0
0
0
0
0
0
0
0
0
0
3.31414e-12
-1.09171e-07
-8.9852e-08
-3.65276e-17
1.16249e-14
0
0
0
7.98614e-15
0
0
-7.43335e-16
2.13116e-16
0
0
0
0
0
3.48556e-12
0
0
0
1.31323e-16
0
-7.75603e-17
0
0
0
0
0
0
0
0
0
0
2.58762e-16
0
0
0
0
0
0
0
0
-5.17105e-17
0
0
0
0
0
2.48177e-13
-2.66845e-12
0
0
0
0
-1.8526e-17
0
0
0
0
0
0
0
0
0
0
0
0
0
0
0
0
0
0
0
-9.53176e-16
-6.31981e-08
-1.05656e-07
0
0
0
0
0
0
0
0
0
0
0
0
0
0
0
0
0
0
0
0
-7.54179e-18
1.09117e-15
0
0
0
0
0
0
0
0
0
0
0
0
5.08892e-17
0
0
0
0
0
0
0
0
0
0
0
0
0
0
0
1.68971e-07
-1.55696e-07
0
0
0
2.74478e-12
0
0
0
0
0
0
0
0
0
0
0
0
0
0
0
0
0
0
0
0
0
0
-5.19214e-16
-1.62758e-16
0
0
0
0
0
0
0
0
0
-1.4075e-15
0
0
0
3.06467e-12
0
0
0
0
0
0
0
0
0
0
2.5612e-12
0
0
0
0
0
0
0
0
0
0
0
0
0
0
0
0
0
0
0
0
0
0
0
0
0
0
0
0
-6.69694e-14
-4.30674e-12
0
0
0
0
0
0
0
2.70523e-12
0
-3.0904e-16
0
2.2393e-12
0
0
0
0
0
0
0
0
0
0
0
0
0
0
0
0
0
0
-2.85513e-15
0
0
3.00948e-12
0
0
0
0
0
0
0
0
0
0
0
0
0
2.27424e-16
-1.09261e-16
2.75462e-12
2.97532e-12
0
0
0
0
0
0
0
0
0
0
1.45395e-14
0
0
0
1.61112e-17
-5.54416e-13
0
0
0
0
0
0
0
0
0
0
0
-9.01856e-16
0
0
0
-4.5904e-16
9.40523e-17
0
0
0
0
0
1.11199e-30
0
1.49767e-16
0
0
0
0
0
0
0
0
0
0
0
0
0
0
0
0
0
0
3.11875e-16
0
0
0
0
3.10526e-15
2.2545e-16
0
0
0
0
0
0
0
0
0
0
0
0
0
0
0
0
0
0
0
0
0
0
0
0
-4.05537e-15
0
0
0
0
0
0
0
0
1.29838e-12
0
0
0
0
-1.6521e-12
0
0
-4.7753e-16
5.99541e-16
0
0
0
0
0
0
0
1.87255e-12
1.89944e-12
0
0
0
0
0
1.28343e-16
0
0
0
0
0
0
0
0
0
0
0
0
0
0
0
0
0
7.3897e-16
0
3.64981e-12
0
0
0
0
0
0
0
0
0
0
0
0
0
0
0
0
0
-3.67292e-15
0
-6.50515e-16
3.48e-16
0
0
0
0
0
0
0
0
0
0
2.27667e-15
2.57963e-12
0
0
0
0
0
0
0
0
0
0
0
1.12393e-12
0
0
0
0
0
0
0
0
0
0
0
0
0
0
0
0
0
0
0
0
0
0
0
0
0
0
0
0
0
0
0
4.94174e-12
0
0
0
0
0
0
0
0
0
0
8.75708e-12
0
0
0
0
0
0
4.51961e-15
-2.88604e-15
2.61591e-12
0
0
0
2.79792e-16
0
-2.30984e-15
0
-1.96283e-14
0
0
0
0
0
0
0
0
0
0
0
0
0
0
0
0
-1.88259e-08
2.51278e-08
0
3.54882e-12
3.32877e-12
3.17057e-12
0
0
4.79368e-12
0
-7.81481e-16
-2.92345e-15
0
0
0
0
0
2.96309e-12
0
3.53768e-16
0
0
0
0
0
0
0
0
0
0
0
0
0
0
0
0
0
0
0
0
0
0
0
0
0
0
0
-6.61199e-16
4.94559e-16
0
9.66876e-16
1.11608e-30
0
2.28338e-15
0
0
0
0
-2.58946e-17
3.30716e-17
0
0
0
0
0
0
0
0
0
-1.25138e-15
0
-1.60265e-16
0
0
0
0
0
0
0
0
0
0
-3.62273e-12
-1.3413e-16
-5.41079e-12
0
1.29429e-16
-3.88931e-17
0
0
0
0
0
0
0
0
0
0
0
0
0
0
4.63825e-16
0
0
0
0
0
0
0
0
1.55088e-12
0
0
0
0
0
-2.60717e-15
3.43133e-12
0
0
0
0
0
0
0
0
0
0
0
0
0
0
0
0
0
0
0
0
4.01318e-16
0
-1.57071e-16
0
0
0
1.01916e-15
0
0
0
0
1.13301e-16
-6.35544e-15
0
0
0
0
0
0
0
0
0
0
0
0
0
0
0
0
0
1.28756e-15
0
0
0
0
0
0
-2.06641e-12
4.52758e-13
0
0
0
0
0
0
0
0
0
0
0
0
0
0
0
0
0
-7.12672e-16
2.7928e-15
0
0
0
0
0
0
2.02972e-16
0
0
0
0
0
-2.31978e-15
3.13953e-15
0
0
0
0
0
0
0
3.61738e-12
0
2.22399e-30
0
0
0
0
0
0
0
0
0
0
0
0
0
0
0
0
0
0
0
0
0
0
0
0
0
0
0
0
0
0
0
0
0
0
0
0
0
0
0
0
0
0
0
0
0
0
0
0
0
0
5.98555e-13
5.79891e-13
0
-2.54356e-15
3.59873e-16
1.12399e-30
0
-4.38797e-16
0
0
0
0
2.82136e-17
-2.42783e-18
0
-6.30306e-16
0
0
0
0
0
0
0
0
0
0
0
0
0
0
0
0
0
0
0
0
0
0
-4.67388e-16
0
0
0
0
0
0
0
0
0
0
0
0
0
0
0
0
5.27328e-13
7.9003e-13
0
0
0
0
0
0
0
0
0
0
0
2.02312e-11
0
0
0
-6.00803e-17
0
0
0
0
0
0
0
-1.49306e-12
0
0
0
0
-3.48162e-08
-1.72416e-09
0
0
0
0
1.93157e-12
0
2.78997e-15
-2.34607e-15
0
0
6.92544e-16
0
0
0
0
0
0
0
0
0
0
0
0
-1.39892e-15
0
0
0
0
0
0
0
0
6.06576e-17
0
0
0
1.95879e-15
1.06515e-15
0
0
0
0
0
0
0
0
0
0
0
0
0
0
0
0
0
0
0
0
0
0
0
0
0
0
0
0
1.65443e-16
6.36202e-17
0
0
0
0
0
0
2.72845e-16
0
6.44581e-16
0
0
-1.62801e-16
0
0
0
0
0
0
0
0
0
0
0
0
0
0
0
0
0
0
0
2.00522e-11
0
0
0
0
0
0
0
0
0
0
0
2.09481e-11
0
0
0
0
0
0
0
-1.17827e-15
0
0
0
0
0
0
0
7.21756e-13
0
0
0
0
0
0
0
0
0
0
0
0
0
0
0
0
0
0
0
0
0
0
0
0
0
0
0
0
0
0
0
3.21692e-12
0
0
0
0
0
0
0
0
0
0
0
0
1.0019e-18
0
0
0
0
0
0
0
0
0
0
0
0
0
-6.68612e-16
0
0
0
-1.14568e-17
0
0
0
0
0
0
-3.55721e-08
2.91234e-17
-4.78435e-16
0
0
0
0
0
0
0
0
0
0
0
0
0
0
0
0
0
0
0
0
0
0
0
0
5.68849e-16
0
0
0
0
0
0
0
0
0
0
0
0
0
0
0
0
0
0
0
0
0
0
0
-8.47199e-16
0
1.03094e-16
0
0
0
0
0
0
0
0
0
0
0
0
0
0
0
0
0
0
0
0
0
0
0
-2.84622e-15
-2.08344e-16
0
0
2.83926e-16
0
0
0
0
0
0
0
0
0
0
0
-2.44656e-16
0
0
0
0
0
0
0
0
0
3.05222e-12
0
0
0
0
0
0
0
0
0
0
0
0
-3.82071e-16
-1.09846e-16
0
0
0
0
0
0
0
0
0
0
0
0
0
0
0
0
8.79122e-16
0
0
0
0
0
0
0
0
0
2.2754e-11
0
0
0
0
7.10611e-18
-1.54458e-16
0
0
0
0
-7.05481e-18
-4.98888e-17
0
-1.82686e-16
0
0
0
2.01366e-14
0
0
0
0
0
0
0
0
0
0
0
0
0
0
0
0
0
0
0
0
0
0
1.30606e-17
0
0
0
0
2.29587e-12
3.75219e-12
0
0
0
0
0
0
0
0
0
0
0
0
0
0
0
0
0
3.70444e-16
0
0
1.21396e-16
2.84988e-16
0
0
-1.23422e-12
0
0
0
0
0
0
0
0
0
0
0
0
0
0
0
0
0
0
0
0
0
0
0
0
0
0
0
0
1.47727e-16
-3.75452e-17
0
0
0
0
0
0
0
0
0
0
0
0
0
0
0
0
0
0
0
0
0
0
0
0
0
0
0
0
0
0
-3.95987e-16
0
0
0
0
0
0
0
0
0
-1.61332e-17
0
0
0
0
0
0
0
0
0
0
0
0
0
0
0
0
0
0
0
0
1.93284e-07
2.79634e-31
0
0
0
0
0
-3.25395e-16
4.44585e-17
0
0
0
0
0
0
0
0
0
0
0
0
0
0
0
0
0
-3.41882e-17
0
0
0
0
0
0
0
0
0
0
0
0
0
0
0
0
0
0
0
0
0
0
0
0
0
0
0
0
0
0
0
0
0
0
0
0
0
2.11184e-15
0
0
0
0
0
0
0
0
0
0
0
0
3.01519e-16
0
-6.30262e-16
0
2.2625e-16
0
0
0
3.73431e-15
8.05503e-16
0
0
0
0
0
0
0
0
0
0
0
0
0
0
0
0
0
0
-1.45748e-16
0
0
0
0
0
0
0
0
0
0
0
0
0
0
0
0
0
0
0
0
0
0
0
0
0
0
0
1.18645e-08
0
0
0
0
0
1.48926e-16
0
0
0
0
0
0
0
-1.78854e-17
0
0
0
-1.11635e-30
8.05303e-13
3.76404e-13
0
0
0
0
0
0
0
0
0
0
0
0
0
0
0
0
0
0
0
0
0
0
0
0
0
0
0
0
0
0
0
0
0
0
0
0
6.3917e-19
0
0
0
0
0
0
6.16566e-12
0
0
0
0
0
0
0
0
0
0
0
0
0
-1.53488e-17
0
0
1.20114e-16
0
0
0
0
0
0
0
0
0
0
0
0
1.19085e-17
0
0
0
-4.01938e-08
0
0
-2.57431e-08
0
0
0
0
0
0
0
0
0
0
0
2.16838e-16
0
0
0
0
0
0
0
0
0
0
0
0
0
0
0
0
-4.62259e-15
0
0
0
0
0
0
0
1.34035e-11
0
0
0
6.42827e-18
0
0
0
0
0
0
0
0
0
0
0
0
0
0
0
0
0
0
0
0
0
0
0
0
-7.30611e-16
-3.3753e-17
-1.46152e-16
0
0
0
-8.74619e-15
0
3.67207e-18
2.49406e-16
0
0
0
0
0
2.06772e-11
0
0
0
0
0
0
6.97783e-15
0
0
0
0
0
-7.32022e-08
0
0
0
0
0
0
0
0
0
2.22783e-11
0
0
0
0
0
-1.22256e-15
-5.22247e-17
0
0
0
-8.53764e-16
0
0
8.00995e-08
0
0
-2.31234e-12
3.56916e-13
7.87867e-13
0
0
-2.52504e-12
0
0
-1.49305e-16
0
0
0
0
0
0
0
0
0
-1.57374e-16
0
0
0
0
0
0
0
0
0
0
0
0
0
0
0
0
0
8.47907e-13
-1.02334e-16
0
0
0
0
0
0
0
0
0
-6.06672e-08
0
0
0
0
1.36731e-17
0
0
-6.27863e-17
0
0
0
-5.13417e-08
0
0
0
0
0
0
0
0
0
0
0
0
0
0
0
0
0
0
-2.25479e-16
0
0
0
0
0
0
-3.75321e-12
0
0
0
-1.16927e-17
0
0
0
0
0
-1.09815e-15
1.11526e-30
0
0
-1.79401e-08
-7.97724e-18
0
0
0
0
0
0
0
0
0
0
0
0
0
0
0
0
0
0
0
0
0
0
0
0
0
0
0
4.15373e-16
0
-1.06035e-16
0
0
0
-3.05079e-16
0
0
0
0
0
0
0
0
0
0
0
0
0
0
0
0
0
0
0
3.84853e-16
0
0
0
0
0
0
0
0
0
0
0
5.30011e-16
0
0
0
0
0
0
4.07905e-17
0
0
-1.32109e-15
-7.34621e-17
0
-9.77447e-16
0
0
0
0
0
0
0
0
0
0
0
0
2.26839e-16
0
0
0
0
0
0
0
0
0
-4.3265e-12
2.53655e-13
0
0
0
0
0
0
0
0
0
0
1.24308e-11
0
0
0
0
0
0
0
0
0
0
0
0
0
0
-2.99174e-16
0
0
0
0
2.38649e-12
1.08644e-08
0
0
-2.37022e-12
4.99153e-13
6.84556e-13
-1.17589e-14
0
0
0
0
0
0
0
0
0
0
0
0
8.59195e-16
0
0
0
0
0
0
0
0
0
0
0
-1.38158e-12
0
-8.22242e-13
0
0
0
0
0
0
0
0
0
0
0
0
0
-7.90429e-15
4.14268e-15
0
0
0
0
0
0
0
0
0
0
0
0
-2.72451e-16
0
0
0
0
0
0
9.88566e-13
-1.6833e-11
1.29136e-15
0
0
0
0
2.21692e-15
0
0
0
0
0
0
-2.95227e-08
0
0
0
0
0
0
0
0
2.25618e-15
0
0
0
4.41627e-16
0
0
0
0
0
6.97499e-13
4.95656e-13
0
0
0
0
0
0
0
0
0
0
0
0
0
0
1.08883e-16
7.98451e-18
0
-4.60187e-13
0
0
0
0
0
-1.4655e-16
0
0
0
0
0
0
0
0
0
0
0
0
0
0
0
0
0
4.62718e-17
-3.18094e-16
0
4.51573e-13
-1.25077e-16
0
0
0
-1.75119e-15
0
0
0
0
0
0
0
-1.81052e-16
0
0
0
0
0
-3.66343e-17
-9.7784e-16
0
0
0
0
0
0
0
1.09468e-14
1.48954e-16
0
0
0
1.761e-15
-7.52166e-17
0
0
0
0
0
-5.84694e-16
0
0
0
0
1.04848e-16
0
0
0
0
0
-9.32935e-13
8.82363e-16
-1.19657e-16
0
0
3.44756e-08
0
0
-5.59488e-13
-1.84799e-11
0
0
0
-2.94271e-08
0
0
0
0
0
4.78477e-16
0
0
0
0
0
0
0
0
1.57558e-16
0
0
0
0
0
0
0
0
0
0
6.81899e-16
0
0
0
0
0
0
0
0
5.35298e-08
3.30988e-12
0
0
0
0
0
0
0
-1.18289e-16
0
0
0
0
0
0
0
0
0
0
0
0
0
0
-8.36837e-09
1.72168e-17
0
0
0
4.68062e-08
0
0
0
0
0
0
0
0
0
0
0
5.05752e-08
0
0
0
6.10335e-17
-3.62984e-16
1.04882e-14
0
0
0
0
0
3.85629e-16
0
0
0
0
0
0
0
0
0
2.62278e-08
0
0
0
0
-1.94736e-14
-5.15398e-16
-8.91912e-08
1.45762e-08
0
0
-3.64234e-17
1.51696e-17
0
0
0
0
0
0
0
0
0
0
0
0
0
0
0
1.65103e-16
0
0
0
0
0
0
0
0
0
0
0
0
0
0
-1.24942e-15
0
0
0
-8.72072e-18
0
0
0
0
0
2.07786e-08
0
0
0
-6.58454e-16
0
0
0
0
0
0
0
0
0
0
0
0
-6.43063e-16
0
0
4.75145e-16
0
0
0
0
0
-3.38447e-17
0
0
0
-1.5096e-16
0
0
0
0
7.20427e-13
0
-7.21182e-17
0
1.1483e-15
0
0
0
0
0
0
0
0
0
0
0
0
0
0
0
-1.15688e-15
0
0
0
0
-2.80853e-16
0
2.6626e-16
0
0
0
-8.39664e-16
0
0
0
0
0
0
0
0
0
6.78791e-16
0
-7.27198e-16
0
0
0
0
0
-8.83492e-17
0
0
0
0
-1.77644e-12
3.28793e-13
0
0
0
0
0
0
0
0
-7.12378e-18
0
0
0
0
0
0
0
0
0
0
0
0
0
2.95165e-17
0
0
0
0
0
0
0
0
0
0
0
0
0
0
0
-2.09955e-12
0
0
0
1.74061e-12
0
0
0
0
0
0
0
0
0
0
0
0
0
0
0
0
0
2.6465e-15
0
0
0
0
0
0
0
0
0
-1.76595e-11
0
0
0
0
0
0
0
0
0
0
0
0
0
-1.67344e-30
0
0
0
0
0
0
0
0
0
0
0
0
2.18e-16
0
0
0
0
0
0
0
-2.08037e-16
6.19745e-13
0
0
0
0
0
-3.81983e-16
0
0
0
0
0
0
0
0
0
0
0
0
0
0
0
0
0
0
-7.63519e-16
6.31621e-13
-8.44132e-16
2.31144e-17
0
0
0
-1.38364e-16
1.03884e-16
0
0
0
-3.21446e-12
0
0
-5.18089e-17
7.38151e-17
2.72511e-17
0
9.20112e-16
0
0
0
0
0
7.06451e-16
0
0
0
0
0
-1.0872e-16
0
0
0
0
0
0
0
0
0
0
0
0
0
0
0
0
0
0
0
0
0
0
0
0
-4.50586e-13
0
0
0
0
0
0
0
-7.49228e-16
0
1.51457e-12
6.0167e-08
0
0
-1.55411e-16
0
0
0
0
0
0
0
0
0
0
0
0
0
0
0
0
-1.55043e-15
4.80888e-17
0
0
0
0
0
0
0
-1.62315e-08
0
0
0
1.02818e-15
0
0
0
0
0
0
1.11938e-07
0
0
0
0
0
0
0
0
0
0
-2.9067e-16
-2.85019e-12
0
0
0
0
0
0
0
0
5.40046e-08
0
0
0
0
0
0
0
0
0
0
0
0
0
-2.51041e-12
9.45219e-13
2.02629e-14
0
0
0
1.50375e-08
0
0
0
0
0
0
0
0
0
0
0
0
0
0
0
0
0
0
0
0
0
0
0
0
0
0
0
0
0
0
0
0
0
0
0
0
-1.09466e-14
0
0
0
0
0
0
0
0
0
0
0
0
0
0
0
0
0
0
0
0
9.62014e-08
0
2.98936e-08
0
0
0
0
0
0
0
0
0
0
0
0
0
0
0
0
0
0
0
0
1.10944e-15
0
0
0
0
0
0
0
0
8.04071e-08
3.07527e-12
0
0
0
0
0
0
0
0
0
0
0
0
0
0
0
0
0
0
0
0
0
0
0
0
0
0
0
0
-9.67476e-09
2.56982e-12
0
0
0
0
0
3.25095e-16
2.54322e-15
0
0
0
0
0
0
0
2.86514e-15
0
0
0
0
0
0
1.58921e-16
0
0
0
0
-8.71726e-15
0
3.43443e-16
0
0
0
0
0
0
0
0
0
0
0
0
1.63636e-15
7.188e-08
0
0
0
0
0
0
0
-1.35916e-08
0
0
0
-1.67427e-11
0
0
1.99264e-16
0
2.98742e-12
5.14758e-08
0
0
0
0
0
0
3.25145e-16
0
0
0
0
3.94417e-16
0
-1.03889e-16
0
0
0
0
0
1.89827e-14
4.13433e-17
0
0
0
0
0
0
0
0
0
0
0
0
0
0
-8.90199e-17
0
0
0
0
0
0
0
0
0
0
0
-8.73669e-13
0
0
0
0
0
0
0
0
0
0
5.95183e-08
0
0
-3.31304e-08
0
0
0
0
0
0
0
0
0
0
0
0
0
0
0
0
0
0
0
0
0
0
1.96759e-15
-1.07845e-15
0
0
0
0
0
0
9.08643e-09
0
0
0
0
0
0
0
-1.0581e-12
0
0
0
0
-3.59645e-16
7.08264e-13
0
0
-2.11106e-15
5.55997e-31
0
7.3865e-17
-4.40197e-16
1.09281e-15
-1.43271e-17
0
0
0
0
0
0
5.44712e-16
0
0
3.43767e-08
0
0
0
0
0
0
0
0
0
0
0
0
0
0
0
0
0
0
0
0
0
0
4.20737e-16
0
0
0
0
0
0
0
0
8.60178e-16
0
-1.61972e-08
0
4.0502e-13
0
0
0
0
0
0
0
0
0
-5.48635e-08
8.62305e-17
0
0
0
0
0
0
0
0
0
0
0
0
0
0
-1.47606e-07
1.25048e-08
0
0
0
0
0
0
0
0
0
2.25801e-16
-4.35609e-08
0
0
-1.92536e-08
0
0
0
0
0
-5.62254e-13
0
0
0
0
0
0
0
0
0
0
0
0
0
0
0
0
0
0
2.00875e-16
0
0
0
0
8.55915e-08
0
2.34888e-12
-2.50271e-09
0
0
0
0
0
0
0
0
0
0
0
0
0
0
0
0
0
-1.01852e-17
0
0
0
0
0
0
0
0
0
0
0
0
0
0
0
0
0
0
0
0
0
0
0
0
0
0
0
-6.31824e-13
0
8.54749e-17
0
0
0
0
0
0
0
0
0
0
0
0
0
1.37467e-17
1.1169e-30
-4.5487e-16
0
0
0
0
0
0
0
0
0
0
0
0
0
0
0
0
0
0
0
0
0
0
6.58293e-08
0
0
0
0
-4.45981e-17
0
0
0
4.13973e-17
0
0
0
0
0
0
6.08198e-15
0
1.19906e-07
0
-8.26197e-13
0
0
0
0
-1.52547e-16
0
0
1.19256e-07
0
0
0
0
0
0
0
0
0
0
0
0
0
0
0
0
0
0
0
0
0
0
-6.30544e-13
-9.53806e-15
-8.13585e-15
0
6.32911e-13
-2.08359e-16
0
0
0
0
-4.01214e-16
0
0
0
0
0
1.3676e-16
4.33809e-16
0
0
0
0
0
0
0
0
0
0
0
0
0
-1.32911e-15
1.40385e-15
0
7.26929e-17
1.056e-15
1.16703e-15
0
0
0
0
0
0
0
0
0
0
0
0
0
0
0
0
0
0
0
0
0
8.14614e-17
0
0
0
0
0
0
0
0
0
3.22468e-16
-2.18038e-33
0
5.7276e-13
0
0
0
0
0
0
0
0
0
0
0
0
0
-2.18004e-15
0
0
0
0
0
0
0
-4.32117e-15
0
6.99771e-15
0
0
-9.83713e-17
0
0
0
0
0
0
0
0
0
0
0
0
0
0
0
4.52092e-12
5.98279e-12
0
0
0
0
1.07516e-12
4.60058e-13
0
0
0
0
-3.5027e-16
0
0
0
0
0
0
0
0
0
0
0
0
0
0
0
0
0
0
6.34492e-13
0
0
0
0
0
-8.4115e-17
0
0
0
0
1.82777e-16
-5.79959e-16
0
0
0
0
0
0
0
2.42098e-15
5.06636e-13
0
0
0
-9.49206e-17
-8.98993e-15
0
-1.16076e-07
0
0
0
0
0
0
0
0
-2.36614e-17
1.25804e-16
-1.23564e-14
0
0
0
0
4.57959e-13
1.04968e-15
0
0
0
0
-1.35422e-07
0
4.22039e-16
-1.37148e-16
8.37908e-16
0
0
8.47891e-13
6.57556e-13
0
0
1.31504e-16
0
0
0
0
0
0
0
3.28029e-17
0
0
0
0
0
0
0
0
0
-5.51191e-13
0
0
0
0
0
0
0
0
0
0
0
2.48306e-15
-6.51986e-13
0
0
2.61153e-16
1.21937e-14
0
0
0
3.31897e-17
0
0
0
0
0
1.2636e-07
0
0
0
0
0
0
0
0
0
0
0
0
0
1.36194e-16
-7.59056e-13
0
0
0
0
0
0
0
0
0
0
0
0
0
0
0
0
0
0
0
0
0
0
0
0
0
0
0
4.47847e-13
0
0
0
0
0
0
0
8.39005e-13
3.91191e-13
0
0
0
0
-1.19398e-15
-7.11056e-18
0
0
0
0
0
0
0
-1.83843e-13
6.04767e-13
0
0
0
0
0
0
0
0
0
0
0
0
0
0
0
-5.88834e-14
0
0
0
0
-2.79225e-31
0
0
0
0
0
2.7946e-16
-8.14148e-16
0
0
0
0
0
0
0
0
0
0
0
-9.39843e-13
0
0
0
0
0
0
0
0
0
0
0
0
0
0
0
0
0
0
0
3.87682e-13
5.23854e-13
0
0
0
0
0
0
0
0
0
0
0
0
0
0
0
-1.21181e-16
9.00975e-17
0
0
2.60082e-08
2.33008e-12
0
0
0
0
7.32516e-17
0
0
0
0
0
-2.15384e-15
0
0
0
0
0
0
0
0
0
0
0
0
0
-3.77556e-15
0
0
0
0
0
0
0
0
0
0
2.60026e-13
0
1.29435e-16
0
0
0
0
0
0
0
0
0
0
0
0
0
0
0
0
1.11649e-30
0
0
0
0
0
0
0
0
0
0
0
0
0
0
3.90438e-16
0
-5.85501e-13
0
0
0
0
0
0
-3.30486e-17
0
0
0
0
0
0
0
0
0
3.61523e-13
-3.93879e-16
1.20804e-16
0
0
0
-2.17224e-14
1.72996e-14
0
0
0
0
0
0
0
0
0
0
-7.355e-13
0
0
0
0
0
0
0
0
0
0
0
0
0
0
-6.86034e-13
0
0
0
0
6.4095e-15
2.10963e-15
0
0
0
0
0
0
0
0
0
0
0
0
0
0
0
0
0
0
0
0
0
6.57171e-15
-5.87347e-16
-1.37716e-15
0
0
0
0
0
0
0
0
0
0
0
0
0
0
0
0
0
0
0
0
0
0
0
0
0
0
0
0
0
4.9848e-13
5.05065e-13
0
0
0
7.48253e-13
0
0
0
0
0
0
0
0
0
0
0
0
0
0
0
4.29292e-16
-8.31989e-16
0
0
0
0
0
0
0
0
0
0
0
0
0
0
0
0
0
0
0
0
7.30859e-17
0
0
0
0
5.33587e-13
0
0
0
0
0
0
0
0
0
0
0
0
0
0
0
0
0
0
0
0
0
-1.71591e-16
0
0
0
0
0
0
0
0
0
0
0
0
0
0
0
0
0
0
0
0
0
0
0
1.80074e-16
0
0
0
0
0
0
0
0
0
0
0
0
0
0
0
0
0
0
0
0
0
0
0
0
0
0
2.75064e-15
0
0
0
-3.91634e-15
-5.67364e-16
0
2.42333e-16
0
0
4.84853e-08
0
0
0
0
0
0
0
0
2.15446e-16
0
0
0
-8.9127e-18
0
0
0
0
0
0
0
0
0
0
0
0
0
-1.48286e-14
0
0
0
0
0
-7.24344e-13
0
0
0
0
0
0
0
-2.13166e-14
0
0
0
1.21512e-16
0
0
0
0
0
0
0
0
0
0
0
0
0
0
0
0
0
0
0
0
0
0
0
0
0
0
0
0
0
0
0
0
0
0
0
-1.74383e-12
0
0
0
0
0
0
0
0
0
2.28693e-08
0
0
0
0
0
0
0
0
0
5.00353e-13
0
0
0
0
0
0
0
0
0
0
0
0
0
0
0
0
0
2.57251e-16
0
0
0
0
0
0
0
0
0
-7.58718e-13
0
0
0
0
0
0
-5.00215e-12
0
0
0
0
0
0
0
0
4.27155e-08
0
-1.13871e-16
0
0
-4.62851e-13
0
0
0
0
0
0
1.06394e-13
-6.39928e-17
0
0
0
0
0
0
-1.18631e-17
-4.7871e-12
0
0
0
6.76561e-16
0
0
0
-2.38866e-08
-1.91709e-15
0
0
-2.21716e-16
0
0
0
0
0
0
0
0
0
0
0
0
0
0
0
0
0
0
0
0
0
0
0
-2.36044e-14
0
0
0
-1.09403e-16
0
0
0
0
-8.30028e-13
0
1.24171e-16
0
0
-4.89756e-14
0
0
0
0
0
0
8.06813e-09
0
0
0
1.8954e-16
0
0
0
0
0
6.5031e-16
4.70414e-13
0
6.77425e-13
0
0
0
0
0
0
0
0
0
0
0
0
0
0
-1.26293e-08
0
0
0
0
0
0
0
0
6.25559e-13
0
0
0
0
0
0
0
0
0
0
0
0
0
0
0
0
0
0
0
0
0
0
0
0
-3.62649e-15
-1.75037e-16
-1.0569e-16
-2.68771e-17
1.11639e-30
3.96966e-16
0
0
0
0
0
0
0
0
0
0
0
0
0
0
0
0
0
0
0
0
5.81166e-13
0
0
0
0
0
0
0
5.46666e-13
4.89919e-13
0
0
0
0
0
0
0
0
0
0
0
0
0
-6.51103e-16
0
0
0
0
0
0
0
4.80825e-14
0
0
0
0
0
3.84466e-16
0
0
0
0
0
0
0
0
0
0
0
0
0
0
0
0
0
0
0
0
2.33511e-15
-4.31794e-13
0
0
5.99457e-13
0
0
0
0
-5.82247e-17
0
-7.13244e-13
0
0
0
0
0
-7.71144e-13
0
0
0
-7.67603e-15
0
0
0
1.16659e-12
0
0
0
0
0
0
0
4.47364e-15
-1.05734e-15
0
0
0
0
0
0
0
0
0
0
0
0
0
0
0
0
0
0
0
0
1.47663e-15
0
0
0
0
0
0
0
0
)
;

boundaryField
{
    frontback
    {
        type            empty;
        value           nonuniform List<scalar> 0();
    }
    topbottom
    {
        type            calculated;
        value           uniform 0;
    }
    outlet
    {
        type            calculated;
        value           nonuniform List<scalar> 0();
    }
    inlet
    {
        type            calculated;
        value           uniform 0;
    }
    walls
    {
        type            calculated;
        value           nonuniform List<scalar> 
151
(
-6.75434e-08
8.75562e-08
-2.42656e-07
1.12572e-07
1.37588e-07
1.62604e-07
3.62733e-07
3.87749e-07
-1.32585e-07
-1.07569e-07
-4.25273e-08
-1.75112e-08
-2.22643e-07
-2.0263e-07
-1.77614e-07
-1.52598e-07
-8.75562e-08
-6.25402e-08
2.50161e-09
2.25145e-08
4.75305e-08
6.75434e-08
9.25594e-08
1.82617e-07
2.0263e-07
2.27646e-07
2.47659e-07
2.72675e-07
2.97691e-07
3.17704e-07
3.4272e-07
1.75112e-08
7.50482e-09
4.25273e-08
-4.75305e-08
6.25402e-08
-8.2553e-08
-1.02566e-07
-1.27582e-07
1.07569e-07
9.75626e-08
-1.47595e-07
1.32585e-07
-1.97627e-07
-2.1764e-07
-2.07633e-07
1.57601e-07
1.17575e-07
1.77614e-07
-2.27646e-07
1.97627e-07
-9.25594e-08
2.22643e-07
-7.50482e-09
-2.62669e-07
2.32649e-07
2.42656e-07
1.2508e-08
3.75241e-08
2.52662e-07
-5.25337e-08
5.75369e-08
-3.25209e-08
-7.75498e-08
7.75498e-08
-9.75626e-08
2.77678e-07
-1.22579e-07
1.02566e-07
-1.42592e-07
-1.67608e-07
2.92688e-07
-1.8762e-07
1.47595e-07
3.75241e-08
2.5016e-09
2.25145e-08
-3.75241e-08
-1.75112e-08
1.27582e-07
-1.92624e-07
-2.12637e-07
1.52598e-07
1.72611e-07
-2.32649e-07
-2.52662e-07
1.92624e-07
2.87685e-07
3.22707e-07
2.1764e-07
-2.57665e-07
2.37653e-07
2.57665e-07
2.82681e-07
3.47723e-07
3.5773e-07
3.82746e-07
3.07698e-07
3.32714e-07
2.75177e-08
3.92752e-07
3.2771e-07
-1.2508e-08
-2.50161e-09
1.75112e-08
-2.25145e-08
3.72739e-07
3.52726e-07
-1.37588e-07
3.77743e-07
-2.47659e-07
3.25209e-08
-7.50482e-09
1.2508e-08
3.97755e-07
3.37717e-07
-2.75177e-08
-1.2508e-08
7.25466e-08
8.2553e-08
-4.75305e-08
2.62669e-07
-5.75369e-08
-1.72611e-07
-1.82617e-07
-3.75241e-08
-2.37653e-07
5.25337e-08
2.12637e-07
1.22579e-07
2.67672e-07
1.42592e-07
2.75177e-08
3.12701e-07
3.67736e-07
-2.50161e-09
1.67608e-07
3.25209e-08
-4.25273e-08
-1.62604e-07
2.07633e-07
1.8762e-07
-2.75177e-08
-1.17575e-07
-1.57601e-07
-7.25466e-08
-3.25209e-08
3.02694e-07
7.50482e-09
-2.25145e-08
-1.12572e-07
)
;
    }
    procBoundary2to0
    {
        type            processor;
        value           nonuniform List<scalar> 
83
(
0
0
0
0
0
3.77187e-12
0
0
4.32063e-16
0
0
2.72616e-15
0
0
0
0
-4.22186e-15
-1.49952e-15
-2.13802e-16
0
0
0
0
1.08167e-15
0
0
0
0
0
0
0
-7.47856e-16
0
-2.09939e-15
0
0
0
0
0
0
0
0
-1.14543e-16
-1.50117e-15
-4.04003e-15
0
0
0
-1.12404e-15
-2.79784e-14
0
-4.80983e-15
-4.29727e-15
4.11505e-16
5.89271e-16
0
0
0
0
-3.4177e-16
0
0
1.41041e-07
0
0
3.81725e-15
-1.96199e-16
0
8.27728e-15
0
0
-3.8522e-16
0
0
0
1.29097e-15
0
0
0
0
-3.52452e-16
0
2.86233e-15
)
;
    }
    procBoundary2to3
    {
        type            processor;
        value           nonuniform List<scalar> 
99
(
2.36451e-15
0
-1.13041e-12
0
0
0
0
0
3.81532e-15
0
0
0
0
0
5.0199e-16
0
0
0
0
0
0
0
0
0
0
0
0
0
0
0
0
0
0
0
0
0
0
4.74708e-16
-6.53859e-16
0
0
0
0
0
0
0
0
0
0
0
0
0
0
0
0
0
0
0
0
0
0
0
0
0
0
0
0
0
0
4.09935e-08
0
0
0
-2.73017e-15
0
0
0
0
0
0
0
0
0
0
0
0
0
0
0
0
0
0
0
0
0
0
0
0
0
)
;
    }
}


// ************************************************************************* //
