/*--------------------------------*- C++ -*----------------------------------*\
| =========                 |                                                 |
| \\      /  F ield         | OpenFOAM: The Open Source CFD Toolbox           |
|  \\    /   O peration     | Version:  v2012                                 |
|   \\  /    A nd           | Website:  www.openfoam.com                      |
|    \\/     M anipulation  |                                                 |
\*---------------------------------------------------------------------------*/
FoamFile
{
    version     2.0;
    format      ascii;
    class       surfaceScalarField;
    location    "900";
    object      meshPhi;
}
// * * * * * * * * * * * * * * * * * * * * * * * * * * * * * * * * * * * * * //

dimensions      [0 3 -1 0 0 0 0];
oriented        oriented;


internalField   nonuniform List<scalar> 
20580
(
0
0
0
0
0
0
0
0
0
0
0
0
0
0
0
0
0
0
0
0
0
0
0
0
0
0
0
0
0
0
0
0
0
0
0
0
0
9.44339e-13
-2.26865e-12
-6.35044e-17
0
0
0
0
0
0
3.48056e-12
-4.09396e-12
-4.16889e-13
0
0
0
0
0
0
0
0
-3.62839e-15
6.67597e-17
0
0
0
0
0
0
0
0
0
0
0
0
0
2.71399e-15
-1.86887e-15
0
0
0
0
0
0
0
-2.39915e-16
8.95249e-17
0
0
0
0
0
0
0
0
0
0
0
0
0
0
0
0
0
0
0
0
0
0
0
0
0
0
0
0
0
0
0
0
1.22387e-16
1.09567e-19
1.78039e-17
0
-7.93685e-16
4.33853e-08
7.04769e-08
0
0
0
0
0
0
0
0
0
0
0
0
0
0
0
0
0
0
0
9.05315e-13
3.74715e-13
-2.55686e-12
0
0
0
0
0
0
0
0
-7.88697e-13
0
-5.40847e-13
0
0
0
0
5.01131e-18
3.11793e-18
0
0
0
-1.89685e-12
-9.16875e-14
-1.29834e-16
0
0
7.22248e-16
-7.76761e-16
0
0
0
0
0
0
0
0
0
0
-2.22299e-13
-2.90905e-12
0
0
0
0
0
-8.46094e-16
2.57349e-16
0
-7.30202e-16
0
-6.27128e-16
0
1.27669e-17
-2.38727e-18
0
0
0
1.75289e-12
-3.61444e-12
0
0
0
0
0
0
6.90921e-13
3.54865e-16
0
0
0
0
0
0
0
0
0
0
0
0
0
0
0
-1.10788e-12
-2.54085e-13
-1.45992e-16
-2.9624e-13
-2.86099e-16
0
0
0
0
0
4.30716e-13
-2.62546e-12
8.69943e-13
0
0
0
0
0
0
0
0
0
5.06185e-09
4.91433e-08
0
0
0
0
0
-1.55481e-16
-6.66903e-16
0
0
0
0
0
0
0
6.60914e-13
4.92525e-13
-2.3102e-12
0
0
0
0
0
0
0
0
0
-4.16076e-17
-2.67734e-16
0
0
0
0
0
0
0
0
0
0
0
0
-2.24335e-16
0
0
0
0
0
0
0
0
0
0
0
0
0
0
0
0
0
0
0
0
0
0
0
0
0
0
0
-3.29113e-17
0
0
0
0
0
0
0
0
0
0
0
0
0
0
0
0
0
0
0
0
0
-1.34404e-15
-1.16594e-15
0
0
0
0
-1.99731e-15
4.08812e-15
0
0
0
0
0
0
0
0
0
0
0
0
-1.12521e-16
0
-4.16393e-16
0
0
0
0
0
0
0
0
0
0
0
0
2.81426e-15
6.41969e-16
0
0
0
0
0
0
0
0
0
0
0
0
0
0
0
0
0
0
1.5752e-15
0
0
0
0
0
0
0
0
0
0
0
0
0
0
0
0
0
0
0
0
0
0
0
0
0
0
0
0
0
0
9.2169e-17
-1.68924e-16
0
0
0
0
0
-1.49456e-12
0
0
0
0
0
-5.59627e-13
0
0
0
0
0
0
0
0
0
0
0
0
0
0
0
0
0
0
0
0
0
0
-1.30236e-15
0
-3.43456e-17
0
0
0
0
0
-5.86568e-16
0
0
0
6.19095e-16
0
0
0
2.89777e-16
0
6.18466e-08
3.71841e-08
0
0
0
0
0
0
0
0
0
0
0
0
0
0
0
0
0
-1.5587e-13
-3.43308e-12
0
0
0
0
0
0
0
0
0
0
0
0
0
0
0
7.98435e-16
0
1.72451e-15
0
0
0
0
0
0
0
0
0
0
0
0
0
0
0
0
4.71717e-15
0
-1.64394e-15
0
0
0
0
0
0
0
0
0
0
0
0
0
0
0
0
0
0
0
0
0
0
0
0
0
0
0
0
0
0
0
0
0
-7.68439e-12
0
0
0
0
0
3.04281e-13
-3.62039e-12
0
0
0
0
0
0
0
0
0
0
0
0
0
0
0
0
0
0
0
0
0
0
0
0
0
0
0
0
0
0
-8.46685e-17
1.01395e-15
0
0
0
0
0
0
0
0
0
0
-1.14076e-12
-1.28715e-13
0
0
0
0
0
0
0
0
0
0
0
0
0
0
-1.31344e-16
0
0
0
0
-3.83289e-16
-2.53307e-13
-4.75322e-13
0
0
0
0
0
0
0
0
0
0
0
0
4.64418e-16
-1.63893e-16
0
0
0
0
0
0
0
0
0
0
0
0
0
0
0
0
0
0
0
0
0
0
5.70756e-16
-1.70091e-16
0
0
0
0
0
0
0
0
0
0
0
0
0
0
0
2.51209e-13
-3.52621e-12
5.01592e-13
0
0
0
0
0
0
0
0
0
0
0
0
0
-8.49213e-16
4.18459e-31
0
0
7.9724e-13
4.10867e-13
-2.41791e-12
0
0
0
0
0
0
0
0
0
0
0
0
0
0
0
0
0
0
0
0
0
0
0
0
0
0
0
0
0
0
0
4.06665e-18
0
-6.64475e-17
0
0
0
2.54714e-15
0
0
0
0
0
0
0
0
0
0
0
1.15148e-12
-2.70487e-12
2.4159e-13
0
0
0
0
3.02555e-17
0
-6.03576e-13
-1.71336e-13
0
0
0
0
-3.54502e-16
0
1.12606e-15
0
0
0
0
0
0
0
0
-3.73102e-13
0
0
0
0
0
0
0
0
0
0
0
0
1.25078e-17
-5.55765e-31
0
0
0
0
0
0
5.80572e-17
0
0
0
0
0
0
0
0
0
0
0
-6.19742e-08
-2.41731e-08
-1.64133e-16
1.07171e-16
0
-7.92339e-18
0
-3.16534e-15
0
0
0
0
0
0
0
0
-7.88702e-13
1.04544e-15
-2.9168e-15
0
0
0
0
0
0
0
0
0
0
0
0
0
0
0
0
0
0
0
0
0
0
3.99105e-14
-1.95057e-12
6.39046e-18
3.68985e-19
0
0
0
0
0
0
0
0
0
0
0
0
0
8.47126e-18
0
0
0
0
0
0
0
0
0
0
0
0
0
0
0
0
0
0
0
0
0
0
0
0
0
0
0
0
0
0
0
-7.11769e-13
0
0
0
0
0
0
0
0
0
0
0
0
0
-7.84712e-13
-9.30346e-13
0
0
0
0
0
0
3.76734e-12
-8.84181e-08
0
0
0
0
-1.24129e-16
0
0
0
0
0
0
0
0
0
0
0
0
0
0
0
0
0
0
0
0
0
-2.58426e-15
-5.72209e-16
0
0
0
0
0
0
0
0
0
0
0
0
0
-3.18737e-14
-1.42584e-14
0
0
0
0
4.97648e-16
-1.03002e-15
1.11403e-15
0
0
0
0
0
0
0
7.51156e-16
0
0
0
0
0
0
0
-2.46613e-14
-8.86625e-13
-3.35118e-12
0
0
0
0
0
0
0
0
0
0
0
0
0
0
8.33131e-08
2.38719e-08
0
0
0
0
0
0
0
0
0
0
0
0
-5.11677e-14
0
0
0
0
-8.47485e-14
-2.0977e-13
0
0
0
0
6.02696e-17
5.66681e-17
-3.54497e-15
4.34593e-15
0
0
0
0
0
0
0
0
-2.1252e-12
2.79442e-13
0
0
0
0
0
0
0
0
0
0
0
0
0
0
0
0
0
0
0
0
0
0
0
0
0
0
0
0
0
0
7.37717e-16
4.35894e-33
0
0
0
0
0
0
0
0
0
0
0
0
0
0
0
0
0
0
0
0
0
0
0
0
0
0
0
0
0
0
0
0
0
0
0
0
0
0
0
0
0
0
0
0
0
0
0
0
0
0
0
0
0
0
0
0
0
0
0
0
0
0
0
0
1.00936e-11
-1.38088e-07
1.20016e-07
0
0
0
0
0
0
0
0
0
0
0
0
0
0
0
0
0
-1.29308e-15
0
-2.86209e-16
0
0
0
0
0
0
0
0
0
0
0
0
0
0
0
0
0
0
0
0
0
0
0
0
0
0
0
0
0
0
0
0
0
0
0
4.22384e-13
4.0926e-13
-1.66967e-12
0
0
0
0
-9.9404e-14
-4.51825e-14
3.29524e-14
0
0
0
0
0
0
0
0
0
0
0
9.07566e-16
0
0
0
0
0
0
0
0
0
0
0
0
0
0
0
0
0
0
0
0
0
0
0
0
0
0
0
0
0
0
0
0
0
0
0
0
0
0
0
0
0
0
0
0
0
0
0
0
0
0
0
-6.46798e-17
0
0
0
1.65425e-16
0
-5.73907e-16
0
0
0
0
0
0
0
0
0
-8.13912e-13
1.5124e-16
-6.45668e-13
0
0
0
0
0
0
0
0
0
0
8.43126e-16
-3.91166e-16
0
0
0
0
0
0
0
0
0
0
0
0
0
0
0
0
0
0
0
0
0
-2.74481e-13
0
7.04362e-13
0
0
0
0
-3.02935e-15
8.1919e-15
0
0
0
0
5.4272e-17
0
-1.58154e-16
0
0
0
0
0
0
0
0
0
0
0
0
0
0
0
0
0
-2.30915e-16
1.34829e-16
0
0
0
0
0
0
0
0
0
-5.84653e-13
0
0
0
0
7.30103e-14
2.344e-12
0
0
0
0
0
0
0
0
0
0
0
0
0
0
0
0
0
0
0
0
0
0
0
0
-4.43997e-16
0
0
0
0
0
0
0
0
0
0
0
0
0
0
0
0
0
0
0
0
5.9453e-15
0
-2.01255e-15
0
0
0
0
0
0
0
-5.02249e-08
2.48187e-12
0
0
0
0
1.32141e-15
0
0
0
5.75555e-12
2.53889e-12
0
0
0
0
0
0
0
0
0
0
0
0
0
0
0
0
0
0
0
0
0
0
0
0
0
0
0
0
0
0
0
0
0
0
0
0
4.86162e-13
0
0
0
0
0
0
0
0
0
0
0
0
0
0
0
0
0
0
0
0
0
0
0
0
0
0
0
0
-1.94357e-12
-1.13966e-12
-7.0182e-17
0
0
0
0
0
-1.30832e-13
0
0
0
0
0
0
0
0
0
0
0
0
0
0
0
0
0
0
0
0
0
0
0
1.10806e-13
0
0
0
0
0
0
0
0
0
0
0
3.75846e-13
-2.17057e-12
7.2822e-13
0
0
0
1.81838e-15
0
-3.83806e-16
1.50504e-17
0
0
0
0
0
2.20201e-16
0
9.33332e-13
-5.85048e-12
0
0
0
0
0
0
0
0
0
0
0
0
0
0
0
0
0
0
0
0
0
0
0
0
0
0
0
0
0
0
0
0
0
0
0
0
0
0
0
0
0
0
0
0
9.11835e-18
0
0
0
0
0
0
0
0
0
0
0
0
0
0
0
0
0
0
0
0
0
0
0
0
0
0
0
0
0
0
0
0
0
0
0
0
0
0
0
0
0
-2.89196e-12
6.58951e-13
0
0
0
0
0
0
0
0
0
0
0
8.71361e-13
-2.59727e-12
0
0
0
0
0
0
0
-5.67577e-13
0
0
0
0
0
7.67649e-16
1.03333e-14
-8.66126e-16
0
6.59103e-16
0
0
0
0
0
0
0
0
0
0
0
0
0
0
0
0
0
0
0
0
0
0
0
0
0
0
0
0
0
0
-5.7354e-13
0
0
0
0
0
0
0
0
0
0
0
0
0
0
0
0
0
0
0
0
0
0
0
0
0
0
0
0
0
0
0
-1.35358e-16
-3.85286e-16
0
0
0
0
0
0
0
0
0
0
0
0
0
0
0
0
0
0
0
0
0
0
0
0
0
0
0
0
0
0
0
0
0
0
0
0
0
-2.63923e-15
0
0
0
0
0
0
-2.15844e-12
-1.11026e-12
0
0
0
0
0
0
0
0
0
0
0
0
0
0
0
0
0
0
0
0
0
0
0
0
0
0
0
0
0
0
0
0
0
0
0
0
0
0
0
0
0
0
0
0
0
0
9.66157e-16
0
0
0
0
0
0
0
0
0
0
0
0
0
0
0
-7.73463e-16
0
0
0
0
0
0
0
0
6.96438e-16
2.30772e-15
0
-3.67417e-16
2.02951e-16
0
0
0
0
0
0
0
0
0
0
0
0
0
0
0
0
0
0
0
0
0
0
0
0
0
0
0
0
0
0
0
0
0
0
0
0
0
0
0
0
0
0
0
0
0
-1.1084e-15
5.48836e-17
0
0
0
0
0
0
0
0
0
0
0
0
0
0
0
6.48637e-13
-5.59202e-12
0
0
0
0
0
0
0
0
0
0
0
0
-9.98701e-13
0
0
0
0
0
0
0
-6.14407e-16
1.64149e-15
0
0
0
0
0
0
0
0
0
0
0
0
0
0
0
0
0
0
3.85354e-16
0
0
0
0
0
0
0
0
0
0
0
0
0
0
0
0
0
0
0
0
0
0
0
0
0
0
0
0
6.22126e-13
-1.77447e-12
2.4579e-13
0
0
0
0
0
0
0
0
0
0
0
0
0
0
0
0
2.46307e-18
1.10658e-16
0
0
0
0
0
0
0
0
0
0
0
0
0
0
0
0
0
0
0
0
0
0
0
0
0
0
0
0
0
0
0
0
0
0
0
0
0
-9.55208e-16
-8.14906e-17
-8.4467e-16
0
0
0
0
0
0
0
3.56478e-17
0
0
0
0
0
0
-1.2325e-18
9.94889e-16
0
-2.25749e-16
-6.02812e-13
0
0
-3.71496e-08
-1.06107e-15
0
7.60317e-16
0
0
0
0
0
0
0
5.05228e-13
4.65743e-13
-1.96678e-12
-1.71113e-17
0
0
0
0
6.57686e-17
0
0
0
0
0
0
0
0
0
0
0
0
4.6326e-16
0
-4.03725e-16
0
0
0
0
0
0
0
0
0
0
0
0
0
0
0
0
0
0
0
0
0
0
0
0
0
0
0
0
0
0
-2.06292e-12
1.41701e-17
0
0
0
3.59338e-12
-8.17221e-08
0
0
0
0
0
0
0
0
0
0
0
0
0
0
0
0
0
-1.63367e-12
-1.44662e-12
0
0
0
0
-6.18766e-16
0
9.15525e-17
0
0
0
0
0
0
0
0
0
0
0
5.16999e-13
4.62225e-13
-1.97629e-12
-7.14712e-13
-7.7822e-13
0
0
0
0
0
0
0
0
0
0
0
0
0
0
0
0
0
0
0
0
0
0
0
0
0
0
0
0
0
0
0
0
0
0
0
0
0
0
0
0
0
0
0
0
0
0
0
0
0
0
0
0
6.26692e-16
0
0
0
0
0
0
0
0
0
0
0
0
0
0
0
0
0
0
0
0
0
0
0
0
0
0
-6.02007e-09
2.14e-12
-4.8908e-08
0
0
0
0
2.46681e-17
-2.4436e-17
0
0
0
0
0
0
0
0
0
0
0
0
0
5.97456e-16
0
0
0
0
0
0
0
8.90301e-13
-3.77639e-12
0
0
0
0
0
0
0
0
0
0
0
0
0
0
0
0
0
-1.51054e-16
0
0
0
0
-2.30184e-12
3.44493e-13
0
0
0
0
0
0
0
0
0
0
0
0
0
-3.13896e-12
0
0
0
0
0
0
0
0
0
0
-7.77116e-13
-6.85649e-13
0
0
0
0
0
0
0
0
0
0
0
0
0
0
0
0
0
0
0
0
0
0
0
0
0
0
0
0
0
2.47138e-15
9.96987e-17
0
0
0
0
0
0
0
0
0
0
0
0
0
-1.6197e-15
0
0
0
-3.90839e-13
0
0
0
0
0
-6.00342e-13
-7.1994e-13
0
0
0
0
0
0
0
0
0
0
0
0
0
0
0
0
0
0
0
0
0
0
0
0
0
-1.43809e-17
0
-1.48616e-19
3.7206e-12
-4.18958e-08
0
0
0
0
0
0
0
0
0
0
0
0
0
0
0
0
0
0
0
0
0
0
0
0
0
0
0
0
-1.49931e-15
-2.3899e-15
0
0
0
0
0
0
0
0
1.11928e-17
-3.51045e-18
0
0
0
0
0
0
0
0
0
0
0
-1.88971e-17
0
0
0
0
0
0
0
0
0
0
0
0
0
0
0
0
0
0
0
0
0
0
0
0
0
0
0
0
0
0
0
0
0
0
0
0
0
0
0
0
0
0
0
0
0
0
0
0
0
0
-8.583e-13
-1.56781e-12
0
0
2.5507e-17
-3.75798e-17
0
0
0
0
0
0
2.65547e-08
2.45399e-16
0
0
0
0
0
0
0
0
0
0
0
0
0
0
0
0
0
0
0
0
0
0
0
0
0
0
0
0
0
0
0
-3.32493e-12
0
0
0
0
0
0
0
0
0
0
0
0
0
5.79669e-08
0
0
0
4.69527e-17
8.04425e-16
0
0
0
0
0
-1.36885e-16
-3.65634e-17
0
0
0
0
0
0
0
0
0
0
0
0
0
3.78009e-13
2.72469e-13
-1.30469e-12
0
0
0
0
0
0
0
0
0
0
0
0
0
0
0
0
0
0
0
0
0
0
0
0
0
0
-1.16096e-14
7.12365e-15
0
0
0
0
0
0
0
0
0
0
0
0
0
0
0
0
0
0
0
8.95771e-13
-3.72094e-12
0
0
0
-2.29832e-15
0
-2.65759e-15
0
0
0
0
0
0
0
0
0
0
8.52838e-16
0
1.76896e-16
0
0
0
0
0
0
0
0
0
0
0
0
0
0
0
0
0
0
0
0
0
0
0
0
0
0
0
0
0
0
0
0
0
0
0
0
0
0
0
0
0
0
0
0
0
0
-5.20767e-13
0
0
0
0
0
0
0
0
0
0
0
0
0
0
0
0
0
0
0
0
0
0
0
0
0
0
0
0
0
0
0
0
0
0
0
0
0
0
0
0
0
0
0
0
0
0
0
0
0
0
0
0
0
0
0
0
0
0
0
0
0
0
0
0
0
0
0
0
0
0
0
0
0
0
0
0
0
0
0
0
0
0
0
0
0
0
0
0
0
0
0
0
-4.23716e-14
0
0
0
0
0
-2.99122e-08
2.20584e-12
0
0
0
0
0
0
0
0
0
0
0
0
0
0
0
0
-4.19201e-13
0
0
0
0
-5.03155e-16
0
0
0
0
0
0
0
0
0
0
0
0
0
0
0
0
0
0
0
7.35509e-15
0
0
0
0
0
0
0
0
0
0
0
0
0
0
0
0
0
0
0
0
0
0
0
0
0
0
0
0
0
0
0
0
0
0
0
-5.79352e-09
0
0
0
0
0
0
0
-9.53451e-16
-3.21945e-16
9.34798e-16
0
0
0
0
0
0
0
0
0
0
0
0
0
0
0
0
0
0
0
0
0
0
0
0
0
0
1.99498e-12
-8.2311e-08
5.92618e-13
-2.32718e-12
3.59468e-16
-5.33035e-16
1.97044e-15
3.30489e-15
0
0
0
5.33614e-19
4.0379e-16
0
0
0
-3.71516e-17
0
0
0
0
0
0
7.11416e-17
-9.82042e-16
0
0
0
0
0
0
0
0
0
0
0
0
0
0
0
0
0
0
0
0
0
0
0
0
0
0
0
0
0
0
0
0
0
0
0
0
0
0
0
0
0
0
0
-4.15287e-16
-1.78692e-16
0
0
0
0
0
0
0
0
0
0
0
0
0
0
0
0
0
0
0
0
0
0
0
0
0
0
0
0
0
0
0
0
0
0
0
0
0
3.25285e-16
0
0
0
0
0
0
0
0
0
0
0
0
0
0
0
0
0
0
0
0
0
0
0
0
0
0
0
0
0
0
0
-5.29138e-15
1.70622e-15
0
0
0
0
0
0
0
0
0
0
0
0
0
0
0
0
0
-9.83888e-16
0
0
0
0
0
0
0
0
0
0
0
0
0
0
0
3.34807e-16
0
0
0
0
3.99326e-13
-2.18941e-12
0
0
0
0
0
0
0
0
0
0
0
0
0
0
0
0
0
0
0
0
0
0
0
0
0
0
0
0
0
0
0
0
0
0
0
0
0
0
0
0
0
0
4.1436e-15
-8.07623e-15
0
0
0
0
0
0
0
0
0
0
0
-6.30261e-13
-3.60783e-13
0
0
0
0
0
0
0
0
0
0
-3.68262e-15
1.34815e-15
0
0
0
0
0
0
0
0
0
0
0
0
0
5.31407e-16
-7.7907e-16
0
0
0
0
0
0
0
-1.50082e-12
0
0
0
0
0
0
0
0
0
0
0
0
0
0
0
0
0
0
0
0
0
0
0
0
0
0
0
0
1.66447e-14
-2.0139e-14
0
0
-3.4637e-15
-4.04642e-15
0
0
0
0
0
0
0
0
0
0
0
0
0
0
0
0
0
0
0
0
-6.45998e-13
0
0
0
0
0
-5.95288e-17
0
0
0
0
0
0
0
0
0
0
0
0
0
0
0
0
0
0
0
0
0
0
0
0
0
0
0
0
0
0
0
0
0
0
0
0
0
0
0
0
0
0
-8.69769e-13
-5.82463e-13
0
0
0
0
0
0
0
0
0
0
0
0
0
0
0
-3.87428e-16
0
0
0
0
0
0
-1.14104e-12
0
0
0
0
0
0
0
-1.44064e-15
0
0
0
0
0
0
0
0
0
0
0
0
0
0
0
0
0
0
9.64579e-16
7.5034e-16
0
0
0
0
0
0
0
0
0
0
-4.00648e-16
0
1.21524e-15
0
0
0
0
0
0
0
0
0
0
0
0
0
2.28754e-15
-8.39912e-16
0
0
0
0
2.42941e-15
-1.71534e-15
-1.38048e-15
0
0
0
0
0
0
0
0
0
0
0
0
0
0
0
0
0
0
1.03981e-15
0
0
0
1.25442e-16
0
0
0
0
0
0
0
0
0
0
0
0
0
0
0
0
0
0
0
0
0
0
0
0
0
0
0
0
0
0
0
0
0
0
0
0
-1.06568e-14
0
-2.18616e-14
0
0
0
0
0
0
0
0
0
0
0
0
0
0
0
3.80209e-16
2.92185e-16
0
0
0
0
0
0
0
0
0
0
0
0
0
0
0
0
0
0
0
0
0
0
0
0
0
0
0
0
0
0
0
0
0
0
0
0
0
0
-5.25507e-13
0
0
0
7.31904e-16
0
0
0
0
0
0
0
0
0
0
0
0
0
0
0
0
0
0
0
0
0
0
0
0
0
0
0
0
0
0
0
0
0
0
0
0
0
0
0
0
0
0
0
0
0
0
0
0
0
0
0
0
0
0
0
0
0
0
0
0
0
-3.4088e-15
0
3.27651e-15
0
0
0
0
0
1.59021e-16
0
0
0
0
0
0
0
0
0
0
0
0
0
0
-4.35082e-13
0
0
0
0
0
0
0
0
0
0
0
0
0
0
0
0
0
0
0
0
0
0
0
0
0
0
0
0
0
0
0
0
0
0
0
0
0
0
0
0
0
0
0
0
0
0
0
0
0
0
0
0
0
0
0
0
0
0
1.07738e-15
0
0
0
0
0
0
0
0
0
0
0
0
0
0
0
0
0
0
0
0
0
0
0
0
0
0
0
0
0
0
0
0
0
0
0
0
0
0
0
0
0
0
7.13407e-17
-1.62923e-16
0
0
0
0
0
0
0
0
0
0
0
0
0
0
-1.31873e-16
0
-1.9897e-16
0
0
0
0
0
0
0
0
0
0
0
2.72477e-15
-7.10328e-16
0
0
0
0
0
0
0
0
0
0
0
0
-1.39502e-16
0
0
0
0
0
0
0
0
0
0
0
0
0
0
-2.61178e-12
0
0
0
0
0
0
0
0
0
0
4.96947e-20
0
0
0
0
0
0
0
0
0
0
0
0
0
0
0
0
0
0
0
0
0
0
0
0
0
0
0
0
-1.18454e-16
0
3.8752e-16
0
0
0
0
0
0
0
0
0
0
0
0
0
0
0
0
0
0
0
0
0
0
0
0
-1.5271e-16
0
0
0
0
0
0
0
0
0
0
0
0
0
0
0
0
-5.98299e-13
0
0
0
0
0
0
0
0
0
0
0
0
0
0
0
0
0
0
0
0
0
0
0
0
0
0
-3.29006e-14
-8.84058e-14
0
-1.63272e-17
3.51353e-16
0
0
0
0
0
0
0
0
0
0
0
0
0
0
0
0
0
0
0
-1.79085e-13
-3.16368e-13
0
0
0
0
0
0
0
0
0
0
0
0
0
0
0
0
3.24243e-15
0
0
0
0
8.58708e-16
0
0
0
0
0
0
0
0
0
0
0
0
0
0
0
0
0
0
0
0
0
0
0
0
0
0
0
0
0
0
0
0
0
0
1.00438e-15
0
0
0
0
0
0
0
0
0
0
0
0
1.30926e-15
0
0
0
0
0
0
0
0
0
0
0
0
2.08678e-16
0
0
0
0
0
0
0
0
0
0
0
0
0
0
0
0
0
0
0
-5.61278e-13
0
0
0
0
0
0
0
0
0
0
-1.00575e-12
0
3.24521e-17
-1.35337e-15
0
0
0
0
0
0
0
0
0
0
0
0
0
0
0
0
0
0
0
0
0
0
0
0
0
0
0
0
-6.57918e-16
-3.6397e-16
0
0
0
0
-3.77515e-13
0
0
0
0
0
0
0
0
0
0
0
0
0
0
0
0
0
0
6.41257e-13
4.37946e-13
0
0
0
0
0
0
0
0
0
0
0
1.99043e-16
0
-1.00323e-16
0
0
0
0
0
0
0
0
0
0
0
0
0
0
0
-1.3276e-12
0
0
0
0
0
0
0
0
0
0
0
0
0
0
0
-6.28525e-15
0
0
0
0
0
0
0
0
0
0
0
0
0
0
0
0
0
0
0
0
0
0
0
0
0
0
0
0
0
0
0
0
0
0
0
0
0
0
1.08477e-16
2.70646e-17
0
0
0
0
0
0
0
0
0
0
0
0
0
0
0
0
0
1.26821e-15
0
0
0
0
0
0
0
0
0
0
0
0
0
0
0
0
0
0
0
0
0
0
0
0
0
0
0
0
0
0
0
0
0
0
0
0
0
9.62211e-16
0
0
0
0
0
0
0
0
0
0
0
0
0
0
0
-8.63276e-16
0
-1.23989e-16
0
0
0
0
0
0
0
0
0
0
0
0
0
-6.02361e-18
9.68829e-16
0
0
0
0
0
0
0
0
0
-8.09458e-16
0
0
0
0
0
0
0
0
0
0
0
0
0
0
0
0
0
0
0
0
0
0
-2.19691e-30
-8.33623e-16
1.20373e-15
0
0
0
0
0
0
0
0
0
0
0
0
0
0
0
0
0
0
-1.11807e-30
0
0
0
0
0
0
0
0
0
0
0
0
0
0
0
0
0
0
0
0
0
0
0
0
0
0
0
0
0
0
0
0
0
0
0
0
0
0
0
0
0
0
0
0
0
-1.18838e-12
-7.00918e-13
-1.19755e-16
0
0
0
0
4.35171e-16
0
0
0
0
0
-6.76524e-14
2.82276e-13
-1.22118e-12
0
0
0
0
0
0
0
0
0
0
0
7.20452e-13
-2.52361e-12
0
0
0
0
0
1.19826e-15
2.06018e-15
-4.31478e-16
-5.38004e-16
0
0
0
0
0
0
0
0
0
0
0
0
0
0
0
0
0
0
0
0
0
0
0
0
0
0
0
0
0
0
0
0
0
4.54421e-16
-2.77883e-31
0
8.22311e-18
-1.36942e-16
3.56309e-17
0
0
0
0
0
0
0
0
0
0
0
0
0
0
0
0
0
0
0
0
0
0
0
0
0
0
9.11421e-16
-4.31057e-16
0
0
0
0
0
0
0
0
0
-9.28146e-16
-1.01775e-17
0
0
0
0
0
0
0
0
0
-6.98818e-17
0
0
0
0
0
0
0
0
0
0
0
0
0
0
0
0
0
0
0
0
0
0
0
0
0
0
0
0
0
0
0
0
0
0
0
0
0
0
0
0
0
0
0
-5.84512e-16
0
0
0
0
0
0
0
0
0
0
0
0
0
0
0
0
0
0
0
0
0
0
0
0
0
0
0
0
0
0
0
0
0
0
0
0
0
0
0
0
0
0
0
0
0
0
0
0
0
0
0
0
0
0
0
0
0
0
0
0
-3.5909e-16
0
0
0
1.41756e-15
0
0
0
0
0
0
-2.30592e-16
0
1.15375e-15
2.65026e-15
0
0
0
0
0
0
0
0
0
0
0
0
0
0
-1.70295e-17
2.28223e-16
0
0
0
0
0
0
0
0
0
0
0
0
0
0
0
0
0
0
0
0
0
0
0
0
0
0
0
0
0
0
0
0
0
0
0
0
0
0
0
0
0
0
0
0
0
0
0
0
0
0
0
0
0
0
0
0
0
0
0
0
0
0
0
0
0
0
0
0
0
0
0
0
0
0
3.1022e-16
-3.59176e-15
0
0
0
0
0
0
0
0
0
0
0
0
0
0
0
0
0
0
0
0
0
0
0
0
0
0
0
0
0
0
0
0
3.03173e-16
-6.23044e-16
0
0
0
0
0
0
1.40576e-31
-4.56671e-16
0
0
0
0
0
0
0
0
0
0
0
0
1.9603e-15
0
0
0
0
0
0
0
0
0
0
0
0
0
0
0
0
0
0
0
0
0
0
0
0
0
0
0
0
0
0
0
0
0
0
0
0
0
0
0
0
0
0
0
0
0
0
0
0
0
0
0
-3.87036e-16
-4.74782e-16
0
0
0
0
0
0
0
0
0
0
0
1.80192e-16
-1.60962e-17
0
0
0
0
0
0
0
0
0
0
0
0
0
0
0
0
0
0
0
-7.79541e-16
0
0
0
0
5.16526e-16
-2.86159e-16
0
0
0
0
0
0
0
0
0
0
0
0
0
0
0
0
0
0
0
0
0
0
0
0
0
0
0
0
0
0
0
0
0
0
0
0
0
0
0
0
0
0
0
0
0
0
0
0
0
0
0
0
0
0
0
0
0
0
0
0
0
0
0
0
0
0
0
0
0
0
0
0
0
0
0
0
0
0
0
0
3.84637e-16
0
0
0
0
0
0
0
0
2.5434e-12
0
0
0
0
0
0
-1.07328e-15
0
0
0
0
0
0
0
0
0
0
-1.60217e-16
-1.06508e-16
0
0
0
0
0
5.67068e-16
-4.99195e-16
4.73056e-16
0
0
0
0
0
0
0
0
3.75722e-15
0
0
0
0
0
0
0
0
0
0
0
0
0
0
0
0
0
0
3.51844e-16
-1.43815e-16
0
0
0
0
0
0
0
0
0
0
0
0
0
0
0
0
0
0
0
0
0
0
0
0
0
0
0
0
0
4.89843e-16
0
0
0
0
0
0
0
0
0
0
4.1432e-18
0
1.23165e-19
0
0
0
0
0
0
0
0
0
0
0
0
0
0
0
0
0
0
0
0
0
-3.36871e-16
-6.24917e-18
-9.94003e-17
0
0
0
0
0
0
0
0
0
0
0
0
0
0
0
-3.74548e-16
0
0
0
0
0
7.53847e-16
0
0
0
0
-1.36096e-17
0
3.75915e-19
0
0
0
0
0
7.51151e-16
0
0
0
0
0
0
0
0
0
0
-8.5173e-16
0
0
0
0
0
4.04904e-16
0
0
0
0
0
0
0
0
0
0
0
0
0
0
0
0
0
-2.37079e-12
0
0
0
-2.79783e-15
8.14057e-17
0
0
0
0
0
0
0
0
0
0
0
0
0
0
0
0
0
0
0
-5.34961e-16
0
0
0
0
0
0
0
0
0
0
0
-3.24532e-16
0
0
0
0
0
0
0
0
0
0
0
0
0
0
0
0
0
0
0
0
0
0
0
1.68526e-15
0
0
0
0
0
0
0
0
0
0
0
0
0
0
0
0
-9.90334e-16
0
0
0
0
0
0
0
0
0
0
0
0
0
0
0
0
0
0
0
0
0
0
0
0
0
0
0
0
0
0
0
0
0
0
0
0
0
0
0
0
0
0
0
0
0
0
0
0
0
0
0
0
-8.09122e-13
0
-1.37711e-16
0
-2.07056e-17
0
3.13634e-15
0
0
0
0
0
0
0
0
0
0
0
0
0
0
0
0
0
0
0
0
0
0
0
0
0
0
0
0
0
0
0
0
0
0
0
0
0
0
-1.15328e-15
0
1.2913e-15
0
0
0
0
0
0
0
0
0
0
0
0
0
0
0
0
0
0
0
0
0
0
6.92087e-17
0
-1.9909e-18
-2.74282e-19
0
0
0
0
0
0
0
0
0
0
0
0
0
0
0
0
0
0
0
0
0
0
0
0
0
0
0
0
0
0
0
0
0
0
0
0
0
0
0
0
-3.5144e-32
0
0
1.49738e-17
0
0
0
0
4.7394e-16
-9.85297e-17
-3.79353e-18
7.7865e-16
0
0
0
0
0
0
0
0
0
0
0
0
0
0
0
0
0
0
0
0
0
6.34082e-08
2.91017e-08
0
2.46336e-15
0
0
0
0
0
0
0
0
0
0
0
0
0
0
0
0
0
-5.36585e-16
-4.51675e-16
0
-3.70998e-12
0
0
0
0
0
-8.62802e-17
3.35092e-17
0
-2.49104e-15
-1.70971e-15
-2.34201e-12
1.4753e-12
0
0
0
0
0
0
0
0
0
0
2.47403e-16
0
-5.70806e-16
0
0
0
0
0
0
0
0
0
0
0
0
0
0
0
0
0
0
0
0
0
0
0
0
0
0
0
0
0
0
0
0
0
0
-1.12461e-30
-1.1794e-15
0
0
0
0
0
0
0
0
0
0
0
0
0
0
0
0
0
0
0
0
0
0
0
0
0
0
0
-1.48746e-16
0
-3.40945e-17
0
0
0
0
0
0
0
0
0
5.74886e-17
0
-2.87672e-17
0
0
0
0
0
0
0
0
0
0
0
0
0
0
0
0
0
7.05453e-15
-6.06098e-15
-7.58936e-15
0
0
0
0
5.06321e-16
0
0
0
0
0
0
0
0
0
0
0
0
0
0
0
0
0
0
0
0
0
0
0
0
0
0
0
0
0
0
0
0
0
0
0
0
0
0
0
4.8321e-16
3.96629e-15
0
-6.66292e-13
0
0
0
0
0
0
0
0
0
0
0
0
0
0
0
0
0
0
0
0
0
0
0
0
0
0
0
0
0
0
0
0
0
0
0
0
0
0
0
0
0
0
0
0
0
0
-1.36048e-12
1.40851e-13
0
0
0
0
0
0
4.74195e-16
0
0
0
0
0
0
0
0
0
0
0
0
0
0
0
0
0
0
0
0
0
0
0
0
0
0
0
0
0
0
0
0
0
0
0
0
0
0
0
0
0
0
0
0
0
0
0
0
0
0
0
0
0
0
4.92995e-17
-3.22826e-16
0
0
0
0
0
0
0
0
0
0
0
0
0
0
0
-1.41595e-16
5.91613e-16
0
0
0
0
0
0
0
0
0
0
0
0
0
-1.13101e-16
0
0
0
0
0
-4.26223e-15
1.2321e-17
0
0
0
0
0
0
0
0
1.96758e-13
-1.88053e-13
-3.28733e-19
-1.54446e-16
0
0
0
0
0
0
0
0
0
4.0528e-15
-6.7051e-16
0
0
0
0
0
0
0
0
0
0
1.03416e-16
-1.16267e-15
0
-5.53825e-13
2.24921e-30
-4.47268e-16
0
0
0
0
0
0
0
0
1.68788e-16
0
0
-1.17805e-16
-5.61919e-13
0
0
0
0
0
0
0
0
0
0
0
0
0
0
0
0
0
0
0
0
0
0
0
0
0
0
0
0
0
0
0
0
0
0
0
0
0
0
0
0
0
0
0
0
0
0
0
0
0
0
0
0
0
0
0
0
0
0
0
0
0
0
0
0
0
0
0
0
0
0
6.71347e-17
0
0
0
0
0
0
0
0
0
0
7.28491e-17
0
0
0
0
0
0
0
0
0
0
0
0
-7.694e-18
-3.51827e-18
0
0
0
0
0
0
0
0
0
0
0
0
0
0
5.1684e-17
0
0
0
0
0
0
0
0
0
0
0
0
0
0
0
0
0
0
0
3.50204e-16
-4.83836e-16
0
0
0
0
0
0
0
0
0
0
0
0
0
0
0
0
0
0
0
0
0
0
0
0
0
0
0
0
0
0
0
0
-5.41018e-18
0
3.65157e-17
0
0
0
0
0
0
0
0
0
0
0
0
0
0
0
0
0
0
0
0
0
0
0
0
0
0
0
0
0
0
0
0
0
0
0
-5.06506e-16
0
0
0
0
0
0
-1.21825e-15
2.43531e-16
0
3.11833e-16
-3.55153e-15
0
0
0
0
0
0
-2.41135e-17
-3.29274e-15
3.61837e-15
-2.66004e-08
0
0
0
0
0
0
0
0
0
0
0
0
0
0
0
0
0
0
0
0
0
0
0
0
0
0
0
0
0
0
0
-9.13683e-16
4.26017e-15
0
0
0
0
0
0
0
0
0
0
0
0
0
0
0
0
0
0
2.87775e-15
0
0
0
0
0
0
0
0
0
0
0
0
-1.3591e-15
-1.4461e-16
0
0
0
0
0
0
0
0
0
0
0
0
0
0
0
0
0
1.70844e-15
-1.49739e-16
0
0
0
0
0
-6.35948e-15
2.47221e-15
0
0
0
0
0
0
0
0
0
-2.20269e-16
0
0
0
0
0
0
0
0
0
0
0
0
0
0
0
0
0
0
0
0
0
0
0
0
0
0
0
0
0
0
0
0
0
0
0
0
0
0
0
0
0
0
-3.79299e-15
0
0
0
0
0
0
0
0
0
0
0
0
0
0
0
0
0
-1.13592e-16
-3.09523e-16
0
0
0
0
0
0
0
0
0
0
0
0
0
0
0
0
0
4.82771e-17
0
0
0
0
0
0
0
0
0
0
0
0
0
0
0
0
0
0
0
0
0
0
0
0
0
0
0
0
0
0
0
0
0
0
0
0
0
-1.44476e-15
-8.94275e-16
0
0
0
0
0
0
0
0
0
0
0
0
1.06387e-16
0
0
0
0
0
0
0
0
0
0
0
0
0
0
0
0
0
0
0
0
0
0
0
2.39198e-17
2.22306e-30
0
0
0
0
0
0
0
0
0
0
0
0
-2.28705e-16
0
0
0
0
0
0
0
0
0
0
0
0
0
0
0
0
0
0
0
0
0
0
0
0
0
0
0
0
0
0
0
0
0
0
0
-2.76836e-09
-3.2552e-08
0
0
0
0
0
0
0
0
0
0
0
0
0
0
0
0
0
0
0
0
0
0
0
0
0
0
0
0
0
0
0
0
0
0
0
0
0
0
0
0
0
0
0
0
0
0
0
0
0
0
0
0
0
0
3.32445e-15
0
0
0
0
0
0
-2.60961e-16
0
0
0
0
0
0
0
0
0
0
0
0
0
0
0
0
0
0
0
0
0
0
0
0
0
0
0
0
5.33658e-15
2.50418e-16
0
0
0
0
0
0
0
0
0
0
0
0
0
0
0
0
0
0
0
-4.25451e-15
0
0
0
0
0
0
0
-8.9797e-16
-7.15888e-16
0
0
0
0
0
0
0
-1.93282e-14
0
-1.4614e-14
0
0
0
0
0
0
0
0
0
5.84092e-17
-1.12124e-12
0
0
-6.2093e-13
0
0
0
0
0
0
0
0
0
0
0
0
0
0
0
0
0
0
0
0
0
0
0
0
0
0
0
0
0
0
0
0
0
0
0
0
0
0
0
0
0
0
0
0
0
0
0
0
0
0
0
0
0
0
0
0
0
0
0
0
0
0
0
0
0
0
-1.55473e-15
0
0
0
0
0
0
0
0
0
0
0
0
0
0
0
0
0
0
0
0
0
0
0
0
0
0
0
0
0
0
0
0
0
0
0
0
0
0
0
0
0
0
0
0
0
0
0
0
0
0
0
0
0
0
0
0
0
2.84033e-16
0
-5.17898e-16
0
0
0
0
0
0
0
0
0
0
0
0
0
0
0
0
0
0
0
0
-3.55462e-16
3.0608e-15
0
0
0
0
0
0
0
0
0
0
0
0
0
0
0
0
0
0
0
0
0
-1.46355e-15
9.32015e-16
0
0
0
0
0
0
0
0
0
0
0
0
0
0
0
0
0
0
0
0
0
0
1.24145e-14
4.78069e-16
0
0
0
0
0
0
0
0
0
0
0
-5.16101e-16
0
0
0
0
0
0
0
0
0
0
0
0
0
0
0
0
0
0
0
0
0
0
0
0
0
0
0
0
0
0
0
-8.58742e-16
0
0
0
9.093e-17
0
0
0
0
0
0
0
0
0
0
0
0
0
0
0
-2.80913e-15
0
0
0
0
0
2.06334e-16
0
0
0
0
0
0
0
0
0
0
0
0
3.44943e-16
0
0
0
0
0
0
0
0
0
0
0
0
2.21268e-18
0
0
0
0
0
0
0
0
0
0
0
0
0
0
0
0
0
0
0
0
0
0
0
0
0
0
0
0
0
0
0
0
3.73424e-17
0
0
0
0
0
0
0
0
0
0
0
0
0
0
0
0
0
0
0
0
0
0
0
0
0
0
0
0
0
0
0
0
0
0
0
0
0
0
0
0
0
0
0
0
0
0
0
0
0
0
0
0
0
0
0
0
0
-1.78561e-13
0
0
0
0
0
0
0
0
0
0
0
0
0
0
0
-1.11807e-30
0
0
0
0
0
0
0
0
0
3.45813e-16
-1.71273e-16
0
0
0
0
0
0
0
0
0
0
0
0
0
0
0
0
0
0
0
0
0
0
0
0
0
0
8.52289e-16
0
0
0
0
8.89699e-17
0
0
0
0
0
-3.21082e-14
-9.78788e-14
0
-1.18286e-15
5.09368e-16
0
0
0
0
0
0
0
0
0
0
0
0
0
0
0
0
0
0
0
0
0
0
0
0
0
0
0
4.03034e-13
0
0
0
0
-6.99343e-13
0
-4.90347e-13
0
0
0
0
0
0
0
0
0
0
0
0
0
0
0
0
0
0
0
0
0
0
0
0
0
0
0
0
0
0
0
0
0
0
0
0
0
0
0
0
0
0
0
0
0
0
0
0
0
0
0
0
0
0
0
0
0
0
1.44186e-16
0
0
0
0
0
0
0
0
2.2296e-30
3.79422e-15
0
0
0
0
0
0
0
0
0
0
-8.82481e-16
0
0
0
0
0
0
0
0
0
0
0
0
0
0
0
0
0
0
0
1.70556e-16
0
0
0
0
0
0
0
0
0
0
5.62304e-31
0
3.35239e-16
0
-3.5723e-17
0
0
0
0
0
0
0
0
0
0
0
0
0
0
0
0
0
0
0
0
9.55671e-18
-9.38647e-16
0
0
0
0
0
0
-3.5569e-17
-3.42763e-17
0
0
0
0
0
0
0
0
0
0
0
0
0
0
0
0
0
0
0
0
0
0
0
0
0
0
0
0
0
0
0
0
0
0
0
0
0
0
0
0
0
0
0
0
0
0
0
0
0
0
0
0
1.68867e-15
0
0
0
0
0
0
0
-2.93771e-15
1.38427e-14
0
0
0
0
0
0
0
0
0
0
0
0
0
0
0
0
0
0
0
0
0
0
0
7.3706e-17
9.62349e-17
0
0
0
0
0
0
0
0
0
0
0
0
0
0
0
0
0
0
0
0
0
0
0
0
0
0
-9.53941e-18
-1.90738e-17
0
0
0
0
0
0
0
0
0
0
0
0
0
0
0
0
-1.59602e-15
0
1.15541e-16
0
-5.34944e-17
0
0
0
0
0
0
0
0
0
0
0
0
0
0
0
0
0
0
0
0
0
0
0
0
0
0
0
0
0
0
0
0
0
0
0
0
0
0
0
0
0
0
0
0
0
0
0
0
0
0
0
-6.14335e-16
1.01856e-16
0
0
0
0
0
0
0
0
0
0
0
0
0
0
0
0
0
0
0
0
-1.13147e-15
0
0
0
0
0
0
0
0
0
0
0
0
0
0
0
0
0
0
0
0
0
0
0
0
-2.41001e-15
0
0
0
0
0
0
0
0
0
0
0
0
0
0
0
0
0
0
0
0
0
0
0
0
0
0
0
0
0
0
0
4.39346e-19
0
0
0
0
0
0
0
0
0
0
0
0
0
0
0
0
0
0
0
0
0
0
0
0
0
0
0
0
0
0
-4.89133e-16
0
0
0
0
0
0
0
0
0
0
0
0
1.63445e-16
0
0
0
0
0
0
0
0
0
0
0
0
0
0
0
0
0
0
0
0
0
0
0
0
0
0
0
0
0
0
0
0
0
0
0
0
0
0
0
0
0
0
0
0
0
0
0
0
0
0
0
0
0
0
0
0
0
0
0
0
0
0
6.76244e-15
-5.04908e-16
0
0
1.44279e-16
1.43477e-16
0
0
0
-3.99438e-17
0
0
0
0
0
0
0
0
0
0
0
0
0
0
0
-4.65016e-15
1.34131e-15
3.523e-15
-2.57718e-15
0
0
0
0
0
0
0
0
-1.10024e-15
0
0
0
0
0
0
0
0
0
0
2.33986e-16
0
0
0
0
0
0
0
0
-8.65313e-17
0
0
0
0
0
0
0
0
0
0
0
0
0
0
0
0
0
0
0
0
0
0
0
0
0
0
0
0
0
0
0
0
0
0
0
0
0
0
0
0
0
0
0
0
0
0
0
0
0
0
0
0
0
0
0
0
0
0
0
0
0
0
0
0
0
0
0
0
0
0
0
0
0
0
0
0
0
0
0
0
0
-1.92027e-15
1.07754e-15
0
0
0
0
0
0
1.67838e-16
-4.38245e-16
0
0
0
0
0
0
0
0
0
0
0
0
0
0
0
0
0
0
0
0
9.52737e-17
0
0
0
0
0
0
0
0
3.56854e-15
0
0
0
0
0
0
0
0
-7.70416e-16
3.94324e-17
0
0
0
0
0
0
0
0
0
0
0
0
0
0
0
0
0
0
0
0
0
0
0
0
0
0
0
0
0
0
0
0
0
0
0
0
0
7.64604e-17
0
0
0
0
0
0
0
0
0
0
0
0
0
0
0
0
0
0
0
0
0
0
0
0
0
0
0
0
0
0
0
0
0
0
0
0
0
0
0
0
0
0
0
0
0
0
0
0
0
0
0
0
0
0
0
0
0
0
0
0
0
0
0
0
0
0
0
0
0
0
0
0
0
0
0
0
0
0
0
0
0
0
5.87105e-17
0
-5.22928e-19
2.97411e-16
0
1.40179e-16
0
0
0
0
-3.43057e-16
-6.48417e-18
0
0
0
0
0
0
-6.39813e-15
0
0
0
0
0
0
0
0
0
0
0
0
0
0
0
0
0
0
0
0
0
0
0
0
0
0
0
0
0
0
-1.15445e-15
0
0
0
0
0
0
0
0
0
0
0
0
0
0
0
0
0
0
0
0
0
0
0
0
0
1.44412e-17
0
0
0
0
0
0
0
0
0
0
0
0
0
0
0
0
0
0
0
0
0
0
0
0
0
0
0
0
0
0
0
0
0
0
0
0
0
0
0
0
0
0
0
0
0
0
0
0
0
0
0
0
0
0
0
0
0
0
0
0
0
0
0
0
0
0
0
0
0
0
-8.45896e-16
0
0
0
0
0
0
-3.61981e-18
7.58827e-18
0
0
0
0
0
0
0
0
0
0
0
0
0
0
0
0
0
0
0
0
0
0
0
0
0
0
0
0
0
0
0
0
0
0
0
0
0
0
0
0
0
0
1.63956e-15
0
0
0
0
0
0
0
0
0
-5.52093e-16
8.5453e-16
0
0
0
0
0
0
0
0
0
0
0
0
0
0
0
0
0
0
0
0
0
0
0
0
0
0
0
0
0
0
0
0
0
0
0
0
0
0
0
0
0
0
0
0
0
0
0
0
0
0
0
0
-2.66414e-17
0
0
0
0
0
0
1.78782e-15
0
0
0
0
0
0
0
0
0
0
0
0
0
0
0
0
0
0
0
0
0
3.48715e-32
0
0
0
0
0
0
0
0
0
0
0
0
0
0
0
0
0
0
0
0
0
0
0
0
0
0
0
0
0
0
0
0
0
0
0
0
0
0
0
0
0
0
0
0
0
3.12988e-15
0
0
0
0
0
0
0
0
0
0
0
0
0
0
0
0
0
0
0
0
0
0
0
0
0
0
0
0
0
0
0
0
-1.54732e-16
-7.27687e-16
0
0
4.78222e-15
1.72516e-16
5.4051e-15
-7.64383e-15
0
0
0
0
0
0
0
0
0
0
0
2.63533e-15
0
0
0
0
0
0
-6.71412e-18
0
0
0
0
0
0
0
0
0
3.04617e-15
0
0
0
0
0
0
0
0
0
0
0
0
0
0
0
0
0
0
0
0
0
0
0
0
0
0
0
0
0
0
0
0
0
0
0
0
0
0
0
0
0
0
0
0
0
0
0
0
0
0
0
0
0
0
0
0
0
0
0
0
0
0
0
1.20903e-16
0
2.81152e-31
0
0
0
0
0
0
0
0
0
0
0
0
0
0
0
0
0
0
0
0
0
0
0
0
0
0
0
0
0
0
0
0
0
0
0
0
0
0
0
0
0
0
0
0
0
0
0
0
0
0
0
0
0
0
0
0
0
0
0
0
0
0
0
0
0
0
0
0
0
0
0
0
0
0
0
0
0
0
0
0
0
0
0
0
0
0
0
0
0
0
0
0
0
0
0
0
0
0
0
0
0
0
0
0
0
0
0
0
0
0
0
0
0
0
0
0
0
0
0
0
0
0
0
0
0
0
0
0
0
0
0
0
0
0
0
0
0
0
0
0
0
0
0
0
0
0
0
0
0
0
0
-2.18545e-12
0
0
0
0
0
0
0
0
0
0
0
0
0
0
0
0
0
0
0
0
0
0
0
0
0
0
0
0
0
0
0
0
0
0
0
0
0
0
0
0
0
0
0
0
0
0
0
0
0
0
0
0
0
-7.74619e-17
0
0
0
0
0
0
0
0
0
0
0
0
0
0
0
0
0
0
0
0
0
0
0
0
0
0
0
0
0
0
0
0
0
0
0
0
0
0
0
0
0
0
0
0
0
0
0
0
0
0
0
0
0
0
0
0
0
0
0
-1.4238e-14
0
0
0
0
0
0
0
0
0
0
0
0
0
0
0
0
0
0
0
0
0
0
0
0
-5.75604e-16
0
0
0
0
0
0
0
0
0
8.96274e-17
-7.27368e-18
0
0
0
0
0
0
0
0
0
0
0
0
0
0
0
0
0
1.26407e-14
-1.99353e-15
0
0
0
0
0
0
0
0
0
0
0
0
0
0
0
0
0
0
0
0
0
0
0
0
0
0
0
6.56009e-15
0
-2.14349e-15
3.91285e-08
0
0
0
0
0
0
0
0
0
0
1.10446e-15
0
0
0
0
0
0
0
0
0
2.38111e-15
8.01635e-16
2.95538e-16
0
0
0
0
0
0
0
0
0
0
0
0
0
0
0
0
0
4.33908e-15
0
0
0
0
0
0
0
0
1.08803e-16
4.6003e-16
0
0
0
0
0
0
-2.60793e-12
-1.09902e-15
6.94419e-18
0
0
0
0
0
0
0
-1.86397e-15
0
0
0
0
0
0
0
0
0
0
0
0
0
0
0
0
0
0
0
0
0
0
0
0
0
0
0
0
0
0
0
0
0
0
0
0
0
0
0
0
0
0
0
-2.00108e-14
0
0
0
0
0
0
0
0
0
-4.55074e-30
0
0
0
0
0
0
0
0
0
0
0
0
0
-5.3984e-16
0
0
0
0
0
0
0
0
0
0
0
0
7.14646e-17
0
0
0
0
0
0
0
0
0
2.89766e-17
0
0
0
0
0
0
0
0
0
0
0
0
0
0
0
0
0
0
0
0
0
0
0
0
0
0
0
0
0
0
0
0
0
0
0
0
0
0
0
0
0
6.75812e-13
-1.76161e-12
0
0
9.6228e-16
0
-1.05586e-15
0
0
0
0
9.6697e-16
0
0
0
0
0
0
0
0
0
0
-7.12985e-18
0
0
0
0
0
0
0
0
0
0
0
0
0
0
0
0
0
0
0
2.78573e-16
-3.62695e-16
0
0
0
0
0
0
0
0
0
0
0
0
0
0
0
0
0
0
0
0
0
0
0
0
0
0
0
0
0
-1.43143e-15
0
0
0
0
0
0
0
0
0
0
0
0
0
0
0
0
0
0
0
0
0
0
0
0
0
0
0
0
0
-3.56407e-15
0
0
0
0
0
0
0
0
0
0
4.77395e-15
0
0
4.90484e-16
0
1.15403e-15
0
2.29194e-15
0
0
0
0
0
0
0
0
0
0
0
0
0
0
0
0
0
0
0
0
0
0
0
0
0
0
0
0
0
0
0
0
1.05166e-15
0
0
0
0
0
0
0
0
0
0
0
0
0
0
0
0
0
0
0
0
0
0
0
0
0
0
0
0
0
0
0
0
0
0
0
0
0
0
0
0
0
0
0
0
0
0
0
0
0
0
0
0
0
0
0
0
0
0
0
0
0
0
0
0
0
0
0
0
0
0
0
0
0
0
-2.09206e-15
-1.58445e-15
0
0
0
0
0
0
0
0
0
0
0
0
0
0
0
0
0
0
0
0
0
0
0
0
0
0
0
0
0
0
0
0
0
0
2.0248e-15
0
0
0
0
0
0
0
0
0
0
0
0
0
0
0
0
0
0
0
0
-1.03477e-14
1.952e-15
0
0
0
0
0
0
0
0
0
0
0
0
0
0
0
0
0
0
0
0
0
0
0
0
0
0
0
0
0
0
0
0
0
0
0
0
0
0
0
0
0
0
0
0
0
0
0
0
0
0
0
0
0
0
0
0
0
1.31685e-15
-6.74761e-16
0
0
0
0
0
0
0
0
0
0
0
0
0
0
0
0
0
0
0
0
0
0
0
0
0
0
0
0
0
0
0
0
0
0
0
0
0
0
0
0
0
0
0
0
0
0
0
0
0
0
0
0
0
0
0
1.65755e-15
0
-1.32474e-16
0
0
0
0
0
0
0
0
0
0
0
-8.68534e-16
0
0
0
0
0
0
0
0
0
0
0
0
0
-8.40745e-16
2.82613e-14
0
0
0
0
0
0
0
0
0
0
0
0
0
0
0
0
0
0
0
0
0
0
0
0
0
0
0
0
0
0
0
0
0
0
0
0
-7.05406e-13
0
1.66005e-15
0
0
0
-7.21284e-16
0
0
0
0
0
0
0
0
0
0
0
0
0
0
-6.20431e-15
0
0
0
0
0
0
0
0
0
0
-1.37559e-12
0
0
0
0
0
0
0
-7.02795e-17
-2.00252e-16
-6.5549e-15
0
0
0
0
0
0
0
0
0
0
0
0
0
0
0
0
0
0
0
0
0
0
0
0
0
0
0
0
0
0
0
0
0
0
0
0
0
0
0
0
0
0
0
0
0
0
0
0
0
0
0
0
0
0
0
0
0
0
0
0
0
0
0
0
0
0
0
0
0
0
0
0
0
0
0
0
0
0
0
0
0
0
0
0
0
0
0
0
0
0
0
1.0734e-16
1.84117e-16
0
0
0
0
0
0
0
0
0
0
0
0
0
0
0
0
0
0
0
0
0
1.6672e-15
0
0
0
0
0
0
0
0
0
-7.57159e-16
8.68155e-16
0
0
0
0
0
0
0
0
0
0
0
0
0
0
0
0
0
0
0
0
0
-2.17264e-12
-5.50931e-13
0
0
0
0
0
0
0
0
0
0
0
0
0
0
0
0
0
0
0
0
0
0
0
0
0
0
0
0
0
0
0
0
0
0
0
0
0
0
0
0
0
0
0
0
0
0
0
0
0
0
0
0
0
0
0
0
0
0
0
0
0
0
0
0
0
0
0
0
0
0
0
0
0
0
0
0
0
9.75123e-17
0
0
0
0
0
0
0
0
0
0
0
0
0
0
0
0
0
0
0
0
0
0
0
-7.22347e-16
2.60355e-16
0
0
0
0
0
0
0
0
0
0
0
0
3.92364e-14
0
4.41901e-15
-2.02174e-15
-1.17673e-14
0
0
0
0
0
0
0
0
0
0
0
0
0
0
0
0
0
0
0
0
0
0
0
0
0
0
0
-2.74901e-16
1.63755e-17
0
2.62083e-16
4.66151e-16
0
7.30751e-16
0
0
0
0
0
0
0
0
0
0
0
0
0
0
0
3.66391e-16
0
0
0
0
0
0
0
0
0
0
0
0
0
0
0
0
0
0
0
0
0
0
0
0
0
0
0
0
0
0
0
0
0
0
0
0
0
3.54254e-14
0
0
0
0
0
0
0
0
0
0
0
0
0
0
0
0
0
0
0
0
0
0
-4.80834e-17
0
0
0
0
0
0
0
0
0
0
0
0
0
0
0
0
0
0
0
0
0
0
0
0
0
0
0
0
0
0
0
0
0
0
0
0
0
0
0
0
0
0
0
0
0
9.09823e-17
0
0
0
0
0
-7.16031e-16
0
0
0
0
0
0
0
0
0
0
0
-2.52443e-16
0
0
0
0
0
0
0
0
0
0
0
0
0
0
0
0
0
0
0
0
0
0
0
0
0
0
0
0
5.98645e-16
0
0
0
0
0
0
0
0
0
0
0
0
0
0
0
0
0
0
0
0
0
0
0
0
0
0
0
0
0
0
0
0
0
0
0
0
0
0
0
0
0
0
0
0
0
0
0
0
0
0
0
0
0
0
0
0
0
0
0
0
0
0
0
0
0
-3.92332e-16
3.21574e-16
0
0
0
0
0
0
0
0
0
0
0
0
9.63461e-17
0
0
0
0
0
0
0
0
0
0
0
0
0
0
0
0
0
0
0
0
0
0
0
0
0
0
0
0
0
0
0
0
0
0
0
0
0
0
0
0
0
0
5.4411e-17
4.97567e-17
0
0
0
0
0
0
0
0
0
0
0
0
0
0
-1.70443e-16
2.48498e-17
0
0
0
0
0
0
0
0
0
0
0
1.92771e-16
5.83839e-16
0
0
0
0
0
0
0
0
0
0
0
0
0
0
0
0
0
0
0
0
0
0
0
0
0
0
0
0
0
0
0
0
0
0
0
0
0
0
0
0
0
0
-1.64146e-15
0
0
0
0
0
0
0
0
0
0
0
0
0
0
0
0
0
0
0
0
0
0
0
0
0
0
0
0
0
0
0
0
0
0
0
-1.06241e-17
9.95175e-18
0
0
0
0
9.81223e-17
2.54535e-16
0
0
0
0
0
0
0
0
0
0
0
0
0
0
0
0
0
0
0
-3.43362e-13
0
0
0
0
0
1.62527e-17
6.06858e-17
0
0
0
0
0
0
0
0
0
0
0
0
0
0
0
1.13282e-14
0
0
0
0
0
0
0
0
5.21754e-16
-7.74928e-16
0
0
0
0
0
0
0
0
0
0
0
0
0
0
0
0
0
0
0
0
0
0
0
4.16204e-17
0
-1.37429e-16
0
0
0
0
0
0
0
0
0
0
0
0
0
-9.25434e-15
0
0
0
0
0
0
0
0
0
0
0
0
0
0
0
0
0
0
1.2753e-16
1.591e-17
0
0
0
0
0
0
0
0
0
0
0
0
0
0
0
0
0
0
0
0
0
0
1.80297e-17
9.16338e-17
0
0
0
0
0
0
0
0
0
5.00173e-18
-2.22247e-18
0
0
0
0
-2.19028e-15
-4.11941e-15
5.66766e-17
0
0
5.52496e-31
0
0
0
0
0
0
0
0
0
0
0
0
0
0
0
0
0
0
0
0
0
0
0
0
0
0
0
0
0
0
0
0
0
0
0
0
0
0
0
0
0
0
0
0
0
0
0
0
0
0
0
0
0
0
0
0
0
0
0
0
0
0
0
0
0
0
0
0
0
0
0
0
0
0
0
-5.95375e-17
0
-4.78065e-16
0
4.56716e-16
0
0
0
0
0
0
0
0
0
-8.87893e-18
0
0
0
0
0
0
0
0
0
0
0
0
0
0
0
0
0
0
0
0
-4.74133e-16
0
0
0
0
0
0
0
0
0
0
0
0
0
0
0
0
0
0
0
0
0
0
0
0
0
0
0
0
0
0
0
0
0
0
0
0
0
0
0
0
0
0
0
0
0
0
0
0
0
0
0
0
0
0
0
0
0
-3.84502e-16
0
0
0
0
0
0
0
0
0
0
0
0
0
0
0
0
0
0
0
0
0
0
0
0
0
0
0
0
0
0
0
0
0
0
0
0
0
0
0
0
0
0
0
0
0
0
0
0
0
0
0
0
0
0
0
0
0
0
0
0
0
0
0
0
0
0
0
0
0
0
0
0
0
0
0
0
0
0
0
0
0
0
0
0
0
0
0
0
0
0
0
0
0
0
0
0
0
0
0
0
0
0
0
-8.11662e-16
0
0
0
0
0
0
0
0
0
0
0
0
0
0
0
0
0
0
0
0
0
0
0
0
0
0
0
0
0
0
0
0
0
0
0
0
0
0
0
0
0
0
0
0
0
0
0
0
0
0
0
0
0
0
0
0
0
3.70898e-15
0
9.44038e-16
0
0
0
0
0
0
0
0
0
0
0
0
0
0
0
0
0
0
0
0
0
0
0
0
0
0
0
0
0
0
0
0
0
0
0
0
0
0
0
0
0
0
0
0
0
0
0
0
0
0
0
0
0
0
0
0
0
0
0
0
0
0
0
0
0
0
0
0
0
0
0
0
0
0
0
0
0
0
0
0
0
0
0
0
0
0
0
0
7.17158e-16
1.76891e-16
0
0
0
0
0
0
-1.26109e-16
0
0
0
0
0
0
0
0
0
0
0
0
0
0
0
0
0
0
0
0
0
0
0
0
0
0
0
0
0
0
0
0
0
0
-1.87699e-16
0
8.30411e-16
0
0
0
0
0
0
0
0
0
0
0
0
0
0
0
0
0
0
0
0
0
0
0
0
0
0
0
0
0
0
0
0
0
0
0
0
0
0
0
0
0
0
0
0
0
0
0
0
0
0
0
0
0
0
0
0
0
0
0
0
-1.61794e-16
0
0
0
2.66719e-16
0
0
0
0
0
0
0
0
0
0
0
0
0
0
0
0
0
0
0
0
0
0
0
0
-1.87312e-14
0
0
0
0
0
0
0
0
0
0
0
0
0
0
0
0
0
0
0
0
0
0
0
0
0
0
0
0
0
0
0
0
0
0
0
0
0
0
0
0
0
0
-5.57614e-18
-1.61091e-16
0
0
0
0
0
0
0
0
0
0
0
0
0
0
0
0
0
0
0
0
0
0
0
0
0
0
0
0
0
0
0
0
0
0
0
0
0
0
0
0
0
0
0
0
0
0
0
0
0
0
0
0
0
0
0
0
0
0
0
0
0
0
0
0
0
0
0
0
0
0
0
0
0
0
0
0
0
0
0
0
0
0
0
0
0
0
0
0
0
0
0
0
0
0
0
0
0
0
0
0
0
0
0
0
0
0
0
0
0
0
0
0
0
0
0
0
0
0
0
0
0
0
0
0
0
0
0
0
0
0
0
0
0
0
0
0
0
0
0
0
0
0
0
0
0
0
0
0
0
0
-5.23131e-16
0
0
0
2.53657e-17
-1.03831e-16
0
0
0
0
0
0
-1.62607e-17
-6.65672e-17
0
0
5.01815e-16
1.08189e-15
0
0
0
0
0
0
0
0
0
0
0
0
0
0
0
9.47165e-17
0
0
0
0
0
0
0
0
0
0
0
0
0
0
0
0
0
0
-5.83395e-16
0
0
0
0
0
0
0
0
0
0
0
0
0
0
0
0
0
0
2.65409e-17
0
2.4223e-18
0
0
0
0
-8.5557e-14
0
0
0
0
0
0
0
0
0
0
0
0
0
0
0
0
-8.75876e-15
-3.2339e-15
0
0
0
0
0
0
0
0
0
0
0
0
0
0
0
0
0
0
0
0
0
0
0
0
0
5.95328e-17
0
5.91534e-18
0
0
0
0
0
0
0
0
0
0
0
0
0
0
0
0
0
0
0
0
0
0
0
0
0
0
0
0
0
0
0
0
0
0
0
0
0
0
0
0
0
0
0
0
0
0
0
0
0
0
0
0
0
0
0
0
0
0
0
0
0
0
0
0
-5.21558e-16
-1.39752e-15
0
0
0
0
0
0
0
0
0
0
0
0
0
0
0
0
0
0
0
0
0
7.96905e-16
0
0
0
0
0
0
0
0
0
0
0
0
0
0
0
0
-4.44089e-12
0
0
0
0
0
0
0
0
0
0
0
0
0
0
0
0
0
0
0
0
0
0
3.49535e-16
0
0
0
0
0
0
0
0
0
0
0
0
0
0
0
0
0
0
0
0
0
0
0
0
0
0
0
0
0
0
-2.11158e-15
-2.98853e-16
0
0
0
0
0
0
0
0
0
0
0
0
0
5.77777e-16
-1.89392e-17
0
0
0
0
0
0
0
0
0
0
0
0
0
0
0
0
0
0
0
0
0
0
0
0
0
0
0
0
0
-1.56857e-17
-4.72442e-17
9.35152e-20
0
7.87898e-18
-3.31247e-17
0
0
0
0
0
0
0
0
0
3.26276e-17
0
1.21244e-15
0
0
0
0
0
0
0
0
0
0
0
0
0
0
0
0
0
0
0
0
0
0
0
0
0
0
0
0
0
0
0
0
0
0
0
0
0
0
0
0
0
0
0
0
0
0
0
0
0
0
0
0
0
0
0
0
0
0
0
0
0
0
0
0
0
0
0
0
0
0
0
0
0
0
0
0
0
5.08282e-15
0
0
0
0
0
0
0
0
0
0
0
0
0
0
0
0
0
0
0
0
0
0
0
0
0
0
0
0
0
0
0
0
0
0
0
0
5.52388e-16
0
0
0
0
0
0
0
0
0
0
0
0
0
0
0
0
0
0
0
0
0
0
0
0
0
0
0
0
0
0
0
0
0
0
0
0
0
0
0
0
0
0
0
0
0
0
0
0
0
0
0
0
0
0
0
0
0
0
0
0
0
0
0
0
0
0
0
0
0
0
0
0
0
0
0
0
0
0
0
0
0
0
0
0
0
0
0
0
0
0
0
0
0
-3.28926e-15
0
0
0
0
0
0
0
0
0
0
0
0
0
0
0
0
0
0
0
0
0
0
0
0
0
0
-2.85016e-14
0
0
0
0
0
0
0
-3.08845e-15
0
0
0
0
0
0
0
0
0
0
0
0
0
0
0
0
0
0
0
0
0
0
0
0
0
0
0
0
0
0
0
0
0
0
0
0
0
0
0
0
0
0
0
0
0
0
0
0
4.45193e-16
-5.62304e-31
0
0
1.04453e-17
0
0
0
0
0
0
-2.33016e-16
0
0
0
0
0
0
0
0
0
0
0
0
0
0
0
0
0
0
0
0
0
0
0
0
4.00161e-14
0
0
0
0
0
0
0
0
0
0
0
0
0
0
0
0
0
0
0
0
0
0
0
0
0
0
0
0
0
0
0
0
0
0
0
0
0
0
0
0
0
0
0
0
0
0
0
0
0
0
0
0
0
0
0
0
0
0
0
0
0
0
0
0
0
0
0
0
0
0
0
0
0
0
0
0
0
0
0
0
0
0
0
0
0
0
0
0
0
0
0
1.60186e-15
0
0
0
0
0
0
0
0
0
0
0
0
0
0
0
0
0
0
0
0
0
0
0
0
0
0
0
0
0
0
0
0
0
0
0
0
0
0
0
0
0
0
0
0
0
0
0
0
0
0
0
0
0
0
0
0
0
0
0
0
0
0
0
0
0
0
0
0
0
0
0
0
0
0
0
0
0
0
0
0
0
0
0
0
0
0
0
0
-1.39307e-12
0
0
0
0
0
0
0
0
0
0
0
0
0
0
0
0
0
0
0
0
0
0
0
0
0
0
0
0
0
0
0
9.01533e-15
0
0
0
0
0
0
0
0
0
0
0
0
0
0
0
0
0
0
0
0
0
0
0
0
0
0
0
0
0
0
5.02284e-15
0
0
0
0
0
0
0
0
0
0
0
0
0
0
0
0
0
0
0
0
0
0
0
0
0
0
0
0
0
0
0
0
0
0
0
0
0
0
0
0
0
0
0
0
0
0
0
0
0
0
0
0
0
-6.52714e-16
-6.87515e-16
0
0
0
0
0
0
0
0
0
0
0
0
0
-3.73342e-14
0
0
0
0
0
0
0
0
0
0
0
0
0
0
1.35069e-17
0
0
0
0
0
0
0
0
0
0
0
0
0
0
0
0
0
0
0
0
0
0
0
0
0
0
0
0
0
0
0
0
0
0
0
0
-9.20471e-16
0
0
0
0
0
0
0
0
0
0
0
0
0
0
0
8.37837e-16
0
0
0
0
0
0
0
0
0
0
0
0
0
0
0
0
0
0
0
0
0
0
0
0
0
0
0
0
0
0
0
0
0
0
0
0
0
0
0
0
0
0
0
0
0
0
0
1.32384e-14
-2.97061e-15
0
0
0
0
0
0
0
0
0
0
-2.07297e-17
0
0
0
0
0
0
0
0
0
0
0
0
0
0
0
0
0
0
0
0
0
0
0
0
0
0
0
0
0
0
0
0
0
0
0
0
0
0
0
0
0
0
0
0
0
0
0
0
0
0
0
0
0
-1.6147e-16
-6.37313e-16
0
0
0
0
0
0
0
0
0
0
0
0
0
5.60705e-16
0
0
0
0
0
0
0
0
0
0
0
0
0
0
0
0
0
0
0
0
0
0
0
0
0
0
0
0
0
0
0
0
0
0
0
0
0
0
0
0
0
0
0
0
0
0
0
0
0
0
0
0
0
0
0
0
0
0
0
0
0
0
0
0
2.43482e-16
0
0
0
0
0
0
0
0
0
0
0
0
0
0
0
0
0
0
0
0
0
0
0
0
0
0
0
0
0
0
0
0
0
0
0
0
0
0
0
0
0
0
1.41714e-15
0
0
0
0
0
0
0
-2.98919e-16
0
0
0
0
0
0
0
0
0
0
0
0
0
0
0
0
0
0
0
0
0
0
0
0
0
0
0
0
0
0
0
0
0
0
0
0
0
0
0
0
0
0
0
0
0
0
0
0
0
0
0
0
0
0
0
0
0
0
0
0
0
0
0
0
0
0
0
0
0
0
0
0
0
0
4.43793e-15
0
0
0
0
0
0
0
0
0
0
0
0
0
9.61635e-15
-2.92177e-15
0
0
0
0
0
0
3.72823e-15
-1.17724e-15
-9.35176e-17
0
0
0
0
0
0
0
0
0
0
0
0
0
0
0
-1.44031e-15
0
0
0
0
0
0
0
0
0
0
0
0
0
0
0
0
0
0
0
0
0
0
0
0
0
0
0
0
0
0
0
0
0
0
0
0
0
0
0
0
0
0
0
0
0
0
0
0
0
0
0
0
0
0
0
0
0
1.33886e-13
-3.96093e-12
0
0
0
0
0
-2.70321e-16
0
0
0
0
0
0
0
1.62277e-16
-1.32569e-16
0
0
0
0
0
0
0
0
0
0
0
0
0
0
0
0
0
-1.06445e-15
0
0
0
0
0
0
0
0
0
0
0
0
0
0
0
0
0
0
0
0
0
0
0
0
0
0
0
0
0
0
0
0
0
0
0
0
0
0
0
0
0
0
0
0
0
0
0
0
0
0
0
0
0
0
0
0
0
0
0
0
0
0
0
0
0
0
0
0
0
0
0
0
0
-4.64681e-16
0
0
0
0
0
0
0
0
0
0
2.74045e-16
0
0
0
-3.58379e-16
0
0
-4.84907e-16
0
0
0
0
0
0
0
0
0
0
0
0
0
0
0
5.5628e-16
0
0
0
0
0
0
-1.30923e-15
0
0
0
0
0
0
0
0
0
0
0
0
0
0
0
0
0
0
0
0
0
0
0
0
-1.36839e-16
0
0
0
0
0
0
0
0
0
0
-1.36546e-16
0
0
0
0
0
0
0
0
0
0
0
0
0
0
0
0
0
0
0
0
-5.39659e-13
0
0
0
0
0
1.40184e-16
0
0
0
0
0
0
0
0
0
0
0
0
0
0
0
0
0
0
0
0
0
0
0
0
1.57032e-16
0
0
0
1.88072e-15
0
0
0
0
0
0
0
0
0
0
0
0
0
0
0
0
0
0
0
0
0
0
0
0
0
0
0
0
0
0
0
0
0
0
0
0
0
0
2.14365e-15
0
0
0
0
0
0
0
0
0
0
0
0
0
0
0
0
0
0
0
0
0
0
0
0
0
0
0
0
0
0
0
0
0
0
0
0
0
0
0
5.01001e-16
0
0
0
0
0
0
2.32952e-14
0
0
0
0
0
0
0
0
0
0
0
0
0
0
0
0
0
3.13447e-16
0
0
1.68049e-17
-3.65382e-15
0
0
0
0
0
-5.82071e-16
8.00405e-15
0
0
0
0
0
0
0
0
5.95824e-18
0
0
0
0
0
0
0
0
0
-1.58771e-16
0
0
0
-3.17314e-16
0
0
0
2.02724e-18
-1.92269e-19
0
0
0
6.78907e-14
0
0
0
0
0
0
0
0
2.24921e-30
6.24877e-16
0
6.76915e-16
0
0
0
0
0
0
0
0
0
0
0
0
0
0
0
0
-9.86018e-16
0
0
0
0
0
0
0
0
0
0
0
0
0
0
0
0
0
0
0
0
0
0
0
0
0
0
0
0
0
0
0
0
0
0
0
0
0
0
0
0
0
0
0
0
0
0
0
0
0
0
0
0
0
0
0
0
0
0
0
0
0
0
0
0
0
0
0
1.27983e-15
0
0
0
0
0
0
0
0
0
0
0
0
0
0
0
0
0
0
0
0
0
0
0
0
0
0
0
0
0
0
0
0
0
0
0
0
9.7073e-14
-1.78503e-12
0
0
0
0
0
0
0
0
0
0
2.69447e-15
0
0
0
0
0
0
0
0
0
0
0
0
0
9.02619e-15
0
0
0
0
0
0
0
0
0
0
0
0
0
0
0
0
0
0
0
3.81546e-17
0
0
0
0
0
0
0
0
0
0
0
0
0
0
0
0
0
0
0
0
0
0
0
0
0
0
0
0
0
0
0
0
0
0
0
0
0
0
0
0
0
0
0
0
0
0
0
-7.85752e-16
0
0
0
0
0
0
0
0
0
0
0
0
0
0
0
0
0
0
0
0
0
0
0
0
0
0
0
0
0
0
0
0
0
0
0
0
0
0
0
0
0
0
0
0
0
0
0
0
0
0
0
0
0
0
0
0
0
0
0
0
0
0
0
0
0
0
0
0
0
0
0
0
0
0
0
0
0
0
0
0
0
0
0
0
0
0
0
0
0
0
0
0
0
0
0
0
0
0
0
0
0
0
0
0
0
0
0
0
0
0
0
0
0
0
0
0
0
0
-2.28604e-12
0
0
0
0
-7.86066e-15
0
-3.81017e-15
0
0
0
0
0
0
-2.69918e-15
0
0
0
0
0
0
0
0
0
0
0
0
0
0
0
0
-8.54253e-16
0
0
0
0
0
0
0
0
0
0
0
0
0
0
0
0
0
0
0
0
0
0
0
0
0
0
0
0
0
0
0
0
0
0
-2.07935e-12
0
0
0
4.28719e-16
0
0
0
0
0
9.63315e-16
0
0
0
0
0
0
0
0
0
0
0
0
0
0
0
0
0
0
2.73903e-14
-2.07669e-14
0
0
0
-1.54022e-19
0
0
0
0
0
3.22461e-15
0
0
0
0
0
0
0
0
0
0
0
0
0
0
0
0
0
0
0
0
0
0
0
0
0
0
0
0
0
0
0
0
1.04872e-15
4.33188e-16
0
0
0
0
0
0
0
0
0
0
0
8.0004e-17
0
0
0
0
0
0
0
0
0
0
0
0
0
0
0
0
0
0
0
0
0
0
0
1.19363e-17
0
0
0
0
0
0
0
0
0
0
0
0
0
0
0
0
0
0
0
-1.56979e-12
2.81686e-13
0
0
0
0
0
0
0
0
0
0
0
0
0
0
0
0
0
0
0
0
0
0
0
0
0
0
-5.00326e-16
0
0
0
0
0
0
0
0
0
0
0
0
0
0
0
0
0
0
0
0
6.04253e-14
0
0
0
0
0
0
0
0
0
0
0
0
0
0
0
0
0
0
0
0
0
0
0
0
0
0
0
0
0
0
0
0
0
0
0
-2.06956e-15
1.97797e-15
0
0
0
0
0
0
0
0
0
0
0
0
0
0
0
0
0
0
0
0
0
0
0
0
0
0
0
0
0
0
0
0
0
0
0
0
0
0
0
4.17132e-16
0
0
0
0
0
0
0
2.95919e-19
0
0
0
0
0
0
0
0
0
0
0
0
0
1.48682e-20
0
0
0
0
0
0
0
0
0
0
4.14402e-16
0
0
0
0
0
0
0
0
0
0
0
0
0
0
0
0
0
0
0
0
0
0
0
0
0
0
0
0
0
0
0
0
0
0
0
0
0
0
0
0
0
0
0
0
0
0
0
0
0
0
0
0
0
0
0
0
0
0
0
0
0
0
0
0
0
0
0
0
0
0
0
0
0
0
0
0
0
0
0
0
0
0
0
8.24049e-16
0
-3.72156e-16
0
0
0
0
0
-2.58869e-12
0
0
0
0
0
0
0
0
0
0
0
0
0
0
0
0
0
0
0
0
0
-2.64903e-12
8.53086e-15
0
0
-6.43125e-18
1.62372e-17
0
0
0
0
0
0
0
0
0
0
0
0
0
0
0
0
0
0
0
0
0
0
0
0
0
0
0
0
0
0
0
0
0
0
0
0
0
0
0
0
0
0
0
0
0
0
0
0
0
0
0
0
0
0
0
0
0
0
0
0
0
0
0
0
0
0
0
0
0
0
0
0
0
0
0
0
0
0
7.41089e-16
0
0
0
0
0
0
0
0
0
0
0
0
0
0
0
0
0
0
0
0
0
0
0
0
0
0
0
0
0
0
0
0
0
0
0
0
0
0
0
0
0
0
0
0
0
0
0
0
0
0
0
0
-4.63321e-15
0
-8.78563e-12
0
0
0
0
0
0
-2.93784e-14
0
0
0
0
0
0
0
0
0
0
0
0
0
0
0
0
0
0
0
0
0
0
0
0
0
0
0
0
0
0
0
0
0
0
0
0
0
0
0
0
7.5814e-16
0
0
0
0
0
0
0
-4.41086e-13
-5.96319e-13
0
0
0
0
0
0
0
0
0
0
0
0
0
0
0
2.69258e-15
0
0
0
0
0
0
0
0
0
0
0
0
0
0
0
0
0
0
0
0
0
0
0
0
0
0
0
0
0
0
0
0
0
0
0
0
0
0
0
0
0
0
0
0
0
0
0
0
0
0
0
0
0
0
0
0
0
0
0
0
0
0
0
0
0
0
0
0
0
0
0
0
0
0
0
0
0
0
0
0
0
0
0
0
0
0
0
0
0
0
0
0
0
0
0
0
0
0
0
0
0
0
0
0
0
0
-5.29741e-16
0
0
0
0
0
0
0
0
0
0
0
0
0
0
0
0
0
0
0
0
0
0
0
0
0
0
0
0
0
0
0
0
0
0
0
0
0
0
0
0
0
0
0
0
0
0
0
0
0
0
0
0
0
0
0
0
0
0
0
0
0
0
0
0
0
0
0
0
0
0
0
0
0
0
0
0
-2.56589e-16
7.70075e-16
-1.90316e-12
3.17283e-13
0
0
0
0
0
0
0
0
0
0
0
0
0
0
0
0
0
0
0
0
8.6001e-08
4.89006e-08
1.03423e-07
4.19659e-08
-3.12422e-08
4.71476e-09
1.84937e-09
1.29923e-09
3.79263e-08
-4.18061e-09
3.27514e-08
5.8896e-08
1.85738e-08
2.72084e-08
8.74021e-08
3.89137e-08
7.51757e-08
5.9614e-08
4.74014e-09
4.30075e-08
1.06327e-07
5.82768e-08
1.04438e-07
4.94948e-08
6.41653e-08
2.17926e-08
9.48084e-09
-8.54536e-09
2.86393e-08
5.88557e-08
9.97951e-09
2.30106e-08
-1.35436e-08
1.91057e-08
-1.80591e-08
-2.09469e-08
1.34163e-08
-2.78773e-08
9.77091e-09
-7.65923e-09
-3.81185e-08
-1.29219e-08
-4.3484e-08
-4.71395e-08
-1.77643e-08
-3.63596e-08
-3.94578e-08
-5.74777e-08
-3.17085e-08
-6.2889e-08
-7.28703e-08
-3.0123e-08
0
0
0
0
0
0
0
0
0
0
0
0
0
0
0
0
0
0
0
0
0
0
0
0
0
0
0
0
0
0
0
0
0
0
0
0
0
0
0
0
0
0
0
0
0
0
0
0
0
0
0
0
0
0
0
0
0
0
0
0
0
0
0
0
0
0
0
0
0
0
0
0
0
0
4.16325e-09
-2.86384e-08
0
0
-2.82512e-08
-5.37171e-08
-3.84654e-08
-9.43311e-09
-1.6971e-08
-4.58055e-08
-4.44496e-08
-1.40812e-08
0
0
0
0
0
0
-3.72524e-08
-6.37669e-08
-4.83332e-08
-1.8652e-08
-7.50172e-09
-3.62125e-08
-3.25031e-08
-6.98523e-09
-3.45591e-08
6.02997e-09
0
0
8.39682e-09
-2.46132e-08
1.39073e-08
-1.93094e-08
-1.83657e-08
1.7208e-08
0
0
-1.13755e-08
-4.29154e-08
0
0
3.14479e-08
-9.25936e-09
-1.37348e-08
2.10809e-08
1.95707e-08
-1.64786e-08
0
0
0
0
0
0
0
0
0
-2.12735e-08
1.17355e-08
0
0
4.03853e-08
9.5569e-10
0
0
0
2.41775e-08
-1.25856e-08
0
0
0
0
0
0
0
0
0
0
0
0
3.45853e-08
-3.86888e-09
0
4.3932e-08
5.91826e-09
0
0
0
0
0
0
0
0
0
0
0
0
0
0
0
0
0
0
4.96493e-08
1.08285e-08
0
0
0
3.93606e-09
-2.65308e-08
0
-3.04909e-08
-4.94053e-08
0
0
0
-4.01028e-08
-9.92303e-09
-1.55764e-08
-4.50767e-08
0
-5.62806e-08
-1.47261e-08
0
0
0
0
0
0
0
0
0
0
0
0
0
0
1.79432e-08
5.74021e-08
0
0
0
0
0
0
0
0
-3.03126e-08
0
2.22301e-16
-3.60968e-08
-6.28078e-08
0
0
0
0
-9.19626e-09
-3.27098e-08
0
0
0
1.82597e-08
6.55316e-08
6.12612e-08
1.83282e-08
0
0
-3.42856e-08
3.53335e-09
0
0
0
0
0
0
0
0
0
0
0
0
0
-5.95206e-08
-5.03015e-08
0
0
0
0
8.57112e-09
-2.27042e-08
1.53994e-08
-1.86785e-08
0
0
0
0
0
0
0
0
0
0
3.27234e-08
-8.48546e-09
0
0
0
-1.48685e-08
2.00888e-08
0
0
0
0
0
1.0696e-08
5.6104e-08
0
0
0
0
8.10916e-08
6.68022e-09
0
1.44992e-17
0
0
0
0
0
0
0
4.15437e-08
1.92221e-09
0
0
2.53761e-08
-1.16594e-08
0
0
0
0
0
0
0
0
0
0
0
0
0
0
0
0
0
0
0
0
0
0
0
0
0
0
0
0
0
0
0
0
0
0
0
1.27701e-08
5.19619e-08
0
0
0
0
0
0
0
0
0
0
0
0
0
0
0
0
0
0
0
0
0
3.57384e-08
-2.89698e-09
0
4.61719e-08
0
0
0
0
0
0
0
0
0
0
0
0
0
0
0
0
0
0
0
0
0
0
0
0
0
0
0
0
0
0
0
0
0
0
0
0
5.12914e-08
1.13016e-08
0
0
1.49728e-16
0
0
0
0
0
0
0
0
0
0
0
0
0
0
0
0
0
0
0
-8.10215e-16
3.65245e-08
8.76567e-08
1.58046e-08
5.74047e-08
0
0
0
0
0
0
0
0
0
0
0
0
0
0
0
0
0
0
0
0
0
0
0
0
0
0
1.68922e-08
6.47877e-08
0
0
0
0
0
0
0
0
0
0
0
0
0
0
0
0
0
0
0
0
0
0
0
0
0
0
0
0
0
0
0
0
0
0
0
0
0
4.24061e-08
9.02957e-08
8.79214e-08
4.05411e-08
0
0
0
0
0
0
0
0
0
-1.15665e-16
0
0
0
0
0
0
0
0
0
0
0
0
0
0
0
6.27452e-16
-1.65721e-15
0
0
0
0
0
0
0
0
0
0
0
0
0
0
0
0
0
0
0
0
0
-3.23759e-16
1.13616e-15
0
0
0
0
0
0
0
0
0
6.36046e-08
0
0
0
0
0
0
0
7.75672e-08
5.96286e-08
0
0
0
0
0
0
0
0
0
0
0
0
0
0
0
0
0
0
0
0
0
0
-2.23614e-30
0
0
0
0
0
0
0
0
0
0
0
0
0
0
0
0
0
-2.83596e-15
0
0
0
0
0
0
0
0
0
0
0
0
0
0
1.89647e-08
0
0
0
0
0
0
0
0
0
-1.90514e-16
0
0
0
0
0
0
0
0
0
0
0
0
0
0
0
0
0
0
0
0
0
0
0
0
0
0
0
0
0
0
0
0
0
0
0
0
0
0
0
0
0
0
0
0
0
0
0
0
5.40192e-08
9.78539e-08
0
0
0
0
0
0
0
0
0
0
0
0
0
0
0
0
0
0
0
0
0
0
0
0
0
0
0
0
0
0
2.69362e-08
0
0
0
0
0
0
0
0
0
0
0
0
0
0
0
0
0
0
0
0
0
1.37906e-16
0
1.1227e-14
0
0
0
0
0
0
0
0
0
0
0
2.35985e-15
0
0
0
0
0
0
0
0
0
0
0
0
0
0
0
0
0
1.10646e-07
4.53536e-08
0
0
0
0
0
0
0
0
0
0
0
0
0
0
0
0
0
0
0
0
0
0
0
0
0
0
0
0
0
0
0
0
0
0
0
0
0
0
0
0
0
0
0
0
0
0
0
0
0
0
0
0
0
-2.79802e-15
5.62551e-16
0
0
0
0
0
0
0
0
0
0
0
0
0
0
0
-1.06444e-08
-4.15108e-08
3.58887e-08
8.61555e-08
0
0
0
0
8.36871e-15
0
0
0
0
0
0
0
0
0
0
0
0
0
0
0
0
5.40697e-08
1.08366e-07
0
0
0
0
0
0
0
0
0
0
0
0
0
0
0
0
0
0
0
0
0
0
0
0
0
0
0
0
0
0
0
0
0
0
0
0
0
0
0
0
0
0
0
0
0
0
0
0
0
0
0
0
0
0
0
0
0
0
0
0
0
0
0
0
0
0
0
0
0
0
0
0
0
0
0
0
0
0
0
0
0
0
0
0
0
0
0
0
0
0
0
0
0
0
0
0
0
0
0
0
0
0
0
0
0
0
0
0
0
0
0
0
0
0
0
0
0
0
0
0
0
0
0
0
0
0
0
0
0
0
0
0
0
0
0
0
0
0
0
0
3.74482e-15
0
0
0
0
0
0
0
0
0
-4.62012e-16
0
0
0
0
0
0
0
0
0
0
0
0
0
0
0
0
0
0
0
0
0
0
0
0
0
0
0
0
0
0
0
0
0
4.35399e-16
0
3.7524e-08
9.30199e-08
4.84444e-16
0
0
0
0
0
0
0
0
0
-1.6513e-15
0
0
0
0
0
0
0
0
0
0
0
0
0
0
0
0
0
0
0
0
0
0
0
0
0
0
0
0
0
0
0
0
0
0
0
0
0
0
0
0
0
0
0
-5.50824e-12
0
0
0
0
0
0
0
0
0
0
0
0
0
0
0
0
0
0
0
0
0
0
0
0
0
0
0
0
0
0
0
0
0
0
0
0
0
0
0
0
0
0
8.7631e-15
0
0
0
0
0
0
0
0
0
0
0
0
0
0
0
0
0
0
0
0
0
0
0
0
0
0
0
0
0
0
0
0
0
0
0
0
0
0
0
0
0
0
0
0
0
0
0
0
0
0
0
0
0
0
0
0
0
0
0
0
0
0
0
0
0
0
0
0
0
0
0
0
0
0
0
0
0
0
0
0
0
0
0
0
0
0
0
0
0
0
0
0
0
0
0
0
0
0
0
0
0
9.37769e-08
4.53095e-08
0
0
0
0
0
0
-9.22107e-15
0
0
0
0
0
0
0
0
0
0
0
0
0
0
0
0
0
0
0
0
0
0
0
0
0
0
0
0
0
0
0
0
0
0
0
0
0
0
0
0
0
0
0
0
0
0
5.39036e-08
1.06404e-07
0
5.83932e-15
5.95837e-15
0
0
0
0
0
0
0
0
0
0
0
0
0
0
0
0
0
0
0
0
0
0
0
0
0
0
0
0
0
0
0
0
0
0
0
0
0
0
0
-3.3098e-17
0
0
0
0
0
0
0
0
0
0
0
0
0
0
0
0
0
0
0
0
0
0
0
0
0
0
0
0
0
0
0
0
0
0
0
0
0
0
0
0
0
0
0
0
0
0
0
0
0
0
0
0
0
0
-1.49934e-12
3.14183e-13
0
0
0
0
0
0
0
0
0
0
0
0
0
0
0
0
0
0
0
0
0
0
0
0
0
0
0
0
0
0
0
0
0
0
0
0
0
4.60845e-15
0
-7.13749e-16
0
0
0
0
0
0
0
0
0
0
0
0
0
0
0
0
0
0
0
0
0
0
0
0
0
0
0
0
0
0
0
0
0
0
0
0
0
0
0
0
0
0
0
0
0
0
0
6.74501e-08
8.25019e-08
0
0
0
0
0
0
0
0
0
0
0
0
0
0
0
0
0
0
0
0
0
0
0
0
0
0
0
0
0
0
0
0
0
0
0
0
0
0
0
0
0
0
0
0
0
0
1.05952e-07
6.07997e-08
0
0
0
0
0
0
0
0
0
0
0
0
0
0
0
0
0
0
0
0
0
0
0
2.8795e-15
-2.9717e-15
0
0
0
0
0
0
0
0
0
0
0
0
0
0
0
0
0
0
0
1.19787e-14
-1.48666e-14
0
0
0
0
0
0
0
2.08349e-15
0
0
0
0
0
0
0
0
0
0
-1.1099e-15
0
0
0
0
0
0
0
0
0
0
0
0
0
0
0
0
0
0
0
0
0
0
0
0
0
0
0
0
0
0
0
0
0
0
0
0
0
0
0
0
0
0
0
0
0
0
0
0
0
0
0
0
0
0
0
0
0
0
0
0
0
0
0
0
0
0
0
0
0
-5.24068e-13
-9.45165e-17
0
0
0
0
0
0
0
0
1.04205e-07
5.40053e-08
0
0
0
0
0
0
0
0
0
0
0
0
0
0
0
0
0
0
0
0
0
0
0
0
0
-1.03168e-15
4.07343e-16
0
0
0
0
0
0
0
0
0
0
0
0
0
0
0
0
0
0
0
0
0
0
0
0
0
0
0
0
0
0
0
0
0
0
0
0
0
0
0
0
0
0
0
0
0
0
0
0
0
0
0
0
0
0
0
0
0
0
0
0
0
0
0
0
0
0
0
0
0
0
0
0
0
0
0
0
0
0
0
0
0
0
0
0
0
0
0
0
0
0
0
0
0
0
0
0
0
0
0
0
0
0
0
0
0
0
0
0
0
0
0
0
0
0
0
0
0
0
0
0
0
0
0
-1.32034e-14
0
0
0
0
0
0
0
0
0
0
0
0
0
0
0
0
0
0
0
0
0
0
0
0
0
0
0
1.87847e-16
0
0
0
0
0
0
0
0
0
0
0
0
0
0
0
-5.91163e-16
3.22593e-16
0
0
0
0
0
0
0
0
0
-8.10083e-18
0
0
0
0
0
0
0
0
0
0
0
0
0
0
0
0
0
0
0
0
0
0
0
0
0
0
0
0
0
0
0
0
0
0
0
0
0
0
0
-3.04844e-15
-1.24116e-15
0
0
0
0
0
0
0
0
0
0
0
0
0
0
0
0
0
0
0
0
0
0
0
0
0
0
0
0
0
0
0
0
0
0
0
-2.62319e-17
0
0
0
0
0
0
0
0
0
0
0
0
0
0
0
0
0
0
0
0
0
0
0
0
2.08897e-18
0
0
0
0
0
0
0
0
0
0
0
0
0
0
0
0
0
0
0
0
0
0
0
0
0
0
0
0
0
0
0
0
0
0
0
0
0
0
0
0
0
0
0
0
0
0
0
0
0
0
0
0
0
0
0
0
0
0
0
0
0
0
0
0
0
0
0
-1.43774e-16
-9.03858e-16
0
0
0
0
0
0
0
0
0
0
0
4.2614e-16
0
0
0
0
0
0
0
0
0
0
0
0
6.36291e-15
0
0
5.80442e-16
1.58981e-15
0
0
0
0
0
0
0
0
0
0
0
2.10305e-16
0
0
0
0
0
0
0
0
0
0
0
0
0
0
0
0
0
0
0
0
0
0
0
0
0
0
0
0
-1.52906e-17
0
0
0
0
0
0
0
0
0
0
0
0
-2.19466e-16
0
3.22427e-16
0
0
0
0
0
0
0
0
0
5.80846e-16
-2.96382e-16
0
1.49515e-16
0
0
0
0
0
0
0
0
2.44322e-12
0
2.7616e-12
2.87266e-12
0
0
2.65233e-12
2.85645e-12
2.88034e-12
0
0
0
0
0
0
0
0
0
0
0
0
0
0
0
0
0
0
0
0
0
2.48588e-12
0
0
0
0
0
0
0
0
0
0
2.38768e-12
2.52984e-12
0
0
0
0
0
0
0
0
0
0
0
0
-4.01563e-16
0
0
0
0
0
0
0
0
0
0
0
0
0
2.56465e-12
0
0
2.35898e-12
0
0
0
0
0
0
0
1.50413e-15
0
0
0
0
0
0
0
0
0
0
0
0
0
0
0
0
-1.73215e-16
3.24957e-16
0
0
0
0
2.27008e-12
2.08307e-12
0
0
0
0
0
0
0
1.85675e-12
0
0
0
0
0
0
0
0
0
4.237e-10
3.6693e-08
0
0
0
0
0
0
0
0
0
0
2.16561e-12
0
0
0
0
0
0
0
0
0
0
0
0
0
0
0
0
0
0
0
0
0
0
0
0
0
0
0
0
0
0
0
0
0
1.46201e-12
2.1555e-12
0
0
0
0
0
0
0
0
0
0
0
0
0
0
0
0
0
0
0
0
0
0
0
0
0
0
0
0
0
0
0
0
0
0
0
0
0
0
2.7814e-14
0
0
0
0
0
0
0
3.06177e-12
0
0
0
0
2.98816e-12
2.83688e-12
2.44495e-12
0
0
0
0
0
0
0
0
0
0
0
0
0
-5.97513e-16
0
0
0
0
0
0
0
0
0
0
0
0
0
0
0
0
0
0
0
0
0
0
2.53456e-12
0
0
0
0
0
4.38e-12
0
0
0
0
0
0
0
0
0
0
0
0
0
0
0
0
0
0
0
0
0
0
0
0
0
0
0
1.79271e-17
0
2.44159e-12
2.39355e-12
0
0
0
0
0
0
0
0
0
0
0
0
0
0
2.34902e-12
2.39388e-12
0
-4.42491e-15
0
1.12477e-12
0
0
0
0
0
1.00333e-17
0
0
0
0
0
0
0
0
1.61842e-17
0
0
0
9.76961e-16
-2.53827e-15
0
-5.53654e-16
0
0
6.79301e-08
7.57078e-08
0
0
0
0
0
0
0
0
0
0
0
0
0
0
0
0
0
-8.52223e-17
0
0
0
0
0
0
-5.33147e-13
-5.78429e-13
1.96701e-12
1.45772e-12
0
0
0
3.63158e-15
0
0
0
0
0
0
0
1.43262e-16
-2.40039e-12
-5.35547e-12
0
0
0
0
0
0
0
2.82433e-09
4.27935e-08
0
0
0
0
0
0
2.14441e-12
0
0
0
0
0
0
0
0
0
0
0
0
0
0
0
0
0
0
0
0
0
0
0
0
0
0
0
0
3.84984e-12
0
0
0
0
0
0
0
1.71278e-12
0
0
0
0
0
0
0
0
0
0
0
0
0
0
0
0
0
0
0
0
0
0
0
0
0
0
0
1.83325e-12
0
9.75646e-17
3.10802e-15
0
0
0
0
0
0
0
2.92371e-12
0
0
0
0
0
0
0
0
0
0
0
0
0
0
0
0
0
0
0
-2.07039e-12
0
0
0
0
0
0
1.25085e-12
0
0
0
0
4.42494e-16
0
5.13841e-16
0
0
0
0
0
0
0
0
0
5.11847e-16
0
0
0
0
0
0
0
3.05053e-12
0
0
1.96124e-12
2.95391e-15
0
0
0
9.01182e-08
2.75702e-08
0
0
0
0
0
0
0
0
0
0
0
0
0
0
0
0
0
0
0
0
0
0
0
0
0
0
0
0
0
0
0
0
0
0
0
0
0
0
0
0
0
0
0
0
5.12391e-16
0
0
0
-4.0229e-16
0
0
0
0
0
0
0
0
9.44068e-17
0
0
0
0
2.28782e-12
0
0
0
0
0
0
0
0
0
0
0
0
0
0
0
0
0
0
0
0
0
0
0
1.86854e-17
0
0
0
0
0
0
0
0
0
0
0
0
0
0
0
0
0
0
0
0
0
0
0
0
0
0
0
0
0
0
0
0
0
2.2296e-30
0
0
0
0
0
0
0
0
0
0
0
0
0
0
0
0
0
0
1.08866e-07
5.99932e-08
0
0
0
0
0
0
0
0
0
0
0
0
0
0
0
0
0
0
0
0
0
0
1.21279e-15
2.18779e-15
-4.30306e-16
2.2296e-30
0
0
0
0
0
0
0
0
0
0
0
0
0
0
0
0
2.1319e-12
0
0
0
0
0
0
0
0
0
0
0
0
0
0
0
0
0
0
0
0
0
0
0
-1.33221e-13
0
0
0
0
0
0
0
0
0
6.21875e-18
0
0
0
6.92768e-13
7.46076e-13
0
0
0
0
1.45466e-15
0
0
0
0
0
0
0
0
0
0
0
0
0
0
0
0
0
0
0
0
0
0
0
0
0
0
0
0
0
0
0
0
0
0
0
0
0
0
0
0
0
0
0
0
0
0
0
0
0
0
5.33569e-16
6.29702e-16
0
0
0
0
0
0
0
0
0
0
0
0
0
0
0
0
-4.66498e-16
-4.69196e-16
0
0
0
0
0
0
0
0
0
-4.5727e-16
0
1.08136e-15
0
0
-1.02689e-15
5.90028e-16
0
0
0
0
0
0
0
0
0
0
0
0
0
0
0
0
0
0
0
0
0
0
0
0
0
0
0
0
0
0
0
0
0
0
0
0
0
0
0
0
0
0
0
0
0
3.97678e-12
0
0
0
0
0
0
0
0
0
0
-1.41161e-15
-2.44302e-15
0
0
0
0
0
0
0
0
0
0
0
0
0
0
0
0
0
0
0
0
0
0
0
0
0
0
0
0
0
0
0
0
0
0
0
0
0
0
0
0
0
0
0
0
0
0
0
0
0
0
0
0
0
0
0
0
0
0
7.55724e-16
0
0
0
0
0
0
1.94883e-16
1.63823e-16
0
0
0
0
0
0
0
0
0
0
0
0
0
0
0
0
0
0
0
0
0
0
0
0
0
0
0
0
0
0
0
0
0
0
0
0
0
-3.58202e-17
0
0
0
0
0
0
0
0
0
0
0
0
0
0
0
0
0
0
0
0
0
0
0
1.41857e-15
0
0
0
0
0
0
0
0
0
0
0
0
0
0
0
0
0
0
0
0
0
0
0
0
0
0
0
0
0
0
0
0
0
0
0
0
0
0
0
3.74011e-18
0
0
0
7.50466e-10
0
0
0
0
0
0
0
2.36831e-17
0
0
0
0
0
0
0
0
0
0
0
0
0
0
0
0
0
0
0
0
0
0
0
0
-1.86719e-15
0
0
0
0
0
0
0
0
0
0
0
0
0
0
0
0
0
0
0
0
0
0
6.4897e-13
0
-1.62698e-16
0
7.70092e-17
0
0
0
0
0
0
0
0
0
0
0
0
7.10041e-15
0
0
0
0
0
0
0
0
0
0
0
0
0
0
0
0
0
0
0
0
0
0
0
6.13495e-08
0
0
0
0
0
0
0
0
0
0
0
0
0
0
0
0
0
0
3.38225e-12
0
0
0
0
0
0
1.59249e-12
0
3.38555e-15
0
0
0
0
0
0
0
0
0
0
0
0
0
0
0
0
0
0
0
0
0
0
0
0
0
0
0
0
0
0
0
0
0
0
0
0
0
0
0
0
0
0
0
0
0
0
0
0
0
0
0
0
0
0
-3.54269e-08
0
0
0
0
0
6.19359e-13
0
0
0
0
0
0
0
0
0
0
0
0
0
0
0
0
0
0
0
0
0
0
0
0
0
0
0
0
0
0
0
0
-6.10008e-16
1.08086e-15
0
-2.94549e-15
0
0
0
0
0
3.22774e-08
0
0
0
0
0
0
0
0
0
0
0
0
0
0
0
0
0
0
0
0
0
0
0
0
0
0
0
0
0
0
0
0
0
0
0
0
0
0
0
0
0
0
0
0
0
0
0
0
-2.88406e-15
0
0
0
0
-3.0308e-15
0
0
0
0
0
0
0
0
0
0
0
0
0
0
0
0
0
0
0
0
0
0
0
0
0
0
0
0
0
0
0
0
0
0
0
0
0
0
0
0
0
0
0
0
0
0
0
0
0
0
0
0
0
0
0
0
0
0
0
0
0
0
0
0
0
0
0
0
0
0
0
0
-7.66921e-16
0
0
0
0
0
0
0
0
0
0
0
0
0
0
-9.47958e-16
0
0
0
0
0
0
0
0
0
0
0
0
0
0
0
0
0
0
0
0
-2.29501e-16
0
0
0
9.25798e-13
0
0
0
0
4.46267e-15
0
0
0
0
0
0
0
0
0
0
0
0
0
0
0
0
0
0
0
0
0
0
0
0
-1.40717e-13
0
0
0
0
0
0
0
0
0
5.65586e-13
5.17426e-13
0
0
0
0
0
-6.31857e-16
0
0
-3.83398e-14
-2.56288e-12
0
0
0
0
0
0
0
0
0
0
0
0
0
0
0
0
2.10157e-13
0
0
0
0
0
0
0
0
0
0
0
0
0
0
0
0
0
0
0
0
0
0
0
4.40253e-16
0
0
0
0
0
0
0
0
0
0
0
0
0
0
0
0
0
0
0
-1.52075e-15
0
0
0
0
0
0
0
0
7.67416e-17
0
0
0
0
0
0
4.35796e-13
0
0
0
0
0
7.23672e-09
1.82379e-12
0
0
0
0
0
0
0
0
0
0
0
0
0
0
0
0
0
0
0
0
0
0
0
0
0
0
0
0
0
2.44553e-15
0
0
0
0
0
0
0
0
0
0
0
0
-1.01205e-15
0
0
0
0
0
0
0
0
0
0
0
0
0
0
0
0
0
0
6.68978e-16
0
0
-8.84984e-17
0
0
0
0
0
0
0
-3.35823e-08
0
-1.58387e-07
0
0
0
0
0
0
0
0
0
0
0
0
0
0
0
-2.21763e-08
4.40369e-13
0
0
-3.00918e-12
7.20245e-13
0
0
0
0
0
0
0
0
0
0
0
0
0
0
0
0
0
0
0
0
0
0
0
0
0
0
0
0
0
0
0
0
0
0
0
0
0
0
0
0
0
0
0
0
0
0
0
0
0
0
0
0
0
0
0
0
0
0
-1.56602e-15
0
0
0
0
0
0
0
0
0
0
0
0
2.23614e-30
0
0
0
0
0
0
0
0
0
0
0
0
0
0
0
0
0
0
0
0
0
0
0
0
0
0
0
0
0
0
0
0
0
0
0
0
0
0
0
0
0
0
0
0
0
0
0
0
0
0
2.01421e-15
0
0
0
0
5.37034e-13
5.27571e-13
0
0
0
0
0
0
0
0
0
0
0
0
0
0
0
0
-7.71858e-17
5.07335e-17
-4.94078e-16
0
0
0
0
0
0
0
-8.06515e-08
0
0
9.55371e-12
0
0
0
0
0
0
0
0
0
-5.55765e-31
0
0
0
0
0
0
0
0
0
0
0
0
0
0
0
0
0
0
0
0
0
0
0
0
0
5.24728e-15
0
0
2.35644e-12
-2.57864e-08
1.62874e-12
0
0
0
0
0
0
0
0
0
0
0
0
0
0
0
0
0
0
0
0
0
0
0
0
0
0
0
0
0
0
0
0
0
4.64118e-16
0
0
0
0
0
0
0
0
0
0
0
0
0
0
0
0
0
0
0
0
0
0
0
0
0
0
0
0
0
0
0
0
0
0
0
0
0
0
0
0
0
-1.94055e-16
0
0
0
0
0
0
0
0
0
0
0
0
0
0
0
0
-1.20524e-12
0
0
0
-5.49406e-12
0
0
0
0
0
0
1.86057e-12
-2.38514e-08
0
0
0
0
0
0
0
0
0
-2.57814e-12
0
0
0
0
0
0
0
0
0
0
0
0
0
0
0
1.01426e-17
0
-7.05695e-08
2.46961e-12
0
0
0
0
0
0
0
0
0
0
0
0
0
0
0
0
0
0
0
0
0
4.63891e-13
0
0
0
0
0
0
0
0
0
0
-2.30546e-12
0
0
0
0
0
0
0
0
0
0
0
0
0
0
0
0
0
0
0
0
0
0
0
0
0
0
0
0
0
0
0
0
0
0
0
0
0
0
0
0
0
-6.13906e-13
0
0
0
0
0
0
0
5.41993e-08
3.40331e-08
0
0
0
0
0
0
-3.58124e-16
0
0
0
0
0
-2.47862e-14
-1.19838e-12
0
0
4.22571e-08
0
0
0
0
0
0
0
0
0
0
0
0
0
0
0
0
0
0
0
0
0
0
0
0
0
3.05745e-15
0
0
3.56848e-08
0
0
-8.4433e-13
1.2317e-13
0
0
0
0
0
0
0
0
0
0
0
0
-4.25053e-17
0
0
0
-2.81152e-31
0
0
0
0
0
-2.91607e-16
0
0
0
0
0
-3.46281e-08
0
0
0
0
0
0
0
-2.50911e-12
0
0
0
0
0
0
0
0
0
0
-8.79705e-17
0
0
0
0
0
0
0
0
0
0
0
0
0
0
9.74628e-12
0
0
0
0
0
0
0
0
0
0
0
0
0
0
0
0
0
0
0
0
0
0
0
0
0
0
0
-3.89247e-15
-6.41315e-16
0
0
0
0
0
0
0
0
0
0
0
-1.69494e-15
0
0
0
0
0
0
0
0
0
0
0
0
0
0
0
0
0
0
0
0
0
0
-1.14483e-14
0
0
0
0
1.19634e-15
-7.44654e-16
0
0
5.75137e-08
2.82819e-12
0
0
0
0
0
1.22344e-15
3.24013e-16
0
-3.42217e-16
2.24143e-15
0
0
0
0
0
0
0
0
0
0
0
0
0
0
0
0
0
5.57872e-13
3.39383e-13
0
0
0
0
0
0
0
0
0
0
0
0
0
0
0
0
-3.68076e-12
1.17642e-15
0
0
0
0
0
0
0
-3.08471e-12
1.95284e-12
0
0
0
0
1.81613e-08
0
0
-1.00199e-08
0
-3.49133e-10
2.2061e-12
0
0
0
0
0
0
0
0
0
0
0
0
0
0
-6.30209e-09
5.84722e-15
5.93225e-16
0
0
0
0
7.65917e-17
0
0
0
0
0
0
0
0
0
0
0
-5.94852e-08
0
0
0
0
0
0
0
0
0
0
0
-2.50564e-12
0
0
0
0
0
0
0
0
0
0
0
0
0
0
0
0
0
0
0
0
0
0
0
0
3.23793e-16
0
0
0
0
0
0
0
0
-1.4051e-16
-1.17201e-16
0
0
0
0
0
0
0
0
0
0
0
0
0
0
-6.82296e-13
1.58067e-19
0
0
0
0
0
0
1.0751e-12
-1.14818e-08
0
0
0
0
0
0
0
0
0
0
-1.62472e-16
0
0
0
0
0
0
5.30751e-08
0
0
0
0
0
0
0
0
0
0
0
0
0
0
0
0
1.59235e-08
0
0
1.16292e-15
0
0
0
0
0
0
0
0
0
0
0
0
0
0
0
0
0
0
0
0
0
0
0
0
0
0
0
0
0
0
0
0
0
0
0
0
0
0
0
0
0
0
0
0
0
3.73602e-15
0
0
0
3.40023e-13
0
0
0
-2.70639e-16
0
0
3.31555e-15
0
0
0
0
0
0
0
0
0
0
0
0
0
0
0
0
-2.46723e-15
0
0
0
2.17554e-12
8.4782e-09
0
0
0
0
0
0
0
0
0
0
0
0
0
0
0
0
0
0
0
0
0
0
0
0
0
0
0
0
0
0
0
0
0
0
0
0
0
0
0
1.27415e-15
-4.14373e-16
0
0
0
0
0
0
0
0
0
0
1.94608e-15
0
0
0
0
0
0
0
0
9.64999e-16
0
0
0
0
0
0
0
0
0
0
0
0
0
0
0
0
-1.16958e-16
0
0
0
0
0
0
0
0
0
0
0
0
0
0
0
0
0
0
0
0
0
0
0
0
0
0
0
0
0
0
0
0
0
0
0
0
0
0
0
0
0
0
0
0
0
0
0
0
0
0
0
0
0
4.49777e-18
-8.57375e-08
0
0
0
0
0
0
0
0
0
0
0
0
0
0
0
0
0
0
0
0
0
0
0
0
0
0
0
0
0
0
0
5.17307e-13
0
0
0
0
0
0
0
0
0
0
0
0
0
0
0
0
0
0
0
0
1.5305e-13
0
0
0
0
0
-3.24385e-08
1.1192e-12
-6.96732e-08
6.66268e-15
0
0
0
0
0
0
0
0
0
0
0
0
0
0
0
-5.55487e-08
0
0
0
0
0
0
0
0
0
0
0
0
3.03041e-15
1.31675e-15
0
0
0
0
0
0
0
0
0
0
0
0
0
0
0
0
6.07527e-08
0
0
0
-8.09015e-16
0
-6.83133e-13
2.82943e-08
0
0
-2.7236e-18
0
0
5.58783e-08
0
0
0
0
2.13602e-08
0
0
0
0
4.04925e-13
3.12569e-13
4.51133e-08
0
0
2.34157e-16
0
0
0
0
0
-3.46144e-14
1.83293e-13
0
0
0
-1.09789e-09
0
0
0
0
0
0
0
0
0
0
0
0
0
0
0
0
0
0
0
0
0
0
2.71389e-13
-8.74236e-08
0
0
0
0
-5.84928e-08
0
0
0
0
0
0
0
0
0
0
0
0
-8.97856e-08
0
0
0
-1.76799e-11
1.45823e-12
0
0
0
0
0
0
0
0
0
0
0
-8.99296e-17
0
0
0
0
0
0
0
0
0
0
0
0
0
0
0
0
0
8.65544e-13
6.54913e-13
0
6.05167e-18
1.28379e-15
0
0
0
0
0
0
0
0
0
0
0
0
0
3.33578e-13
0
0
0
-3.37126e-17
0
0
0
0
0
0
0
0
0
0
0
0
0
0
0
0
0
0
0
0
0
0
0
0
0
0
0
0
-4.40587e-17
4.43887e-17
0
0
2.6224e-16
0
0
0
0
0
0
0
4.39058e-13
0
0
3.69572e-15
-7.44518e-13
0
-6.35657e-13
0
0
0
0
0
0
0
0
0
0
0
0
0
0
0
-8.6521e-13
0
0
0
0
0
0
0
0
0
0
0
0
2.70043e-16
-1.44834e-16
0
0
0
0
0
0
0
8.39294e-13
9.32757e-13
0
0
0
0
0
0
0
0
0
0
0
0
0
0
0
0
0
0
0
0
0
0
-2.96316e-15
0
0
0
0
0
0
0
0
0
0
0
0
-5.78346e-08
0
0
0
0
0
0
0
0
0
0
0
0
0
0
0
0
0
6.28847e-16
1.5638e-15
0
0
0
0
0
0
1.0232e-07
-1.42523e-16
0
0
0
0
0
0
0
5.55765e-31
0
0
0
0
0
0
0
0
0
0
0
0
0
0
0
0
0
0
0
0
0
0
1.28478e-17
0
0
0
0
0
-6.13635e-13
0
0
0
0
0
0
-1.61177e-16
2.90513e-15
0
0
0
0
0
0
0
0
0
0
0
0
0
0
-3.28743e-08
0
0
0
0
0
0
0
0
0
0
0
0
0
0
0
0
0
0
0
0
0
0
0
1.05837e-16
-4.62304e-15
0
0
0
0
0
-4.31032e-13
2.94068e-17
-2.96365e-13
0
0
0
0
0
0
3.17181e-13
0
0
0
0
0
0
0
-7.50639e-13
0
0
0
0
0
0
0
0
0
0
0
0
0
0
0
0
0
0
0
0
0
2.97458e-12
0
0
0
0
0
0
0
0
0
0
0
0
0
0
1.15323e-15
0
0
0
1.42659e-16
0
0
0
0
0
0
0
0
0
0
0
0
0
0
0
0
0
0
0
0
0
0
0
0
-1.64094e-15
0
2.16066e-12
-2.63978e-08
0
0
0
0
-4.17273e-13
0
0
0
0
0
0
0
0
0
0
0
0
0
0
0
0
2.23701e-13
2.63803e-13
0
0
-4.44678e-17
0
0
0
0
0
0
0
0
0
0
0
0
0
0
0
0
0
0
0
0
0
0
0
0
0
0
0
0
0
0
0
0
0
0
0
0
0
0
-2.101e-15
6.23883e-15
0
0
1.37307e-31
0
0
0
0
0
0
0
0
0
0
0
1.23923e-13
0
0
0
0
0
0
0
0
0
0
0
0
0
0
0
0
0
0
0
0
0
0
0
0
-5.22859e-13
-1.59282e-11
0
0
0
0
0
0
0
0
0
0
3.22963e-16
0
0
0
0
-5.21357e-13
0
0
0
0
1.14503e-16
0
0
0
0
0
0
0
0
0
0
0
0
0
0
0
0
4.85313e-13
0
-5.088e-13
2.24861e-15
0
0
0
0
0
0
0
0
0
0
0
0
0
-1.01374e-12
0
0
0
0
0
0
0
0
0
0
0
0
0
0
-1.59669e-17
0
-6.94429e-13
4.00649e-13
0
0
0
0
0
0
0
0
0
0
0
0
0
0
0
0
0
0
0
0
0
0
0
6.28587e-13
0
0
0
0
0
0
0
-3.64643e-17
0
0
0
0
0
0
0
0
0
0
0
0
-8.42055e-08
0
0
0
0
0
0
0
0
0
4.47228e-30
0
0
0
0
0
0
0
0
0
0
0
0
0
0
0
7.79451e-18
-8.80602e-18
0
0
0
0
0
0
0
0
0
0
0
0
0
0
0
0
0
0
0
0
0
0
0
0
0
0
0
0
0
0
0
7.02446e-13
0
0
0
0
-6.33872e-13
0
0
0
0
0
0
0
0
0
0
0
-5.51974e-16
0
0
0
0
0
0
0
0
0
0
0
7.048e-18
0
0
0
0
0
-4.46356e-30
-3.43113e-16
0
0
0
0
0
0
0
0
0
0
0
0
0
0
0
0
-3.92977e-13
2.61317e-16
5.41786e-16
0
0
0
0
0
0
0
0
0
5.148e-13
0
0
0
0
0
0
0
0
0
0
0
0
0
0
0
4.99206e-13
0
0
0
0
0
0
0
-6.45971e-15
0
0
0
0
0
0
0
0
0
0
0
0
0
0
-5.22843e-13
0
0
0
0
0
0
0
0
3.28521e-13
0
-4.70771e-13
0
0
0
0
0
0
0
0
0
0
0
0
0
0
0
0
0
0
0
0
0
0
0
0
0
6.17517e-13
0
0
0
0
0
0
0
0
7.4305e-13
0
0
0
0
0
0
0
0
0
0
0
0
0
0
0
0
0
0
0
0
0
0
0
0
0
0
0
1.34607e-12
0
0
0
0
0
0
0
0
0
0
0
0
0
0
0
0
0
0
0
0
0
0
0
0
2.04144e-15
0
0
0
0
1.67383e-30
0
0
0
0
0
0
0
0
0
0
0
4.80246e-13
0
0
0
0
0
3.22825e-15
0
0
-1.71902e-12
0
0
0
0
0
-6.63367e-13
0
-5.17223e-13
0
0
0
0
0
0
0
-1.59976e-16
-9.27211e-17
0
0
0
1.82825e-16
0
0
0
0
0
0
0
0
0
0
0
0
0
0
-9.05511e-13
0
1.8162e-13
0
0
0
0
0
0
4.19875e-13
-4.50508e-13
0
0
0
0
5.80704e-13
0
-6.59476e-13
0
0
0
3.66482e-16
0
0
0
0
0
0
0
0
0
0
0
0
0
-4.20559e-13
0
0
1.46762e-15
0
0
0
0
0
0
0
0
0
0
0
0
0
0
0
0
0
0
0
0
0
0
0
0
0
0
-7.43078e-13
0
0
0
0
0
0
0
0
6.93486e-13
0
0
0
0
0
0
0
0
0
0
0
-3.0387e-13
0
0
0
0
0
0
0
0
0
0
0
0
0
0
0
-7.71249e-13
0
0
0
0
0
0
0
0
0
0
0
0
0
0
0
0
0
0
-1.7046e-16
0
0
0
0
0
0
0
0
0
0
0
0
0
0
0
0
0
0
0
-2.2823e-15
0
2.33336e-16
0
-5.17369e-08
0
0
0
0
0
0
0
0
0
0
0
0
0
0
0
0
0
0
0
0
3.2189e-13
0
-9.56613e-16
0
0
0
0
0
0
0
0
0
0
0
0
0
0
0
0
0
0
0
0
0
0
7.80028e-13
6.40035e-13
0
-6.90696e-13
1.30949e-16
0
0
0
0
0
0
0
0
-4.09938e-16
0
0
0
0
0
0
0
0
0
0
0
0
0
0
0
0
0
0
-5.73487e-13
0
0
0
0
5.30955e-13
0
0
0
0
0
0
0
0
0
0
0
0
0
0
0
0
0
0
6.23648e-16
0
0
4.44812e-08
0
0
0
0
0
0
0
0
0
0
0
0
0
0
0
0
0
1.75753e-13
0
0
0
0
0
0
0
0
0
0
0
-2.00719e-15
0
5.72863e-13
0
0
0
0
0
0
0
0
0
0
0
0
0
4.60452e-16
-7.19671e-13
0
0
0
0
0
0
0
0
0
6.5564e-16
6.88836e-13
0
0
0
0
0
0
0
0
0
0
0
0
-4.52868e-13
0
-1.13145e-16
0
0
0
0
0
0
0
0
0
0
-5.61438e-13
0
0
4.80342e-13
0
0
0
0
-3.54005e-16
-8.28779e-13
0
0
-1.50396e-16
0
0
0
0
0
0
0
0
0
3.91249e-13
0
0
0
0
-3.38723e-17
0
0
0
0
0
0
0
0
0
0
0
0
0
0
0
0
0
0
0
0
0
0
0
0
0
-8.93789e-17
0
0
0
0
0
0
0
0
0
)
;

boundaryField
{
    frontback
    {
        type            empty;
        value           nonuniform List<scalar> 0();
    }
    topbottom
    {
        type            calculated;
        value           uniform 0;
    }
    outlet
    {
        type            calculated;
        value           nonuniform List<scalar> 0();
    }
    inlet
    {
        type            calculated;
        value           uniform 0;
    }
    walls
    {
        type            calculated;
        value           nonuniform List<scalar> 
135
(
-2.27367e-07
-1.08371e-07
-1.97618e-07
1.72119e-07
-2.14618e-07
-1.12621e-07
-1.84869e-07
7.01226e-08
-2.69866e-07
-2.91115e-07
5.31232e-08
7.43724e-08
-7.86223e-08
-5.7373e-08
-1.5512e-07
-2.31617e-07
-2.52866e-07
-2.10368e-07
-1.93368e-07
-9.56217e-08
-3.29364e-07
-3.08114e-07
-1.72119e-07
-1.16871e-07
-4.03736e-08
-1.3812e-07
-1.91243e-08
-2.12493e-09
1.48745e-08
3.61238e-08
9.13718e-08
1.12621e-07
1.29621e-07
1.5087e-07
1.67869e-07
1.89118e-07
2.06118e-07
4.88733e-08
1.63619e-07
9.56217e-08
1.25371e-07
1.16871e-07
2.01868e-07
1.3387e-07
8.7122e-08
7.86223e-08
5.7373e-08
3.18739e-08
1.06246e-08
2.12493e-09
1.08371e-07
-4.46235e-08
-1.48745e-08
-6.37478e-09
1.91243e-08
-8.28721e-08
-2.33742e-08
-6.16229e-08
-9.98716e-08
-1.21121e-07
4.46235e-08
1.5937e-07
9.98716e-08
1.21121e-07
1.4237e-07
-1.5087e-07
1.76369e-07
1.97618e-07
8.28721e-08
-1.67869e-07
-1.5937e-07
6.16229e-08
2.18867e-07
2.7624e-08
6.37478e-09
-4.88733e-08
-1.06246e-08
-1.3387e-07
-1.76369e-07
-8.7122e-08
-2.7624e-08
-1.29621e-07
-6.58727e-08
-1.04121e-07
-1.25371e-07
-2.48616e-07
-1.4662e-07
-1.63619e-07
-2.65616e-07
-2.57116e-07
-1.80619e-07
-2.74116e-07
-2.01868e-07
-3.03865e-07
-2.18867e-07
-3.12364e-07
1.04121e-07
-2.44367e-07
-3.25114e-07
-2.61366e-07
-2.78365e-07
-3.20864e-07
-2.99615e-07
-3.33613e-07
-3.16614e-07
-7.43724e-08
-2.86865e-07
-9.13718e-08
-2.35867e-07
-3.37863e-07
1.93368e-07
6.58727e-08
4.03736e-08
-5.31232e-08
-2.06118e-07
-3.18739e-08
-1.89118e-07
2.23117e-07
1.84869e-07
-7.01226e-08
1.5512e-07
1.80619e-07
2.33742e-08
-1.4237e-07
-2.82615e-07
1.3812e-07
-3.61238e-08
-2.40117e-07
-2.23117e-07
2.14618e-07
1.4662e-07
4.03736e-08
-2.95365e-07
2.10368e-07
3.61238e-08
)
;
    }
    procBoundary0to1
    {
        type            processor;
        value           nonuniform List<scalar> 
104
(
0
0
0
0
0
0
0
-2.55885e-17
1.11263e-12
0
0
0
0
0
0
0
0
0
0
0
0
0
0
0
0
0
0
0
0
0
0
0
0
0
0
0
0
0
5.9736e-16
-5.7804e-17
0
0
0
0
0
0
2.27746e-15
0
0
0
0
0
0
0
0
0
0
0
0
0
-1.18425e-15
0
0
0
0
0
0
-4.83929e-12
0
0
0
0
0
0
0
0
0
0
0
0
0
0
0
0
0
0
0
0
0
0
0
0
0
0
0
0
0
0
0
-5.77254e-08
0
0
0
0
)
;
    }
    procBoundary0to2
    {
        type            processor;
        value           nonuniform List<scalar> 
83
(
0
0
0
0
0
-3.60428e-12
0
0
8.63767e-16
1.22545e-14
1.25988e-14
0
0
0
0
0
0
0
0
0
0
0
0
0
8.7933e-16
0
0
-5.88388e-16
0
0
0
0
0
0
0
0
0
-2.33312e-16
0
0
8.16975e-15
0
0
0
0
0
0
0
-5.61785e-16
-2.79667e-14
0
-3.11382e-16
-4.46863e-15
0
-1.36215e-15
0
0
0
0
0
0
0
-1.19805e-07
0
0
0
0
0
0
-1.74087e-15
-2.44146e-16
0
0
0
0
0
0
0
1.48531e-16
0
0
0
0
)
;
    }
}


// ************************************************************************* //
