/*--------------------------------*- C++ -*----------------------------------*\
| =========                 |                                                 |
| \\      /  F ield         | OpenFOAM: The Open Source CFD Toolbox           |
|  \\    /   O peration     | Version:  v2012                                 |
|   \\  /    A nd           | Website:  www.openfoam.com                      |
|    \\/     M anipulation  |                                                 |
\*---------------------------------------------------------------------------*/
FoamFile
{
    version     2.0;
    format      ascii;
    class       surfaceScalarField;
    location    "700";
    object      meshPhi;
}
// * * * * * * * * * * * * * * * * * * * * * * * * * * * * * * * * * * * * * //

dimensions      [0 3 -1 0 0 0 0];
oriented        oriented;


internalField   nonuniform List<scalar> 
20673
(
0
0
0
0
0
0
0
0
0
0
0
0
0
0
0
1.19919e-15
8.04558e-17
0
0
0
0
0
0
0
0
3.76105e-17
-1.25958e-17
0
0
0
0
0
0
0
0
0
0
4.76301e-08
2.13984e-12
-7.94572e-09
0
0
0
0
0
0
0
0
0
0
0
0
0
0
0
0
0
0
0
0
0
0
0
0
0
0
0
0
0
0
0
0
0
1.32893e-16
0
-1.46421e-16
0
0
0
-9.1299e-17
0
7.9902e-16
0
0
0
0
0
0
0
0
0
0
0
0
-2.62014e-17
4.45409e-16
2.68369e-15
0
0
0
0
0
0
0
0
0
0
0
0
0
9.19786e-14
-6.58299e-13
4.71735e-14
0
0
0
0
0
0
0
0
0
0
0
0
0
0
0
0
-1.14175e-15
3.49868e-15
0
0
0
0
0
-8.48949e-12
-5.68922e-12
-2.37435e-15
0
0
0
0
0
0
0
6.76346e-16
0
2.20889e-12
-2.11986e-11
-2.41822e-15
3.93599e-16
0
0
0
0
0
0
0
0
0
0
0
0
0
0
0
0
0
0
0
0
1.37278e-08
0
0
0
1.06375e-17
0
0
0
1.93817e-14
-3.33323e-16
4.98733e-16
1.11148e-17
0
0
0
0
0
0
0
0
-2.46666e-16
-3.6489e-17
0
0
0
0
0
-6.21247e-12
1.09067e-17
-6.7816e-12
0
0
0
-1.11008e-12
0
-9.34139e-14
0
0
0
0
0
0
0
0
0
0
0
0
1.93659e-14
-9.23813e-16
-4.3606e-16
0
0
0
0
0
0
0
0
0
0
0
0
0
0
0
0
0
0
0
0
0
0
0
0
0
0
0
0
0
-2.41197e-16
6.49681e-17
-6.1949e-17
-3.54681e-17
-4.27972e-17
0
0
0
0
0
0
0
0
0
0
1.67245e-16
-1.56506e-16
0
0
0
-2.60993e-15
-2.25323e-16
0
0
0
0
0
0
0
0
0
0
0
0
0
0
0
0
0
0
0
0
0
0
0
0
0
-7.50894e-17
-4.32272e-14
0
0
0
0
0
0
0
0
1.6832e-12
-2.39615e-17
-8.98132e-12
0
0
0
0
-1.77755e-16
-5.52955e-16
-1.16791e-12
-2.18824e-13
0
6.73889e-15
-3.34391e-15
0
0
0
0
0
0
0
0
0
0
0
0
0
0
0
0
0
0
0
0
0
0
0
-1.2329e-15
0
0
0
0
0
0
0
0
0
0
0
0
0
0
-1.41363e-15
-1.85894e-15
0
0
0
-5.2625e-18
-1.94976e-15
0
0
0
0
0
0
0
-3.90379e-15
1.068e-14
4.12808e-30
0
0
0
9.81008e-17
4.9375e-18
-2.00944e-17
3.66008e-16
0
0
0
0
0
5.18574e-16
0
0
0
0
0
0
0
-1.2213e-15
-1.65805e-16
7.83712e-18
-6.58408e-12
0
0
0
0
0
0
0
0
0
7.90185e-16
-7.19426e-17
0
0
0
0
0
0
-2.66397e-12
2.11265e-13
0
0
0
0
0
-1.67037e-16
3.73459e-16
-1.1949e-16
0
0
0
0
0
0
0
0
0
0
0
-3.96536e-17
0
-1.39314e-18
0
0
0
0
-2.27072e-15
0
0
0
4.83036e-13
-2.2477e-12
-5.86425e-19
0
0
0
0
0
0
0
0
0
0
0
0
0
0
3.83742e-16
5.57226e-17
-2.25585e-17
0
0
0
0
0
0
0
0
0
0
0
0
0
0
0
0
0
0
0
0
0
4.457e-17
0
0
0
0
0
0
0
0
0
0
0
0
0
0
0
0
0
0
0
0
-1.5541e-30
0
0
0
0
0
0
0
0
2.02806e-16
5.38658e-16
8.27445e-17
0
0
0
0
0
0
0
0
0
0
0
0
0
0
0
0
0
0
0
0
0
0
0
0
-1.09013e-14
-5.23293e-15
0
-4.99001e-16
1.61436e-16
-8.66955e-13
0
-2.74162e-13
0
0
0
0
0
0
0
-1.58376e-16
0
1.63311e-15
-4.32786e-13
0
-1.23377e-14
0
0
0
0
0
0
0
0
0
0
0
0
0
0
0
0
-5.14327e-16
5.70106e-16
0
0
0
-3.11138e-16
2.59163e-16
0
0
0
0
0
0
0
0
0
0
0
0
0
-6.90027e-14
-1.95708e-12
0
0
0
0
0
0
0
0
0
0
0
0
0
0
0
-5.05742e-13
-4.46608e-16
0
0
0
0
0
0
0
0
0
0
0
0
-4.77981e-15
-4.52175e-16
0
0
0
0
0
0
0
0
8.10091e-13
4.96256e-13
-2.61267e-12
0
0
0
0
0
0
0
0
0
0
0
0
0
0
0
0
0
0
0
0
0
0
0
0
0
0
0
0
-1.62892e-12
-6.91978e-13
0
0
0
0
0
0
0
0
4.00197e-16
0
-9.67598e-17
1.14427e-12
3.56475e-13
-2.88198e-12
0
0
0
0
0
0
0
0
0
0
0
0
0
0
0
0
0
0
0
0
0
0
0
0
0
0
0
0
0
0
0
0
0
0
0
0
0
0
0
0
0
0
0
0
0
-2.38185e-15
2.67923e-15
0
0
0
0
0
0
0
0
0
0
0
0
0
0
0
0
0
0
0
0
0
0
0
0
0
0
0
0
0
0
0
0
0
0
0
0
0
0
0
0
0
0
0
-1.29679e-15
3.76516e-17
1.2128e-15
0
0
0
0
0
0
0
0
0
1.60428e-16
0
8.00315e-17
-1.74867e-13
-5.09385e-13
0
0
0
0
0
0
0
0
0
0
0
2.95303e-16
-1.46333e-16
0
0
0
0
0
0
0
0
0
0
-2.16957e-17
0
2.65478e-18
-8.00792e-12
-4.88856e-12
0
1.50807e-15
1.21414e-32
0
0
-2.68849e-17
-1.23578e-16
-6.49199e-16
0
-3.71776e-15
0
0
0
0
0
0
0
0
0
0
0
5.8254e-17
8.99418e-16
0
-1.0323e-13
0
0
0
7.11255e-13
-1.93125e-12
2.24897e-13
0
0
0
0
0
0
-1.84342e-15
1.71371e-16
0
0
0
0
0
0
0
0
0
0
0
0
0
0
0
0
0
0
0
0
7.11127e-13
3.54794e-13
0
0
0
0
0
0
0
-3.12119e-16
0
0
0
0
4.80864e-13
-4.17441e-12
0
0
0
0
0
0
0
0
2.74158e-16
-3.3321e-18
0
0
0
0
-8.81463e-18
2.12039e-17
0
0
-2.28908e-17
5.13336e-18
6.03872e-16
0
0
0
0
0
0
2.34796e-13
-8.52061e-14
-2.29069e-13
0
0
0
0
0
0
0
0
0
0
0
0
0
0
0
0
0
0
0
4.03077e-12
-2.38358e-11
0
0
0
0
0
0
0
0
0
0
0
0
0
0
0
1.15348e-11
-1.75847e-07
1.61281e-07
0
0
-1.75105e-13
-1.5547e-12
1.34637e-15
3.11395e-16
0
0
0
0
0
0
0
0
0
0
0
0
0
0
0
0
0
0
0
0
0
0
0
0
0
0
0
0
0
0
0
0
-2.9063e-16
-3.68362e-16
0
0
0
0
0
0
1.0123e-16
-4.2885e-16
0
0
0
0
0
0
0
0
0
0
0
0
0
0
0
0
0
0
0
0
0
0
0
0
0
0
0
0
-3.66014e-13
0
0
0
0
1.99154e-12
0
-1.68207e-13
0
0
-3.76135e-16
2.1511e-16
0
-4.27943e-13
7.75578e-17
-1.62485e-15
0
0
0
0
0
0
0
0
0
0
0
0
0
0
-2.46464e-18
0
0
0
0
0
0
0
0
0
0
0
0
0
0
0
0
0
0
0
0
0
0
0
0
0
0
-4.04714e-33
0
0
0
0
0
0
0
0
-1.22502e-13
1.10913e-12
0
0
0
0
0
-1.38917e-12
-3.65231e-19
-6.25766e-13
0
0
0
0
0
0
0
0
0
0
0
0
0
0
0
0
0
0
0
0
0
0
0
0
3.33763e-13
0
-1.23998e-12
0
0
0
0
0
0
0
0
0
0
0
0
0
0
0
0
0
0
0
0
0
0
0
0
0
0
1.54602e-15
-6.74775e-17
0
0
0
0
0
0
0
0
0
0
0
0
0
0
0
0
0
0
0
0
0
0
0
0
0
0
0
0
0
0
0
0
0
0
0
0
0
0
0
0
0
0
0
0
0
0
0
0
0
0
0
0
0
0
0
0
-9.72615e-13
0
0
0
0
0
0
0
0
0
-1.41767e-13
-1.55467e-12
0
0
-1.17019e-12
-9.17297e-13
0
0
0
0
0
0
0
0
0
0
0
0
0
6.08826e-18
-1.48735e-18
0
0
0
0
0
0
-1.19983e-16
0
0
2.03031e-13
-4.35064e-14
-2.49396e-13
0
0
0
-4.96399e-13
-8.71002e-13
-8.06335e-16
0
0
0
0
0
0
0
2.53028e-16
0
-8.92529e-17
0
0
0
0
0
0
0
0
0
0
0
0
0
0
0
0
0
0
0
0
1.79585e-16
0
0
0
0
0
0
0
0
0
0
0
0
0
0
0
0
0
0
0
0
0
0
0
2.14606e-14
-2.17091e-16
0
0
0
0
0
0
0
0
0
0
0
0
0
0
-3.51331e-18
0
0
0
0
0
0
0
0
0
0
0
0
0
0
0
0
0
0
0
0
0
0
0
0
0
-8.08139e-13
0
1.1794e-17
0
0
0
0
0
0
0
0
0
0
0
0
0
0
0
0
0
0
2.10188e-12
-6.73804e-12
1.1082e-12
0
0
0
0
0
0
0
0
0
0
0
0
0
0
0
0
0
0
0
0
0
0
0
0
-1.69359e-09
4.63861e-08
0
0
0
0
0
0
4.10155e-15
0
-3.87675e-16
0
0
0
0
0
0
8.5449e-17
0
-2.75578e-15
0
0
0
0
-1.51353e-13
0
0
0
0
0
0
0
0
0
0
0
0
0
-1.23683e-12
9.95559e-16
-9.07437e-12
0
0
0
0
0
0
0
0
0
0
0
-1.87696e-12
0
0
0
0
0
0
0
0
0
0
0
0
0
0
0
0
0
0
0
0
0
0
0
0
0
0
0
3.80328e-13
-3.45842e-12
0
0
0
0
0
0
0
0
0
0
0
0
0
0
0
0
0
0
0
-2.37989e-11
0
0
3.72697e-16
0
0
0
0
0
0
0
0
0
0
0
0
0
0
0
0
0
0
0
0
0
0
0
0
0
0
0
0
0
0
0
0
0
0
0
0
0
0
0
0
0
0
0
0
5.29228e-12
2.07249e-12
-5.61638e-17
0
0
0
0
0
0
0
0
0
0
0
0
0
0
1.25757e-16
-1.98648e-15
0
0
0
0
0
0
0
1.73344e-16
0
0
0
0
0
0
0
0
0
0
0
0
0
0
0
0
0
0
0
0
0
0
0
-4.69893e-08
2.80731e-12
0
0
0
0
0
0
0
0
0
0
0
0
0
0
0
0
0
0
0
0
0
0
0
0
0
0
0
0
0
0
0
0
0
0
0
0
0
0
0
0
0
-7.20309e-13
0
0
0
0
0
-1.74805e-12
0
0
0
0
0
0
0
0
0
0
0
0
0
0
0
0
0
0
0
0
0
-4.75845e-16
0
1.14231e-15
0
0
0
0
6.81641e-16
0
-8.40901e-16
0
0
0
0
0
0
0
0
0
0
0
0
0
0
0
0
0
0
0
0
0
0
0
0
0
0
0
0
0
0
0
0
0
0
0
0
1.01403e-15
-2.49132e-15
0
0
0
0
0
0
0
0
0
0
1.96589e-17
-8.10617e-17
0
0
0
0
0
0
0
0
-5.1087e-15
0
0
0
0
0
0
0
0
0
0
0
0
0
0
0
0
0
0
0
0
0
0
0
0
0
0
0
0
0
0
0
0
0
0
0
0
0
0
0
0
0
0
0
0
0
0
0
0
0
0
0
0
0
0
0
0
0
0
0
0
0
0
0
0
0
0
0
0
0
0
0
0
0
0
0
0
0
0
0
0
0
0
0
0
6.35645e-13
4.89376e-13
-2.2553e-12
0
0
0
0
0
0
0
-5.83536e-17
-1.77543e-13
0
0
0
0
0
0
0
0
0
0
0
0
0
3.23806e-14
-1.05664e-14
0
0
0
0
0
0
0
0
0
0
0
0
0
0
0
0
0
0
0
0
0
0
1.36745e-16
-1.10873e-12
-6.67356e-13
0
0
0
0
0
0
0
0
0
0
0
0
0
0
0
0
0
0
0
0
3.24302e-13
-7.38814e-14
-4.22751e-14
0
0
0
0
0
0
0
0
0
0
0
0
0
0
0
0
0
0
0
0
0
0
0
0
1.88778e-12
5.9266e-14
-2.94966e-12
0
0
0
0
0
0
0
0
0
0
0
0
1.99618e-15
2.14505e-16
0
0
0
-1.97215e-16
2.93885e-16
1.91218e-16
3.30027e-16
0
0
0
0
0
0
0
0
0
0
0
0
0
0
0
0
0
0
0
0
0
0
0
0
0
0
0
0
0
0
0
0
0
0
0
0
0
0
0
0
0
0
0
0
0
0
0
6.10885e-17
1.89076e-12
-9.62642e-12
0
0
0
0
0
0
0
0
0
6.19015e-17
-1.00849e-16
0
0
0
0
0
0
0
0
0
0
0
0
5.25364e-15
-1.09375e-15
0
1.76986e-15
0
0
0
0
0
0
0
0
0
0
0
0
0
0
0
0
-2.57448e-12
5.78139e-13
0
0
0
0
0
4.19032e-13
5.02401e-13
-1.85405e-12
0
0
0
0
0
0
0
0
0
0
0
0
0
0
0
0
0
0
0
0
0
0
0
0
0
-2.05603e-17
2.75313e-15
0
0
0
-4.81643e-15
2.81019e-15
3.57239e-16
0
0
0
2.26209e-16
0
0
0
0
0
0
0
0
0
0
-1.5436e-12
-1.34031e-13
0
0
0
0
0
0
0
0
0
0
0
0
0
-5.22719e-12
7.42868e-13
0
0
0
0
-4.59879e-16
3.92251e-16
0
0
0
-2.13125e-12
2.76759e-16
0
0
0
0
0
0
0
0
0
0
0
0
0
0
0
0
0
0
0
0
0
0
0
0
0
0
0
0
0
0
-1.25807e-16
-5.11806e-13
-4.34459e-13
0
1.02562e-16
6.93558e-16
-1.006e-14
5.82428e-17
-5.11724e-16
7.49775e-15
-5.19743e-15
0
0
0
0
-1.06538e-17
-3.56316e-16
3.14671e-17
-2.76095e-15
0
0
0
0
0
-7.27512e-13
-6.40193e-13
-5.48002e-13
0
-1.18073e-15
-3.85793e-18
0
0
0
0
0
0
0
0
0
-1.2895e-16
0
0
0
0
0
0
0
0
0
0
0
0
0
0
0
0
0
0
0
0
0
0
0
0
0
0
0
0
0
0
0
0
0
-1.05628e-12
1.21689e-18
-5.47649e-13
0
0
0
0
2.49801e-16
0
-2.27248e-16
0
0
0
0
0
0
1.68148e-16
1.89726e-16
0
0
0
0
0
0
0
0
0
0
0
0
0
0
0
0
0
0
0
0
0
0
0
0
0
0
-1.56619e-15
0
0
0
0
0
0
0
0
0
0
0
0
-1.63297e-15
0
0
0
0
0
0
0
0
0
0
0
0
0
0
0
0
0
0
0
0
0
0
0
0
0
0
0
0
0
0
0
0
0
-2.68035e-16
0
0
0
1.79181e-15
-9.01044e-16
0
0
0
0
0
0
0
0
0
0
0
0
0
0
0
0
0
0
0
0
0
3.52847e-15
0
0
0
0
0
0
0
4.7825e-14
0
0
0
0
0
0
0
0
0
0
0
0
0
0
0
0
0
0
1.56603e-16
1.35535e-15
7.20312e-18
-2.3616e-16
0
0
0
5.59048e-13
-2.07088e-12
4.69642e-13
0
0
0
0
0
3.92754e-17
0
0
0
0
0
0
0
0
0
0
0
0
-3.03265e-16
-4.09266e-16
0
0
0
0
0
0
0
0
0
0
0
0
0
0
0
0
0
0
0
0
0
4.02082e-16
-1.22767e-17
0
0
0
0
0
0
0
0
0
0
0
0
3.20533e-15
0
0
0
0
0
0
0
0
0
0
0
0
0
0
0
0
0
0
0
0
0
0
0
-3.04281e-19
0
0
0
0
0
0
0
0
0
0
0
0
0
-8.08865e-16
1.90154e-17
0
0
0
0
0
-4.30175e-13
0
0
0
0
0
0
0
0
0
0
-4.68032e-12
4.04495e-13
0
0
0
0
0
0
0
0
0
0
0
0
0
0
0
0
0
0
0
0
0
0
-2.2698e-17
8.31885e-16
0
0
0
0
0
0
0
0
0
0
0
0
0
0
0
0
0
0
0
0
0
0
0
0
0
0
0
0
0
0
0
0
0
0
2.53418e-18
0
-2.44258e-15
0
0
0
0
0
-1.00806e-11
0
0
0
0
0
0
0
0
0
0
0
0
0
-6.57446e-17
0
-4.55566e-16
0
7.60919e-16
0
0
0
0
0
0
0
0
0
0
0
0
0
0
0
0
0
0
0
0
0
0
0
0
0
0
0
0
0
0
0
0
-6.30005e-16
0
1.45735e-15
0
0
0
0
0
0
0
0
0
0
0
0
0
0
0
0
0
0
0
0
0
0
0
0
0
0
5.07454e-15
0
0
0
0
0
0
0
0
0
0
0
0
0
0
0
0
0
0
0
0
0
1.74521e-16
-4.77684e-17
0
0
0
-1.62292e-16
2.21782e-17
0
0
0
0
0
0
1.78136e-19
0
7.07104e-16
1.97713e-16
0
0
0
0
0
0
0
0
-6.63731e-13
0
0
0
0
0
0
0
0
0
0
0
0
0
0
0
0
0
0
0
0
0
0
0
-5.38921e-16
4.16046e-30
0
0
0
0
0
0
0
0
0
0
0
0
0
0
0
0
0
0
0
0
0
0
0
0
0
0
0
0
0
0
0
0
0
0
0
0
0
0
0
3.23556e-15
0
0
0
0
0
0
0
0
0
0
0
-1.70821e-15
0
0
0
0
0
0
0
0
0
0
0
0
0
0
0
0
0
3.7557e-15
-2.83254e-15
0
0
0
0
0
0
0
0
0
0
0
0
0
0
0
0
0
0
0
0
0
0
0
0
0
0
0
0
0
0
0
0
0
0
0
-2.77527e-15
7.68834e-16
0
0
0
0
0
0
0
0
-7.15672e-13
0
0
0
0
0
-1.51752e-17
0
0
0
0
0
0
0
0
0
0
6.9446e-13
-2.52135e-12
5.40538e-13
0
0
5.36385e-15
0
0
0
0
1.59353e-16
0
0
0
-1.60043e-12
0
-1.08805e-12
0
0
0
0
0
0
0
0
0
0
0
0
0
0
0
2.77142e-15
5.29135e-16
0
0
0
0
0
0
0
0
0
0
-1.00498e-16
0
0
0
0
0
0
0
0
2.71853e-12
-8.86961e-14
-4.36414e-12
0
0
0
0
0
0
0
-6.43822e-13
0
1.2824e-15
-1.46528e-17
0
0
0
0
3.83972e-15
1.33167e-16
0
0
0
-1.15863e-12
-8.749e-13
0
0
0
0
0
0
0
0
0
0
0
0
0
0
0
4.93416e-17
1.83485e-17
0
0
0
0
0
0
0
0
0
0
0
0
0
0
0
0
0
3.22506e-32
0
-1.64355e-12
0
-1.17948e-12
0
0
0
0
0
0
0
-7.26548e-13
-6.47883e-13
1.09699e-16
-3.23494e-13
-1.65194e-12
0
0
0
0
0
0
0
0
0
0
1.86236e-13
4.35589e-16
-1.48865e-12
0
0
0
0
0
0
0
0
0
0
0
0
0
0
0
0
0
0
0
0
0
0
0
0
0
0
0
0
0
0
0
0
0
0
0
0
0
2.56451e-15
-1.31423e-16
1.79396e-17
-1.44535e-12
-1.35046e-16
0
0
0
0
0
0
0
0
0
0
0
0
0
0
0
0
0
0
0
0
0
0
0
0
0
0
0
0
0
0
0
0
0
0
5.60594e-12
5.52085e-12
-2.22655e-11
1.11653e-15
-2.46776e-16
-3.87536e-15
2.41838e-16
0
0
0
1.16167e-14
-1.67448e-14
-1.43024e-13
-3.38708e-13
0
0
-1.62459e-17
-4.16389e-15
0
0
0
0
0
0
0
0
0
0
0
0
0
0
0
0
0
0
0
0
0
0
0
0
0
0
0
-2.65352e-12
6.00058e-13
0
0
0
0
0
-6.08929e-19
-2.73603e-17
0
0
6.43343e-17
5.05978e-17
-1.84307e-17
0
0
0
0
0
0
0
0
0
0
0
0
0
0
0
0
0
0
0
0
0
0
0
0
0
0
1.61483e-16
2.09116e-16
0
0
0
0
0
0
0
0
0
0
0
0
0
0
0
0
0
0
0
0
-1.81648e-15
-8.61765e-17
0
0
-9.6283e-17
0
-1.80393e-15
0
0
0
0
0
0
0
0
-1.69675e-12
0
0
0
0
0
7.52027e-16
0
0
-7.79742e-16
0
4.03954e-16
0
-6.39187e-13
0
0
0
0
0
0
0
0
0
0
0
0
0
0
0
0
0
-1.70019e-15
-1.95109e-16
5.4925e-16
0
0
0
0
0
0
0
0
0
0
0
8.58585e-13
-2.34626e-12
0
0
0
0
0
0
0
0
-6.12111e-15
1.28322e-14
0
0
0
0
0
0
0
0
0
-2.33663e-11
0
0
0
0
0
0
0
0
0
0
0
0
0
0
0
0
0
0
0
0
0
0
0
0
-2.06809e-30
1.80495e-15
0
1.1074e-16
-9.13507e-16
0
0
0
0
0
0
0
0
0
0
0
0
0
0
0
0
2.19428e-16
0
0
0
-5.89885e-17
-5.3095e-16
0
9.18481e-17
-2.90254e-17
3.18718e-18
0
0
0
0
0
0
0
0
0
0
0
0
0
0
1.46179e-15
6.6377e-16
0
0
0
0
0
0
0
0
0
0
-8.04941e-13
0
0
0
0
0
4.97643e-16
0
0
5.62438e-16
0
-4.29415e-12
6.3658e-13
0
0
0
0
0
0
0
0
0
0
0
0
0
0
0
0
0
0
0
0
0
0
0
0
0
0
0
0
0
0
0
0
0
0
0
0
0
0
0
0
0
0
0
0
0
0
0
0
0
0
0
0
0
0
0
0
0
0
5.18323e-13
3.97642e-13
-1.84313e-12
0
0
0
0
0
0
0
0
0
0
0
0
0
0
0
0
0
0
0
0
0
0
0
0
0
4.91566e-16
0
0
0
0
0
0
0
0
0
0
0
0
0
0
0
0
0
0
0
0
0
0
0
0
0
0
-7.0601e-15
0
0
-1.1513e-15
-1.65929e-17
4.00055e-16
0
0
0
0
0
0
0
0
0
0
0
0
0
0
0
0
0
0
0
0
0
0
0
0
0
0
0
0
0
-8.14153e-14
-1.7707e-13
0
0
0
0
0
3.68549e-16
-1.10698e-12
-4.55536e-16
0
0
0
0
0
0
0
0
0
0
0
0
0
1.08522e-12
-8.47788e-12
7.25974e-16
0
0
0
0
0
0
0
0
0
0
0
0
0
0
0
0
0
-1.3551e-12
0
0
0
-5.71337e-15
-4.27472e-16
0
0
0
0
0
0
0
0
0
0
0
0
0
0
0
0
0
0
0
0
0
0
0
0
0
0
0
0
1.3986e-16
7.10491e-16
0
0
0
0
0
0
0
0
0
0
5.46659e-16
0
0
0
0
0
0
0
0
0
0
0
0
1.01556e-12
-5.38144e-12
1.47745e-15
3.50962e-14
0
0
0
0
0
0
0
0
0
0
0
0
0
0
5.2372e-16
0
0
0
0
0
0
-9.53331e-17
2.56168e-16
0
9.18722e-14
-2.30169e-12
-2.59948e-15
0
1.13901e-17
0
0
0
0
0
0
0
0
0
0
-9.74847e-14
-2.92567e-12
0
0
0
0
0
0
0
0
0
0
0
0
0
0
0
0
0
0
0
0
0
0
0
0
0
0
0
3.42651e-13
-2.04629e-13
1.32766e-13
0
0
0
0
0
0
0
0
0
0
0
0
0
0
0
0
0
0
0
0
0
0
-2.83339e-15
-5.18034e-31
0
7.98027e-16
-1.03506e-30
0
0
0
0
0
0
0
6.34723e-15
-8.2015e-15
0
0
-2.86458e-15
0
0
0
0
0
0
0
0
0
0
0
0
0
0
0
0
0
0
0
0
0
0
0
3.6156e-16
0
0
0
0
0
0
0
0
0
0
0
0
4.07951e-30
-1.82677e-16
0
0
2.09165e-16
-1.44539e-15
0
0
0
0
0
0
0
0
0
0
0
0
0
0
0
0
0
0
0
0
0
0
0
0
-7.70755e-17
0
4.19622e-16
-5.22081e-31
0
0
0
-3.69654e-16
0
1.05564e-16
0
0
0
0
0
0
0
-6.39356e-16
1.01691e-15
0
0
-4.99601e-12
0
0
0
0
0
0
0
0
0
0
0
0
0
0
0
0
0
2.01225e-15
2.93237e-17
0
0
0
1.33692e-12
-2.49886e-12
0
0
0
0
0
0
0
0
0
0
0
8.11695e-15
-9.93691e-16
0
0
0
0
1.69139e-17
1.81723e-15
0
0
8.26199e-13
-2.87181e-12
6.02865e-13
0
0
0
0
0
0
0
0
0
0
0
0
0
0
0
0
0
0
1.2117e-15
0
0
0
0
0
0
0
0
0
0
0
0
0
0
0
0
-3.79861e-19
-5.3018e-17
6.43732e-17
0
0
0
0
0
0
-5.72277e-12
0
0
0
0
0
0
0
0
0
0
0
7.52182e-16
0
0
0
0
0
0
0
0
0
0
0
0
6.87954e-19
0
0
0
0
0
0
0
0
3.39678e-17
-2.28621e-16
-2.67708e-15
8.78324e-17
0
2.14329e-16
0
0
0
0
0
0
0
0
0
0
0
0
0
0
-1.73004e-16
-1.23872e-15
0
0
0
0
0
5.38908e-16
5.18265e-16
0
0
0
0
0
0
0
-1.07107e-16
0
0
0
0
0
-1.7261e-16
0
-7.97776e-12
0
0
0
0
0
4.38067e-17
0
0
0
0
0
0
0
0
0
0
0
0
0
0
0
0
0
0
0
0
0
0
3.17426e-16
0
7.50704e-16
0
0
0
0
3.39451e-17
-1.87506e-17
0
0
0
0
0
0
0
0
0
0
0
0
0
0
0
0
0
0
0
0
0
0
0
0
-1.94661e-12
0
5.10382e-15
0
5.62519e-16
2.37439e-15
0
0
1.32216e-15
1.66013e-15
0
0
0
0
0
0
0
0
0
0
0
0
0
0
0
0
0
0
0
0
0
0
2.39874e-16
-1.22228e-16
0
-5.56859e-16
0
-4.20058e-16
0
0
0
0
0
0
0
0
0
0
-2.2973e-16
0
-5.30047e-13
0
0
0
0
0
0
0
0
0
0
0
0
0
0
0
0
0
0
0
0
0
0
0
0
0
0
0
0
0
0
0
0
0
1.69644e-15
-3.08732e-15
0
0
0
0
0
2.48923e-15
0
0
0
0
0
-4.82004e-13
0
0
0
0
0
1.15123e-17
0
-1.63275e-12
-8.28165e-13
-1.10483e-16
0
0
0
0
0
0
0
0
0
0
0
0
0
0
0
0
0
0
0
0
0
0
0
0
0
0
0
0
-7.10286e-16
0
0
0
0
0
0
0
0
0
-6.08702e-16
0
0
-7.93093e-17
-2.80376e-18
0
0
0
0
0
0
0
-2.70502e-15
-1.88701e-16
0
0
0
0
0
0
0
0
0
0
0
0
0
0
0
0
0
0
0
0
2.10282e-15
0
0
0
0
0
0
0
0
0
-3.35057e-15
0
0
0
0
0
0
0
0
0
0
0
0
0
0
0
0
0
0
0
-4.80881e-12
0
0
0
0
0
0
0
0
0
0
0
0
0
0
0
0
0
0
0
0
0
0
0
0
0
0
0
0
0
0
0
0
0
0
0
0
0
-2.3607e-15
0
-6.9716e-16
0
0
0
0
0
0
0
0
0
0
0
0
0
0
0
0
0
-7.3917e-16
0
0
0
3.91014e-17
-1.12407e-15
5.01384e-17
2.92703e-16
0
0
0
0
0
0
0
0
0
0
0
-1.4581e-12
-2.78119e-16
-8.96648e-13
0
0
0
0
0
0
0
0
0
0
-2.98593e-12
4.11922e-17
-2.64025e-17
1.35189e-16
0
0
0
0
0
0
0
0
0
0
0
0
0
0
0
0
0
0
0
-1.59328e-12
2.96889e-13
0
0
0
0
0
0
0
0
0
0
0
0
0
0
0
0
0
-2.54458e-12
-6.9994e-17
-9.09925e-13
0
-7.76819e-13
0
0
0
0
0
0
0
0
0
0
0
0
0
0
0
0
0
0
0
0
0
0
0
0
0
0
0
0
0
0
0
0
0
0
0
0
0
0
0
0
0
0
0
2.08533e-16
0
0
0
0
0
0
0
0
0
0
0
0
0
0
0
0
0
0
0
0
0
0
-1.77241e-16
0
0
0
0
0
0
0
0
0
0
0
0
0
0
0
0
0
0
0
0
0
0
0
0
0
0
0
0
0
0
0
0
0
0
0
0
0
0
0
0
0
0
0
0
0
0
0
0
0
0
0
0
-2.84713e-16
0
0
0
0
0
0
0
0
0
0
0
0
0
0
0
0
0
0
0
0
0
0
0
0
0
0
0
-3.87714e-17
3.55274e-15
5.91901e-17
0
0
6.99623e-16
0
0
-1.04333e-14
0
0
0
0
0
0
0
0
0
0
-6.19226e-14
-3.75183e-12
0
-2.49601e-17
0
0
0
0
0
-2.5802e-12
0
0
0
0
0
0
0
0
0
0
0
0
0
0
0
0
1.67645e-16
3.28495e-15
0
0
0
0
0
0
0
-4.75413e-13
-6.79008e-13
0
0
0
0
0
0
0
0
0
0
0
0
0
0
0
0
0
0
0
0
0
0
0
-2.29452e-17
0
0
0
0
0
0
0
0
0
0
0
0
0
0
0
0
0
0
1.52792e-15
-1.66964e-15
0
6.41761e-15
0
0
0
0
0
0
0
0
0
0
0
0
0
-7.05278e-17
0
0
0
0
-3.74994e-13
0
0
0
-4.11678e-16
0
-1.48488e-16
5.1601e-31
0
0
0
0
2.72339e-17
0
0
3.32343e-17
-6.31911e-17
0
0
0
0
0
0
0
0
0
0
0
0
0
0
0
0
0
0
0
0
0
0
0
0
0
0
0
0
0
0
0
0
0
0
-5.62832e-16
0
0
0
0
0
0
0
0
0
0
0
0
0
0
0
0
0
0
0
0
0
0
0
0
0
0
0
0
0
-3.94474e-16
5.04018e-16
0
0
0
0
0
0
0
0
0
0
0
0
0
0
0
0
0
0
0
0
0
0
0
0
0
0
0
0
0
0
0
0
0
0
0
0
0
0
0
0
0
0
0
0
0
0
0
-1.27019e-16
-1.20249e-16
0
0
0
0
0
0
0
0
0
0
0
0
0
0
0
0
0
0
0
0
0
0
0
0
0
0
0
0
0
0
0
0
0
0
0
0
0
0
0
0
0
0
0
0
0
0
0
0
0
0
0
0
0
0
0
0
0
0
0
0
0
-5.17942e-13
0
0
0
0
0
0
0
0
0
4.01523e-16
0
0
0
-6.53023e-16
-5.52651e-16
0
0
0
0
0
0
0
0
0
0
0
0
0
-1.38358e-15
5.14837e-17
-9.19985e-17
0
9.00037e-17
0
2.94101e-16
0
-5.95898e-16
0
0
0
-3.72679e-16
0
0
-1.64268e-17
1.71909e-18
-6.25839e-16
-8.8454e-17
0
0
0
0
0
5.00233e-18
-6.38164e-16
-1.74918e-18
-1.34901e-18
0
0
0
0
0
6.62115e-18
-3.05374e-17
0
0
0
0
0
0
0
0
0
0
0
0
0
0
0
0
0
0
0
0
0
0
0
0
0
0
0
0
0
0
0
0
0
0
0
0
0
0
0
0
0
-3.53297e-16
-4.99963e-16
0
0
0
0
0
0
0
-9.3349e-18
1.45344e-15
-6.00863e-17
0
0
0
0
0
0
0
0
0
0
0
0
0
0
0
0
0
0
0
0
0
0
0
0
0
1.79554e-16
7.67361e-17
0
0
0
0
0
0
0
1.53963e-12
-3.4441e-12
0
0
0
0
0
0
0
0
0
0
0
0
0
0
0
0
0
0
0
0
0
0
0
0
0
0
0
1.24094e-18
-6.70289e-16
0
0
0
0
0
0
0
0
0
0
0
0
6.42738e-16
2.8785e-17
0
0
0
0
0
0
0
9.14618e-17
-1.07029e-16
0
0
0
0
8.54453e-16
8.55738e-18
0
0
0
0
0
0
0
0
0
0
0
0
0
0
0
0
0
0
0
0
0
0
0
0
0
0
0
0
4.71606e-08
-5.363e-13
-1.01701e-07
0
0
0
0
0
0
0
0
0
-5.02472e-16
0
0
0
0
-8.85579e-16
0
0
0
0
0
0
0
0
0
0
0
0
0
0
0
0
0
0
0
0
0
0
0
2.47972e-16
0
0
0
0
0
0
0
0
0
0
0
0
0
2.47676e-17
2.70922e-16
-8.30718e-17
0
0
0
0
0
0
0
0
0
-2.14147e-14
4.63885e-15
0
0
0
0
0
0
0
0
0
0
0
0
0
0
0
0
0
0
0
0
0
0
0
0
0
0
0
0
0
0
0
0
7.2531e-16
-1.10882e-16
0
0
0
0
0
0
0
0
0
0
0
0
0
0
0
0
0
0
0
0
0
0
0
0
0
0
0
0
0
0
0
0
0
0
0
-4.75861e-17
2.16262e-15
9.09149e-17
0
0
0
0
0
0
0
0
-3.58639e-16
0
0
0
5.13997e-18
0
0
0
0
0
0
0
0
-2.7231e-17
0
0
0
0
0
0
0
0
0
-1.73258e-18
-4.28145e-18
0
0
1.73247e-17
6.03496e-17
-5.44629e-17
0
0
0
0
0
0
0
0
0
0
0
0
0
0
0
0
0
0
0
0
0
0
0
0
0
0
0
0
0
0
0
0
0
0
0
0
0
0
0
0
0
0
0
0
0
-7.11464e-15
0
0
0
0
0
0
0
0
-6.37424e-32
0
0
0
0
0
0
0
0
0
0
0
0
2.60584e-17
0
0
0
0
0
-7.39866e-17
1.6777e-16
-2.21208e-15
0
0
0
0
0
0
0
0
0
0
0
0
0
0
0
1.18165e-16
0
0
0
0
0
0
0
0
-9.83212e-17
0
0
0
0
0
0
0
0
0
-8.28095e-18
0
0
0
0
0
0
0
0
0
0
-7.20706e-16
3.94746e-18
0
0
0
0
3.62057e-17
5.46982e-16
0
0
0
0
0
0
0
0
0
0
0
0
0
0
0
-1.91328e-15
0
6.40907e-17
0
0
0
0
0
0
0
0
0
0
0
0
0
-1.37681e-19
0
0
0
0
0
0
-2.81852e-12
1.65613e-15
0
0
0
0
0
0
0
0
0
-4.56333e-08
1.39041e-12
0
0
0
0
0
0
0
0
0
0
0
0
0
0
0
0
0
0
0
0
0
0
-1.20915e-15
0
0
0
0
0
0
3.78675e-14
0
7.14823e-15
0
0
0
0
0
0
0
0
0
0
0
-2.5185e-14
6.37994e-15
0
0
0
0
0
0
0
0
0
0
0
0
0
0
0
0
0
0
0
0
0
0
0
0
0
0
0
0
0
0
0
0
0
-4.61144e-16
0
0
0
0
0
0
0
0
0
0
2.47678e-16
5.01667e-16
0
0
0
-1.13707e-16
0
9.70911e-17
1.32208e-15
6.91467e-16
0
0
0
0
0
0
0
3.78056e-13
-8.11158e-13
0
0
0
0
0
0
0
0
3.73229e-16
0
0
0
0
0
0
0
0
0
0
0
0
0
0
-3.3139e-16
7.80253e-16
0
0
0
0
0
0
0
0
0
0
0
0
0
0
0
1.63776e-15
-1.70131e-16
0
0
0
0
0
0
0
0
0
0
-4.98188e-16
0
0
-2.22778e-15
0
0
0
0
0
0
0
0
0
0
0
-2.81533e-12
0
0
-4.72979e-17
0
0
0
0
0
0
0
0
0
0
0
0
0
0
0
2.02842e-15
0
9.00041e-17
0
0
0
0
-1.7595e-17
-1.8646e-17
6.93292e-17
0
0
0
-2.51085e-12
0
0
0
0
0
2.75996e-14
1.6196e-16
0
0
0
0
0
0
0
0
0
0
0
0
0
0
0
0
0
0
0
0
0
0
0
0
0
0
0
0
0
0
0
0
0
0
0
0
0
0
0
0
0
1.55178e-15
1.18611e-16
0
0
0
-1.03809e-30
1.63976e-15
0
0
0
0
0
0
0
-5.70667e-13
0
-2.62713e-16
0
0
0
0
0
0
0
0
0
0
0
0
0
0
0
0
0
0
0
-1.36375e-16
0
0
4.28912e-18
1.04409e-16
0
-3.28997e-17
0
0
0
0
0
-4.80556e-16
0
0
0
0
0
0
1.19191e-13
2.15821e-16
0
0
0
0
0
0
0
0
0
0
0
0
0
0
0
0
0
0
0
0
0
0
7.90524e-17
-1.83291e-16
0
0
0
0
0
0
0
0
0
0
0
0
0
0
0
0
0
0
0
0
0
0
0
1.58506e-15
-5.69784e-17
-4.95196e-16
0
0
0
0
0
0
0
0
0
0
0
0
0
0
0
0
0
0
0
0
0
0
0
0
0
0
0
0
0
0
0
0
0
0
0
0
0
0
0
0
0
0
0
0
0
0
0
0
0
0
0
0
0
0
0
0
0
0
0
0
0
0
0
0
0
0
0
0
0
0
0
0
0
1.88876e-17
0
0
0
0
0
0
0
0
0
0
6.76825e-13
-2.38345e-12
5.19913e-13
0
0
0
0
0
4.62898e-16
0
0
0
0
0
0
0
0
0
0
0
0
0
0
0
-3.74449e-14
4.29619e-14
0
0
0
0
4.78421e-16
2.08974e-16
-6.87394e-16
0
0
0
0
0
0
3.69541e-15
0
0
0
0
0
0
0
0
0
0
0
0
0
0
0
0
5.70963e-17
0
0
0
0
0
0
0
0
0
0
0
0
3.05948e-16
-3.5586e-16
0
0
0
0
0
0
0
0
0
0
0
0
0
0
0
0
0
0
0
0
0
0
0
0
-2.03783e-09
2.46629e-12
0
0
0
0
0
0
0
0
0
0
0
-6.67778e-32
0
0
0
0
0
0
1.11467e-14
4.07439e-17
0
0
0
0
0
0
0
0
0
0
0
0
0
0
0
0
0
-6.19602e-17
0
0
0
0
0
0
-1.10993e-16
0
-1.07222e-16
0
0
0
0
0
0
0
0
0
0
0
-3.00633e-15
0
0
0
0
0
0
0
0
0
0
0
0
-1.55055e-17
5.15612e-17
0
0
0
0
0
-1.2682e-16
0
0
0
0
0
0
0
0
0
0
0
0
0
0
0
0
0
0
0
-3.96186e-15
0
0
0
0
0
0
0
0
0
0
0
0
2.46546e-15
4.59951e-15
0
0
0
0
2.34256e-15
5.98319e-16
0
0
0
0
0
0
0
0
0
0
0
0
0
0
-5.97907e-17
0
0
0
0
0
0
0
0
0
0
0
0
0
0
0
0
0
0
0
0
0
0
0
0
0
0
0
0
0
0
0
0
0
0
-2.64904e-16
0
0
0
0
0
0
0
0
0
0
0
0
0
0
-5.04659e-16
-1.74946e-14
0
0
0
0
0
0
-7.97893e-16
0
0
0
0
0
0
0
0
0
0
0
0
0
0
0
0
0
0
1.86869e-16
-3.36769e-16
0
0
0
1.0484e-17
0
0
0
0
0
0
0
0
0
0
0
0
0
0
0
0
0
0
0
0
0
0
0
0
0
7.03593e-16
0
0
6.82475e-16
0
0
0
0
0
0
0
0
0
0
0
0
0
0
0
0
0
0
0
0
0
-3.77877e-15
4.32161e-15
1.37296e-15
0
0
0
0
0
0
0
0
0
0
0
0
0
0
0
0
0
0
0
0
0
0
-2.84156e-16
9.11725e-17
1.92983e-16
0
0
0
-9.49345e-17
-1.42665e-16
-1.07196e-16
0
0
0
0
0
0
0
0
0
0
0
0
0
0
0
0
-2.82164e-15
0
0
0
0
0
0
0
0
0
0
0
0
0
0
0
0
0
1.12828e-16
0
0
0
4.00088e-15
0
1.11471e-15
2.37355e-16
-7.29848e-16
0
0
0
0
0
0
0
0
0
0
0
0
0
0
0
0
0
0
0
0
0
0
0
0
-3.76984e-17
0
0
0
0
0
0
0
0
0
0
-1.12668e-15
1.03809e-30
0
0
0
0
0
0
0
0
0
0
0
0
0
0
0
0
0
0
0
0
0
0
0
0
0
0
0
0
0
0
0
0
0
0
0
0
0
0
0
0
0
0
-1.22973e-14
-6.89999e-15
0
0
0
-5.80954e-18
5.89275e-17
0
0
0
0
0
0
0
0
0
0
0
0
0
0
0
0
0
0
0
0
0
5.86207e-15
-2.71205e-15
0
0
0
0
0
0
0
0
0
0
0
0
0
1.45636e-15
0
0
-4.28847e-16
1.90514e-15
0
0
0
0
0
0
0
0
0
0
0
0
0
-2.50005e-16
0
0
0
0
0
0
0
0
0
-2.81209e-15
-1.38028e-16
-5.71456e-16
0
0
1.11185e-15
1.15411e-15
0
0
0
0
0
0
0
0
0
0
0
0
0
0
0
0
0
0
-1.39719e-16
0
0
0
0
0
0
0
0
0
0
0
0
0
0
3.15156e-16
-5.64732e-17
0
0
0
0
0
0
0
0
0
-1.64262e-16
1.1918e-16
0
0
0
0
0
0
0
0
0
0
0
0
0
0
0
0
0
0
0
0
0
0
0
0
0
0
0
0
0
0
0
0
0
0
0
0
0
0
0
0
0
0
0
0
0
0
0
0
0
0
0
0
0
0
0
0
0
0
0
0
0
0
0
0
0
0
0
0
0
0
0
0
0
-1.43789e-16
6.56479e-16
0
0
0
0
2.64943e-16
-5.81757e-16
0
0
0
0
0
0
0
-1.57953e-15
-2.60759e-16
0
0
0
0
0
0
0
0
0
0
0
0
0
0
0
0
0
0
0
0
0
0
0
0
0
0
0
0
0
0
0
0
0
0
0
0
0
0
0
0
0
0
0
0
0
0
0
0
0
0
0
0
0
0
0
0
0
0
0
0
0
0
0
0
0
0
0
0
0
0
4.91001e-15
-7.80882e-15
0
0
0
0
0
0
0
0
0
0
0
0
0
0
0
0
0
0
0
0
0
0
0
0
0
0
0
0
0
0
0
0
0
0
0
0
0
0
0
0
0
0
0
0
0
0
0
0
0
0
0
0
0
0
0
0
0
0
0
0
0
0
0
0
0
0
0
0
0
0
0
0
0
0
0
0
0
0
2.84249e-16
0
0
0
0
0
0
0
0
0
0
0
4.72311e-16
3.75364e-17
0
0
0
0
0
0
0
0
0
0
0
0
0
0
0
0
0
0
0
0
0
0
-1.53605e-16
2.73307e-16
0
0
0
0
0
0
0
0
0
0
0
0
0
0
0
0
0
0
0
0
0
0
0
0
0
0
0
0
0
0
0
0
0
0
0
0
0
0
0
0
0
0
0
0
0
0
0
0
0
0
0
0
0
0
0
0
0
0
0
0
0
0
0
0
0
0
0
0
0
0
0
0
0
0
0
0
0
0
0
0
0
0
0
0
0
0
0
0
0
0
0
0
0
0
0
0
0
0
0
0
0
0
0
0
0
0
0
0
0
0
0
0
0
0
0
0
0
0
0
0
0
0
0
0
0
0
0
-1.6117e-16
5.99105e-17
0
0
0
0
0
0
0
0
0
0
0
0
0
0
0
2.3786e-16
1.18711e-16
9.55512e-16
-9.41366e-17
0
1.34579e-17
-1.06339e-16
0
0
0
0
0
0
0
0
0
0
1.28494e-16
-8.22391e-17
0
0
0
0
0
0
0
0
0
0
0
0
0
0
0
0
0
0
0
0
0
0
0
0
0
0
0
6.37424e-32
0
1.23163e-16
0
0
0
0
0
0
1.37635e-16
-1.54903e-17
0
0
0
0
0
0
0
0
3.14275e-17
0
0
0
0
0
0
0
3.67691e-15
0
0
0
0
0
0
0
0
0
0
0
0
0
0
0
0
-1.35462e-17
0
5.11746e-16
0
0
0
0
0
-1.65723e-17
1.0626e-16
0
0
0
0
0
0
0
0
0
0
0
0
0
0
7.02482e-16
0
0
0
0
0
0
0
0
0
0
0
0
0
0
0
0
0
0
0
0
0
0
0
0
0
0
0
0
0
0
0
0
0
0
0
0
0
0
0
0
1.05746e-15
-9.87317e-16
5.02172e-16
0
0
0
0
0
0
0
0
0
0
0
0
0
0
0
0
0
0
0
-3.81305e-16
1.38824e-17
0
0
0
0
-1.48213e-14
3.46997e-15
0
0
0
0
0
0
-1.86165e-16
0
0
0
0
0
0
0
0
0
0
0
0
0
0
0
0
0
0
0
0
0
0
0
0
0
0
-4.56287e-17
0
0
0
0
0
0
0
0
0
0
0
9.20751e-17
-2.77504e-16
0
0
0
0
0
0
0
0
0
0
0
0
0
-2.45381e-16
0
0
0
2.21227e-16
0
0
0
0
0
0
0
0
5.35461e-16
1.46909e-16
0
0
0
0
0
0
0
0
0
0
0
0
0
0
0
0
0
0
0
0
0
0
0
0
0
0
-3.592e-17
0
0
0
0
0
-6.78516e-15
-1.3315e-16
0
-1.20314e-15
3.55537e-17
-2.39433e-16
0
0
0
0
0
0
0
0
0
0
0
0
0
0
0
0
0
0
0
0
0
0
0
0
0
0
0
0
0
0
0
0
0
0
0
0
0
0
0
0
0
0
0
0
0
0
0
0
0
0
0
0
0
0
0
0
0
1.57659e-12
3.18893e-08
0
0
0
0
0
0
0
0
0
0
0
0
0
0
0
0
0
0
3.45339e-17
2.21e-15
-1.72787e-17
0
-1.78951e-16
0
0
0
0
0
0
0
0
0
0
0
0
0
0
0
0
0
0
0
0
0
0
0
0
0
0
0
0
0
0
0
0
0
0
0
0
0
0
0
0
0
0
0
0
0
0
0
0
0
0
0
0
0
0
0
0
0
0
0
0
0
0
0
0
0
0
0
0
0
0
0
0
-6.75052e-15
0
0
0
0
0
0
0
0
-1.85136e-16
-8.3934e-18
5.96971e-17
0
0
0
0
0
0
0
0
0
0
0
0
0
0
0
0
0
0
0
0
0
0
0
0
0
0
0
0
0
0
0
0
0
0
0
0
0
0
0
0
0
0
0
0
0
0
0
0
0
0
0
0
0
0
-4.54127e-18
0
1.43856e-17
0
0
0
0
0
0
0
0
1.22143e-15
0
0
0
0
0
0
0
0
0
0
0
0
0
0
0
0
0
0
0
0
0
0
0
0
0
0
0
0
0
0
0
0
0
0
0
0
0
0
0
0
0
0
0
1.38474e-17
0
1.59488e-17
0
0
0
0
0
0
0
0
0
0
0
0
0
-4.16805e-16
0
0
-5.5564e-16
0
0
0
0
0
0
0
0
0
0
0
0
0
0
0
0
0
0
1.58622e-16
0
0
0
0
0
0
0
0
1.25643e-16
3.46232e-16
-7.64591e-17
0
0
0
0
0
0
0
4.76037e-16
0
0
0
0
0
0
0
0
0
0
0
0
0
0
0
7.41741e-16
0
0
0
0
0
0
0
0
0
0
0
0
-2.27833e-13
0
0
0
0
0
0
0
0
0
0
0
1.34932e-15
0
0
0
0
0
0
0
0
0
0
0
0
0
0
0
0
0
0
0
0
0
0
0
0
0
0
0
0
0
0
0
0
0
0
0
0
0
1.6057e-16
0
0
0
0
0
0
0
0
0
0
0
0
0
0
0
0
0
-5.04915e-16
0
0
0
0
0
0
0
0
0
0
0
0
0
0
0
0
0
0
0
0
0
0
0
0
0
0
0
0
0
0
0
0
0
0
0
0
0
0
0
0
0
0
0
0
0
0
-1.77757e-17
0
0
0
0
0
0
0
0
0
0
0
0
0
0
0
0
0
0
0
0
0
2.74544e-15
0
0
0
0
0
0
0
0
0
0
0
0
0
0
0
0
0
0
0
0
0
0
0
0
0
0
0
0
0
0
0
0
0
0
0
0
0
0
0
0
0
0
0
0
0
0
0
0
0
0
0
0
0
0
0
0
0
0
0
0
0
0
0
0
0
0
0
0
0
0
0
0
0
0
0
0
0
0
0
0
0
0
0
0
0
0
0
0
0
0
0
0
0
-2.661e-17
0
0
0
0
0
0
0
0
0
0
0
0
0
0
0
0
0
0
0
0
0
0
0
0
0
0
0
0
0
0
0
0
0
0
0
0
0
0
0
0
0
0
0
0
0
0
0
0
0
0
0
0
0
0
0
0
5.11404e-16
-8.93889e-17
0
0
2.62593e-16
-4.12656e-16
0
0
0
-6.0096e-17
0
0
0
0
0
0
0
0
0
0
0
0
0
2.17319e-15
1.43665e-18
0
0
0
0
0
0
0
0
0
0
0
0
0
0
0
0
0
0
0
0
0
0
0
0
0
0
0
0
0
0
0
0
0
0
0
0
-7.51672e-16
0
0
0
0
0
0
0
0
0
0
0
0
0
0
0
0
0
0
0
0
0
0
0
0
1.5339e-17
0
0
0
0
0
0
0
0
0
0
0
0
0
-1.22039e-16
0
0
-4.63606e-17
0
0
0
0
0
0
0
0
4.41336e-15
0
0
0
0
0
0
0
-1.24126e-14
6.26457e-15
0
0
0
0
0
0
0
0
0
0
0
0
0
0
0
0
0
0
0
0
0
0
0
0
0
0
0
0
4.21125e-16
0
0
0
0
0
0
0
0
0
0
0
0
0
0
0
0
0
0
0
0
0
0
0
0
0
0
0
0
0
0
0
0
0
0
0
0
0
0
0
0
0
0
0
1.79894e-14
0
0
0
0
0
0
0
0
0
0
0
0
0
-3.59518e-14
0
0
0
0
-1.03581e-30
0
0
0
0
-8.56635e-15
-2.1421e-15
0
0
3.43874e-16
-2.83834e-17
5.57545e-16
0
0
0
0
0
0
0
0
0
0
0
0
0
0
0
2.05726e-16
0
-2.94355e-16
0
0
0
-1.96027e-15
2.22249e-15
0
0
0
0
0
0
0
0
0
0
0
0
0
0
0
0
0
0
0
0
0
0
0
0
0
0
0
0
0
0
0
0
0
0
0
0
0
0
0
0
0
-2.35885e-15
0
0
0
0
0
0
0
0
0
8.09823e-17
0
0
0
0
-3.80139e-16
0
0
0
0
0
0
0
0
0
0
0
0
0
0
0
0
0
0
0
-2.91534e-15
1.81842e-15
-8.47441e-17
0
0
0
0
0
0
0
0
0
0
0
0
0
0
0
0
0
0
0
0
0
0
0
0
0
0
0
0
0
0
0
0
0
0
0
0
3.81024e-15
9.664e-16
0
0
0
0
0
0
0
0
0
0
0
0
0
0
0
0
0
0
0
0
0
0
0
0
0
0
0
0
0
0
0
-1.30915e-16
7.19024e-18
-1.51834e-14
0
0
0
0
0
-2.82595e-19
-9.60221e-15
0
0
0
0
0
0
0
0
0
0
0
0
0
0
0
0
0
0
0
0
0
0
0
0
0
0
0
0
1.45862e-15
6.22791e-16
0
0
0
0
0
0
0
0
0
0
0
0
0
0
0
0
0
0
0
0
0
0
0
0
2.53838e-16
-2.04825e-16
-1.2545e-14
0
0
0
0
-1.53799e-15
3.18147e-16
0
0
0
0
0
0
0
0
0
0
-8.08695e-17
0
0
0
0
0
0
0
0
0
0
0
0
0
0
0
0
0
0
0
0
0
0
0
0
-5.993e-15
-1.48686e-16
0
0
0
-1.59575e-16
0
0
0
0
0
0
0
0
0
0
0
0
0
0
0
0
0
0
0
0
0
0
0
0
0
0
0
0
0
0
0
1.56523e-16
0
-2.48167e-16
0
0
0
0
0
0
0
0
-7.20395e-13
-2.02629e-11
0
0
0
0
0
0
0
0
0
0
0
0
0
0
0
0
0
0
0
0
0
0
0
0
0
0
0
0
0
0
0
0
-6.85514e-15
-9.23755e-16
0
0
0
0
0
0
0
0
9.42599e-16
-2.18738e-12
-8.54856e-12
0
0
-5.21575e-15
0
0
0
0
0
0
0
0
0
0
0
0
0
0
0
0
0
0
0
0
5.12376e-15
0
0
0
0
0
0
0
0
0
0
0
0
0
0
0
0
0
0
0
0
0
0
0
0
0
0
0
0
0
0
0
0
0
0
0
0
0
0
0
0
0
0
0
0
0
0
0
0
0
0
0
0
0
0
0
0
0
0
0
0
0
0
0
0
0
0
-2.40738e-16
0
1.57895e-15
-1.33266e-15
0
0
0
0
0
0
0
0
0
0
0
0
0
0
0
0
0
0
1.44823e-15
-7.12997e-16
-1.64038e-15
0
1.21041e-15
0
0
0
0
0
0
0
0
0
0
0
0
0
0
0
0
0
0
0
0
1.83608e-16
0
0
0
-3.13851e-15
4.22086e-15
0
0
0
-1.34371e-14
-2.78022e-14
-7.0999e-16
0
0
7.39314e-15
3.1065e-15
0
0
0
6.12582e-16
0
0
0
0
0
0
0
0
0
0
0
0
0
0
0
0
0
0
2.20301e-15
0
0
0
0
0
0
0
0
0
0
0
0
0
0
0
0
0
0
0
0
0
-6.79839e-16
0
0
0
0
0
0
0
0
0
0
0
0
0
0
0
0
0
0
0
0
0
0
0
0
0
0
0
0
0
0
0
0
0
0
0
0
0
0
0
0
0
0
-5.51854e-12
0
0
0
0
0
0
0
0
0
0
0
-2.2285e-17
1.37809e-15
0
0
0
0
0
0
0
0
0
0
0
0
0
0
0
0
0
0
0
0
0
0
0
0
0
0
0
0
0
0
0
0
0
0
0
0
0
0
0
0
-9.44975e-13
1.25037e-16
-6.45176e-13
0
0
0
0
0
0
0
-3.01735e-16
-8.41571e-15
0
0
0
0
0
1.03023e-16
-1.00288e-16
0
0
0
0
0
0
0
0
0
0
0
0
0
0
0
0
0
0
0
0
0
0
0
1.46088e-18
0
-2.5517e-16
0
0
0
0
5.40855e-17
0
0
0
0
0
-5.66199e-17
0
0
0
0
0
0
0
0
0
0
0
0
0
0
-5.51951e-16
-2.74044e-16
0
0
0
0
0
0
0
0
0
0
0
0
0
0
0
0
0
0
0
0
0
0
0
1.62747e-15
0
0
2.55895e-15
0
0
0
0
0
0
0
0
0
0
0
0
0
0
0
0
0
0
0
0
0
0
0
0
0
0
0
0
0
0
-7.53983e-17
0
0
0
0
0
0
0
0
0
0
0
-1.35608e-17
0
0
0
0
0
0
0
0
0
0
0
0
0
0
0
0
9.2151e-17
0
0
0
0
0
-2.34622e-16
0
0
0
0
0
0
0
0
0
0
0
0
0
0
0
0
0
0
1.17e-16
0
0
0
0
0
0
0
0
0
0
0
0
0
0
0
0
0
0
0
0
0
0
0
0
0
0
0
0
0
0
0
0
0
0
0
5.6972e-17
-1.11409e-15
0
8.9596e-17
-4.91163e-17
0
0
0
0
0
0
0
0
0
0
0
0
0
0
0
0
0
0
0
2.15758e-12
0
0
0
0
0
0
0
0
0
0
0
0
0
0
0
0
0
0
0
0
0
0
0
0
0
0
0
0
0
0
0
0
0
0
0
0
0
0
0
0
0
0
0
0
0
0
2.5589e-16
0
0
0
0
6.31561e-16
0
0
0
0
0
0
0
0
0
0
0
0
0
0
0
0
7.27768e-16
6.40946e-16
0
0
0
0
0
0
0
0
0
0
0
0
0
0
0
0
0
0
0
0
0
0
0
0
0
0
0
0
0
0
0
0
0
0
0
0
0
-1.12828e-16
3.47231e-18
0
0
0
0
0
-4.17765e-15
0
0
0
0
0
0
0
0
0
0
0
0
0
0
0
0
0
-3.71027e-16
0
0
0
0
0
0
0
0
0
0
0
0
0
-5.85849e-17
0
0
0
0
0
0
0
0
0
0
0
0
0
0
0
0
0
-8.00317e-16
0
0
0
0
0
0
0
0
0
0
3.66065e-15
0
-1.2967e-15
0
0
0
0
0
0
0
0
0
0
0
0
0
0
0
0
0
0
0
0
0
0
0
1.87948e-15
0
0
0
0
0
0
0
0
0
0
0
0
0
0
0
0
0
0
0
0
0
0
0
0
0
0
0
0
0
0
0
0
0
0
0
0
0
0
0
0
0
0
0
0
0
0
0
0
0
0
0
0
0
0
0
0
5.22081e-31
6.28607e-17
-3.96128e-17
0
0
0
0
0
0
0
3.32672e-15
0
0
0
6.72426e-16
0
0
0
0
0
0
3.76612e-15
0
0
0
0
0
0
0
0
1.37626e-15
0
0
0
0
0
0
0
0
0
0
0
0
0
0
0
0
0
0
0
0
0
0
0
0
-1.24704e-15
0
0
0
0
0
0
0
0
0
0
0
0
0
0
0
0
0
0
0
0
0
0
0
0
0
0
0
0
0
0
0
1.12712e-16
1.0024e-16
0
0
0
0
0
0
-3.52789e-19
3.87201e-17
0
0
0
0
0
0
0
0
0
0
0
0
0
0
0
0
0
0
0
0
0
0
0
0
0
0
0
0
0
0
0
1.21005e-14
0
0
0
0
0
0
0
0
0
0
0
0
0
0
1.09295e-16
0
0
9.74341e-17
-3.17783e-15
0
0
0
0
0
0
0
0
0
0
0
0
0
0
0
0
0
0
0
0
0
0
0
0
0
0
0
0
0
0
0
0
0
0
0
0
0
0
0
0
0
0
0
0
0
0
0
0
0
0
0
-1.25998e-16
2.77063e-16
0
0
0
0
0
0
8.85556e-16
-2.52269e-15
0
0
0
0
0
0
0
0
0
0
0
0
0
0
0
0
0
0
0
0
0
0
0
0
0
0
0
0
0
0
0
0
0
0
0
0
0
0
0
0
0
0
0
0
0
0
0
0
0
0
0
0
0
0
2.77193e-17
0
0
0
0
0
0
0
0
0
0
0
0
-1.04181e-14
0
0
0
0
0
0
0
0
0
0
0
0
0
-2.70102e-16
0
0
0
0
0
0
0
0
0
0
0
0
-6.86238e-16
0
0
0
0
0
0
0
0
0
0
0
0
0
0
0
0
0
0
0
0
0
0
0
0
0
0
0
0
0
0
0
0
0
0
0
0
0
0
0
0
0
0
0
7.60318e-18
-3.44717e-17
0
0
0
0
0
0
0
0
0
0
0
0
0
0
0
0
0
0
0
0
0
0
0
0
0
0
0
0
0
0
0
0
0
0
0
0
-4.67344e-15
0
0
0
0
0
0
0
1.663e-16
3.73766e-17
0
0
0
0
0
0
0
0
0
0
2.38063e-16
-8.44765e-17
0
0
0
0
0
0
0
0
0
0
0
0
0
0
0
0
0
0
0
0
0
0
0
0
0
0
0
0
0
0
0
0
0
0
0
0
0
0
0
0
0
0
0
0
0
0
0
0
0
0
0
0
1.93185e-15
0
0
0
0
3.35613e-16
0
0
0
0
0
0
0
0
0
0
0
0
0
0
0
0
0
0
0
0
0
0
0
0
0
0
0
0
0
0
0
0
0
0
0
0
0
0
0
0
0
0
0
0
0
0
0
0
0
0
0
0
0
0
0
0
0
0
0
0
0
0
0
0
0
-2.90246e-17
0
0
0
0
0
0
0
0
0
0
0
0
0
0
0
0
0
0
0
0
0
0
0
0
0
0
0
0
0
0
0
0
0
0
0
0
0
0
0
0
0
0
0
0
0
0
0
0
0
0
0
0
0
0
0
0
0
0
0
0
0
1.83325e-16
0
-2.06404e-30
0
0
0
2.27193e-16
0
0
0
0
0
0
0
0
0
2.45637e-17
0
-6.4111e-17
0
0
0
0
0
0
0
0
0
0
0
0
0
0
0
0
0
0
0
0
0
0
0
0
0
0
0
0
0
0
0
0
0
0
0
0
0
0
0
0
0
0
0
0
0
0
0
0
0
0
0
0
0
0
0
0
0
0
0
0
0
0
0
0
0
0
0
0
0
0
0
0
0
0
9.09922e-16
0
0
0
0
0
0
0
0
0
0
0
0
0
0
0
0
0
0
0
0
0
0
0
0
0
0
0
0
0
0
0
0
0
0
0
0
0
-1.7177e-16
-5.34566e-17
0
0
0
0
0
0
0
0
0
0
0
0
0
0
0
0
0
0
0
0
0
0
0
0
0
0
0
0
0
0
0
0
0
0
0
-2.00621e-15
0
0
0
0
0
0
0
0
0
0
0
0
0
0
0
0
0
0
0
0
0
0
0
0
0
0
0
0
0
0
0
1.27782e-16
-3.9391e-17
0
0
1.80386e-15
0
0
0
0
0
0
0
0
0
0
0
0
0
0
0
0
0
0
0
0
0
1.04497e-17
0
0
0
0
0
0
-5.34038e-16
0
0
0
0
0
0
0
0
0
0
0
0
0
0
0
0
0
0
0
0
0
0
0
0
0
0
0
0
0
0
0
0
-3.91502e-16
-1.36725e-16
0
0
0
0
0
0
0
0
0
0
0
0
0
0
0
0
0
0
0
0
0
0
0
0
0
0
0
0
0
0
0
0
0
0
0
0
0
0
0
0
0
0
0
0
0
8.77557e-17
0
0
0
0
0
0
0
0
0
0
0
0
0
1.82084e-15
0
0
0
0
0
0
0
0
7.03175e-13
-2.29402e-12
-1.24503e-16
9.12697e-16
0
0
0
0
0
0
0
0
0
0
0
0
0
0
0
0
0
0
0
0
0
0
0
0
0
0
0
0
0
0
0
0
0
0
0
0
0
0
0
0
0
0
0
0
0
0
0
0
0
0
0
0
0
0
0
0
0
0
0
0
0
0
0
0
0
0
0
0
0
0
0
0
0
0
0
0
0
0
0
0
0
0
0
0
0
0
0
0
0
0
0
0
0
0
0
0
0
0
0
0
0
0
0
0
0
8.27207e-16
2.40309e-17
0
0
0
0
0
0
0
0
0
4.81702e-16
-6.03863e-16
0
0
0
0
0
0
0
0
0
0
0
0
0
0
1.03613e-15
0
0
0
0
0
0
0
0
0
0
0
0
0
0
0
0
0
0
0
0
0
0
0
0
0
0
0
0
0
0
0
0
0
0
-1.13223e-15
0
0
0
0
0
-3.40895e-12
0
0
0
0
0
0
0
0
-2.58324e-15
0
0
0
0
-4.66208e-17
0
0
0
0
0
0
0
0
7.17087e-15
0
0
0
0
0
0
0
0
0
0
0
0
0
0
0
0
0
0
0
0
0
0
0
0
0
0
0
0
0
0
0
0
0
0
0
0
0
0
0
0
0
0
0
-1.85084e-14
0
0
1.26011e-15
-4.33101e-17
0
0
0
0
0
0
0
0
0
0
-1.34151e-12
0
0
0
0
0
0
0
0
0
0
0
0
0
0
0
0
0
0
0
0
0
0
0
0
0
0
0
0
0
0
4.38289e-16
0
-4.36909e-16
0
0
0
0
0
0
0
0
0
0
0
0
0
0
0
0
0
0
0
0
0
0
0
0
0
0
0
0
0
0
0
0
0
0
0
0
0
0
0
1.16531e-15
0
0
0
0
0
0
0
0
0
0
0
0
0
0
0
0
0
0
0
0
0
0
0
0
0
0
0
0
0
0
0
0
0
0
0
0
0
0
0
0
0
0
0
0
7.16243e-18
0
0
0
0
0
0
0
0
0
0
0
0
0
4.01152e-17
-5.91347e-17
0
0
0
0
0
0
0
0
0
0
0
0
0
0
0
0
0
0
0
0
0
0
0
0
0
0
0
0
0
0
0
0
0
0
0
0
0
0
0
0
0
0
1.93937e-14
1.58501e-15
0
0
1.13774e-16
0
0
0
0
0
0
0
0
0
0
0
0
0
-8.61324e-16
-3.25653e-16
0
0
0
0
0
0
0
0
0
0
0
1.30182e-14
0
0
0
0
0
0
0
0
0
0
0
0
0
0
0
0
0
0
0
0
0
0
0
0
0
0
0
0
0
0
0
0
0
0
0
0
0
0
0
0
0
0
0
0
0
0
0
0
0
0
-1.33086e-15
0
0
0
0
0
0
0
0
0
0
0
-7.8141e-16
0
3.64943e-18
0
0
0
0
0
0
0
0
0
0
0
-6.65085e-17
-3.26551e-16
0
0
0
0
0
0
0
0
0
0
0
0
0
0
0
0
0
0
0
0
0
0
0
0
7.723e-17
0
0
0
0
0
0
7.43108e-16
-3.10107e-16
0
0
0
0
0
0
0
0
0
0
0
0
0
0
0
0
0
0
0
0
0
0
0
0
0
0
0
0
0
0
0
-3.31637e-15
0
0
0
0
0
0
0
0
0
7.38844e-17
0
0
0
0
0
0
0
0
0
0
0
-2.90704e-16
8.60419e-16
0
0
0
0
0
0
0
0
0
0
0
0
0
0
0
0
0
0
0
0
0
0
0
0
0
0
0
0
0
0
6.99105e-16
-1.86706e-17
0
0
-7.14782e-17
0
0
0
0
0
0
0
0
0
0
0
0
0
0
0
2.89341e-16
8.50698e-18
0
0
0
0
0
0
0
0
0
0
0
0
0
0
0
0
0
0
0
0
0
0
0
0
0
0
0
0
0
0
0
0
0
0
0
0
0
0
0
0
0
0
0
0
0
0
0
0
0
0
0
0
0
0
0
0
0
0
0
0
0
0
0
0
0
0
0
0
0
0
-1.79274e-13
-4.74545e-17
-6.15568e-13
0
0
0
0
0
-3.66133e-16
0
0
0
0
0
0
0
0
0
0
0
0
0
0
0
0
0
0
0
0
0
0
0
0
0
0
0
0
0
0
0
0
0
0
0
0
0
-1.60645e-15
0
0
0
0
0
0
1.17383e-15
0
0
0
0
0
0
0
0
0
0
0
0
0
0
0
0
0
0
0
0
0
0
0
0
0
0
0
0
0
0
0
0
0
0
0
0
0
0
0
0
0
0
0
0
0
0
0
0
0
0
0
0
0
0
0
0
0
0
0
0
0
0
0
0
0
0
-6.12779e-16
0
0
0
5.70896e-17
0
0
0
0
0
-9.51862e-15
-5.67567e-17
0
0
0
0
0
0
3.83508e-17
0
0
0
0
0
0
1.25896e-15
0
0
0
0
0
0
0
0
0
0
0
0
0
0
0
0
0
0
0
0
0
0
0
0
0
0
0
0
0
0
0
0
0
0
0
0
0
0
0
0
-2.03522e-16
-9.06377e-17
0
0
0
0
0
0
0
0
0
0
0
0
0
0
0
0
0
0
0
0
0
0
0
0
0
0
0
0
0
0
0
0
0
0
0
5.38599e-17
0
0
0
0
0
0
0
0
0
0
0
0
0
0
0
0
0
-2.17875e-12
0
0
0
0
0
0
0
0
0
0
0
0
0
0
0
0
0
0
0
0
0
0
0
0
0
0
0
0
0
0
0
0
0
0
0
0
0
0
0
0
0
0
0
0
0
0
0
0
0
0
0
0
0
0
0
0
0
0
0
0
0
0
0
0
0
0
0
0
0
0
0
0
0
0
0
0
0
0
0
0
0
0
0
0
0
0
0
4.66761e-16
-5.2182e-17
0
0
0
0
0
0
0
0
0
0
0
0
0
0
0
0
0
0
0
0
0
0
6.48872e-14
0
0
0
0
0
0
0
0
0
0
0
0
0
4.78109e-15
-2.22192e-15
0
0
0
0
0
0
0
0
-1.13448e-15
0
0
0
0
0
0
0
0
0
0
0
0
0
0
0
0
0
0
0
-1.02171e-16
0
1.62301e-16
0
0
0
0
0
0
0
0
0
0
0
0
0
0
0
0
0
0
0
0
0
0
0
0
0
0
0
0
0
0
0
0
0
0
0
0
0
0
0
0
0
0
1.67096e-16
0
0
0
-4.04893e-16
0
0
0
0
0
0
0
0
0
-3.47032e-16
0
0
0
0
0
0
0
0
0
0
0
0
0
0
0
-1.12246e-16
0
0
0
0
0
0
0
0
0
-2.3479e-17
0
0
0
0
-3.69977e-16
0
0
0
0
0
0
0
0
0
0
0
0
0
0
0
0
0
0
0
0
0
0
0
0
0
0
0
0
0
0
0
0
0
0
0
0
0
0
0
0
0
0
0
0
0
0
0
0
0
0
6.63053e-13
-2.6222e-12
0
0
0
0
0
0
0
0
0
0
0
0
0
0
0
0
0
0
0
0
0
0
3.33825e-16
9.65062e-16
0
0
0
0
0
0
0
0
0
0
0
0
0
0
0
0
0
3.00152e-17
4.3515e-16
0
0
0
0
0
-4.94522e-16
2.23406e-16
-9.04546e-19
0
0
0
0
0
0
0
0
0
0
0
0
0
0
0
0
0
0
0
0
0
0
0
0
0
0
0
0
0
0
0
0
0
0
0
0
0
0
0
0
0
0
0
0
0
0
0
0
0
4.99386e-17
0
0
0
0
0
3.94405e-15
0
1.39743e-16
0
0
0
0
0
0
0
0
0
0
0
0
0
0
0
0
0
0
0
0
0
0
0
0
0
0
0
0
0
0
0
0
0
0
0
0
1.32321e-16
0
0
0
0
0
0
0
0
0
0
0
0
0
0
0
0
0
0
0
0
0
0
0
0
0
0
0
0
0
0
0
0
0
0
0
0
0
0
0
0
0
0
0
0
0
0
0
0
0
0
0
4.27513e-16
-5.99476e-16
0
0
0
0
0
0
0
0
0
0
0
0
0
3.69485e-15
0
0
0
0
0
0
0
0
0
0
0
0
0
0
0
0
0
0
0
0
0
0
-1.28085e-15
2.31795e-17
0
0
0
0
0
0
0
0
0
0
0
0
0
0
0
0
0
0
0
0
0
0
0
0
0
-1.41485e-16
-3.61947e-18
-6.25754e-16
0
0
0
0
0
0
0
0
0
0
0
0
0
0
0
4.56039e-17
0
0
0
0
0
0
0
0
0
0
-4.48514e-16
0
2.54085e-17
0
-6.00177e-18
0
0
0
0
0
0
0
0
0
0
0
0
0
0
0
0
0
0
0
0
0
0
0
0
0
0
0
0
0
0
0
0
0
0
0
0
0
0
0
0
0
0
0
0
0
0
0
0
0
0
0
0
0
0
0
0
0
0
2.81794e-17
0
0
0
0
0
0
0
0
0
4.56191e-16
-1.43597e-14
0
0
0
0
0
-1.68184e-15
0
0
0
0
0
0
0
0
0
0
0
0
0
0
0
0
0
0
0
0
0
0
0
0
0
0
0
0
0
0
0
0
0
0
0
-1.03603e-17
-8.85838e-13
-2.34279e-17
0
0
0
0
1.31519e-16
-1.88876e-15
1.43555e-15
0
0
0
0
0
0
0
0
0
0
0
0
0
0
0
0
0
0
-2.95231e-12
0
0
0
0
0
1.26981e-16
0
0
0
0
0
0
0
0
0
0
0
0
0
0
0
0
0
0
0
0
0
0
0
0
0
0
0
0
0
0
0
0
0
0
0
0
0
0
0
0
0
0
0
0
0
0
0
0
0
0
0
0
0
0
0
0
0
0
0
0
0
0
0
0
0
-1.66748e-14
5.40872e-15
0
0
0
0
0
0
0
0
0
0
0
0
1.55081e-16
5.44836e-16
0
0
0
0
0
0
0
0
0
0
0
0
0
0
0
0
0
0
0
0
0
7.39418e-17
0
0
0
0
0
0
0
0
0
0
0
0
0
0
0
0
0
0
0
0
0
0
0
0
0
0
0
0
0
0
0
0
0
0
0
0
0
0
0
0
0
0
0
0
0
0
0
0
0
0
0
0
0
0
0
0
0
0
0
0
0
0
0
0
0
0
0
0
0
0
0
0
1.23274e-16
-1.02151e-16
0
0
0
0
0
0
0
0
0
0
0
0
0
0
0
0
0
0
0
0
0
0
0
0
0
0
0
0
0
0
0
7.18276e-16
-1.10838e-15
0
0
0
0
0
0
0
0
0
0
0
0
0
0
0
0
0
0
0
1.6118e-15
0
0
0
0
0
0
0
0
0
0
0
0
0
0
0
0
0
0
0
0
0
-1.70513e-16
3.42009e-18
0
0
0
0
0
0
0
0
0
0
-2.24056e-16
0
5.91967e-16
0
-7.0439e-17
0
0
1.00046e-16
0
0
0
0
0
0
0
0
0
0
0
7.13163e-17
-9.25095e-16
0
0
0
-1.07935e-15
0
0
0
0
0
0
0
0
0
0
0
0
0
0
0
0
0
0
0
0
0
0
0
-2.01697e-13
-2.37777e-12
0
0
0
0
0
0
0
0
0
0
0
0
0
0
0
0
0
0
0
0
-1.24215e-16
8.19161e-16
0
0
0
0
0
0
0
0
0
-7.19471e-13
0
-8.82242e-13
0
0
0
0
0
0
0
0
0
0
0
0
0
0
0
0
0
0
0
0
0
0
0
0
0
0
0
0
0
0
0
0
0
0
0
0
0
0
0
0
0
0
0
0
0
7.12994e-15
0
0
0
0
0
1.30079e-16
0
0
0
0
0
0
0
0
0
-7.08569e-13
-8.34098e-13
0
0
0
0
0
0
0
0
0
0
0
0
0
0
0
0
0
0
0
0
0
0
1.60182e-14
-2.54187e-14
0
0
0
0
0
0
0
0
0
0
0
0
0
0
0
0
0
0
0
0
0
0
0
0
0
0
0
0
0
0
0
0
0
0
0
0
0
0
0
0
0
0
0
0
0
0
0
0
0
-3.3939e-16
0
0
0
0
0
0
0
0
0
0
0
0
0
0
0
1.17829e-16
0
0
0
0
0
0
0
0
0
0
0
0
0
0
0
0
0
0
0
0
0
0
0
0
0
0
0
0
0
0
0
0
0
0
0
0
0
0
0
0
0
0
0
0
0
0
0
0
0
0
0
0
0
0
0
0
0
0
0
0
0
0
0
0
0
0
0
0
0
0
0
0
0
0
0
0
0
0
0
0
0
0
0
0
0
0
0
0
0
0
0
0
0
0
0
0
0
0
0
0
0
0
0
0
0
0
0
0
0
0
0
0
0
0
0
0
0
0
0
0
0
0
0
0
0
0
0
0
0
0
0
-3.02603e-16
0
0
0
0
0
0
0
0
0
0
0
0
0
0
0
0
0
0
0
0
0
0
3.61781e-14
0
0
0
0
0
0
0
-2.79018e-16
0
0
0
0
0
0
0
0
0
0
0
0
0
0
0
0
0
0
0
0
0
0
0
0
0
0
0
0
0
0
0
0
0
0
0
0
0
0
0
0
0
0
0
0
0
0
0
0
0
0
0
0
0
0
0
0
0
0
0
0
0
0
0
0
0
0
0
0
0
0
0
0
-1.14756e-12
0
-7.61902e-13
-1.0105e-15
-3.50945e-15
-1.50993e-12
-4.94081e-13
0
0
0
0
0
0
0
0
0
0
0
0
0
0
0
0
0
0
0
0
0
0
0
0
0
0
0
0
0
0
0
0
0
0
0
0
0
0
0
0
0
0
0
0
0
0
9.42041e-19
0
0
0
0
0
0
0
0
0
0
0
0
0
0
0
0
0
0
0
0
0
0
0
0
0
0
0
0
0
0
0
0
0
0
0
0
0
0
6.06949e-16
-2.33522e-16
0
0
0
0
0
0
0
-1.68364e-14
8.09446e-15
0
0
0
0
0
0
0
0
0
0
0
0
0
0
0
0
0
0
0
0
0
1.39836e-15
0
3.99837e-14
0
0
0
0
0
0
0
0
0
1.68765e-15
4.2299e-16
0
0
0
0
0
0
0
0
0
0
0
0
0
0
0
0
0
0
-5.07385e-13
0
-4.81412e-15
4.83634e-15
0
0
0
0
0
0
0
0
0
0
0
0
0
0
0
0
-1.16585e-17
0
0
0
0
0
0
0
0
0
0
0
0
0
0
0
0
0
0
0
0
0
0
0
0
0
0
0
0
0
0
-5.77908e-13
0
0
0
0
0
8.79704e-20
0
0
0
0
0
0
0
0
0
0
0
0
0
0
0
0
0
0
0
0
0
0
0
0
0
0
0
0
0
0
0
0
0
0
0
0
0
0
0
0
0
0
0
0
0
0
0
0
0
0
0
-1.54816e-15
0
0
0
0
0
0
0
0
0
0
0
0
0
0
0
0
0
0
0
0
0
0
0
0
0
0
0
0
0
0
0
0
0
0
0
0
0
0
0
-3.52935e-17
0
0
0
0
0
0
0
0
0
2.01055e-16
0
0
0
0
0
0
0
0
0
0
0
0
0
0
0
0
0
0
0
-2.14279e-19
0
0
0
0
0
0
0
0
0
0
0
0
0
0
0
0
0
0
0
0
0
0
0
0
0
0
0
0
0
3.01122e-17
0
0
0
0
0
0
0
0
0
0
0
0
0
0
0
0
0
0
0
0
0
0
0
0
0
0
0
-1.35245e-16
0
0
0
0
0
0
0
5.3581e-17
0
0
0
0
0
0
0
0
0
0
0
0
0
0
0
0
0
0
0
0
0
0
0
0
2.77727e-16
-1.2388e-16
0
0
0
0
0
0
-3.40729e-15
-4.45769e-15
1.73084e-16
0
0
0
0
0
0
0
0
0
0
0
0
0
0
0
0
0
0
0
0
0
0
0
0
0
0
0
0
0
0
0
0
0
0
0
0
0
0
0
-1.37244e-15
0
0
0
0
0
0
0
0
0
0
0
1.35547e-15
0
0
0
0
0
0
0
0
0
-2.34069e-16
0
0
0
0
0
0
0
0
0
-2.3885e-18
0
0
0
0
0
0
0
0
0
0
0
0
0
0
0
0
0
0
0
0
0
0
0
0
0
0
0
0
0
0
0
0
0
0
0
0
0
0
0
0
0
0
0
0
0
0
0
0
0
-8.84478e-19
0
0
0
0
0
0
0
0
-1.52741e-16
-9.72292e-15
0
0
0
0
0
0
0
0
0
0
2.76716e-16
-1.93216e-15
0
0
0
0
0
0
0
0
0
0
0
0
0
0
0
0
0
0
0
0
0
0
0
0
0
0
0
0
0
0
0
0
0
0
0
0
0
0
0
0
0
0
0
0
0
0
0
0
0
0
0
0
0
0
0
0
0
0
4.36825e-16
0
0
0
0
0
0
0
0
0
0
0
0
0
0
0
0
0
0
0
0
0
0
0
0
0
0
0
0
0
0
0
0
0
0
0
0
0
0
0
0
0
0
0
0
0
0
0
0
0
0
0
0
0
0
0
0
0
0
0
0
0
0
0
0
0
0
0
0
0
0
0
0
0
0
0
0
0
0
0
0
0
0
0
0
0
0
9.90453e-17
0
0
0
0
0
0
0
0
0
3.16606e-16
0
-4.67065e-17
0
4.58065e-16
0
0
0
0
0
0
0
0
0
0
0
-2.696e-16
0
0
0
0
0
0
0
0
0
0
0
0
0
0
0
0
0
0
0
0
0
0
0
0
4.05121e-15
0
0
0
0
0
0
0
0
0
0
0
0
0
0
0
0
0
0
0
0
0
0
0
-4.02467e-12
0
0
0
0
0
0
0
0
0
0
0
0
0
0
0
0
0
0
0
0
0
0
0
0
0
0
0
0
0
0
0
0
0
0
0
0
0
0
-8.41548e-12
5.93499e-18
0
0
2.89662e-14
0
0
0
0
0
0
0
0
0
0
0
0
0
0
0
1.55587e-14
-1.45042e-14
0
0
0
0
0
0
0
-1.79106e-15
0
0
0
0
0
0
0
0
0
0
0
0
0
0
1.4773e-15
0
0
0
0
0
0
0
0
0
8.06178e-19
0
0
0
0
0
0
2.0911e-16
0
0
0
0
0
0
0
0
0
0
0
0
0
0
0
0
0
0
0
0
0
0
0
0
0
0
0
0
0
0
0
0
0
0
0
0
0
0
0
0
0
0
0
0
0
0
0
0
0
0
0
0
0
0
0
0
0
0
0
0
0
0
0
0
0
1.16313e-15
0
0
0
0
0
0
0
0
0
0
0
0
0
0
0
0
0
0
0
0
0
0
0
0
0
0
0
0
0
0
0
0
0
0
0
0
-5.78751e-12
0
0
0
0
0
0
0
-3.38074e-16
0
0
0
0
0
0
0
0
0
0
0
0
0
0
0
0
0
0
0
0
0
0
0
0
0
0
0
0
0
0
0
0
0
0
0
0
0
0
0
0
0
0
0
0
0
0
-6.42105e-18
0
0
-4.59927e-08
-7.74628e-08
4.87076e-08
8.51672e-09
6.46794e-08
5.02709e-09
7.64931e-08
5.69592e-09
1.43602e-07
4.0396e-08
1.25271e-07
7.17564e-08
-4.96916e-08
-1.78922e-08
-5.38581e-08
-6.90302e-10
9.52007e-09
-3.12114e-08
-2.83467e-08
1.96166e-08
-7.27281e-08
-4.05528e-08
-6.82626e-08
-3.48471e-08
-6.18589e-08
-2.85387e-08
-6.49871e-08
-1.23172e-08
-4.22876e-08
-2.30087e-09
-3.96542e-08
-1.92357e-08
2.07534e-08
2.72866e-08
-1.6129e-08
3.56818e-08
-1.17616e-08
3.9857e-08
-5.42158e-09
-5.58432e-11
7.85669e-08
1.39132e-08
7.82545e-08
2.46013e-08
8.44142e-08
3.11831e-08
8.82175e-08
3.76026e-08
4.32627e-08
9.52408e-08
1.20796e-07
3.01258e-08
4.10411e-08
1.20156e-07
4.71173e-08
1.26829e-07
0
0
0
0
0
0
0
0
0
0
0
0
0
0
0
0
0
0
0
0
0
0
0
0
0
0
0
0
0
0
0
0
0
-2.20084e-11
0
0
0
0
0
0
0
0
0
0
0
0
0
0
0
0
0
0
0
0
0
0
0
0
0
0
0
0
0
0
0
0
0
0
0
0
0
0
0
0
0
0
0
0
0
0
0
0
0
0
0
0
0
0
0
0
0
0
0
0
0
0
0
0
0
0
0
0
0
0
0
0
0
0
0
0
0
0
0
0
0
0
0
0
0
0
0
0
0
6.70246e-16
4.71213e-16
0
0
0
0
0
0
0
0
0
0
0
0
0
0
0
0
0
0
0
0
-1.89881e-08
2.75237e-08
2.30209e-08
-1.90736e-08
-1.27823e-08
3.42801e-08
0
0
0
0
0
-3.08834e-08
6.50527e-09
0
-1.00115e-09
3.30593e-08
0
0
0
0
0
0
0
0
4.30066e-15
-2.81152e-09
-3.92757e-08
-7.07814e-09
-4.51695e-08
0
0
0
0
0
-1.83968e-15
0
0
0
0
0
0
0
0
0
0
-1.57093e-08
-4.92918e-08
0
-7.10275e-16
0
0
0
0
0
6.51317e-09
4.814e-08
4.77705e-08
1.76384e-09
0
0
0
0
-1.13363e-08
-6.36832e-08
2.49834e-16
0
0
0
0
0
0
0
0
0
0
0
0
0
0
0
0
0
0
0
0
0
0
0
0
0
1.61273e-08
5.13904e-08
0
0
0
4.25738e-16
0
0
0
0
-3.39223e-08
-6.66413e-08
0
0
0
0
0
0
0
-3.96257e-08
-7.10928e-08
-7.1798e-08
-3.37577e-08
0
0
0
8.97737e-09
7.08963e-08
0
0
0
0
6.08824e-08
-1.42101e-09
0
0
2.38381e-08
6.65611e-08
0
0
0
0
3.89313e-17
4.43473e-16
0
0
0
0
0
0
0
0
-7.44011e-08
-4.13983e-08
0
0
0
0
0
0
0
0
0
0
0
0
2.47038e-17
6.29089e-17
-8.56645e-16
2.87487e-17
0
2.22431e-08
7.80592e-08
0
0
0
0
-4.48873e-08
-2.21864e-09
0
3.0503e-08
8.25422e-08
-3.2031e-18
0
0
0
0
0
0
0
1.7934e-08
-2.22116e-08
-7.81737e-08
8.42585e-08
3.39265e-08
3.4649e-08
8.85776e-08
-2.33081e-08
2.94245e-08
-1.27397e-08
3.1699e-08
8.97479e-08
3.85761e-08
0
0
0
0
0
0
0
0
0
0
0
0
0
0
0
0
0
0
0
-3.36047e-08
6.78795e-09
0
-3.19806e-09
3.23291e-08
1.23179e-08
-2.89928e-08
0
0
0
0
0
0
-5.25583e-09
-3.4396e-08
0
0
4.01427e-08
-6.42373e-10
-5.71532e-09
-4.39893e-08
0
0
0
0
0
0
9.68686e-08
4.41829e-08
0
0
0
0
0
0
0
-1.91403e-08
-4.34377e-08
0
0
0
0
0
0
0
0
0
0
0
2.65507e-09
4.93663e-08
0
0
-2.09149e-08
-5.17911e-08
0
0
0
0
0
0
0
0
0
-3.74681e-08
-4.81502e-08
0
0
0
4.62112e-08
1.02447e-07
0
-3.07348e-08
-6.47462e-08
0
2.216e-08
5.30313e-08
0
0
9.01389e-15
0
0
0
0
1.64117e-07
1.51196e-07
-1.50381e-07
-1.61758e-07
1.73103e-07
1.74367e-07
-1.93623e-07
-1.96396e-07
1.87432e-07
0
0
0
0
0
0
0
0
0
0
0
0
0
0
6.55548e-17
-9.14955e-15
0
0
6.19484e-16
0
0
0
0
0
6.40236e-17
-2.86699e-17
0
0
1.63668e-08
4.86688e-08
0
0
0
0
0
0
0
0
0
0
0
0
0
0
0
-3.21135e-08
-6.59105e-08
0
0
0
0
0
0
3.13653e-32
0
0
4.46491e-16
0
-3.53063e-08
-7.28073e-08
0
0
0
0
0
0
0
0
-1.49037e-16
0
0
0
1.97833e-08
5.78262e-08
0
0
0
3.69194e-08
5.11875e-08
0
0
0
0
0
0
0
0
0
0
0
0
0
0
0
0
0
0
-8.06048e-08
-3.76304e-08
0
0
0
0
0
0
0
0
0
0
0
0
0
-4.45306e-08
-8.39732e-08
3.20687e-08
6.60407e-08
0
0
0
0
4.81902e-08
9.79602e-08
0
0
0
0
0
0
0
1.23012e-07
4.07202e-08
0
0
0
0
0
0
0
0
0
0
0
0
0
0
0
0
0
2.50713e-08
8.53577e-08
0
0
0
-1.38393e-14
-5.2706e-17
0
0
0
0
0
0
0
0
-9.74098e-17
0
1.73261e-15
0
-5.4509e-08
-7.65677e-08
8.60743e-08
3.46137e-08
0
9.3572e-08
3.72658e-08
0
0
0
0
0
0
0
0
0
0
0
0
0
0
0
0
0
0
0
0
0
0
0
0
0
0
0
0
0
0
0
-3.26521e-16
0
0
0
0
0
0
-4.7743e-12
0
1.05955e-16
0
0
0
0
0
0
0
0
0
0
-8.08435e-17
-2.41044e-16
0
0
0
0
0
0
0
0
0
0
0
0
0
0
0
0
0
0
0
0
0
0
0
0
0
0
0
0
-5.74434e-13
0
0
0
-1.86412e-14
0
1.09683e-15
-7.85677e-15
1.62947e-15
-1.67214e-15
0
0
0
0
0
0
0
0
0
0
0
0
0
0
0
0
0
0
0
5.34848e-15
0
0
0
-3.00009e-12
0
0
0
9.79016e-08
4.56767e-08
0
0
0
0
0
0
0
0
0
0
0
0
0
0
-3.70551e-16
1.90198e-16
0
1.9977e-16
0
0
0
0
0
0
0
0
0
0
0
0
0
0
0
0
0
-7.01593e-16
0
0
0
0
0
0
0
0
0
0
0
0
0
0
0
0
0
0
1.26507e-07
5.0012e-08
6.44727e-08
1.17279e-07
0
0
0
0
0
0
0
-3.3937e-16
0
0
0
0
0
0
0
0
0
0
0
0
0
0
0
0
0
0
0
0
0
0
0
0
0
0
0
0
0
0
0
0
0
0
0
0
0
0
0
0
0
0
0
0
0
0
0
0
0
0
0
0
0
0
0
0
0
0
0
0
0
0
0
0
0
0
0
0
0
0
2.16727e-15
0
0
7.48628e-08
1.19677e-07
0
0
-4.40963e-15
0
0
0
0
0
0
0
0
0
0
0
0
0
0
0
0
0
0
0
0
0
0
0
0
0
0
0
0
0
0
0
0
1.73147e-14
0
0
0
0
0
0
0
0
0
0
0
0
0
0
0
0
0
0
0
0
0
0
0
0
0
0
0
-1.10443e-17
0
0
0
6.34039e-16
0
0
0
0
0
0
0
0
0
0
0
0
0
0
0
0
0
0
0
0
0
0
0
0
0
0
0
0
0
0
0
0
0
0
5.77929e-08
9.86421e-08
3.28926e-15
0
0
0
0
0
0
0
0
0
0
0
0
0
0
0
1.33541e-15
-5.53143e-15
0
0
0
0
0
2.05642e-17
2.85727e-16
0
0
0
0
0
0
0
0
5.28786e-17
0
0
0
0
0
-4.63006e-15
0
0
0
0
0
0
0
0
0
0
0
0
0
0
0
0
3.84606e-15
0
-5.23522e-17
0
0
0
0
0
0
0
0
0
0
0
0
-4.21993e-18
0
0
0
0
0
0
0
0
0
0
0
0
0
0
0
0
0
0
0
0
0
0
0
-1.20442e-12
-2.202e-13
0
0
0
0
0
0
0
1.15444e-07
5.35153e-08
0
0
0
0
0
0
0
0
0
0
0
0
7.21415e-13
6.48373e-13
0
0
0
0
0
0
0
0
0
0
0
0
0
1.54501e-15
0
0
0
0
0
0
0
0
0
0
0
0
0
0
0
0
0
0
0
0
0
0
0
0
0
0
0
0
0
0
0
0
0
0
0
0
0
0
0
0
0
0
0
0
0
0
0
0
0
0
0
0
0
0
0
0
0
0
0
0
0
0
0
0
0
0
0
0
0
-8.78121e-15
0
0
0
0
0
0
0
0
0
0
0
0
0
0
0
0
0
0
0
0
0
0
0
0
0
0
0
0
0
0
0
0
0
0
0
0
0
0
0
0
0
0
0
0
0
0
0
0
6.04133e-16
0
0
0
0
0
0
0
0
0
0
0
0
0
1.79942e-07
-1.66077e-07
1.30199e-07
6.93221e-08
0
0
0
0
0
0
0
0
0
8.81471e-16
1.99289e-16
0
2.17896e-19
1.39145e-17
0
0
0
1.1638e-07
4.99986e-08
0
0
0
0
0
0
0
0
0
0
0
0
0
0
0
0
0
0
0
0
0
0
0
0
0
0
0
0
0
0
0
0
0
0
0
0
0
0
0
0
0
0
0
0
0
0
0
0
0
0
0
0
0
0
0
0
0
0
0
0
0
0
0
0
0
0
0
0
0
0
0
0
0
0
-2.76264e-15
9.88926e-17
-4.44692e-16
0
0
0
0
0
0
0
0
-1.44786e-17
7.10258e-17
1.25902e-14
0
-1.01988e-30
-1.39805e-15
0
0
0
0
0
0
0
0
0
0
0
0
0
0
0
0
0
0
0
0
0
0
0
0
2.16331e-15
0
0
0
0
0
0
0
0
0
0
0
0
0
0
0
0
0
0
-3.77601e-15
1.81525e-15
0
0
0
0
1.96801e-07
-2.03408e-07
-2.0421e-07
2.0256e-07
0
0
0
0
-1.64715e-07
1.73571e-07
0
0
0
0
0
0
0
0
0
0
0
0
0
0
0
0
0
0
0
0
0
0
0
0
0
0
0
0
0
0
0
0
0
0
0
0
0
0
0
0
0
0
0
0
0
0
0
0
0
0
0
0
0
-4.01715e-17
0
0
0
0
0
0
0
0
0
0
0
0
0
0
0
0
0
0
0
0
0
0
0
0
0
0
0
0
-1.89541e-07
1.78153e-07
0
0
0
0
0
0
0
0
0
0
0
0
0
0
0
2.25012e-16
0
5.09939e-31
0
0
0
0
0
0
0
0
0
0
0
7.61375e-08
1.1334e-07
0
0
0
0
0
0
0
0
0
0
0
0
0
0
0
0
0
0
0
0
0
0
0
0
0
0
0
0
0
0
0
0
0
0
0
0
0
0
0
0
-1.12369e-12
1.83508e-13
0
0
0
0
0
0
0
4.3943e-15
0
0
0
0
0
0
0
0
0
0
0
0
0
0
0
0
0
0
0
0
0
0
0
0
2.69374e-14
0
0
0
0
0
0
0
0
0
0
0
0
0
0
0
0
0
-2.03194e-15
0
0
0
0
0
0
0
0
0
0
0
0
0
0
1.19151e-07
6.00227e-08
0
0
0
0
0
0
0
0
0
0
0
0
0
0
0
-2.50568e-13
-7.31254e-13
-4.71184e-08
-2.31539e-08
0
0
0
0
0
0
0
0
0
0
0
0
0
0
0
0
0
0
0
0
0
0
0
0
0
0
0
0
0
0
0
0
0
0
0
0
0
0
0
0
1.69391e-14
-6.77456e-16
0
0
0
0
6.02646e-17
0
0
0
0
0
0
0
0
0
0
0
0
0
0
0
0
0
0
0
-2.17253e-13
0
0
0
0
0
0
0
0
0
0
0
0
0
0
0
0
0
0
0
0
0
0
0
0
-5.75686e-16
0
0
0
0
0
0
0
0
0
0
0
6.83838e-08
1.23541e-07
0
0
0
0
0
0
-6.88101e-08
-5.73657e-08
0
0
0
0
-1.49258e-16
3.33883e-15
0
0
0
0
0
0
0
0
0
0
0
0
0
0
0
-5.67295e-16
1.4668e-15
0
1.06848e-16
0
0
0
0
0
0
0
0
0
0
0
0
0
0
0
0
0
0
0
0
0
0
0
0
0
0
0
4.34764e-16
0
0
0
0
0
0
0
0
0
0
0
0
0
0
0
0
0
0
0
0
0
8.02105e-17
0
0
0
0
0
0
0
0
0
0
0
0
0
0
0
0
0
0
0
0
0
0
0
0
0
0
0
0
0
0
-1.71592e-07
1.87921e-07
0
0
0
0
0
0
0
0
0
0
0
0
0
0
0
0
0
0
0
0
0
0
0
0
0
0
0
-1.80451e-14
-3.91662e-16
2.64493e-17
0
0
0
0
0
0
0
0
0
0
0
0
0
0
0
0
0
0
0
0
0
0
0
0
0
0
0
0
0
0
0
0
0
0
0
0
-1.3052e-31
9.17942e-16
0
0
0
0
0
0
0
0
0
0
0
0
0
0
1.70285e-14
-2.01615e-14
0
0
0
0
0
0
0
0
0
0
0
0
0
0
0
0
0
0
0
0
0
0
0
0
0
0
0
0
0
0
0
0
-1.13524e-15
2.50834e-15
0
0
0
0
0
0
0
0
0
1.99672e-15
1.17522e-14
0
0
0
0
0
0
0
0
0
0
0
0
0
0
0
0
0
0
0
0
0
0
0
0
0
0
0
0
0
0
0
0
0
0
0
0
0
0
0
0
-2.58005e-31
0
0
0
0
0
0
0
0
0
0
0
0
0
0
0
0
0
0
0
0
0
0
0
0
0
0
0
0
0
0
0
0
0
0
0
2.39377e-14
1.65771e-29
0
0
0
0
2.81347e-17
1.97774e-15
0
0
0
0
0
0
0
0
0
0
0
0
0
0
0
0
0
0
0
0
0
0
0
0
0
0
0
0
0
0
0
0
0
0
0
0
0
0
0
0
0
0
0
0
0
0
0
0
0
0
0
0
0
0
0
0
0
1.12361e-16
0
0
0
0
0
0
0
0
0
0
1.44235e-17
-6.49566e-31
0
0
0
0
0
0
0
0
0
0
0
0
0
-1.53132e-16
2.52904e-16
0
0
0
0
0
0
0
0
0
0
0
0
0
0
0
0
0
0
0
0
0
5.37889e-16
0
0
0
0
0
0
0
-1.44726e-16
3.62656e-17
0
0
0
0
0
0
0
0
0
0
0
0
0
0
0
0
0
0
0
0
0
0
0
0
0
0
0
0
0
0
0
0
0
0
0
0
0
0
0
0
0
0
0
0
2.41545e-12
2.81899e-12
3.33075e-12
0
0
0
0
-1.30445e-15
6.7791e-16
0
0
0
3.2234e-12
0
0
0
0
0
-1.87624e-17
0
0
0
-7.67577e-17
0
0
0
0
0
0
0
0
0
0
0
0
0
0
4.07058e-12
7.83725e-17
5.75974e-16
0
0
0
0
0
0
0
0
0
2.54968e-12
0
0
0
0
0
0
0
2.24096e-12
0
0
0
0
0
0
0
0
0
0
0
0
0
0
0
0
0
0
6.48514e-16
-2.14829e-16
0
-9.18008e-16
-5.15289e-16
0
0
0
0
1.77794e-07
-1.81778e-07
0
0
2.50378e-12
0
0
3.2534e-12
0
0
0
0
3.34205e-12
3.23397e-12
5.1381e-17
0
0
0
0
0
0
0
0
0
0
-1.88556e-07
1.9513e-07
0
0
0
1.9343e-12
0
0
0
0
0
0
0
0
0
0
0
0
0
0
3.45059e-12
0
0
0
0
0
0
0
0
0
0
0
0
0
0
0
0
0
0
0
0
0
0
0
2.1227e-12
1.30385e-07
7.1702e-08
-2.0876e-15
0
0
0
0
0
0
0
0
1.56378e-15
-2.89696e-16
0
1.00402e-15
0
3.35549e-16
1.96398e-12
0
0
6.59973e-15
0
0
0
0
0
0
0
0
0
0
0
0
0
0
0
0
0
0
0
0
0
0
2.68217e-14
0
0
0
0
0
2.34962e-13
-3.28144e-12
0
0
0
0
0
0
0
0
0
0
0
0
0
0
0
0
0
0
0
0
0
0
0
0
0
4.87015e-08
1.22726e-07
1.66051e-16
0
0
0
0
0
0
0
0
0
0
0
0
0
0
0
0
0
0
0
0
0
0
0
0
0
0
0
0
0
0
0
0
0
0
0
0
0
0
0
0
0
0
0
0
0
0
0
0
0
-1.71573e-07
1.57884e-07
0
0
0
9.82266e-13
0
0
0
0
0
0
0
0
0
0
0
0
0
0
0
0
0
0
0
0
0
0
0
0
2.07011e-30
0
4.41415e-16
0
0
0
0
0
0
0
0
0
0
3.12661e-12
0
0
0
0
0
0
0
0
0
0
3.13733e-12
0
0
0
0
0
0
0
0
0
0
0
0
0
0
0
0
0
0
0
0
0
0
0
0
0
0
0
0
4.6973e-16
-2.47876e-12
0
0
0
0
0
0
0
3.42649e-12
0
0
0
3.17208e-12
0
0
0
0
0
0
0
0
0
0
0
0
0
0
0
0
0
0
0
0
0
4.3585e-12
0
0
0
0
0
0
0
0
0
0
0
0
0
0
0
2.3455e-12
2.39579e-12
0
-1.54044e-15
4.53819e-16
-2.24009e-15
0
4.2931e-14
0
0
0
0
-5.58872e-17
0
0
0
8.12906e-18
-5.13991e-13
0
0
0
0
0
0
0
0
0
0
0
0
7.97515e-16
0
0
4.25319e-16
-7.80262e-15
0
0
0
0
0
0
0
0
0
0
0
0
0
0
0
0
0
0
0
0
0
0
0
0
0
0
0
0
0
0
0
0
0
0
0
0
0
0
0
0
0
0
0
0
0
1.2271e-16
0
0
0
0
0
0
0
0
0
0
0
0
0
0
3.09832e-14
0
0
8.33952e-18
0
0
2.57782e-12
0
0
0
0
-3.47405e-12
0
0
0
0
0
0
0
0
0
0
0
2.90381e-12
2.96097e-12
0
0
0
0
0
0
0
0
0
0
0
0
0
0
0
0
0
0
0
0
0
0
0
0
0
2.20812e-12
0
0
0
0
0
0
0
0
0
0
0
0
0
0
0
0
0
0
0
0
0
0
0
0
0
0
0
0
0
0
0
1.05738e-16
-6.80221e-13
0
0
0
0
0
0
0
0
0
0
0
3.06789e-12
0
0
0
0
0
0
0
0
0
0
0
0
0
0
0
0
0
0
0
0
0
0
0
0
0
0
0
0
0
0
0
3.27744e-12
0
0
0
0
0
0
0
0
0
0
5.67302e-12
0
1.62624e-15
0
0
0
-6.59223e-16
0
0
1.55082e-12
0
0
0
2.78687e-16
0
0
0
4.2494e-17
0
0
0
0
0
0
0
0
0
0
0
0
0
0
0
0
1.84473e-08
-2.50927e-08
0
2.15182e-12
2.10228e-12
2.00215e-12
0
9.78613e-16
3.80361e-12
0
0
0
0
0
0
0
0
4.33417e-12
0
0
0
0
0
0
0
0
0
0
0
0
0
0
0
0
0
0
0
-3.92656e-16
5.39583e-15
0
0
0
0
0
0
0
0
0
0
0
0
0
0
0
0
0
0
3.0323e-15
-1.07261e-16
0
0
0
0
0
0
0
0
0
0
0
0
0
0
0
0
0
0
0
0
0
0
0
-2.7661e-12
2.51558e-16
-5.41926e-12
0
1.1278e-16
0
0
0
0
0
0
0
0
0
0
0
0
0
0
0
0
0
0
0
0
0
0
0
0
3.00053e-12
0
0
0
0
9.01481e-17
0
1.58667e-12
0
0
0
0
0
0
0
0
0
0
0
0
0
9.07896e-15
1.39621e-16
0
0
0
0
0
0
0
1.54513e-16
-2.08249e-16
0
-1.52713e-15
0
0
0
0
0
0
0
0
0
0
0
0
0
0
0
0
0
0
0
0
0
0
0
-2.13361e-15
1.80493e-16
0
0
0
0
0
0
-2.96939e-13
1.18084e-13
0
0
0
0
0
0
0
0
0
0
0
0
0
0
0
0
0
0
0
0
0
0
0
0
-1.52466e-15
7.63968e-15
0
0
0
0
0
3.88909e-16
0
0
0
0
0
0
0
0
1.88965e-12
0
0
0
0
0
0
0
0
0
0
0
0
0
0
0
0
0
0
0
0
0
0
0
0
0
0
0
0
0
0
0
-3.93732e-16
0
0
0
0
0
0
0
0
0
0
0
0
0
0
0
0
0
0
0
0
6.31398e-13
7.80753e-13
0
0
1.35132e-15
0
0
-5.4154e-16
0
0
0
0
0
0
0
0
0
0
0
0
0
0
0
0
0
0
0
0
0
0
7.04696e-17
2.31281e-15
0
0
0
0
0
0
0
0
0
0
0
0
0
0
0
0
0
0
0
-7.545e-17
1.50442e-17
0
-2.15548e-16
7.41225e-13
1.30454e-12
0
4.46505e-16
6.47209e-16
0
0
0
0
0
0
0
0
2.13242e-11
0
0
0
0
0
0
0
0
0
0
0
-2.14123e-12
0
0
0
0
3.86682e-08
-1.74395e-09
0
0
0
0
1.10238e-12
0
-1.14498e-15
2.48034e-15
0
0
7.48803e-16
8.61988e-16
0
0
0
0
0
0
0
0
0
0
0
0
0
0
0
0
0
0
0
0
0
0
0
0
0
0
0
0
0
0
0
0
0
0
0
0
0
0
0
0
0
0
-3.30246e-29
0
0
0
0
0
0
0
0
0
0
0
0
0
0
0
0
0
0
0
0
2.97105e-16
5.34492e-16
0
0
0
0
0
0
5.4006e-16
0
0
0
0
0
0
0
0
0
0
0
0
0
0
0
2.17807e-11
0
0
0
0
0
0
0
0
0
0
0
2.20916e-11
0
0
0
0
0
0
0
0
0
0
0
0
0
0
0
5.58661e-13
0
0
0
0
0
0
0
0
0
0
0
5.37817e-16
0
0
0
0
0
0
0
0
0
0
0
0
0
0
0
0
0
0
0
2.86055e-12
0
0
0
0
0
0
0
0
0
0
0
-3.44117e-14
3.83728e-15
0
0
0
0
0
0
0
0
0
0
0
0
0
0
0
0
0
0
0
0
0
0
0
0
4.01136e-08
0
0
0
0
0
1.724e-16
0
0
0
0
2.0118e-16
0
0
0
0
0
0
0
0
0
0
0
7.18974e-17
0
0
-6.77767e-16
-5.31187e-16
0
0
0
0
0
0
0
0
0
0
0
3.85311e-16
0
0
0
0
0
0
0
0
0
0
0
0
0
-2.03829e-15
0
0
0
0
0
0
-4.92898e-17
0
0
0
0
0
0
0
0
0
0
0
0
0
0
0
0
2.60039e-15
0
0
0
0
0
0
0
0
0
0
0
0
0
0
0
0
0
0
0
0
0
0
0
0
0
1.25832e-12
0
0
0
0
0
0
0
0
0
0
0
0
0
0
0
0
0
0
0
0
0
0
0
0
0
6.37788e-17
0
0
0
-9.74516e-16
0
0
0
0
0
0
0
0
0
0
2.41898e-11
0
0
0
0
0
0
0
0
0
0
-4.22239e-21
0
0
0
0
0
0
1.35012e-12
0
0
0
0
0
0
0
0
0
0
0
0
0
0
0
0
0
0
0
0
0
0
-1.27279e-17
0
0
0
0
1.0027e-13
1.39812e-12
0
0
0
0
0
0
0
0
0
0
0
0
0
0
0
0
0
0
0
0
-2.44764e-15
-5.66468e-17
0
0
-1.98195e-12
0
0
0
0
0
0
0
0
0
-1.32754e-17
0
0
0
0
0
-1.4255e-17
4.35203e-15
0
0
0
0
0
-6.44061e-16
2.42203e-16
0
0
0
0
0
0
0
0
0
0
0
0
0
0
0
0
0
0
0
-8.64407e-16
0
0
0
0
0
0
0
0
0
0
0
-2.27896e-17
0
0
0
0
0
0
0
0
0
0
0
0
0
0
0
0
0
0
0
0
0
0
0
-5.7141e-17
0
0
0
0
0
0
0
0
0
0
0
-2.00224e-07
0
0
0
0
0
0
0
0
0
0
0
0
0
-6.86796e-15
0
3.13769e-15
0
0
0
0
0
0
0
0
0
0
0
0
0
0
0
0
0
0
0
0
0
0
0
0
0
0
0
0
0
0
0
0
0
-2.96494e-15
0
0
0
0
0
0
0
0
0
0
0
0
0
0
0
0
0
0
0
0
0
0
0
0
0
0
0
0
0
0
0
0
0
0
0
0
0
0
0
0
0
0
0
0
0
0
2.38843e-15
6.88549e-16
0
0
0
0
0
0
0
0
0
0
0
0
1.29185e-15
0
0
0
0
0
0
0
0
0
0
0
0
0
0
0
0
0
0
0
0
0
-9.46177e-09
0
0
0
0
0
0
0
0
0
0
0
0
0
0
0
0
0
0
8.95425e-13
3.27739e-13
0
0
0
0
0
0
0
0
0
0
0
0
0
0
0
0
0
0
0
0
0
0
0
0
0
0
0
0
0
0
0
0
0
0
0
0
0
0
0
1.92969e-15
0
0
0
3.63008e-12
0
0
0
0
0
0
0
0
0
0
0
0
0
0
0
0
0
3.07149e-17
0
0
0
0
0
0
0
0
0
0
0
0
0
0
0
3.84899e-08
0
0
3.43088e-08
0
0
0
0
0
0
0
0
0
0
0
0
0
3.76451e-15
0
-1.56909e-15
0
0
0
0
0
0
0
0
0
0
0
-3.07586e-19
0
0
0
0
0
0
0
0
1.12527e-11
0
0
0
0
0
0
0
0
0
0
0
0
0
0
0
0
0
0
-2.70756e-15
0
0
0
0
0
0
0
0
0
0
0
0
0
0
0
0
0
0
0
0
0
0
0
0
2.25075e-11
0
0
0
0
0
0
-2.88543e-16
0
0
0
0
0
6.59209e-08
0
0
0
0
0
0
1.21206e-18
0
0
2.28198e-11
0
0
2.18043e-15
0
0
-9.08515e-16
1.37978e-15
0
0
0
-1.36474e-15
1.19222e-16
0
-9.2942e-08
0
0
-2.71671e-12
4.71221e-13
8.85908e-13
0
0
-2.79867e-12
0
0
0
0
0
0
0
-3.38155e-16
1.15244e-15
0
0
0
0
0
0
0
0
0
0
0
0
0
0
0
0
0
0
0
0
0
8.71911e-13
-1.314e-16
0
0
0
0
0
0
0
0
0
5.37613e-08
0
0
0
0
0
0
0
0
0
2.77146e-17
0
4.04616e-08
0
0
0
0
0
0
0
0
0
0
0
0
0
4.32033e-16
0
0
0
0
0
0
0
0
0
0
0
-2.03423e-12
0
0
0
0
0
0
0
5.08669e-15
0
0
5.59107e-16
0
0
2.69677e-08
1.10087e-15
0
0
5.19321e-16
0
8.22817e-16
0
0
0
0
-4.3709e-15
-6.62908e-15
0
0
0
0
0
0
0
0
0
0
0
0
0
0
0
0
-4.77876e-16
0
9.96762e-17
0
0
0
0
-2.41266e-15
0
0
0
0
0
0
0
0
0
0
0
0
0
0
0
0
0
0
0
0
0
0
-1.48582e-14
0
0
0
0
0
0
0
0
0
0
0
0
0
-1.1639e-15
-4.93824e-18
0
0
0
2.75756e-15
0
0
0
0
0
0
0
0
0
0
0
0
0
0
0
0
0
0
-5.85052e-16
0
0
0
0
-3.64306e-15
-2.11902e-12
8.36172e-14
-5.5984e-16
0
0
0
0
0
0
0
0
-1.55316e-16
1.12814e-11
0
0
0
0
0
0
0
0
0
0
0
0
0
0
0
0
0
0
0
2.7478e-12
-9.28775e-09
0
0
-2.37978e-12
4.43263e-13
7.46641e-13
0
0
0
0
0
0
0
0
0
0
0
0
0
0
0
0
0
0
0
0
0
0
0
0
0
-9.81807e-13
-1.54292e-17
-6.87483e-13
0
0
-5.23896e-17
0
0
0
0
0
0
0
0
0
0
0
0
0
0
0
0
0
0
0
0
0
0
0
0
0
0
0
0
0
0
0
6.18529e-13
-1.80817e-11
0
0
0
0
0
0
0
0
-4.5741e-15
0
2.23642e-16
0
2.84663e-08
0
0
0
0
0
0
0
0
0
0
0
0
0
0
7.48557e-17
0
0
0
7.33683e-13
6.39409e-13
0
0
0
0
0
0
0
0
0
0
0
0
0
0
0
0
0
3.77253e-14
2.02684e-16
0
0
0
0
0
0
0
0
0
0
0
0
0
-1.25051e-15
0
0
0
0
0
0
0
0
0
0
0
7.34845e-14
0
0
0
0
0
-1.60572e-14
0
0
0
0
0
0
-7.35799e-15
0
1.64079e-17
-5.10555e-17
-2.10953e-15
0
-8.87965e-16
-2.65394e-16
0
0
0
0
0
0
1.98463e-16
0
-9.29e-17
0
0
0
0
0
0
0
0
0
0
1.80681e-16
0
0
0
0
0
0
0
0
0
0
-5.33763e-13
0
0
0
0
-3.72719e-08
0
0
-1.12151e-12
-1.97164e-11
0
0
0
4.05678e-08
0
0
0
0
0
-9.36037e-17
0
0
0
-9.0391e-17
-3.75277e-16
0
0
0
0
0
0
0
0
0
0
0
0
0
0
-8.07803e-16
0
0
0
0
0
0
0
0
-4.31539e-08
1.86185e-12
-3.9158e-16
6.62675e-16
0
0
0
0
0
0
0
0
6.70043e-16
0
0
0
0
0
0
0
0
0
0
0
1.09471e-08
0
0
0
0
-5.24829e-08
0
0
0
0
0
0
0
0
4.32996e-17
-6.73909e-17
-2.37279e-15
-5.6567e-08
0
0
0
0
-8.41271e-17
0
7.00249e-16
0
0
0
0
-1.66443e-14
0
0
0
0
0
0
0
0
0
-2.76802e-08
0
0
0
0
0
0
8.02387e-08
-9.71754e-09
0
0
1.46798e-17
-8.76285e-16
0
-1.63835e-17
0
0
0
0
0
0
0
0
0
0
0
0
0
4.08726e-16
0
0
0
0
0
0
0
0
0
0
0
0
0
0
0
0
0
0
8.52425e-17
0
0
0
0
0
-1.57899e-08
0
0
0
0
0
0
1.41286e-16
0
0
0
0
0
0
0
0
0
-7.95049e-16
0
0
0
0
0
0
0
0
0
0
0
0
2.89333e-16
0
0
0
0
4.22748e-13
0
0
0
0
0
0
0
0
1.68726e-16
0
0
-1.753e-15
0
0
0
0
0
0
0
0
0
0
9.42971e-16
0
1.73658e-16
0
0
0
0
0
0
0
0
0
0
0
0
-1.04103e-16
0
0
0
0
0
1.21234e-14
0
0
0
0
0
0
0
0
0
-6.11966e-13
-3.12866e-13
0
0
0
0
0
0
0
0
8.15074e-16
5.32561e-17
0
0
0
0
0
0
5.28876e-16
0
0
0
0
0
0
6.82459e-16
0
0
0
4.22777e-18
-7.06729e-18
0
0
0
0
0
-1.25653e-16
0
0
0
-1.30095e-12
0
0
0
1.49617e-12
0
-2.40084e-14
0
0
0
0
0
0
0
0
0
0
0
0
0
0
0
0
-2.67391e-16
1.26688e-15
0
0
0
1.23825e-15
0
0
-6.15215e-18
-1.8533e-11
0
0
0
0
0
0
0
0
0
0
0
0
0
2.38263e-17
0
0
0
0
0
0
0
0
0
0
0
0
-5.89975e-15
0
0
0
0
0
0
0
2.53103e-16
7.22727e-13
0
0
0
0
0
0
0
0
0
0
0
0
0
0
0
0
0
0
0
0
0
0
0
0
0
3.67894e-13
-1.63085e-15
0
0
0
0
0
0
0
0
0
-4.17226e-12
0
0
0
0
0
0
0
0
0
0
0
0
0
0
2.57223e-16
0
0
0
0
0
7.82519e-18
0
0
0
0
0
0
0
0
0
0
0
0
0
0
0
-7.56828e-16
0
0
0
0
0
0
-6.51268e-13
0
0
4.50973e-17
0
0
0
0
0
0
7.41524e-13
-4.78362e-08
0
0
-5.62889e-16
0
0
-1.46871e-17
0
0
0
0
0
0
0
0
0
0
0
0
0
0
0
0
0
0
0
0
0
0
1.64957e-08
0
0
0
0
0
0
0
0
0
0
-1.27025e-07
0
0
0
0
0
0
-1.70868e-15
0
0
0
0
-1.72977e-12
0
0
0
0
0
0
0
0
-6.04998e-08
0
0
0
0
0
0
-1.98681e-17
0
0
0
0
0
0
-2.89151e-12
1.17336e-12
0
0
0
0
-1.51117e-08
0
0
0
0
0
0
0
0
0
0
0
0
0
0
0
0
0
0
0
0
0
0
3.2769e-17
0
0
0
0
-7.27806e-16
0
0
0
0
0
0
0
6.74239e-15
0
0
0
-8.61795e-15
6.50991e-16
0
0
0
0
3.15973e-15
8.05506e-16
0
0
0
0
0
0
0
1.43877e-17
0
0
-1.10916e-07
0
-2.46235e-08
0
0
0
0
1.18822e-14
9.97302e-16
0
0
0
0
0
0
0
0
0
0
0
0
0
0
0
0
0
-2.09661e-15
0
0
0
0
0
-9.27991e-08
1.60805e-12
0
0
1.11468e-16
0
0
-3.60426e-15
3.10293e-15
0
0
0
-5.49797e-16
0
0
0
0
0
0
0
0
0
1.71576e-15
0
0
0
0
0
0
0
1.12273e-08
2.51323e-12
0
3.00324e-16
0
0
0
0
0
0
0
0
0
0
0
0
0
0
0
0
0
0
0
0
0
3.3715e-16
0
0
0
0
2.02412e-16
0
0
0
0
0
2.74784e-15
0
0
0
0
0
0
0
-5.96631e-08
0
-7.31174e-17
0
0
0
0
0
5.66817e-09
0
0
0
-1.76739e-11
0
0
0
0
1.83242e-12
-6.01558e-08
0
0
0
0
0
0
0
0
0
0
0
0
0
0
0
0
0
0
0
0
0
0
0
0
0
-2.07844e-15
0
0
0
0
0
0
0
0
0
7.72247e-15
1.74976e-16
0
0
0
0
0
0
0
0
0
0
-1.46722e-12
0
0
0
0
-3.48641e-16
2.07011e-30
0
0
0
0
-6.69321e-08
0
0
4.0216e-08
0
0
0
0
0
0
0
0
0
0
0
0
0
0
0
0
0
0
0
0
0
0
-3.83719e-17
-3.24149e-16
0
0
0
0
0
0
-8.29605e-09
0
0
0
0
0
0
0
-5.31265e-13
0
0
0
0
0
3.96079e-13
0
0
-6.86687e-17
2.48609e-16
0
0
0
-5.869e-16
3.01811e-15
0
0
0
0
0
0
0
0
0
-2.83482e-08
0
0
0
0
0
0
0
0
5.87487e-18
5.503e-17
8.21677e-17
0
0
0
0
4.26651e-16
0
0
0
0
0
0
0
0
0
0
0
0
0
0
0
0
0
2.07304e-08
0
2.41617e-13
0
0
0
0
0
0
0
0
0
5.09769e-08
-1.29717e-15
0
0
0
0
0
0
0
0
0
0
0
0
3.1695e-14
0
1.48931e-07
-1.39379e-08
0
0
0
0
1.66961e-16
0
0
0
0
0
4.09843e-08
0
0
1.8902e-08
0
0
0
0
0
-8.39405e-13
0
0
0
0
0
0
0
0
0
0
0
0
0
0
0
0
0
0
0
0
0
0
0
-9.66334e-08
0
2.8555e-12
5.06426e-09
0
0
0
0
0
1.35784e-16
0
0
0
7.92116e-15
0
0
0
0
0
0
0
-1.91631e-18
0
0
0
0
0
0
0
0
0
0
0
0
0
0
0
0
0
0
0
0
0
0
0
0
0
0
0
-5.86837e-13
0
0
0
0
0
0
0
0
0
0
0
0
0
0
0
0
0
0
0
0
0
0
0
0
0
0
0
0
0
0
0
0
0
0
0
0
0
0
0
6.07071e-33
-5.71418e-08
0
0
0
0
0
0
0
0
-3.6472e-17
0
0
0
0
0
0
0
0
-1.2187e-07
0
-2.79144e-13
0
0
1.12389e-16
0
-1.46894e-15
1.27744e-14
2.78221e-16
-1.20339e-07
0
-6.06431e-16
0
0
0
0
0
0
0
0
0
0
0
0
0
0
8.2337e-16
0
0
0
0
0
-6.78255e-13
-1.13896e-14
0
0
3.49289e-13
6.44385e-17
0
0
0
0
0
0
0
0
0
0
0
0
0
0
0
0
-2.58005e-31
-4.19298e-17
0
0
-4.15509e-15
0
0
0
0
3.99397e-16
-9.40682e-16
1.66417e-16
2.55495e-15
0
0
0
0
0
0
0
0
0
0
0
0
0
0
0
0
0
0
0
0
0
0
0
-3.63073e-17
3.05415e-18
0
0
0
0
0
0
5.05714e-16
0
0
0
0
2.76047e-13
0
0
0
0
0
0
0
0
0
0
0
0
0
0
0
0
0
0
0
0
0
0
0
0
0
0
9.37464e-17
0
0
0
0
1.87573e-16
0
0
0
0
0
0
0
0
0
0
4.2706e-12
6.83001e-12
0
0
0
0
1.63507e-12
6.02337e-13
0
0
0
0
0
0
0
0
0
0
0
0
0
0
0
0
0
0
8.00749e-16
0
0
0
0
2.82448e-13
-1.5365e-15
-1.13972e-14
0
0
0
0
0
0
0
0
0
0
0
0
0
0
0
0
0
-2.09883e-16
2.21036e-13
0
0
0
0
0
0
1.18115e-07
0
0
0
-1.6581e-15
0
0
0
0
4.28759e-17
-2.92019e-16
0
0
0
0
0
8.98159e-13
-1.12211e-15
1.57694e-16
0
0
0
1.36922e-07
1.42866e-15
0
0
-3.74187e-16
0
0
6.62127e-13
6.12477e-13
0
0
-1.8474e-16
-2.3166e-16
0
0
0
0
0
0
-6.23836e-17
0
0
0
0
0
0
0
0
0
-7.47635e-13
0
0
0
0
0
0
0
0
0
0
0
0
-6.00505e-13
0
1.10258e-15
-3.8131e-16
-2.8039e-14
0
0
0
-6.48929e-15
0
0
0
-5.13374e-16
0
-1.27172e-07
0
0
0
0
0
0
0
0
0
0
0
0
0
0
-1.04447e-12
0
0
0
0
0
0
0
0
0
0
0
0
0
0
0
0
0
9.84208e-18
0
0
0
0
7.8e-16
0
0
0
0
7.68732e-13
-4.89113e-18
0
0
0
0
-7.72502e-16
-6.75699e-16
1.09535e-12
4.11287e-13
0
0
0
0
0
0
0
0
0
0
0
0
0
-5.32222e-13
3.93404e-13
0
0
0
0
0
0
0
0
0
0
0
0
0
0
0
0
9.73078e-16
1.20348e-16
0
0
0
0
0
0
0
0
0
0
0
5.19472e-17
1.13426e-15
0
0
0
0
0
0
0
0
-8.81698e-13
0
0
0
0
0
0
0
0
0
0
0
0
0
-2.49562e-15
0
0
0
0
0
8.95634e-13
8.28666e-13
0
0
0
0
0
0
0
0
0
0
0
0
0
0
0
0
0
0
0
-2.76324e-08
2.32108e-12
0
0
0
0
0
0
0
0
0
0
0
0
0
0
0
0
0
0
0
0
0
0
0
0
0
0
0
0
0
0
0
0
0
0
0
-2.2905e-13
0
-2.36043e-16
4.05565e-16
-4.25663e-16
0
0
0
0
0
0
0
0
0
0
0
0
0
0
1.84967e-15
0
0
0
0
0
0
0
0
0
0
0
0
0
0
0
0
-2.71753e-13
0
0
0
0
0
0
0
0
0
1.26986e-16
5.3475e-16
0
0
0
0
0
3.72404e-13
0
0
0
0
0
0
0
-1.31152e-18
0
0
0
0
0
0
0
0
0
-5.14852e-13
3.40554e-17
0
0
0
0
0
0
0
0
0
0
0
0
0
-4.81668e-13
0
0
0
0
0
0
0
-7.76941e-16
0
0
0
0
0
0
0
0
0
0
0
0
0
0
0
0
0
-2.77915e-16
0
6.01315e-15
8.65682e-17
0
0
0
0
0
0
6.50759e-15
0
0
0
0
0
1.02949e-16
0
0
0
0
0
0
0
0
0
0
0
0
0
0
0
0
0
9.22266e-13
7.00895e-13
0
0
0
5.84692e-13
0
0
0
0
0
0
0
0
0
2.32029e-16
0
0
0
0
0
0
0
0
0
0
0
0
0
-7.70375e-16
0
0
0
0
0
0
0
0
0
0
0
0
0
0
0
0
0
0
4.80903e-13
0
0
0
0
0
0
0
0
0
0
0
0
0
0
0
0
0
0
0
0
0
0
0
0
0
0
0
0
0
0
0
0
0
0
0
0
0
0
0
0
0
0
0
2.57063e-15
0
0
0
0
0
0
0
4.07818e-17
0
0
0
0
0
0
0
0
0
0
0
0
0
0
0
0
2.06127e-17
0
0
0
0
0
0
0
0
0
0
3.84797e-17
0
0
-4.29447e-08
0
0
0
0
0
0
0
0
0
0
0
0
0
0
0
0
0
0
0
0
0
0
0
0
0
0
0
0
0
0
0
0
-4.80928e-13
0
0
0
0
0
0
-2.07087e-30
-1.97537e-14
0
0
0
0
0
0
0
0
0
0
0
2.47684e-16
0
0
0
0
0
0
0
0
0
0
0
0
0
0
0
0
0
0
3.64316e-16
0
0
2.77452e-16
0
0
0
0
0
-9.25106e-13
0
4.56165e-16
0
0
0
0
0
-4.51973e-16
0
-2.24837e-08
0
0
0
0
0
0
0
0
0
5.45061e-13
0
0
0
0
0
0
0
-1.78997e-16
0
0
0
0
0
0
0
0
0
0
0
0
0
0
0
0
0
0
0
-4.08433e-13
0
0
0
0
0
6.67725e-17
-5.66508e-12
0
0
0
0
0
0
0
0
-3.93351e-08
0
0
-1.7729e-14
5.60409e-17
-7.67195e-13
0
1.0745e-14
0
0
0
-1.18593e-15
1.83193e-13
1.55085e-16
0
0
0
0
0
0
-9.6588e-16
-4.6205e-12
0
0
0
0
0
0
0
2.92313e-08
2.26193e-15
4.27997e-17
0
0
0
0
1.23755e-16
0
0
0
0
0
0
0
0
0
0
0
0
0
0
0
-3.71901e-16
0
0
0
0
0
0
0
0
0
0
0
0
0
-2.3738e-13
0
0
0
0
0
0
0
0
0
0
-2.5108e-17
-7.38542e-09
0
0
0
0
0
0
0
0
0
0
6.85722e-13
0
5.586e-13
0
0
0
0
0
0
0
0
0
0
0
0
0
0
1.6283e-08
0
0
0
0
0
0
-2.04628e-16
0
3.69521e-13
0
0
0
0
0
0
2.60572e-17
0
0
0
0
0
0
0
0
0
0
0
0
0
0
0
0
0
-1.05009e-18
0
0
8.75388e-17
0
0
0
0
0
0
0
0
0
1.54416e-15
1.12553e-16
0
0
0
0
0
2.81924e-14
0
0
0
0
0
8.3266e-13
0
0
0
0
0
0
0
8.97941e-13
7.33825e-13
4.14782e-16
0
0
0
0
0
0
0
0
0
0
0
0
1.76354e-17
0
0
0
0
0
0
0
-2.71646e-13
0
0
0
0
0
0
0
0
0
0
0
1.78954e-15
-2.60088e-15
0
0
0
0
0
0
0
0
0
-1.75359e-16
0
0
0
0
-7.44516e-13
0
0
1.97865e-13
0
0
0
0
1.14305e-16
0
-1.53366e-13
0
-3.15665e-15
2.23138e-15
0
0
-1.22426e-12
0
0
0
0
0
0
0
5.21455e-13
0
0
0
0
-1.38892e-15
0
0
0
0
0
0
0
0
2.37665e-16
0
0
0
0
0
0
0
0
8.4634e-16
0
0
1.17812e-16
-1.5541e-30
0
2.3483e-16
0
0
0
0
0
0
0
0
0
)
;

boundaryField
{
    frontback
    {
        type            empty;
        value           nonuniform List<scalar> 0();
    }
    topbottom
    {
        type            calculated;
        value           uniform 0;
    }
    outlet
    {
        type            calculated;
        value           nonuniform List<scalar> 0();
    }
    inlet
    {
        type            calculated;
        value           uniform 0;
    }
    walls
    {
        type            calculated;
        value           nonuniform List<scalar> 
151
(
6.8664e-08
-8.90088e-08
2.46682e-07
-1.1444e-07
-1.39871e-07
-1.65302e-07
-3.68751e-07
-3.94182e-07
1.34785e-07
1.09354e-07
4.32329e-08
1.78018e-08
2.26337e-07
2.05992e-07
1.80561e-07
1.5513e-07
8.90088e-08
6.35777e-08
-2.54311e-09
-2.2888e-08
-4.83191e-08
-6.8664e-08
-9.40951e-08
-1.85647e-07
-2.05992e-07
-2.31423e-07
-2.51768e-07
-2.77199e-07
-3.0263e-07
-3.22975e-07
-3.48406e-07
-1.78018e-08
-7.62933e-09
-4.32329e-08
4.83191e-08
-6.35777e-08
8.39226e-08
1.04267e-07
1.29699e-07
-1.09354e-07
-9.91813e-08
1.50043e-07
-1.34785e-07
2.00906e-07
2.21251e-07
2.11078e-07
-1.60216e-07
-1.19526e-07
-1.80561e-07
2.31423e-07
-2.00906e-07
9.40951e-08
-2.26337e-07
7.62933e-09
2.67027e-07
-2.36509e-07
-2.46682e-07
-1.27155e-08
-3.81466e-08
-2.56854e-07
5.34053e-08
-5.84915e-08
3.30604e-08
7.88364e-08
-7.88364e-08
9.91813e-08
-2.82285e-07
1.24612e-07
-1.04267e-07
1.44957e-07
1.70388e-07
-2.97544e-07
1.90733e-07
-1.50043e-07
-3.81466e-08
-2.54311e-09
-2.2888e-08
3.81466e-08
1.78018e-08
-1.29699e-07
1.95819e-07
2.16164e-07
-1.5513e-07
-1.75475e-07
2.36509e-07
2.56854e-07
-1.95819e-07
-2.92458e-07
-3.28061e-07
-2.21251e-07
2.6194e-07
-2.41595e-07
-2.6194e-07
-2.87371e-07
-3.53492e-07
-3.63665e-07
-3.89096e-07
-3.12802e-07
-3.38234e-07
-2.79742e-08
-3.99268e-07
-3.33147e-07
1.27155e-08
2.54311e-09
-1.78018e-08
2.2888e-08
-3.78923e-07
-3.58578e-07
1.39871e-07
-3.8401e-07
2.51768e-07
-3.30604e-08
7.62933e-09
-1.27155e-08
-4.04354e-07
-3.4332e-07
2.79742e-08
1.27155e-08
-7.37502e-08
-8.39226e-08
4.83191e-08
-2.67027e-07
5.84915e-08
1.75475e-07
1.85647e-07
3.81466e-08
2.41595e-07
-5.34053e-08
-2.16164e-07
-1.24612e-07
-2.72113e-07
-1.44957e-07
-2.79742e-08
-3.17889e-07
-3.73837e-07
2.54311e-09
-1.70388e-07
-3.30604e-08
4.32329e-08
1.65302e-07
-2.11078e-07
-1.90733e-07
2.79742e-08
1.19526e-07
1.60216e-07
7.37502e-08
3.30604e-08
-3.07716e-07
-7.62933e-09
2.2888e-08
1.1444e-07
)
;
    }
    procBoundary2to0
    {
        type            processor;
        value           nonuniform List<scalar> 
83
(
0
-2.21723e-16
0
0
0
3.51368e-12
0
0
0
-5.58925e-17
0
0
2.84084e-15
8.80573e-16
3.95428e-16
3.84024e-18
-3.31271e-17
0
2.05462e-15
-2.96607e-17
2.92175e-16
0
-1.02788e-16
0
0
-9.10005e-15
-1.1008e-14
-2.72414e-16
1.3439e-16
6.14718e-17
0
-1.71616e-16
-9.09906e-15
-8.72219e-17
1.89962e-15
7.07747e-16
1.12775e-16
-3.2171e-15
-2.69421e-15
3.12988e-17
-2.70822e-15
3.06617e-16
2.29815e-15
-5.6228e-17
2.93753e-16
0
0
7.28492e-17
-7.82666e-16
-2.58943e-16
0
-2.58005e-31
7.61629e-15
0
0
-2.36638e-16
0
0
-3.47675e-15
0
-1.03809e-30
6.16964e-18
-1.45391e-07
1.55595e-16
2.93591e-16
1.31124e-16
-1.29545e-16
0
0
6.84802e-17
2.31764e-16
0
0
0
-8.77456e-16
0
-5.80931e-17
-2.61418e-15
0
0
4.12614e-16
0
2.66612e-15
)
;
    }
    procBoundary2to3
    {
        type            processor;
        value           nonuniform List<scalar> 
99
(
0
0
-2.21653e-12
0
0
0
0
0
0
0
0
0
0
0
0
0
0
-9.23897e-17
0
0
-3.49856e-16
0
0
0
0
0
0
0
0
0
0
0
0
0
0
0
0
0
0
0
0
0
1.30259e-14
0
0
0
0
0
0
0
0
0
0
0
0
0
0
0
0
0
0
0
0
0
0
0
0
0
0
-5.55853e-08
0
0
0
0
0
0
0
0
0
0
1.19063e-14
0
0
0
0
0
0
0
0
0
0
0
0
0
0
0
0
0
0
)
;
    }
}


// ************************************************************************* //
