/*--------------------------------*- C++ -*----------------------------------*\
| =========                 |                                                 |
| \\      /  F ield         | OpenFOAM: The Open Source CFD Toolbox           |
|  \\    /   O peration     | Version:  v2012                                 |
|   \\  /    A nd           | Website:  www.openfoam.com                      |
|    \\/     M anipulation  |                                                 |
\*---------------------------------------------------------------------------*/
FoamFile
{
    version     2.0;
    format      ascii;
    class       surfaceScalarField;
    location    "300";
    object      meshPhi;
}
// * * * * * * * * * * * * * * * * * * * * * * * * * * * * * * * * * * * * * //

dimensions      [0 3 -1 0 0 0 0];
oriented        oriented;


internalField   nonuniform List<scalar> 
20673
(
0
0
0
0
0
0
0
0
0
0
0
0
0
0
0
-1.52709e-15
8.06527e-17
0
0
0
0
0
0
0
0
0
0
0
0
0
0
0
0
0
0
0
0
5.45616e-08
2.22465e-12
-9.10198e-09
0
0
0
0
0
0
0
0
0
0
0
0
0
0
0
0
0
0
0
0
0
0
0
0
0
0
0
0
0
0
0
0
0
0
2.40512e-16
-2.9356e-16
-8.69215e-17
1.1841e-15
0
0
0
0
0
0
0
0
0
0
0
0
0
0
0
0
-3.6124e-15
2.07408e-15
0
0
0
0
0
0
0
0
0
0
0
0
0
0
9.69815e-14
-6.84475e-13
4.84704e-14
0
0
0
0
0
0
0
0
0
0
0
0
0
0
0
0
2.10135e-16
-3.47108e-15
0
0
0
0
0
-8.82462e-12
-5.91366e-12
-2.32078e-15
0
0
0
0
0
0
0
0
0
2.29604e-12
-2.20347e-11
-6.31068e-16
3.03163e-15
0
0
0
0
0
0
0
1.36094e-15
0
-1.4676e-14
0
0
0
0
0
0
0
0
0
0
1.57255e-08
0
0
0
1.59953e-17
0
0
0
1.93306e-14
0
1.00528e-14
0
0
0
0
0
0
0
0
0
0
0
0
0
0
0
0
-6.45944e-12
-1.08187e-15
-7.05041e-12
0
0
0
-1.15381e-12
0
-9.70896e-14
0
0
0
0
0
0
0
0
-2.26744e-15
0
0
0
0
0
1.03759e-30
1.43465e-15
1.10573e-16
-1.89365e-16
0
0
0
0
0
0
0
0
0
0
0
0
0
0
0
0
0
0
0
0
0
0
0
0
0
0
0
0
-3.10503e-17
-1.67294e-15
0
0
0
0
1.36652e-16
0
-1.16162e-15
0
0
0
0
0
0
0
0
0
2.8563e-15
0
1.98762e-17
5.51792e-16
1.26434e-16
0
0
0
0
0
0
0
0
0
0
0
0
0
0
0
0
0
0
0
0
0
0
0
-4.29889e-14
0
0
0
0
0
0
0
0
1.74953e-12
6.70478e-16
-9.33763e-12
0
0
0
0
-6.33657e-16
4.16335e-16
-1.21426e-12
-2.27613e-13
0
0
0
0
0
0
0
0
0
0
0
0
8.9836e-16
0
0
0
0
0
0
0
0
0
0
0
0
0
0
0
0
0
0
0
0
0
0
0
0
0
0
0
0
0
0
0
0
5.40652e-16
-3.57973e-18
0
0
0
0
0
0
0
0
0
0
0
0
0
0
-4.91705e-16
1.25857e-14
0
0
0
0
0
0
0
0
0
0
0
0
0
0
0
0
0
1.57126e-17
-6.84457e-12
0
0
0
0
0
0
0
0
0
0
0
0
0
0
0
0
0
-2.76921e-12
2.19583e-13
0
0
0
0
0
-1.67446e-16
-1.66388e-16
2.05341e-17
0
0
0
0
0
0
0
0
0
0
0
3.97506e-17
0
2.37804e-15
0
0
0
4.36213e-17
0
0
0
0
5.03107e-13
-2.33656e-12
-8.65633e-17
0
0
0
0
0
0
0
0
0
0
0
0
0
0
5.15581e-16
1.36227e-15
0
0
0
0
0
0
0
0
0
0
0
0
0
0
0
0
0
0
0
0
0
0
0
0
0
0
0
0
0
0
0
0
6.58767e-16
-3.43755e-17
0
0
0
0
0
0
0
0
0
0
0
0
0
0
0
0
0
0
0
0
0
0
0
0
0
0
0
0
0
0
0
-9.25067e-18
1.92016e-16
0
0
0
0
0
0
-1.37574e-14
1.35004e-15
-2.98059e-15
0
0
0
0
0
0
0
0
-9.01382e-13
-1.54897e-16
-2.85025e-13
0
0
0
0
0
0
0
0
0
0
-4.50041e-13
-2.68582e-16
-1.32296e-14
0
0
0
0
0
0
0
4.18053e-18
0
-9.10007e-16
0
0
0
0
0
0
0
0
0
0
0
0
0
0
0
0
0
0
0
0
0
0
0
0
0
0
-7.19968e-14
-2.03478e-12
0
0
0
0
0
0
0
0
0
0
0
0
0
0
0
-5.26494e-13
0
0
0
0
0
0
0
0
0
0
0
0
0
2.59234e-17
-1.36029e-16
0
0
0
0
0
0
0
0
8.41838e-13
5.16092e-13
-2.71595e-12
0
0
0
0
0
0
0
0
0
0
0
0
0
0
0
0
-5.34993e-16
-5.21575e-17
0
0
0
0
0
0
0
0
0
0
-1.69301e-12
-7.192e-13
0
0
0
0
0
0
0
0
0
0
0
1.18958e-12
3.70505e-13
-2.99613e-12
0
0
0
0
0
0
0
0
0
0
0
0
0
0
0
0
0
0
0
0
0
0
0
0
0
0
0
0
0
0
0
0
0
0
0
0
0
0
0
0
0
0
0
0
0
2.28168e-15
-2.68579e-15
0
0
0
0
0
0
0
0
0
0
0
0
0
0
0
0
0
0
0
0
0
0
0
0
0
0
0
0
0
0
0
0
-2.04906e-16
0
0
0
0
0
0
0
0
0
0
-1.28236e-15
0
2.8778e-15
0
0
0
0
0
0
0
0
0
0
0
0
-1.81727e-13
-5.29418e-13
0
0
0
0
0
0
0
0
0
0
0
0
0
0
0
0
0
0
0
0
0
0
0
3.6248e-17
-1.83533e-17
2.66128e-18
-8.32391e-12
-5.0825e-12
0
0
0
0
0
2.69507e-17
-2.47761e-16
6.50788e-16
0
0
0
0
0
0
0
0
0
0
0
0
0
0
0
-2.27381e-16
-1.07361e-13
7.33209e-15
0
-1.2266e-15
7.39609e-13
-2.00765e-12
2.33737e-13
0
0
0
0
0
0
0
-5.15372e-16
0
0
0
0
0
0
0
0
0
0
0
0
0
0
0
0
0
0
0
0
7.39098e-13
3.687e-13
0
0
0
0
0
0
0
0
0
0
0
0
4.99982e-13
-4.33931e-12
0
0
0
0
0
0
0
0
3.09182e-16
-5.01039e-18
0
0
0
0
0
0
0
-5.34026e-17
-4.58936e-17
1.13492e-15
0
0
0
0
0
0
0
2.45016e-13
-8.95199e-14
-2.38596e-13
0
-1.75642e-16
1.40394e-15
0
0
0
0
0
0
0
0
0
0
0
0
0
0
0
0
4.18945e-12
-2.47776e-11
0
0
0
0
0
0
0
0
9.39767e-16
7.91666e-16
-9.13925e-16
4.02202e-16
0
0
0
1.19905e-11
-2.01437e-07
1.84752e-07
0
0
-1.82254e-13
-1.61632e-12
0
0
0
0
0
0
0
0
0
0
0
0
0
0
0
0
0
0
0
0
0
0
0
0
0
0
-3.78314e-15
0
4.28586e-15
0
0
0
8.02653e-15
0
0
-7.60435e-17
0
0
0
0
0
0
0
0
0
0
0
4.38666e-17
-1.60848e-16
-9.44144e-16
0
0
0
0
0
0
0
0
0
0
0
0
0
0
0
0
0
0
0
0
0
0
-3.8034e-13
2.07007e-16
0
0
0
2.07134e-12
-5.10247e-16
-1.74299e-13
0
0
0
0
0
-4.44615e-13
0
-1.61084e-15
0
0
0
0
0
0
0
0
0
0
0
0
0
0
0
0
0
0
0
0
0
0
0
0
0
-3.48666e-16
0
0
0
0
0
0
0
0
0
0
0
0
0
0
0
0
0
0
0
0
0
0
0
0
-1.26978e-13
1.15304e-12
0
0
0
0
0
-1.44393e-12
-1.39055e-16
-6.50509e-13
0
0
0
0
0
0
0
0
0
0
0
0
0
0
0
0
0
0
0
0
0
0
-2.8706e-17
2.10272e-17
3.46951e-13
-1.09329e-16
-1.28866e-12
0
0
0
0
0
0
0
0
0
0
0
6.35251e-17
0
3.21904e-16
0
0
0
0
0
0
0
0
0
0
0
0
0
-5.321e-16
0
0
0
0
0
0
0
0
0
0
0
0
0
0
0
0
0
0
0
0
0
0
0
0
0
0
0
0
0
0
0
0
0
0
0
0
0
0
0
0
0
0
0
0
0
0
0
0
0
0
0
0
0
0
0
0
-1.01132e-12
0
0
0
0
0
0
0
0
0
-1.47089e-13
-1.61574e-12
0
0
-1.21606e-12
-9.53808e-13
0
0
0
-2.07822e-30
0
8.99306e-16
0
0
0
0
0
0
0
-6.10316e-18
0
0
0
0
0
0
8.94399e-17
-3.31779e-16
0
0
2.10745e-13
-4.51885e-14
-2.5987e-13
0
0
-1.35138e-16
-5.16049e-13
-9.05689e-13
0
0
0
0
0
0
0
0
0
0
0
0
0
0
0
0
0
0
0
0
0
0
0
0
0
0
0
0
0
0
0
0
0
0
0
0
0
0
0
0
0
0
0
0
0
1.94395e-16
-1.45018e-16
0
0
0
0
0
0
0
0
-1.09126e-14
6.52867e-16
0
0
-1.46436e-16
0
0
0
0
0
0
0
0
0
0
2.48146e-15
-3.52192e-18
7.78119e-15
3.26207e-15
0
0
0
0
0
0
0
0
0
0
0
0
0
0
0
0
0
0
0
0
0
0
0
-8.39974e-13
0
-3.41365e-14
0
0
0
0
0
0
0
0
2.27275e-15
7.68265e-17
0
0
0
0
0
0
0
0
2.1847e-12
-7.0048e-12
1.15087e-12
0
0
0
0
0
4.46749e-18
-4.93996e-18
0
0
0
0
0
0
0
0
0
0
0
0
0
0
0
0
0
-1.94013e-09
5.31365e-08
0
0
0
0
0
0
0
0
0
2.87888e-15
0
1.59619e-15
0
-1.87084e-15
1.26759e-15
-5.13949e-16
0
0
0
0
0
0
-1.571e-13
0
0
0
0
0
0
0
0
0
0
0
0
0
-1.28606e-12
1.37045e-16
-9.43356e-12
0
0
0
0
0
0
0
0
0
0
0
-1.95229e-12
0
0
0
0
1.53344e-15
0
2.93633e-17
0
0
0
0
0
0
0
0
0
0
0
0
0
0
0
0
0
0
0
0
3.95323e-13
-3.5956e-12
0
0
0
0
0
0
0
0
-1.27166e-15
-4.25197e-16
-2.84267e-17
0
0
0
0
0
0
0
0
-2.47416e-11
0
0
0
0
0
0
-6.54274e-16
0
0
0
0
0
0
0
0
0
0
0
0
0
0
0
0
0
0
0
0
0
0
0
0
0
0
0
0
0
0
0
0
0
0
0
0
0
0
0
0
5.49989e-12
2.1555e-12
3.75342e-17
-1.66232e-18
0
0
0
0
0
2.34793e-17
0
0
0
0
0
0
0
0
0
0
0
0
0
0
0
0
0
0
0
3.32394e-29
0
0
0
0
0
0
1.90578e-16
0
1.67571e-15
0
0
0
0
0
0
0
0
0
0
0
-5.38275e-08
2.91859e-12
0
0
0
0
0
-2.52333e-17
0
4.53825e-18
0
0
0
0
0
0
0
0
0
0
0
0
0
0
0
0
0
0
0
0
0
0
0
0
0
0
0
0
0
0
0
0
0
-7.48883e-13
0
0
0
0
0
-1.81672e-12
0
0
0
0
0
0
0
0
0
0
0
0
0
0
0
0
0
0
0
0
0
-1.75984e-15
-7.41389e-16
0
0
0
0
0
0
1.19126e-15
9.11381e-16
1.99238e-16
-3.01257e-16
0
0
0
0
0
0
0
0
-3.17201e-17
0
-4.53567e-16
0
0
0
0
0
0
0
0
0
0
8.04535e-16
-4.73792e-17
0
0
0
0
0
0
0
0
0
0
0
0
0
0
0
0
0
0
0
0
0
0
-8.48954e-16
5.91212e-17
-4.87561e-16
0
0
0
0
0
0
0
0
0
0
0
0
0
0
0
0
0
0
0
0
0
0
0
9.33271e-18
1.34803e-15
0
4.40564e-15
1.34379e-16
0
0
0
0
0
0
0
0
0
0
0
0
0
0
0
0
0
0
0
0
0
0
0
0
0
0
0
0
0
0
0
0
0
0
0
0
0
0
0
0
-8.92183e-17
0
5.74707e-16
0
0
0
0
0
0
0
0
0
9.14009e-16
0
1.03455e-15
0
0
0
0
0
0
0
0
0
0
6.60624e-13
5.07499e-13
-2.34442e-12
0
0
0
0
0
0
0
-1.72487e-16
-1.83289e-13
0
0
0
0
0
4.77752e-16
-4.61163e-16
0
0
0
0
0
0
0
0
0
0
0
0
0
0
0
0
0
0
0
0
0
0
0
0
0
0
0
0
0
0
-3.19853e-16
-1.15279e-12
-6.93889e-13
0
0
0
0
0
0
0
0
0
0
0
0
0
0
0
0
0
2.21832e-17
0
3.98274e-16
3.37e-13
-7.66533e-14
-4.35225e-14
0
0
0
0
0
0
0
0
0
0
0
0
0
0
0
0
0
0
0
0
0
0
0
0
1.96223e-12
6.18863e-14
-3.06654e-12
0
0
0
0
0
0
0
0
0
0
0
0
2.22062e-15
-5.82486e-16
0
-4.89605e-15
-4.20591e-15
0
0
0
0
0
-6.23162e-30
0
0
0
0
0
0
0
0
0
0
0
0
0
2.50283e-16
-7.43831e-17
0
0
0
0
0
0
0
0
0
0
0
0
0
0
0
0
0
0
0
0
0
0
0
0
0
0
0
0
0
0
-6.12381e-17
1.96556e-12
-1.00038e-11
0
0
0
0
0
0
0
0
0
0
0
0
0
0
0
0
0
0
0
0
0
0
0
0
6.16628e-16
0
0
-2.55211e-16
0
0
0
0
0
0
0
0
0
0
0
0
0
0
5.81218e-16
-2.67663e-12
6.00966e-13
0
0
0
0
0
4.35166e-13
5.23149e-13
-1.92771e-12
0
0
0
0
0
0
0
0
0
0
0
0
0
0
0
0
0
0
0
0
0
0
0
0
6.5196e-16
3.0916e-17
-2.08295e-17
0
0
0
0
0
0
0
0
0
0
0
0
0
0
0
0
0
0
0
0
-1.60584e-12
-1.38585e-13
0
0
0
0
0
0
0
0
0
0
0
0
0
-5.43417e-12
7.72901e-13
0
0
0
0
0
0
0
0
0
-2.21562e-12
2.77437e-16
0
0
0
0
0
0
0
0
0
0
0
0
0
-1.61456e-15
-6.56934e-15
0
0
0
0
0
0
0
0
0
0
0
0
-1.60296e-14
0
-3.18796e-15
-3.00817e-16
-5.32487e-13
-4.51597e-13
0
-3.42711e-17
-6.95256e-16
0
0
8.13635e-17
0
0
0
0
0
0
-2.13597e-17
1.12324e-16
-2.05543e-15
4.98194e-17
0
0
0
0
0
-7.57044e-13
-6.66139e-13
-5.69331e-13
0
-5.41463e-16
-3.86738e-18
0
0
0
0
0
0
0
0
0
0
0
0
0
0
0
0
0
0
0
0
0
0
0
0
0
0
0
0
0
0
0
0
0
0
0
7.48978e-16
0
0
0
0
0
0
0
-1.09814e-12
4.87947e-19
-5.69207e-13
0
0
0
0
-2.60734e-15
-8.00483e-17
0
0
0
0
0
0
0
0
0
0
0
0
0
0
0
0
0
0
0
0
0
0
0
0
0
0
0
0
0
0
0
0
0
0
0
-1.96476e-15
0
0
0
0
0
0
0
0
0
0
0
0
0
0
0
0
0
0
0
0
0
0
0
0
0
0
0
0
0
0
0
0
0
0
0
0
0
0
0
0
0
4.1179e-16
2.21785e-17
0
1.34837e-16
3.73101e-16
0
0
0
0
0
0
0
0
0
0
9.23778e-16
0
6.71308e-16
0
0
0
0
0
0
0
0
0
0
0
0
0
0
0
0
0
0
0
0
0
0
0
0
0
0
0
0
0
0
0
0
0
0
0
0
0
0
0
0
0
0
0
-1.08311e-17
0
0
0
0
5.82118e-13
-2.15263e-12
4.8753e-13
0
0
0
0
0
-1.23512e-16
0
0
0
0
0
0
0
0
0
0
0
0
0
0
0
1.42572e-16
0
0
0
0
0
0
0
0
0
0
0
0
0
0
0
0
0
0
0
0
0
0
0
0
0
0
0
0
0
0
0
0
0
-2.93027e-17
0
0
0
-5.88877e-15
0
0
0
0
0
-2.37971e-16
0
1.08573e-15
0
0
0
0
0
0
0
0
0
0
0
2.41379e-15
0
0
0
0
0
0
0
0
0
0
0
0
0
0
0
0
0
0
0
0
-4.47188e-13
0
0
0
0
0
0
0
0
0
0
-4.8655e-12
4.19402e-13
0
0
0
0
0
0
0
0
0
-1.02188e-15
0
0
0
0
0
0
0
0
0
0
0
0
0
0
0
0
0
0
0
0
0
0
0
0
0
0
0
0
0
0
0
0
0
0
0
0
0
0
0
0
0
0
0
0
0
0
0
0
0
0
0
0
0
0
0
0
-1.04821e-11
0
0
0
0
0
0
0
0
0
0
0
0
0
6.76053e-16
-2.9589e-16
-3.65807e-17
0
0
0
0
-1.18765e-15
0
0
0
0
0
0
0
-4.16046e-16
0
0
0
0
0
0
0
-1.92182e-16
0
0
0
0
0
-4.53088e-16
0
0
0
0
0
0
0
0
0
0
0
0
0
0
0
0
0
0
0
0
0
0
0
0
0
0
0
0
0
0
0
0
0
0
0
0
0
0
0
0
0
0
0
0
0
0
0
0
0
0
0
0
0
0
0
0
0
0
-6.66641e-16
-1.43656e-16
0
0
0
1.95227e-16
-1.74344e-15
0
0
0
0
0
0
-5.35717e-19
-3.55292e-16
0
1.98197e-16
0
0
0
0
0
0
0
-1.35772e-16
-6.90053e-13
0
0
0
0
0
0
0
0
0
0
0
0
0
0
0
0
0
0
0
0
0
0
0
0
0
0
-2.75548e-16
6.98549e-16
0
0
0
0
0
0
0
0
0
0
0
0
0
0
0
0
2.03465e-17
-7.72875e-16
0
0
0
0
0
0
0
0
0
0
0
0
0
0
0
0
0
0
0
0
0
0
0
0
0
0
0
0
0
0
0
0
0
0
0
0
0
0
0
0
0
0
0
0
0
0
0
0
3.63442e-15
-2.951e-15
0
0
0
0
0
0
0
0
0
0
0
0
0
0
0
0
0
0
0
0
0
0
0
0
4.13816e-15
0
0
0
0
0
0
0
0
0
0
0
0
0
0
0
0
0
0
0
0
-7.4407e-13
0
0
0
0
0
0
0
0
0
0
0
0
0
0
0
0
7.21542e-13
-2.62107e-12
5.61709e-13
0
0
0
0
0
0
0
0
0
0
0
-1.6638e-12
0
-1.13006e-12
0
0
0
0
0
0
0
0
0
0
0
0
0
0
0
0
0
0
0
0
0
0
0
0
0
0
3.85205e-17
5.44502e-16
0
0
0
0
0
0
0
0
2.82633e-12
-9.14139e-14
-4.53643e-12
0
0
0
-1.58519e-15
-3.55748e-16
0
0
-6.68871e-13
0
0
0
0
0
0
4.07135e-16
-1.02339e-16
-1.0012e-16
0
-6.03191e-16
-2.08126e-30
-1.20537e-12
-9.09846e-13
0
0
0
0
0
0
0
0
0
0
0
0
0
0
0
3.08344e-15
-3.60722e-15
0
0
0
0
0
0
0
0
0
0
0
0
0
0
0
0
0
0
0
-1.7093e-12
0
-1.22602e-12
0
0
0
7.8295e-16
0
0
0
-7.55352e-13
-6.73952e-13
0
-3.3562e-13
-1.7167e-12
-1.19014e-16
0
0
0
0
0
0
0
0
0
1.95475e-13
0
-1.54855e-12
0
0
0
0
0
0
-4.964e-16
0
-1.39714e-14
0
0
0
0
0
0
8.62987e-15
0
0
0
0
0
0
0
0
0
0
0
0
0
0
0
0
0
0
0
0
0
-3.41284e-16
2.6349e-16
2.30226e-15
-1.50281e-12
-1.35377e-16
0
0
0
0
0
0
0
0
0
0
0
0
-5.46515e-15
0
0
0
0
0
0
0
0
0
0
0
1.41823e-16
0
6.46176e-18
0
0
0
0
0
0
0
5.82699e-12
5.73924e-12
-2.31459e-11
-8.65775e-16
0
0
0
0
0
0
0
-1.66194e-14
-1.48494e-13
-3.51604e-13
8.89575e-18
0
-8.14282e-18
-1.27212e-20
0
0
0
0
0
0
0
0
0
0
0
0
0
0
0
0
0
0
0
0
0
0
0
0
0
0
0
-2.75863e-12
6.23783e-13
0
0
0
0
0
-2.69117e-15
3.65697e-17
0
0
-2.14973e-17
-5.07217e-17
2.60158e-31
0
0
0
0
0
0
0
0
0
0
0
0
0
0
0
0
0
0
0
0
0
0
0
0
0
0
0
0
0
0
0
0
0
0
0
0
0
0
0
0
0
0
0
0
0
0
1.32187e-16
0
0
0
0
0
0
0
9.04172e-16
-2.67074e-14
0
0
0
0
0
0
0
-1.7634e-12
0
0
0
-7.95004e-16
2.06028e-17
-1.90772e-17
0
0
0
0
0
0
-6.64284e-13
0
0
0
0
0
0
0
-2.03564e-15
0
0
0
0
0
0
-7.90414e-19
5.00482e-17
0
0
0
0
0
0
0
0
0
0
0
0
0
0
0
8.926e-13
-2.43892e-12
0
0
0
0
0
0
0
0
0
0
0
0
0
0
0
0
0
0
0
-2.42942e-11
0
0
0
0
0
0
0
-1.42141e-16
-7.60314e-16
0
0
0
0
0
0
0
0
0
0
0
0
0
0
0
0
0
0
-1.5297e-15
-8.15305e-16
0
0
0
0
0
0
0
0
0
0
0
0
0
0
0
0
0
0
0
0
5.91329e-17
4.648e-16
1.24754e-17
-2.29211e-18
3.63705e-18
1.32823e-16
0
0
0
0
0
0
0
0
0
0
0
0
0
0
-1.50439e-18
-6.05524e-16
0
0
0
0
0
0
0
0
-5.49364e-16
2.61679e-31
-8.36768e-13
1.86708e-15
-3.14985e-16
0
0
0
0
0
0
-1.72421e-16
-2.09106e-16
-4.46445e-12
6.6234e-13
0
0
0
0
0
0
0
0
0
0
0
0
0
0
0
0
0
0
0
0
0
0
0
0
0
2.34725e-17
0
0
0
0
0
0
0
0
0
0
0
0
0
0
0
0
0
0
0
0
0
0
0
0
0
0
0
0
0
0
0
0
5.39515e-13
4.13847e-13
-1.91589e-12
0
0
0
0
0
0
0
0
0
0
0
0
0
0
0
0
0
0
0
0
0
0
0
0
0
0
0
0
0
0
0
0
0
0
0
0
0
0
0
0
0
0
0
0
0
0
0
0
0
0
0
0
2.87071e-15
2.64723e-15
0
0
0
1.03891e-15
0
0
0
0
0
0
0
0
0
0
0
0
0
0
0
0
0
0
0
0
0
0
0
0
0
0
0
0
-7.96532e-16
-8.41235e-14
-1.84193e-13
0
0
0
0
3.50964e-16
0
-1.15111e-12
0
0
0
0
0
0
0
0
0
0
0
0
0
0
1.12823e-12
-8.81393e-12
0
0
0
0
0
0
0
0
0
0
0
0
0
0
0
0
0
0
-1.40805e-12
0
0
0
3.07541e-15
-5.99926e-16
0
0
0
-1.97682e-16
4.38025e-17
0
0
0
0
0
0
0
0
0
0
0
3.00827e-16
0
-6.36796e-16
0
0
0
0
0
0
0
0
0
0
0
0
0
0
0
0
0
0
0
0
8.437e-19
4.8447e-18
0
0
0
0
0
0
0
0
0
0
0
0
1.05576e-12
-5.59422e-12
0
0
0
0
0
0
0
0
0
0
0
0
0
0
0
0
2.03208e-16
0
0
0
0
0
0
0
0
0
9.54893e-14
-2.39237e-12
0
0
0
0
0
0
0
0
0
0
0
0
0
-1.01548e-13
-3.04197e-12
0
0
0
0
0
0
0
0
0
0
0
0
0
0
0
0
0
0
0
0
0
0
0
0
9.70702e-17
0
0
3.56407e-13
-2.12315e-13
1.38159e-13
0
0
0
0
0
0
0
0
0
0
0
0
0
0
0
0
0
0
0
0
0
0
0
0
0
0
0
0
0
0
0
0
0
0
0
0
0
0
0
0
0
0
0
0
0
0
0
0
0
0
0
0
0
0
0
0
0
0
0
0
0
5.47221e-17
0
0
0
0
0
0
0
0
0
0
0
0
-1.80444e-16
0
0
0
-4.32826e-17
8.79254e-17
0
0
0
0
0
0
0
0
0
0
0
0
0
0
0
0
0
0
0
0
0
0
0
2.7684e-16
-1.49823e-16
0
0
0
0
0
0
0
0
0
0
0
0
0
0
0
0
0
0
0
0
9.25341e-16
-5.19286e-12
0
0
0
0
0
0
0
0
0
0
0
0
0
0
0
0
0
0
-1.9597e-17
0
0
0
1.38995e-12
-2.59758e-12
0
0
0
0
0
0
0
0
0
0
0
0
0
0
0
0
0
-1.69553e-17
-1.82168e-15
0
0
8.59086e-13
-2.9854e-12
6.26493e-13
0
0
0
0
0
0
0
0
0
0
0
0
0
0
0
0
0
0
-7.99848e-18
0
0
0
0
0
0
0
0
0
0
0
0
0
0
0
0
0
0
0
0
0
0
0
0
0
-5.94839e-12
0
0
0
0
0
0
0
0
0
0
0
0
0
0
0
0
0
0
0
0
0
0
0
0
-1.08086e-15
0
0
0
0
0
0
0
0
-2.12819e-17
2.75017e-16
2.46035e-15
0
0
0
0
0
-5.33734e-16
0
-2.74574e-16
-6.44601e-17
0
0
0
0
0
0
0
0
0
9.66176e-19
0
0
0
0
0
0
-5.80325e-16
0
0
0
0
0
0
0
0
0
0
0
0
0
0
0
-8.29257e-12
0
0
0
0
0
0
0
0
0
0
0
0
0
0
0
0
0
0
0
0
0
0
0
0
0
0
0
0
0
0
0
0
0
0
0
-3.40282e-17
0
0
0
0
0
0
0
0
-8.13055e-17
3.50019e-16
0
0
0
0
0
0
0
0
0
0
0
0
0
0
-6.41352e-17
-2.02378e-12
0
0
0
0
0
0
0
0
0
0
0
0
0
0
0
0
0
0
0
0
0
0
0
0
0
0
0
0
0
0
0
0
8.96067e-17
-1.47635e-17
0
0
1.40362e-16
0
0
0
0
0
0
0
0
0
0
0
0
-5.50766e-13
0
0
0
0
0
0
0
0
0
0
0
0
0
0
0
0
0
0
0
0
0
0
0
0
0
0
0
0
0
0
0
0
0
0
0
0
0
0
0
0
0
0
0
0
0
0
-5.01165e-13
-2.41443e-16
0
0
0
-1.43577e-16
-5.38557e-17
0
-1.69742e-12
-8.6113e-13
0
0
0
0
0
0
0
0
0
0
0
0
0
0
0
0
0
0
0
0
0
0
0
0
0
0
0
0
0
1.53898e-15
7.63874e-16
0
0
0
0
0
0
0
0
0
0
0
-2.20843e-17
-2.81063e-18
0
0
0
0
-4.63604e-16
0
0
0
0
0
0
0
0
0
0
0
0
0
0
0
0
0
0
0
0
0
0
0
0
0
0
0
0
0
0
0
0
0
0
4.06657e-15
0
0
0
0
0
0
0
0
0
0
0
0
0
0
0
0
0
0
0
-4.99937e-12
0
0
0
0
0
0
0
0
0
0
2.3783e-17
0
-2.62324e-16
0
0
0
0
0
0
0
0
0
0
0
0
0
0
0
0
0
0
0
0
0
0
0
0
0
0
0
0
0
0
0
0
0
0
0
0
0
0
0
0
0
0
0
0
0
0
0
0
-1.95986e-17
-6.47297e-19
-1.79504e-17
0
0
0
0
0
0
0
0
0
0
0
0
-1.51577e-12
0
-9.32407e-13
0
0
0
0
0
0
0
0
-2.60534e-16
-8.35547e-17
-3.10418e-12
-3.52486e-15
2.64672e-17
6.77602e-17
0
0
-1.48429e-16
1.78501e-16
2.11032e-17
0
0
0
0
0
0
0
0
0
0
0
0
0
0
-1.65619e-12
3.08044e-13
0
0
0
0
0
0
0
0
0
0
0
0
0
2.68962e-16
-1.56171e-15
0
0
-2.64542e-12
-3.50827e-16
-9.45978e-13
0
-8.07383e-13
0
0
0
0
0
0
0
0
0
0
0
0
0
0
0
0
0
0
0
0
0
0
0
0
0
0
0
0
0
0
0
0
0
0
0
0
0
0
0
0
0
0
-3.71161e-16
-1.32772e-15
0
0
0
0
0
4.36875e-16
-5.11188e-31
0
0
0
0
0
0
0
0
0
0
0
0
0
0
0
-6.21862e-16
0
0
0
0
0
0
0
0
0
0
0
0
0
0
0
0
0
0
0
0
0
0
0
0
0
0
0
0
0
0
1.03524e-16
0
0
0
0
0
0
0
0
0
0
0
0
0
0
0
0
0
0
0
0
0
0
0
0
0
0
0
0
0
0
0
0
0
0
0
0
0
0
0
0
0
0
0
0
0
0
0
0
0
-1.18218e-16
3.60007e-17
1.44025e-15
0
0
0
0
7.29831e-16
0
0
0
0
0
0
0
0
0
-3.45387e-15
6.82051e-15
-6.40497e-14
-3.90021e-12
0
0
0
0
0
0
0
-2.6824e-12
0
0
-5.81143e-15
-2.12386e-15
0
0
0
0
0
0
0
0
0
0
0
0
0
0
0
0
0
0
0
0
0
-4.93853e-13
-7.05849e-13
0
0
0
0
0
0
0
0
0
0
0
0
0
0
0
0
0
0
0
0
0
0
0
0
0
0
0
0
0
0
0
0
0
0
0
0
0
0
0
0
0
0
0
0
0
0
0
0
0
0
0
0
0
0
0
0
0
0
0
0
0
0
0
0
-3.90467e-13
0
0
0
0
0
0
-4.67957e-17
0
0
0
0
0
0
-3.9098e-16
1.33263e-16
2.0852e-15
0
-5.65818e-18
0
0
0
0
0
2.54167e-19
1.87206e-17
0
0
0
0
0
0
0
0
0
0
0
0
0
0
0
0
0
0
0
0
0
0
-1.51589e-16
-6.4674e-17
0
0
0
0
0
0
0
0
0
0
0
0
0
0
0
3.09825e-15
0
0
0
0
0
0
0
0
0
0
0
0
0
0
0
1.07564e-15
3.36834e-16
0
0
0
0
-2.33135e-15
0
0
0
0
2.48848e-14
0
-1.31722e-15
0
0
0
0
0
0
0
0
0
0
0
0
-6.30912e-15
0
0
0
0
0
0
0
0
0
0
0
0
0
0
0
0
0
0
0
0
0
0
0
8.69992e-16
2.71459e-17
0
0
0
0
0
0
0
0
0
0
0
0
0
0
0
0
0
0
0
0
0
0
-3.43853e-18
9.86717e-18
0
0
0
0
0
0
0
0
0
0
0
0
0
0
0
0
0
0
0
0
0
0
0
0
0
0
0
0
0
0
0
0
0
0
0
0
-5.39056e-13
5.54862e-16
-1.8242e-15
0
0
0
0
0
0
0
0
0
0
0
0
0
0
0
0
0
0
0
0
0
0
0
0
0
0
-1.38946e-15
7.44458e-16
-7.12569e-16
0
0
0
0
0
0
-1.24737e-16
-4.78413e-16
6.67347e-17
0
0
0
0
3.44659e-18
0
-1.77341e-17
0
0
0
0
0
0
0
-4.7116e-17
1.91578e-18
0
0
0
0
0
0
0
0
0
0
0
0
0
0
0
0
0
0
0
0
0
0
0
0
0
0
0
0
0
0
-4.85106e-16
-1.35349e-18
0
0
0
0
0
0
0
0
0
0
0
0
0
0
0
0
0
0
0
0
0
0
0
0
0
-5.61465e-17
-1.46722e-15
1.15447e-16
0
0
0
1.38845e-15
0
2.44365e-16
0
0
0
0
0
0
0
0
0
0
0
0
0
0
0
0
0
0
0
1.19996e-16
-4.66428e-16
0
0
0
0
0
0
0
1.60092e-12
-3.58096e-12
0
0
0
0
0
0
0
0
1.25236e-15
0
0
0
0
0
0
0
0
0
0
0
0
0
0
0
0
0
0
2.48795e-18
-3.28833e-17
0
0
0
0
0
0
0
0
0
0
0
0
0
0
0
0
0
0
0
0
0
-2.51697e-15
6.43744e-17
3.02395e-15
0
0
0
0
0
0
0
0
0
0
0
0
0
0
0
0
0
0
0
0
0
0
0
0
0
0
0
0
0
0
0
0
0
5.40238e-08
-5.57108e-13
-1.16501e-07
0
0
0
0
5.99767e-18
0
0
0
0
0
0
-3.383e-16
0
0
0
0
0
0
8.1841e-17
0
0
0
0
0
0
0
0
0
0
0
0
0
0
0
0
0
0
0
0
0
0
0
0
0
0
0
0
0
0
0
0
-5.22345e-31
0
0
0
0
0
0
0
0
0
0
0
0
0
0
0
0
0
6.78038e-16
0
0
0
0
0
0
0
0
0
0
0
0
0
0
0
0
0
0
0
0
0
0
0
0
0
0
0
0
0
0
0
0
0
0
0
0
0
0
5.68987e-17
9.11472e-16
0
0
0
0
0
0
0
0
0
0
0
0
0
0
0
0
0
1.43207e-15
0
0
0
0
0
0
0
2.74583e-15
4.69184e-15
-3.6455e-16
0
0
0
0
0
0
0
0
0
0
0
0
0
0
0
0
-5.92643e-17
-8.17031e-18
0
0
0
3.63969e-17
0
4.84614e-16
9.44023e-16
-4.59766e-15
0
0
0
8.55378e-16
0
1.73682e-18
-5.97138e-18
-3.52085e-16
0
3.03925e-17
0
4.24416e-16
0
0
0
0
0
0
0
0
0
0
0
0
0
0
0
0
0
0
4.73825e-16
0
0
0
0
0
0
0
0
0
0
0
0
0
0
0
0
0
0
0
0
0
0
0
0
-1.58528e-15
0
0
0
0
0
0
0
0
0
0
9.5565e-17
0
0
0
0
0
0
0
0
0
0
0
0
0
0
0
0
0
0
0
7.64459e-17
0
-4.79228e-16
0
0
0
0
0
0
-2.15651e-18
-2.94048e-17
0
0
0
0
0
0
3.94849e-17
-6.42075e-17
0
0
0
0
0
0
0
0
0
0
0
0
0
0
0
0
0
0
0
0
0
0
0
0
0
0
0
0
2.60158e-31
-1.54283e-15
0
0
0
0
1.977e-15
4.77608e-17
0
0
0
0
0
0
1.54432e-15
0
0
0
0
0
0
0
0
0
0
0
0
0
0
0
0
0
0
0
0
0
-1.50811e-15
0
0
1.38018e-19
0
0
0
0
0
0
-2.93e-12
6.36527e-17
0
0
0
0
0
0
0
0
0
-5.22741e-08
1.4455e-12
-6.89093e-17
0
0
0
0
0
0
0
0
0
0
0
0
0
0
0
0
0
-1.822e-17
0
0
0
1.03835e-30
1.44212e-15
0
0
0
0
0
3.99956e-14
0
7.49994e-15
0
0
0
0
0
0
0
0
0
0
0
0
0
0
0
0
0
0
0
0
0
0
0
0
0
0
0
0
1.49443e-15
0
0
0
0
0
0
0
0
0
0
0
0
0
0
0
0
0
0
0
-1.84314e-14
0
-5.69562e-15
0
0
0
0
0
0
0
0
0
0
0
0
0
0
0
0
0
0
0
0
0
0
0
3.93789e-13
-8.43196e-13
0
0
0
-2.40725e-14
2.19373e-14
0
0
0
0
0
0
0
0
0
0
-8.29676e-15
3.28429e-16
0
0
0
0
0
0
0
0
0
0
0
0
0
0
0
0
0
0
0
-6.48104e-16
-1.48974e-15
0
0
0
0
0
0
0
0
0
0
0
0
0
0
0
0
0
0
0
0
0
0
0
0
0
0
0
0
0
-2.92621e-12
0
0
0
0
6.57113e-17
0
0
0
0
0
0
0
0
0
0
0
0
0
-3.82279e-17
0
1.79836e-15
0
0
0
0
5.29143e-17
0
-9.42853e-16
0
0
0
-2.61039e-12
0
0
0
0
0
0
-1.62357e-16
0
0
0
0
0
0
0
0
0
2.66663e-16
0
0
0
0
0
0
-1.05416e-15
0
0
0
0
0
0
0
0
0
0
0
0
0
0
0
0
0
0
0
0
0
0
0
0
-6.79523e-19
0
0
0
0
0
0
0
0
0
0
0
0
0
-5.92032e-13
0
0
0
0
0
0
0
0
0
0
0
0
-1.16977e-15
-2.52723e-16
0
0
2.20986e-16
0
1.90822e-16
-2.50352e-16
0
0
0
0
-1.43321e-18
-3.48882e-17
0
-1.07186e-16
0
0
0
0
0
0
0
0
0
0
0
0
1.23827e-13
0
0
0
0
0
0
0
0
0
0
0
0
0
0
0
0
0
0
0
0
0
0
0
1.32076e-16
-5.21865e-17
0
0
0
0
0
0
0
0
0
0
0
0
0
0
0
0
0
0
0
0
0
0
0
5.69001e-19
1.09225e-15
5.37039e-17
0
0
0
0
0
0
0
0
0
0
0
0
0
0
0
0
0
0
0
0
0
0
0
0
0
0
0
0
0
0
0
0
0
0
0
0
0
0
0
0
0
0
0
0
0
0
0
0
0
0
0
0
0
0
0
0
0
0
0
0
0
0
0
0
0
0
0
0
0
0
0
0
0
-6.12935e-16
0
0
0
0
0
0
0
0
0
0
7.02999e-13
-2.47762e-12
5.40389e-13
1.73325e-16
-1.36807e-16
0
0
0
0
0
0
0
0
0
0
0
0
0
0
0
0
0
0
0
0
0
0
0
0
0
0
0
0
0
1.11628e-16
0
0
0
0
0
0
0
0
0
0
2.0767e-30
0
0
0
0
0
0
0
0
0
0
-1.14472e-17
0
0
0
0
0
0
0
0
0
0
0
0
0
0
0
0
0
0
0
0
0
0
0
0
0
0
0
0
0
0
5.37812e-15
0
0
-6.46592e-32
0
0
0
0
-2.33431e-09
2.564e-12
0
0
0
0
0
0
0
0
0
0
0
0
0
0
0
0
0
0
0
0
0
0
0
0
0
0
0
-5.12186e-17
0
0
0
0
0
0
0
0
0
7.67973e-16
0
0
0
0
0
0
0
0
-4.29938e-17
0
-3.13663e-17
0
0
0
0
0
0
0
0
0
-8.06427e-19
0
0
0
0
0
2.97409e-16
0
0
0
0
1.22548e-16
5.82633e-16
-1.85981e-15
-4.20074e-16
0
0
0
2.70215e-17
-5.60718e-17
0
0
0
0
0
0
0
0
0
0
0
0
0
0
0
0
0
0
0
0
0
0
0
0
0
0
0
0
0
0
0
0
0
0
0
0
0
0
6.06658e-17
0
0
0
0
0
0
0
0
0
0
0
0
0
0
0
0
1.54421e-16
0
0
0
0
0
0
0
0
0
0
0
0
0
0
0
0
0
0
0
0
0
0
0
0
0
0
0
0
0
0
0
0
0
0
5.56686e-17
0
0
0
8.65346e-16
0
0
0
0
0
0
0
0
0
0
0
0
0
0
0
0
0
0
0
0
0
0
0
0
0
0
0
0
0
0
0
0
0
0
0
0
0
-1.87326e-16
1.89617e-14
0
0
0
-3.50322e-18
0
0
5.18199e-16
-3.93954e-16
0
0
0
0
0
0
0
0
0
0
0
0
0
0
0
0
0
0
0
0
0
0
0
0
-1.88645e-16
-3.04892e-15
0
0
0
0
0
0
0
0
0
0
0
0
0
0
0
0
0
0
0
0
0
0
0
0
0
0
0
0
0
0
0
0
0
0
-2.36466e-16
8.22432e-16
0
0
0
0
0
0
0
0
0
-8.97576e-16
0
0
0
0
0
0
-9.5343e-17
1.61643e-15
0
0
0
0
0
0
0
0
0
0
0
0
0
0
0
0
2.6818e-15
0
0
0
0
0
0
0
0
0
0
0
0
0
0
0
0
0
-3.77015e-17
0
0
0
0
0
0
1.18968e-16
-1.09745e-15
0
0
-1.88542e-15
-1.15735e-15
0
0
0
0
0
0
0
0
0
0
0
0
0
0
0
0
0
0
0
0
-1.88953e-17
0
0
0
0
0
0
0
0
0
0
0
0
0
0
0
0
0
0
0
0
0
0
0
0
0
0
0
0
0
0
0
0
0
0
0
0
0
0
0
0
0
0
0
0
0
0
0
0
0
0
0
0
0
0
4.11995e-15
3.51037e-15
-5.05479e-16
0
0
-9.37413e-16
-3.5443e-17
0
0
0
0
0
0
-4.90715e-15
1.72999e-15
0
1.89443e-15
0
1.66947e-15
0
0
0
0
0
0
0
0
0
0
0
0
0
0
0
0
0
0
0
0
0
0
0
0
-1.39926e-15
0
0
0
0
0
0
0
0
0
0
0
0
0
0
0
0
0
-2.50617e-16
0
-2.21025e-16
4.79944e-16
0
0
0
0
0
0
6.55044e-16
0
0
0
0
0
0
0
0
0
0
0
0
0
0
0
0
0
0
0
0
0
0
0
0
0
0
0
0
0
0
0
0
0
0
0
0
0
0
0
-1.5474e-16
5.66115e-17
0
0
0
0
0
0
0
0
0
0
0
-2.16054e-15
0
0
-5.83571e-16
0
0
0
0
0
0
0
0
0
0
0
0
0
0
0
0
0
0
-6.90923e-16
2.18674e-16
0
0
0
0
0
0
0
0
0
0
0
0
0
0
0
0
0
-4.03752e-15
0
0
0
0
0
0
0
0
0
0
0
0
0
0
0
0
0
0
0
0
0
0
0
0
0
0
0
0
0
1.19203e-15
0
0
0
0
0
0
0
0
0
0
0
0
0
0
0
0
0
0
0
0
0
0
0
0
0
0
0
0
0
0
-5.37975e-16
2.03144e-16
0
0
0
0
0
0
0
1.00657e-16
7.689e-17
0
0
0
0
0
0
0
0
0
0
0
0
0
0
0
0
1.55763e-16
2.40623e-15
0
0
0
0
0
-8.97875e-16
0
0
0
0
0
0
0
0
0
0
0
3.22087e-17
-3.05197e-15
0
0
0
0
0
0
0
0
0
0
4.34269e-15
0
0
0
0
0
0
0
0
0
0
0
0
0
0
0
0
0
0
0
4.75483e-16
0
-1.24344e-16
0
0
0
0
0
0
0
0
0
0
0
0
0
0
0
0
0
0
0
0
0
0
0
0
0
0
0
0
0
0
0
0
0
0
0
0
0
0
0
0
0
0
0
0
0
0
0
0
0
0
0
0
0
0
0
0
-6.61127e-15
-4.59077e-16
0
0
0
0
0
0
0
0
0
0
0
1.96555e-16
4.80147e-16
-1.64889e-15
0
0
0
0
0
0
0
0
0
0
0
0
0
0
0
0
0
0
0
0
0
0
1.36988e-16
0
0
0
0
0
0
0
0
0
0
0
0
0
0
0
0
0
0
0
0
0
0
0
0
0
0
0
0
0
0
0
4.9189e-16
0
0
0
0
0
0
0
0
0
0
0
0
0
0
0
0
0
0
0
0
1.2745e-16
3.67103e-17
0
0
0
0
0
0
0
0
0
0
0
0
0
0
0
0
0
0
0
0
0
0
0
0
0
0
0
0
0
0
0
0
0
0
0
0
0
0
0
0
0
0
1.6424e-16
0
0
0
0
0
0
0
1.57842e-17
-5.07529e-19
0
0
0
0
0
0
0
0
0
0
0
0
0
0
0
0
0
0
0
0
0
0
0
0
0
0
0
0
0
0
0
0
0
0
8.04451e-16
2.59075e-16
0
0
-6.79782e-17
0
-7.97845e-16
9.7707e-17
2.57277e-19
-9.6363e-18
1.78743e-15
0
0
0
0
0
0
0
0
4.21832e-15
-1.65989e-14
-1.45072e-18
0
0
0
0
0
0
0
0
0
0
0
0
0
0
0
0
0
0
0
0
0
0
0
0
0
0
0
0
0
0
0
0
0
0
0
0
0
0
0
0
0
0
0
0
0
0
0
0
0
0
0
0
0
0
0
0
0
0
0
0
0
0
0
0
0
0
0
0
0
0
0
0
0
0
0
0
0
0
0
0
0
0
0
0
0
0
0
0
0
0
0
0
0
0
0
0
0
0
0
0
0
0
0
0
0
0
0
0
0
0
0
-4.17315e-15
2.09344e-30
0
0
0
0
0
0
0
0
0
0
0
0
0
0
0
0
0
0
0
0
0
0
0
0
0
0
0
0
0
0
0
0
0
0
0
0
0
0
0
0
0
0
0
0
0
0
0
0
0
0
0
0
0
0
0
0
0
0
0
0
0
0
0
0
0
0
0
0
0
0
0
0
0
0
0
0
0
0
0
0
0
0
0
0
0
0
0
4.57404e-17
0
0
0
0
0
0
0
0
0
0
0
0
0
0
0
0
0
0
0
0
0
0
0
0
0
0
0
0
0
0
0
0
0
0
0
0
0
0
0
0
4.14124e-16
0
0
0
0
0
0
0
0
0
0
2.10809e-15
0
0
0
0
0
0
0
0
0
0
0
0
0
0
0
-3.6008e-17
0
0
0
0
0
-9.64245e-17
1.33476e-16
0
0
0
0
0
3.33173e-17
0
0
0
0
0
0
0
0
0
0
0
0
0
0
0
0
0
0
0
0
0
0
0
0
0
0
0
0
0
0
0
0
0
0
0
0
0
0
0
0
0
0
0
0
0
0
0
0
0
0
0
0
0
0
0
1.63895e-12
3.65302e-08
0
0
0
0
0
0
0
0
0
0
0
0
0
0
0
0
0
1.24265e-16
-2.73679e-16
1.32985e-17
0
0
0
0
0
0
0
0
0
0
0
0
0
0
0
0
0
0
0
0
0
0
0
0
0
0
0
0
0
0
0
0
0
0
0
0
0
0
0
0
0
0
0
0
0
0
0
0
0
0
0
0
0
0
0
0
0
0
0
0
0
0
0
0
0
0
0
0
0
0
0
0
0
0
0
-3.34837e-15
-2.12332e-16
0
0
0
0
0
0
9.58064e-18
0
0
0
0
-3.95503e-17
3.83459e-16
0
0
0
0
0
0
0
0
0
0
0
0
0
0
0
0
0
0
0
0
0
0
0
0
0
0
0
1.17169e-16
0
0
0
0
0
0
0
0
0
0
0
0
0
0
0
0
0
0
0
0
0
0
0
0
0
0
0
0
0
0
0
0
0
1.5482e-15
0
0
0
0
0
0
9.31422e-17
0
0
0
0
0
0
0
0
0
0
0
0
0
-3.15553e-16
0
0
0
0
0
0
2.46922e-15
0
-4.18687e-30
0
0
0
0
0
0
0
0
0
0
0
0
0
0
-8.82926e-17
-1.35037e-16
0
0
0
0
0
0
0
0
1.59558e-16
-1.40372e-16
0
0
0
0
0
0
0
0
0
0
0
0
0
-3.16034e-16
-1.32872e-16
0
0
1.02296e-17
0
-2.40596e-17
0
0
0
0
0
0
0
0
0
0
0
0
0
0
0
0
0
8.98339e-17
9.13007e-17
0
0
0
0
0
0
0
0
0
0
0
0
0
0
0
0
0
0
0
0
0
0
0
0
0
0
0
0
0
0
0
0
0
0
0
-2.36888e-13
0
0
0
0
0
0
0
0
0
0
0
0
0
0
0
0
0
0
0
0
0
0
0
0
0
0
0
0
0
0
0
0
0
0
0
0
0
0
0
0
0
0
0
0
0
0
0
0
0
0
0
0
0
0
0
0
0
0
0
0
0
0
0
0
0
0
0
2.28386e-16
0
0
0
0
0
0
0
0
0
0
0
0
0
9.74799e-17
0
0
0
0
0
0
0
0
0
0
0
0
0
0
0
0
0
0
0
0
0
0
0
0
0
0
0
0
0
0
1.59742e-15
0
6.99707e-16
0
0
0
0
0
0
0
0
0
0
0
0
0
0
0
0
0
0
0
0
0
-2.72196e-15
0
0
0
0
0
0
0
0
0
0
0
0
0
0
0
0
0
0
0
0
0
0
0
0
0
0
0
0
0
0
0
0
0
0
0
0
0
0
0
0
0
0
0
0
0
0
0
0
0
0
0
0
0
0
0
0
0
0
0
0
0
0
0
0
0
1.22697e-16
0
0
0
0
0
0
0
0
0
0
0
0
0
0
0
0
0
1.78958e-16
6.66902e-16
-6.1496e-15
-4.08215e-15
0
0
0
0
0
0
-4.78145e-16
0
0
0
0
0
0
0
0
0
0
0
0
0
0
0
0
0
0
0
0
0
0
0
0
0
0
0
0
0
0
0
0
0
0
0
0
0
0
0
0
0
0
0
0
0
0
1.24995e-16
0
0
0
0
0
0
0
0
0
1.69529e-15
-1.56814e-16
0
0
0
0
0
0
0
0
0
0
0
0
0
0
-1.97188e-15
0
7.54707e-19
0
0
0
0
0
0
0
0
0
0
0
0
0
0
0
0
0
0
0
0
0
0
0
0
0
0
0
0
0
0
0
-1.71732e-15
2.28784e-16
0
0
0
0
0
0
0
0
0
4.15837e-16
-3.70686e-16
-4.14119e-16
0
0
0
0
0
0
0
0
0
0
-1.57333e-17
-1.18852e-16
0
0
0
0
0
0
0
0
0
0
-3.07531e-17
0
0
0
0
0
0
0
0
0
0
0
0
0
0
0
0
0
0
0
0
0
0
0
0
0
0
0
0
0
0
0
0
0
0
0
0
0
0
0
0
0
0
0
0
0
0
0
0
0
0
0
0
0
0
0
0
0
0
0
0
0
0
0
0
0
0
0
0
0
0
-1.06622e-16
2.28591e-16
0
0
0
0
0
0
0
0
0
0
0
0
0
0
0
0
0
0
0
-2.80065e-16
0
0
0
0
0
0
0
0
0
0
0
0
0
0
0
-3.11481e-18
0
0
0
0
0
0
0
0
0
0
0
0
0
1.80204e-14
0
0
0
0
0
0
0
0
0
0
0
0
0
0
0
-3.72606e-17
7.99486e-17
1.26158e-18
0
0
0
0
0
0
0
0
0
0
0
0
0
0
0
0
0
0
0
0
0
0
0
0
0
0
0
0
0
0
0
0
0
0
0
0
0
0
0
0
0
0
0
0
0
0
0
0
0
0
0
0
0
0
0
0
0
0
0
0
0
1.25593e-16
-2.11149e-16
0
0
0
0
0
0
0
0
-2.58052e-20
-6.76505e-18
0
0
0
0
0
0
0
0
0
1.19342e-15
0
0
0
0
0
0
0
0
0
0
0
0
0
0
6.71919e-17
-1.54067e-16
-9.5442e-16
0
0
0
0
0
0
0
0
0
0
0
0
0
0
0
0
0
0
0
0
0
0
0
0
0
0
0
0
0
0
0
0
0
0
0
0
0
0
0
0
0
0
0
0
0
0
0
0
0
0
0
0
0
0
0
0
0
0
0
0
0
0
0
0
0
0
0
0
0
-4.59324e-16
-6.00653e-18
7.35009e-16
0
0
0
0
0
0
8.85338e-15
0
0
0
0
0
0
2.90989e-15
0
0
0
0
0
0
0
0
0
0
0
0
0
0
0
0
0
0
0
0
0
1.45477e-15
-8.41937e-17
0
0
0
0
0
0
0
0
0
0
1.42541e-16
1.65201e-15
0
0
0
1.42359e-16
0
0
0
0
0
0
0
0
0
-6.33825e-15
-8.21806e-15
0
0
0
-7.27174e-16
-3.28445e-17
-1.44855e-15
0
0
0
0
0
0
0
0
0
0
0
0
0
0
0
0
0
0
0
0
0
0
0
0
0
0
0
0
-1.04136e-15
-2.90349e-15
0
0
0
0
0
-5.8933e-15
-2.6829e-16
0
0
0
0
0
0
0
0
0
0
0
0
0
0
0
0
0
0
0
0
0
0
0
0
0
0
0
0
0
0
0
0
0
0
0
7.14749e-16
0
-1.83128e-15
0
0
0
3.88389e-18
0
0
0
0
-7.49077e-13
-2.10628e-11
0
0
0
0
0
0
0
0
0
0
0
0
0
0
0
0
0
0
0
0
0
0
0
0
0
0
0
0
0
0
0
0
0
0
0
0
0
0
0
0
0
0
-9.2196e-16
-2.27465e-12
-8.8873e-12
0
0
0
0
0
0
0
0
0
0
0
0
0
-1.6975e-15
0
-7.5569e-16
0
0
0
0
0
0
0
-1.28751e-15
0
0
0
0
0
0
0
0
0
0
0
0
0
0
0
0
0
0
0
0
0
0
0
0
0
0
0
0
0
0
0
0
0
0
0
0
-1.41483e-16
2.55447e-17
0
0
0
0
0
0
0
0
0
0
0
0
0
0
0
0
0
-5.73525e-16
0
0
0
0
0
0
0
0
0
0
0
0
0
0
0
0
0
0
0
0
0
0
0
0
0
0
0
0
0
-2.17644e-15
0
4.00576e-14
0
0
0
0
0
0
0
0
0
0
0
0
0
0
0
0
0
0
0
2.53833e-16
1.86017e-16
-1.83756e-15
0
0
0
9.2029e-17
4.45113e-17
0
0
0
0
0
0
0
0
0
0
1.83536e-15
-4.17366e-16
1.06394e-16
1.48085e-16
0
0
0
0
0
0
0
0
0
0
0
0
0
0
0
0
0
0
0
0
0
0
0
0
0
0
0
0
0
0
0
0
0
0
0
0
0
0
0
0
0
0
0
0
0
5.37227e-16
0
-1.57153e-14
0
0
0
0
0
3.0069e-15
1.55162e-15
0
0
0
0
0
0
0
0
0
0
0
0
0
0
0
0
7.40746e-16
-2.95252e-16
0
0
0
0
0
0
0
0
0
0
0
0
0
0
-5.73655e-12
0
0
0
0
0
0
0
0
0
1.5586e-16
0
-2.23395e-17
0
0
0
0
0
0
0
0
0
0
0
0
0
0
0
0
0
0
0
0
0
0
0
0
0
0
0
0
0
0
0
0
0
0
0
0
0
0
0
0
0
-9.82394e-13
-4.67699e-20
-6.70804e-13
0
0
0
0
0
0
0
2.16053e-16
0
0
0
0
0
-1.42196e-14
7.07361e-15
0
0
0
0
0
0
0
0
0
0
-2.94694e-16
0
0
0
0
0
0
0
0
0
0
0
0
0
0
2.26745e-16
-3.69899e-16
0
0
0
0
-6.66254e-16
1.01371e-16
0
0
0
0
0
0
0
0
0
0
0
0
0
0
0
0
0
0
0
0
0
0
0
0
0
0
0
0
0
0
0
0
0
0
0
0
0
0
0
8.43013e-16
0
0
0
0
0
0
-5.25352e-16
0
0
0
0
0
0
0
0
0
0
0
0
0
0
0
0
0
0
0
0
0
0
0
0
0
0
0
0
0
0
0
-5.88154e-15
0
0
0
0
0
0
0
0
0
0
0
0
0
0
0
0
0
0
0
0
0
0
0
0
0
0
0
0
0
0
0
0
0
0
4.95406e-16
0
0
0
0
0
0
0
0
0
0
0
0
0
0
0
0
0
0
0
0
0
0
0
0
0
0
0
0
0
0
0
0
-2.96185e-17
0
0
0
0
0
0
0
0
0
0
0
0
0
0
0
0
0
0
-9.93648e-16
0
0
9.51859e-17
1.10112e-15
0
0
0
0
0
0
0
1.96064e-15
0
0
0
0
0
0
7.13913e-17
0
0
0
0
0
0
0
2.24311e-12
0
0
0
0
3.19492e-32
0
0
0
0
-2.36649e-15
0
0
0
0
0
0
0
0
0
0
0
0
0
0
0
0
0
0
0
0
0
0
0
0
0
-9.33967e-15
0
0
0
0
0
0
0
0
0
0
0
0
0
3.50664e-16
0
0
0
0
0
0
0
0
0
0
0
0
0
0
0
0
0
0
-1.55644e-16
-5.0253e-16
0
0
0
0
0
0
0
0
0
0
0
0
0
0
0
0
0
0
3.86695e-16
0
0
0
0
0
0
0
0
0
0
0
0
0
0
0
0
0
0
3.77015e-17
-1.16027e-18
0
0
0
0
0
0
0
0
0
0
0
0
0
0
0
0
0
0
0
0
0
0
0
-1.48774e-16
0
0
0
0
0
0
0
0
0
0
0
0
0
1.76185e-16
1.0975e-14
0
0
0
0
0
0
0
0
0
0
0
0
0
0
0
0
0
0
0
0
0
0
0
0
0
0
0
0
0
0
-2.78714e-15
0
0
0
0
0
0
0
0
0
0
0
0
0
0
0
0
0
0
0
0
0
0
0
0
0
0
0
0
0
0
0
0
0
0
0
0
0
0
0
0
0
0
0
0
0
-4.03373e-16
0
0
0
0
0
0
0
0
0
0
0
0
0
0
0
0
0
0
0
0
0
0
0
0
0
0
0
-1.1188e-15
-2.22309e-15
0
0
0
0
-6.42027e-18
-2.10718e-14
3.97098e-17
0
0
0
0
0
0
0
0
-1.84218e-17
0
0
-6.74072e-16
0
0
0
0
0
0
0
0
0
0
0
0
0
0
0
0
0
0
0
0
0
0
0
0
0
0
0
0
0
0
0
0
0
0
0
0
0
0
0
0
-2.33191e-18
0
6.69413e-32
-7.12068e-17
1.2395e-16
7.019e-17
0
0
0
0
0
0
0
0
0
0
0
0
0
0
0
0
0
0
0
0
0
0
0
0
0
0
1.1887e-16
0
0
0
0
0
0
0
0
0
0
0
0
0
0
0
0
0
0
0
0
0
0
0
0
0
0
0
0
0
-7.96161e-16
0
0
0
0
0
0
0
0
0
0
0
0
0
0
0
0
0
0
0
0
0
0
0
0
0
0
0
0
-2.69801e-15
-1.39741e-16
0
0
0
0
0
0
0
0
0
0
0
0
0
0
0
0
0
0
2.01407e-16
0
0
0
0
0
0
0
0
0
0
0
0
0
0
0
0
0
0
0
0
0
0
0
0
0
0
0
0
0
0
0
0
0
0
0
0
0
0
0
0
0
0
0
0
0
0
0
0
0
0
0
0
0
0
0
1.02505e-17
0
0
0
0
0
0
0
0
0
0
0
0
0
0
0
0
0
0
0
0
0
0
0
0
0
0
0
0
0
0
0
0
0
0
0
0
0
0
0
-1.35098e-16
0
0
0
0
0
0
0
0
0
0
0
0
0
0
0
0
0
0
0
0
0
0
-2.20419e-15
0
0
0
0
-1.17845e-17
4.44838e-18
0
0
0
0
0
0
0
0
0
0
0
0
0
0
0
0
0
0
0
0
0
0
0
0
0
0
0
0
0
0
0
0
0
0
0
0
0
-1.14205e-16
3.10542e-16
0
0
0
6.52273e-17
1.45216e-17
0
0
0
0
0
0
0
0
0
0
0
0
0
0
0
0
0
0
0
0
0
0
0
0
0
0
0
0
0
0
0
0
0
0
0
0
0
0
0
0
0
0
0
0
0
0
0
0
0
0
0
2.07818e-16
-7.30729e-16
0
0
0
0
4.16769e-16
-3.60826e-15
0
0
0
0
0
0
0
0
0
0
0
3.69828e-17
0
0
0
0
0
0
0
0
0
0
0
-4.16608e-15
0
0
0
0
0
0
0
0
0
0
0
0
0
0
0
0
0
0
0
0
0
0
0
0
0
0
0
0
0
0
0
0
0
5.82947e-16
0
0
0
0
0
0
0
0
0
0
0
0
0
0
0
0
0
-7.1062e-16
0
0
0
0
0
0
0
0
0
0
0
0
0
0
0
0
0
0
0
0
0
0
0
0
0
0
0
0
0
0
0
0
0
0
0
0
0
0
0
0
-2.86565e-16
-7.49257e-16
0
0
0
0
0
0
0
0
0
0
0
2.02209e-16
4.04875e-16
0
0
0
0
0
0
0
0
0
0
0
0
0
0
0
0
0
0
0
0
0
0
0
0
0
0
0
0
0
0
0
0
0
0
0
0
0
0
0
0
0
0
0
0
0
0
0
0
0
0
-8.80063e-16
-8.69883e-17
0
0
0
0
0
0
0
0
0
0
0
0
-1.16883e-16
0
0
0
0
0
0
0
0
0
0
0
0
0
0
0
0
0
-5.41725e-17
-9.41296e-18
0
0
0
0
0
0
0
0
0
0
-1.03911e-30
-1.08478e-15
0
-9.66128e-17
0
0
0
0
0
0
0
0
0
1.40686e-17
4.02468e-18
0
0
0
0
0
0
0
0
0
-5.24698e-18
-1.60802e-17
0
0
0
0
0
0
0
0
0
0
0
0
0
0
0
0
0
0
0
0
0
-2.70172e-16
4.52159e-15
0
0
0
0
0
0
0
0
0
0
0
0
0
0
0
-9.66079e-16
8.71405e-16
0
0
0
0
0
0
0
0
0
7.78953e-31
5.45183e-17
0
0
0
0
0
0
0
0
0
0
0
0
0
0
0
0
0
0
0
0
0
0
0
0
0
0
0
0
0
0
0
0
0
0
0
0
0
0
0
0
0
7.08996e-16
-1.29369e-15
0
0
0
0
0
0
0
0
0
0
0
0
0
0
0
0
0
0
0
0
0
0
0
-1.04368e-30
-1.04672e-30
0
0
0
0
0
0
0
0
0
0
0
0
0
0
0
0
0
0
0
0
0
0
0
0
0
0
0
-1.54698e-15
5.20316e-31
3.17693e-15
-2.84171e-14
1.54056e-15
0
0
-4.13169e-16
0
0
0
0
-1.48204e-16
5.2054e-16
0
6.78793e-16
0
0
0
0
0
0
0
0
0
0
0
0
0
0
0
0
0
0
0
0
0
0
0
0
0
0
0
0
9.13842e-18
0
0
0
0
0
0
0
0
0
0
0
0
0
0
0
0
0
0
0
0
0
0
0
0
0
0
0
0
0
0
0
0
0
0
0
0
0
0
0
0
0
0
0
0
0
0
0
0
0
0
0
0
0
0
0
0
0
0
0
0
0
0
0
0
0
0
0
0
8.79705e-17
-1.2673e-14
0
0
0
0
0
0
0
0
0
0
0
0
-1.83631e-15
0
0
0
0
0
0
0
0
7.31145e-13
-2.38516e-12
-4.16026e-17
-5.82077e-17
0
0
0
0
0
0
0
0
0
0
0
0
0
0
0
0
-8.37844e-15
0
0
0
0
-6.43901e-16
0
0
0
0
0
0
0
0
0
0
0
0
0
0
0
0
0
0
0
0
0
0
0
0
0
0
0
-2.10157e-14
0
0
0
0
0
0
-3.43482e-16
0
0
0
0
0
0
0
0
0
0
0
0
0
0
0
0
0
0
0
0
0
0
0
0
0
0
0
0
0
0
0
0
0
0
0
0
0
0
0
0
0
0
0
0
0
0
0
0
-6.83121e-17
-5.75652e-16
0
0
0
0
0
0
0
0
0
0
-3.63205e-16
0
0
0
0
0
0
0
0
0
0
0
0
0
0
0
0
0
0
0
0
0
0
0
0
0
0
0
0
0
0
0
0
0
0
0
0
0
0
0
0
0
0
0
0
0
0
0
0
0
0
0
-3.52939e-16
0
0
0
-3.54397e-12
0
0
0
0
0
0
0
0
0
0
0
0
0
1.8694e-16
0
0
3.40443e-15
0
0
0
0
0
-3.68619e-15
0
0
0
0
0
0
0
0
0
0
0
0
0
0
0
0
0
0
0
0
0
0
0
-3.29406e-16
4.78302e-15
0
0
0
0
0
0
0
0
0
0
0
0
0
0
0
0
-2.85976e-16
0
3.03064e-16
0
0
5.41753e-16
5.20994e-17
0
0
0
0
0
0
0
0
0
0
-1.39412e-12
0
0
0
0
0
4.07064e-17
-1.05013e-16
0
0
0
0
0
0
0
0
0
0
0
0
0
0
0
0
0
0
0
0
0
0
0
0
0
0
0
0
0
0
0
0
0
0
0
-6.07029e-18
-7.79677e-18
1.57973e-15
3.26382e-16
-3.11726e-16
0
0
0
0
0
0
0
0
0
0
0
0
0
0
0
0
0
0
0
0
0
0
0
0
0
0
0
0
0
0
0
0
0
0
0
0
0
0
0
0
0
0
0
0
0
0
0
0
0
0
0
0
0
0
0
0
0
0
0
0
0
0
0
0
0
0
0
0
5.95908e-17
0
0
0
0
0
0
0
0
0
0
6.63247e-16
0
0
1.07363e-16
-5.2097e-16
0
-1.97598e-17
0
0
0
0
0
0
0
0
0
0
0
0
0
0
0
0
0
0
0
0
0
0
0
0
0
0
0
0
0
0
0
0
0
0
0
0
0
0
0
0
0
0
-3.14295e-15
0
0
2.95324e-17
0
0
0
0
1.72861e-14
0
0
0
0
0
0
0
0
0
0
0
0
0
0
0
0
0
0
0
-3.2445e-15
0
0
2.96967e-17
0
0
0
0
0
0
0
0
0
4.65832e-15
0
0
0
0
0
0
0
0
0
0
-1.53098e-15
-8.63336e-16
0
0
0
0
0
0
0
0
0
0
0
0
0
0
0
0
1.95928e-14
2.77051e-17
0
0
0
0
0
0
0
0
0
0
0
0
0
0
0
0
0
0
0
0
0
0
0
0
0
0
0
0
0
4.50873e-16
-3.096e-16
0
0
0
0
0
0
3.9282e-16
0
0
0
0
0
0
0
0
0
0
0
0
0
-1.51416e-15
0
0
0
0
0
0
0
0
0
0
0
0
0
0
0
0
0
0
0
0
0
0
0
0
0
0
0
0
0
0
0
0
0
0
0
0
0
0
0
0
0
0
0
0
0
0
-4.46041e-16
5.91982e-16
0
0
0
0
0
0
0
-6.89389e-18
0
0
0
0
0
0
0
0
0
0
0
0
0
0
0
0
0
0
0
0
0
0
0
0
0
0
0
0
0
0
0
0
0
0
0
0
0
0
0
0
0
0
0
0
0
0
0
0
0
0
0
0
0
0
0
0
0
0
0
0
0
0
0
0
0
0
0
0
0
0
0
0
0
0
0
0
0
0
0
0
0
0
0
0
0
0
0
0
0
0
0
0
0
0
0
0
0
0
0
0
0
0
0
4.46658e-17
0
0
0
0
0
0
0
0
0
0
0
0
0
0
0
0
-2.13956e-16
7.57183e-16
0
0
0
0
0
0
0
0
0
0
0
0
0
0
0
-5.82519e-16
0
0
-1.86756e-13
3.39657e-17
-6.4019e-13
0
1.81174e-14
-3.49407e-16
0
0
1.2021e-16
0
0
0
0
0
0
0
0
0
0
0
0
0
0
0
0
0
0
0
0
0
0
0
0
0
0
0
0
0
0
0
0
0
0
0
0
0
0
0
0
0
0
0
0
0
0
0
0
0
0
0
0
0
0
0
0
0
0
0
0
0
0
0
0
0
0
0
0
3.99405e-16
-3.67536e-16
0
0
0
0
0
0
0
0
0
0
0
0
0
0
0
0
0
0
0
0
0
0
0
0
0
0
0
0
0
0
0
0
0
0
0
0
0
0
0
0
0
0
0
0
0
3.26184e-15
0
0
0
0
0
0
0
0
0
0
0
0
0
0
0
0
0
0
0
0
0
0
0
0
0
0
0
0
0
0
0
0
0
0
0
0
0
0
0
0
0
0
0
0
0
0
0
0
0
0
0
0
0
0
0
0
0
0
0
0
0
0
0
0
0
0
0
5.92577e-17
0
0
0
0
0
0
0
0
0
0
0
0
0
0
0
0
0
0
0
0
0
0
0
0
0
0
0
0
0
0
-6.74897e-18
0
0
0
0
0
0
0
0
0
0
0
-2.31798e-17
0
0
0
0
0
-2.26531e-12
0
0
0
0
0
0
0
0
0
0
0
0
0
0
0
0
0
0
0
0
0
0
0
0
0
0
0
0
0
0
0
0
0
0
0
0
0
0
0
0
0
0
0
0
0
0
0
0
0
0
0
0
0
4.05992e-16
-6.18974e-16
-5.24373e-31
0
0
0
0
0
0
0
0
0
-6.32572e-16
0
0
6.16872e-16
0
0
0
0
0
0
0
0
0
0
0
0
0
0
0
0
0
0
0
0
0
0
0
0
0
0
0
0
0
0
0
3.39074e-15
0
0
0
0
0
0
0
0
0
0
6.61482e-14
0
0
0
0
0
0
0
0
0
0
0
0
0
0
0
0
0
0
0
0
0
0
2.73597e-17
0
0
0
0
0
0
0
0
0
0
0
0
0
0
0
0
0
0
0
0
0
0
0
0
0
0
0
0
0
0
0
0
0
0
0
0
0
0
0
0
0
0
0
0
0
0
0
0
0
0
0
0
0
0
0
0
0
0
0
0
0
0
0
0
0
0
0
0
0
0
0
0
0
0
0
7.78585e-15
0
0
0
0
0
0
0
0
2.97553e-16
0
0
0
0
0
-3.5164e-15
0
0
0
0
-2.25041e-16
0
0
0
0
0
0
0
0
0
0
0
0
0
0
0
0
0
-5.03284e-17
0
0
0
0
0
0
0
0
0
0
0
0
0
0
0
0
0
0
0
0
0
0
0
0
0
0
0
0
0
0
0
0
0
0
0
0
0
0
0
0
0
0
0
0
0
0
0
6.89442e-13
-2.72613e-12
0
0
0
0
0
0
0
0
-8.54389e-16
3.35029e-16
0
0
0
0
0
0
0
0
0
0
0
0
0
0
0
0
0
0
0
0
0
0
0
0
0
0
0
0
0
0
0
0
0
0
0
0
0
0
-5.50814e-16
6.71858e-16
0
0
0
0
0
0
0
0
0
0
0
0
0
0
0
0
0
0
0
0
1.64036e-15
-1.18281e-15
0
0
0
0
0
0
0
0
0
0
0
0
0
0
0
9.32353e-18
0
0
0
0
0
0
-1.44187e-16
3.35067e-15
0
0
0
0
0
0
0
0
0
0
0
0
0
0
0
-1.09355e-16
-2.08875e-16
0
0
0
0
0
0
0
0
0
0
0
0
0
0
0
0
0
0
0
8.66033e-16
-3.38805e-16
0
0
0
0
0
0
0
0
0
0
0
0
0
0
0
0
0
0
0
0
0
0
0
0
0
0
0
0
0
0
0
0
0
0
0
0
0
0
0
0
0
0
0
0
0
0
0
0
0
0
0
0
0
0
0
0
0
0
0
0
0
0
0
0
0
0
0
0
0
0
0
0
0
0
0
0
0
0
0
0
0
0
0
0
0
0
0
0
0
0
0
0
0
0
0
0
0
0
0
0
0
-4.77088e-16
1.12708e-15
0
0
0
0
0
0
0
0
0
0
0
0
0
0
0
0
0
0
0
0
0
0
0
0
0
0
0
0
0
0
0
0
0
0
0
0
0
0
0
0
0
0
0
0
0
0
0
0
0
0
0
0
0
0
0
0
0
0
0
0
0
0
0
0
0
0
0
0
0
8.87925e-16
-8.28715e-16
0
0
0
0
0
0
0
0
0
0
0
0
4.14926e-16
-2.13885e-16
0
0
0
0
0
0
0
0
0
0
0
0
0
0
0
0
0
0
0
0
0
0
0
0
0
0
0
0
0
0
0
0
-7.14887e-15
1.36997e-15
0
0
0
0
0
0
0
0
4.57308e-16
6.77354e-15
0
0
0
0
0
2.13227e-15
-1.10625e-15
0
-1.35445e-14
0
0
0
0
0
0
0
0
0
0
0
0
0
-2.99556e-16
6.92492e-17
0
0
0
0
0
0
0
0
0
0
0
0
0
0
0
0
0
-5.19282e-18
-9.20884e-13
0
0
0
0
0
-2.92513e-16
-2.58428e-16
-1.43906e-15
-1.89582e-15
0
0
0
0
0
0
0
0
0
0
0
0
0
0
0
0
0
-3.06911e-12
0
0
0
0
0
0
0
0
1.3112e-16
0
0
0
0
0
0
0
0
0
0
0
0
0
0
0
0
0
0
0
0
0
0
0
0
0
0
0
0
0
0
0
0
0
0
0
0
0
0
0
0
0
0
0
0
0
0
0
0
0
0
0
0
0
0
0
0
0
0
0
0
0
0
0
0
0
0
0
0
0
0
0
0
0
0
0
0
0
0
0
0
0
0
0
0
0
0
0
0
0
0
0
1.09613e-16
1.96462e-14
0
0
0
0
0
0
0
0
0
0
0
0
0
0
0
0
0
0
0
0
0
0
0
0
0
0
0
0
0
0
0
0
0
0
0
0
0
0
0
0
0
0
0
0
0
0
0
0
0
0
0
0
0
0
0
0
0
0
0
0
0
0
0
0
0
0
0
0
5.13513e-16
0
0
0
0
0
0
0
0
0
0
-1.23576e-16
5.0111e-17
0
0
0
1.86372e-16
1.52267e-16
0
0
0
0
0
0
0
0
0
3.08659e-16
-4.99983e-16
0
0
0
0
0
0
0
0
0
0
0
0
0
0
0
-9.00043e-16
-6.59666e-15
-2.84758e-14
0
0
0
0
0
0
0
0
0
0
0
0
0
0
0
0
0
0
0
0
0
0
0
0
0
0
0
0
0
0
0
0
0
0
0
0
0
0
0
0
-5.69767e-17
8.37238e-15
0
0
0
0
0
0
0
0
0
0
0
0
0
0
0
0
0
-2.86978e-16
0
0
0
0
0
0
4.06002e-16
0
0
0
0
0
0
0
0
0
0
0
0
0
0
0
0
1.7458e-16
-4.03419e-16
0
0
0
0
0
0
0
0
0
0
0
0
0
0
0
-2.09632e-13
-2.47158e-12
0
0
0
0
0
0
0
0
0
0
0
-9.8911e-16
0
0
0
0
0
0
0
0
0
0
0
0
0
0
0
0
0
0
0
-7.48371e-13
0
-9.17041e-13
0
0
0
0
0
0
0
0
0
0
0
0
0
0
0
0
0
0
0
0
0
0
0
0
0
0
0
0
0
0
0
0
0
0
-2.73582e-15
3.2466e-14
0
0
0
0
0
0
0
0
0
0
0
0
0
0
0
0
0
0
0
-9.47106e-15
-7.30081e-15
0
0
0
0
-7.3668e-13
-8.67019e-13
0
0
0
0
0
0
0
0
0
0
0
0
0
0
0
0
0
0
0
0
0
0
0
0
0
0
0
0
0
0
0
0
0
0
0
0
0
0
0
0
0
0
0
0
0
0
0
0
0
0
0
0
0
0
0
0
0
0
0
0
0
0
0
0
0
0
0
0
0
0
0
0
0
0
0
0
0
0
0
0
0
0
0
0
0
0
0
0
0
8.85883e-17
4.13631e-16
0
0
0
0
0
0
0
0
0
0
0
0
0
0
0
0
0
0
0
0
0
0
0
0
0
0
0
0
0
0
0
0
0
0
0
0
0
0
0
0
-3.19522e-16
0
0
0
0
0
0
0
0
0
0
0
0
0
0
0
0
0
0
0
0
0
0
0
0
0
0
0
0
0
0
0
0
0
0
0
0
0
0
0
0
-9.63942e-16
0
0
3.54552e-16
6.75802e-16
0
0
0
0
0
0
0
0
0
0
0
0
0
0
0
0
0
0
0
0
0
0
0
0
0
0
0
0
0
0
0
0
0
0
0
0
0
3.52808e-16
0
0
0
4.47691e-16
0
0
1.18497e-16
0
0
0
-3.71676e-16
0
0
0
0
0
0
0
0
0
-3.36041e-16
0
0
0
0
0
0
0
0
0
0
0
0
0
0
0
0
0
0
0
0
0
0
0
0
0
0
0
0
0
0
0
0
0
0
0
0
0
0
0
0
0
0
0
0
0
0
0
0
0
0
0
0
0
0
0
0
0
-1.89795e-15
-6.31135e-15
0
0
0
0
0
0
0
0
0
0
0
0
0
0
0
0
0
0
0
0
0
0
0
0
0
0
0
0
0
0
-1.1924e-12
0
-7.92146e-13
3.66588e-16
3.36308e-15
-1.56953e-12
-5.14281e-13
0
0
0
0
0
0
0
0
0
0
0
0
0
0
0
0
0
0
0
7.46728e-16
0
0
0
0
0
0
0
0
0
0
0
0
0
0
0
0
0
0
0
0
0
0
0
0
0
0
0
0
0
0
0
0
0
0
0
0
0
0
0
0
0
0
0
0
0
0
0
0
0
0
0
0
0
0
0
0
0
0
0
0
0
1.27608e-16
0
0
0
0
0
0
0
0
0
0
0
0
0
0
0
0
0
0
0
0
0
0
0
0
0
0
0
0
0
0
0
0
0
0
0
0
-2.40262e-15
0
0
0
0
0
0
0
0
0
0
0
0
0
0
0
5.79712e-16
5.29796e-16
0
0
0
0
0
0
0
0
0
0
0
0
0
-5.27239e-13
0
0
0
0
0
0
0
0
0
0
0
0
0
0
0
0
0
0
0
0
0
0
0
0
0
0
0
0
0
0
0
0
0
0
0
0
0
0
0
0
0
0
0
0
0
0
0
0
0
0
-6.01528e-13
0
0
1.77186e-15
0
0
0
0
0
0
0
0
0
0
0
0
0
0
0
0
0
0
0
0
0
0
0
0
0
0
0
0
0
0
0
0
0
0
0
0
0
0
0
0
0
0
0
0
0
0
0
0
0
0
0
0
0
0
0
0
0
0
0
0
0
0
0
0
0
0
0
0
0
0
0
0
0
0
0
0
0
0
0
0
0
0
0
0
0
0
0
-1.09291e-14
0
0
0
0
0
-8.62328e-16
-1.769e-16
0
0
0
0
0
0
0
0
0
0
0
0
0
0
0
0
0
0
0
0
0
0
0
0
0
0
0
0
0
0
0
0
0
1.35171e-15
0
0
0
0
0
0
0
0
0
0
0
0
0
0
0
0
0
0
0
0
0
0
0
0
-5.16953e-15
0
0
0
0
0
0
0
0
6.25336e-15
0
0
0
0
0
0
0
0
0
0
0
0
0
0
-1.75463e-15
-8.92645e-16
0
0
1.15023e-14
-1.35576e-16
0
0
0
0
0
0
0
-3.58081e-17
0
0
0
0
0
0
0
0
0
-5.97397e-18
0
0
0
1.53487e-15
0
0
0
0
0
0
0
0
0
0
3.03886e-16
1.86275e-16
0
0
-2.32136e-15
-7.99774e-15
0
0
6.08182e-15
-4.47184e-15
-1.09584e-16
0
0
0
0
0
0
0
0
0
0
0
0
0
-1.19595e-15
-1.20813e-15
0
0
0
0
-2.65782e-15
0
0
0
0
0
0
0
0
0
0
0
0
0
0
0
0
0
0
0
1.34627e-15
7.5668e-16
9.06416e-16
0
0
0
0
0
0
0
0
0
0
0
0
0
0
0
0
0
0
0
0
0
0
0
0
0
8.40936e-18
0
0
0
0
0
0
0
0
0
0
0
0
0
0
0
-1.82688e-16
0
0
0
0
0
0
0
0
0
0
0
0
0
0
0
0
0
0
0
0
0
0
0
0
0
0
0
0
0
0
0
0
0
0
0
0
0
1.06397e-17
0
0
0
0
0
0
0
0
0
5.66093e-17
0
0
0
0
0
0
0
0
0
0
0
1.78726e-15
0
0
0
0
0
0
0
0
0
0
0
0
0
0
0
0
0
0
0
0
0
0
0
0
0
0
0
0
8.50085e-15
4.20816e-16
-7.46518e-16
0
0
0
0
0
0
0
0
0
0
0
-1.3663e-15
0
1.08023e-15
0
0
0
0
0
0
0
0
0
0
0
0
0
0
0
0
0
0
0
0
0
0
0
0
0
0
0
0
0
0
0
0
0
0
0
0
0
0
0
0
0
0
-4.4843e-17
0
0
0
2.86338e-16
0
0
0
0
0
0
0
0
0
0
0
0
0
0
0
0
0
0
0
0
0
-7.90421e-15
0
0
0
0
0
0
0
0
0
0
0
0
0
0
0
0
0
0
0
0
0
0
0
0
0
0
0
0
0
0
0
-7.01779e-16
0
-9.45694e-15
0
0
0
0
0
0
0
0
0
0
0
0
0
0
0
0
0
0
0
0
0
0
0
0
0
0
0
0
0
0
0
0
0
0
0
0
0
0
0
0
0
0
-1.003e-16
0
0
0
0
0
0
0
0
0
0
0
0
0
0
0
0
0
0
0
0
0
0
0
0
1.01348e-15
0
0
0
0
-4.18394e-12
0
0
0
0
0
0
0
0
0
0
0
0
0
0
0
0
0
0
0
0
0
0
0
0
0
0
0
0
0
0
0
8.06498e-18
0
0
0
0
0
0
-8.74914e-12
-1.98318e-18
0
0
7.28623e-18
0
0
0
0
0
0
0
0
0
0
0
0
0
0
0
1.56591e-14
1.65542e-18
0
0
0
0
0
0
0
1.8659e-15
0
0
0
0
0
0
0
0
0
0
-4.54101e-16
0
0
0
0
0
-1.96702e-14
0
0
0
0
0
0
0
1.71732e-18
0
0
0
0
0
0
0
0
0
0
0
0
0
0
0
0
0
0
0
0
0
0
-7.10334e-17
0
0
0
0
0
-1.70014e-14
0
0
0
0
0
0
0
0
1.3134e-17
0
0
0
0
0
0
0
0
0
0
0
0
4.23098e-14
0
0
0
0
0
0
0
0
0
0
0
0
0
0
0
0
0
1.06299e-16
-3.68003e-16
0
0
0
0
0
0
0
0
0
0
0
0
0
0
0
0
0
0
0
0
0
0
0
0
0
0
0
0
0
0
0
0
0
0
0
0
0
0
0
-6.01657e-12
0
0
0
0
0
0
0
0
0
0
0
0
0
0
0
0
0
0
0
0
0
0
0
0
0
0
0
0
0
0
0
0
0
0
0
0
0
0
0
0
0
0
0
0
0
1.39192e-15
0
0
0
0
0
0
0
0
2.91891e-14
3.14835e-16
0
-5.26859e-08
-8.87359e-08
5.57958e-08
9.75607e-09
7.4092e-08
5.75865e-09
8.7625e-08
6.52485e-09
1.645e-07
4.62748e-08
1.43501e-07
8.21988e-08
-5.69232e-08
-2.04961e-08
-6.1696e-08
-7.90791e-10
1.09054e-08
-3.57536e-08
-3.2472e-08
2.24713e-08
-8.33122e-08
-4.64545e-08
-7.81968e-08
-3.99184e-08
-7.08611e-08
-3.2692e-08
-7.44446e-08
-1.41098e-08
-4.84417e-08
-2.6358e-09
-4.5425e-08
-2.20352e-08
2.37735e-08
3.12575e-08
-1.84762e-08
4.08744e-08
-1.34733e-08
4.56572e-08
-6.21065e-09
-6.40412e-11
9.00005e-08
1.5938e-08
8.96427e-08
2.81814e-08
9.66987e-08
3.5721e-08
1.01056e-07
4.30748e-08
4.95586e-08
1.09101e-07
1.38375e-07
3.45099e-08
4.70137e-08
1.37642e-07
5.39741e-08
1.45286e-07
0
0
0
0
0
0
0
0
0
0
0
0
0
0
0
0
0
0
0
0
0
0
0
0
0
0
0
0
0
0
0
0
0
-2.2879e-11
0
0
0
0
0
0
0
0
0
0
0
0
0
0
0
0
0
0
0
0
0
0
0
0
0
0
0
0
0
0
0
0
0
0
0
0
0
0
0
0
0
0
0
0
0
0
0
0
0
0
0
0
0
0
0
0
0
0
0
0
0
0
0
0
-4.54422e-16
0
0
0
0
0
0
0
0
0
0
0
0
0
0
0
0
0
0
0
0
0
0
0
0
0
7.27297e-15
6.96329e-16
0
0
0
8.1736e-16
0
0
0
0
0
0
0
0
0
-9.67936e-16
0
0
0
0
0
-2.17514e-08
3.15291e-08
2.6371e-08
-2.18494e-08
-1.46425e-08
3.92688e-08
0
0
0
0
4.77484e-16
-3.53779e-08
7.45187e-09
0
-1.14696e-09
3.78703e-08
0
0
0
0
0
0
0
0
0
-3.22077e-09
-4.49915e-08
-8.1083e-09
-5.17429e-08
7.72586e-15
6.53823e-15
0
0
-4.18395e-16
-1.77595e-15
0
0
0
0
0
-7.7243e-15
-6.05827e-15
0
0
0
-1.79955e-08
-5.64652e-08
0
0
0
0
0
0
0
7.46095e-09
5.51456e-08
5.47223e-08
2.02046e-09
0
0
0
0
-1.29861e-08
-7.29509e-08
0
-3.01166e-14
-1.34703e-14
0
-4.05719e-14
1.30274e-15
0
0
0
0
0
0
0
7.77747e-16
0
0
0
0
0
0
0
0
0
0
0
0
1.84741e-08
5.88691e-08
0
0
0
0
0
0
0
0
-3.8859e-08
-7.63396e-08
0
0
5.37951e-17
0
0
0
0
-4.53924e-08
-8.14389e-08
-8.22467e-08
-3.86705e-08
0
0
0
1.02838e-08
8.12136e-08
0
0
0
0
6.97424e-08
-1.62782e-09
0
0
2.73071e-08
7.62475e-08
0
0
0
0
1.95133e-17
3.55647e-16
0
-6.5871e-15
-1.07531e-14
0
0
0
0
0
-8.52286e-08
-4.7423e-08
0
0
0
0
0
0
0
0
0
0
0
-5.42418e-16
0
0
0
0
0
2.54801e-08
8.94189e-08
0
0
0
0
-5.14197e-08
-2.54159e-09
0
3.4942e-08
9.45543e-08
3.21094e-18
0
0
0
0
0
0
0
2.05437e-08
-2.54441e-08
-8.95502e-08
9.65204e-08
3.88637e-08
3.96913e-08
1.01468e-07
-2.67002e-08
3.37065e-08
-1.45938e-08
3.6312e-08
1.02809e-07
4.419e-08
0
0
2.53565e-34
0
0
0
0
0
0
0
0
0
0
0
0
0
0
0
0
-3.84952e-08
7.7757e-09
0
-3.66353e-09
3.70339e-08
1.41104e-08
-3.32121e-08
0
0
0
0
0
0
-6.0208e-09
-3.94017e-08
0
0
4.59845e-08
-7.35935e-10
-6.54714e-09
-5.0391e-08
0
0
0
0
0
0
1.10966e-07
5.06127e-08
0
0
0
0
0
0
0
-2.19259e-08
-4.97591e-08
0
0
0
0
0
0
0
-1.61599e-16
0
0
0
3.04139e-09
5.65504e-08
0
0
-2.39587e-08
-5.93283e-08
0
0
0
0
0
0
0
0
0
-4.29209e-08
-5.51575e-08
0
0
0
5.29362e-08
1.17355e-07
0
-3.52076e-08
-7.41686e-08
0
2.53848e-08
6.07488e-08
0
0
-1.78763e-14
0
0
0
0
1.87999e-07
1.73198e-07
-1.72266e-07
-1.85299e-07
1.98294e-07
1.99742e-07
-2.21801e-07
-2.24978e-07
2.14708e-07
0
0
0
0
0
0
0
0
0
0
0
0
0
0
-6.57153e-17
0
0
0
0
0
0
0
0
0
5.92434e-17
-6.22702e-17
0
0
1.87485e-08
5.57513e-08
0
0
0
0
0
0
0
0
0
0
0
0
0
0
0
-3.6787e-08
-7.55023e-08
0
0
0
0
9.29072e-15
0
0
0
0
0
0
-4.04444e-08
-8.34028e-08
0
0
-4.0672e-15
4.29865e-15
0
0
0
0
4.98006e-16
0
0
0
2.26622e-08
6.62414e-08
0
0
0
4.2292e-08
5.86367e-08
0
0
0
0
0
0
0
0
0
0
0
0
0
0
0
0
0
0
-9.23351e-08
-4.31067e-08
0
0
0
0
0
0
0
0
0
0
0
0
0
-5.10111e-08
-9.61938e-08
3.67354e-08
7.56513e-08
0
0
0
0
5.52031e-08
1.12216e-07
0
0
0
0
0
0
0
1.40913e-07
4.66461e-08
0
0
0
0
0
0
0
0
0
0
0
0
0
0
0
0
0
2.87199e-08
9.77796e-08
0
0
0
8.84133e-15
0
0
0
0
0
0
0
0
0
0
0
0
0
-6.24417e-08
-8.77105e-08
9.86005e-08
3.96509e-08
0
1.07189e-07
4.26889e-08
0
0
0
0
0
0
0
0
0
0
0
0
0
3.61226e-16
0
0
0
0
0
0
0
0
0
0
0
0
0
0
0
0
0
0
0
0
0
0
0
0
-4.96323e-12
0
0
0
0
0
0
0
0
0
0
0
0
0
0
0
0
0
0
0
0
0
0
0
0
0
0
0
0
0
0
0
0
0
0
0
0
0
0
0
0
0
0
-5.96466e-13
0
0
0
0
0
0
0
0
0
0
0
0
0
0
0
0
0
0
0
0
0
0
1.13256e-16
0
0
0
0
0
0
0
0
0
-3.11863e-12
0
0
0
1.12149e-07
5.23239e-08
0
0
0
0
0
0
0
0
0
0
0
0
0
0
0
0
-2.01761e-14
0
0
0
0
0
0
0
0
0
0
0
0
0
0
0
0
0
0
0
0
0
0
0
0
0
0
0
0
0
0
0
-4.49271e-19
0
0
0
0
0
1.44917e-07
5.72901e-08
7.38552e-08
1.34346e-07
0
0
0
0
0
0
0
0
0
0
0
0
0
0
-6.7676e-15
0
0
0
0
0
0
0
0
0
0
0
0
0
0
0
0
0
0
0
0
0
0
0
0
0
0
0
0
0
0
0
0
0
0
0
0
0
0
0
0
0
0
0
0
0
0
0
0
0
0
0
0
0
0
0
0
0
0
0
0
0
0
0
2.20046e-15
0
0
8.57573e-08
1.37093e-07
0
0
2.41358e-15
0
0
0
0
0
0
0
0
0
0
0
0
0
0
0
0
0
0
0
0
0
0
0
0
0
0
-2.02002e-16
0
0
0
0
0
0
0
0
0
0
0
0
0
0
0
0
0
0
0
0
0
0
0
0
0
0
0
0
0
0
0
0
0
0
0
0
0
0
0
0
0
0
0
0
0
0
0
0
0
0
0
0
0
0
0
0
0
0
0
0
0
-2.86091e-15
0
0
0
0
0
0
0
0
0
0
6.62033e-08
1.12997e-07
-9.06871e-18
0
0
0
0
0
0
0
0
0
0
0
0
0
0
1.14925e-18
0
0
0
0
0
0
0
0
0
0
0
0
0
0
2.74134e-16
0
-1.2296e-19
0
0
0
0
0
0
0
0
-3.32372e-16
0
0
0
0
0
0
0
0
0
0
0
0
0
0
0
0
0
0
0
0
0
0
0
0
0
0
0
0
0
-1.473e-15
0
0
0
0
0
0
0
0
0
0
0
0
0
0
0
0
0
0
0
0
0
0
0
-1.25196e-12
-2.28991e-13
0
0
0
0
0
0
0
1.32244e-07
6.13032e-08
0
0
0
0
0
0
0
0
0
0
0
0
7.49844e-13
6.74256e-13
0
0
0
-6.03659e-17
0
0
0
0
0
0
0
0
0
1.40616e-17
0
0
0
0
0
0
0
0
0
0
0
0
0
0
0
0
0
-6.01983e-17
0
0
0
0
0
0
0
0
0
0
0
0
0
0
0
0
0
0
0
0
0
0
0
0
0
0
0
0
0
0
0
0
0
0
0
0
0
0
0
0
0
0
0
2.08126e-30
0
0
0
0
0
0
0
8.8889e-15
0
0
0
0
0
0
0
0
0
0
0
0
0
0
0
0
0
0
0
0
0
0
0
0
0
0
0
0
0
0
0
0
0
0
0
0
0
0
0
2.09576e-17
-5.52006e-16
0
0
0
0
0
-6.78885e-18
0
0
0
0
0
0
0
0
0
0
0
0
0
0
0
2.06128e-07
-1.90247e-07
1.49146e-07
7.94102e-08
0
0
0
0
0
0
0
0
0
0
0
0
0
0
0
0
0
1.33316e-07
5.72748e-08
1.97878e-15
0
0
1.18127e-17
0
0
0
0
0
0
0
-9.02177e-15
0
0
0
0
0
0
0
0
0
0
0
0
0
0
0
0
0
0
0
0
0
0
0
0
0
0
0
0
0
0
0
0
0
0
0
0
0
0
0
0
0
0
0
0
0
0
0
0
0
0
0
0
0
0
0
0
0
0
0
0
0
0
-6.60166e-17
0
0
0
0
0
0
0
0
0
0
0
1.42399e-16
1.37042e-18
0
0
0
0
0
0
0
0
0
0
0
3.29451e-15
0
0
0
0
0
0
0
0
0
0
0
0
0
0
0
0
0
3.68888e-15
-1.74365e-14
0
0
0
0
0
0
0
0
0
0
0
0
0
0
0
0
0
0
0
0
0
2.2544e-07
-2.3301e-07
-2.33929e-07
2.32037e-07
0
0
0
0
-1.88686e-07
1.9883e-07
0
0
0
0
0
0
0
0
0
0
0
0
0
0
0
0
0
0
0
0
0
0
0
0
0
0
0
0
0
0
0
0
0
0
0
0
0
0
0
0
0
0
0
0
0
0
0
0
0
0
0
0
0
0
0
0
0
0
0
0
0
0
0
0
0
0
0
0
0
0
0
0
0
0
0
0
0
0
0
0
0
0
-2.17125e-07
2.04079e-07
0
0
0
0
0
0
0
0
2.86128e-16
0
0
0
0
0
0
0
0
0
0
0
0
0
0
0
0
0
0
0
2.42073e-14
8.72176e-08
1.29834e-07
0
0
0
0
0
0
0
0
0
0
0
0
0
0
-2.36772e-14
0
0
0
0
0
0
0
0
0
-1.27885e-16
0
0
6.87223e-15
0
0
0
0
0
0
0
0
0
0
0
0
-1.168e-12
1.91046e-13
0
0
0
0
0
0
0
0
0
0
0
0
0
0
0
0
0
0
0
0
0
0
0
0
0
0
0
0
0
0
0
0
0
0
0
0
0
0
0
0
0
0
0
0
0
-1.33988e-16
0
0
0
1.71964e-14
1.41514e-16
0
0
0
0
0
0
3.19376e-15
0
1.74665e-15
0
0
0
0
0
1.36491e-07
6.87577e-08
0
0
0
0
0
0
0
0
6.11485e-18
0
0
0
0
0
0
-2.60842e-13
-7.59817e-13
-5.39755e-08
-2.65236e-08
0
0
0
0
0
0
0
0
0
0
0
0
0
0
0
0
0
0
0
0
0
0
0
0
0
0
0
0
0
0
0
0
0
0
0
0
0
0
0
0
0
0
0
0
0
0
-1.20824e-16
-2.17009e-15
-1.55004e-15
0
-5.25224e-16
0
0
0
0
0
3.74429e-18
0
0
0
0
0
0
0
4.20572e-16
0
-2.25728e-13
0
0
0
0
1.10856e-14
0
0
0
0
0
0
0
0
0
0
0
0
0
0
0
0
0
0
0
0
0
0
0
0
0
0
0
0
0
0
0
7.83355e-08
1.41519e-07
0
0
0
0
0
0
-7.8824e-08
-6.57141e-08
1.1603e-14
0
0
0
9.97489e-17
-3.44247e-15
3.73763e-16
0
0
0
0
0
0
0
0
0
0
0
0
2.49815e-14
-2.67555e-14
0
0
0
0
0
0
0
0
0
0
0
0
0
0
0
0
0
0
1.05526e-15
0
0
0
0
0
0
0
0
0
0
0
0
-2.72392e-16
0
0
0
0
0
0
0
0
0
0
0
0
0
0
0
0
0
0
0
0
0
0
0
0
0
0
0
0
0
2.99113e-14
-1.10056e-14
0
0
0
0
0
0
0
-1.01513e-14
0
0
0
0
0
0
0
0
0
0
0
0
0
-1.96564e-07
2.15269e-07
0
0
0
0
0
0
0
0
0
0
0
0
0
0
0
0
0
0
0
0
0
0
0
0
0
0
0
1.73157e-14
3.92621e-16
2.16215e-15
0
0
0
0
0
0
0
0
0
0
0
0
-9.95015e-16
0
-1.03455e-30
0
0
0
0
0
0
0
0
-6.64469e-15
0
0
0
0
0
0
0
0
0
0
0
0
0
0
0
0
0
0
0
0
0
0
0
0
0
0
0
0
0
0
0
0
0
0
0
0
0
0
0
0
0
0
0
0
0
0
0
0
0
0
0
0
0
0
0
0
0
0
0
0
0
0
0
0
0
0
0
0
0
0
0
0
0
0
0
0
0
0
0
0
0
0
0
0
0
0
0
0
0
0
0
0
0
0
0
0
0
0
0
0
0
0
0
0
0
0
0
0
0
0
0
0
0
0
0
0
0
0
0
0
0
0
0
0
0
1.08237e-16
0
0
0
0
0
0
0
0
0
0
0
0
0
0
0
0
0
0
0
0
0
0
0
0
0
0
0
-4.93283e-16
0
0
0
5.64071e-18
-2.81141e-17
0
0
0
0
0
0
0
0
0
-1.23809e-14
-1.56871e-15
0
0
0
0
0
0
0
0
0
0
0
0
0
0
0
0
0
0
0
0
0
0
0
0
0
0
0
0
0
0
0
0
0
0
0
0
0
0
0
0
0
0
0
0
0
0
0
0
0
0
0
0
0
0
0
0
0
0
0
0
0
0
0
0
0
0
0
0
0
-5.22142e-16
-3.82076e-16
0
0
0
0
0
0
-1.79732e-14
1.21816e-14
0
0
0
0
0
0
0
0
0
0
0
0
0
0
0
0
0
0
0
0
0
0
1.52999e-16
0
-1.57171e-16
0
0
0
0
0
0
0
0
0
0
0
0
0
0
0
0
0
0
0
0
0
0
0
0
0
0
0
0
0
0
0
0
0
0
0
0
0
0
1.62552e-16
0
0
0
0
0
0
2.51114e-12
2.93067e-12
3.46266e-12
0
0
0
0
0
0
0
0
0
3.35095e-12
0
0
0
0
-4.4028e-18
4.7021e-18
0
0
0
0
2.94658e-16
0
0
0
0
0
0
0
0
0
0
0
0
0
4.23205e-12
0
0
0
0
0
0
0
0
0
0
0
2.65077e-12
0
0
0
0
0
0
0
2.32958e-12
0
0
0
0
0
0
0
0
0
0
0
0
0
0
0
0
0
0
0
0
0
0
0
0
0
0
0
2.03667e-07
-2.08232e-07
0
0
2.60303e-12
0
0
3.38231e-12
0
0
0
0
3.47413e-12
3.36198e-12
0
0
0
0
0
0
0
0
0
0
0
-2.15996e-07
2.23527e-07
0
0
0
2.01106e-12
0
0
0
0
0
0
0
0
0
0
0
0
0
0
3.58705e-12
0
0
0
3.92519e-31
0
0
0
0
0
0
0
0
0
0
0
0
0
0
4.27857e-16
1.20416e-15
0
0
0
2.20647e-12
1.4936e-07
8.21364e-08
0
1.03826e-14
-4.73813e-16
0
0
0
0
0
0
0
0
0
0
0
0
2.04185e-12
0
0
0
2.49578e-16
0
-1.51321e-15
-3.66591e-16
0
0
0
0
0
0
0
4.12999e-17
-9.47478e-18
0
-5.74532e-16
0
0
0
0
0
0
0
0
0
0
0
0
0
2.43716e-13
-3.41147e-12
0
3.73909e-16
0
0
0
0
0
0
0
0
0
0
0
0
0
0
0
0
0
0
0
0
0
0
0
5.57889e-08
1.40585e-07
0
0
0
0
0
0
0
0
0
0
0
0
0
0
0
0
0
0
0
0
0
0
0
0
0
0
0
0
0
0
0
0
0
0
0
0
0
0
0
0
0
0
0
0
0
0
0
0
0
0
-1.96542e-07
1.80861e-07
0
0
0
1.02067e-12
0
0
0
0
0
0
5.49636e-15
0
0
0
0
0
0
0
0
0
0
0
0
0
0
0
0
0
0
0
0
0
0
0
0
0
0
0
0
0
0
3.25062e-12
0
0
0
0
0
0
0
0
0
0
3.26147e-12
0
0
0
0
0
0
0
0
0
0
0
0
0
1.81851e-16
0
0
0
0
0
0
0
0
2.68612e-15
-4.14127e-15
0
0
0
0
7.96999e-16
-2.5771e-12
0
0
0
0
0
0
0
3.56222e-12
0
0
0
3.2979e-12
0
0
0
0
0
0
0
0
0
0
0
0
0
0
0
0
0
0
0
0
0
4.53117e-12
0
0
0
0
0
0
0
0
0
0
0
0
4.56753e-16
0
0
2.43878e-12
2.49089e-12
0
0
0
0
0
0
0
0
0
0
1.4006e-16
0
0
0
0
-5.34508e-13
0
-6.39316e-17
0
0
0
0
0
0
0
0
0
0
0
0
0
0
0
0
0
0
0
0
0
0
0
0
0
0
0
0
0
1.25782e-16
0
0
0
0
0
0
0
0
0
0
0
0
0
0
0
0
0
0
0
0
0
0
0
0
0
0
0
0
0
0
0
0
0
0
0
0
0
0
0
0
0
0
0
0
0
0
0
0
0
0
0
2.67982e-12
0
0
0
0
-3.61133e-12
0
0
0
0
0
0
0
0
0
0
0
3.01852e-12
3.07801e-12
0
0
0
0
0
0
0
0
0
0
0
0
0
0
0
0
0
0
0
0
0
0
0
0
0
2.29562e-12
0
0
0
0
0
0
0
0
0
0
0
0
0
0
0
0
0
0
0
0
0
0
0
0
0
0
0
0
0
0
0
-1.32495e-17
-7.07394e-13
0
0
0
0
0
0
0
0
1.43958e-16
0
0
3.18921e-12
0
0
0
0
0
0
0
0
0
0
0
0
0
0
0
0
0
0
0
0
0
0
0
0
0
0
0
0
0
1.21396e-17
0
3.40688e-12
0
0
0
-1.11847e-15
0
0
0
0
0
0
5.89764e-12
0
0
0
0
0
0
0
0
1.61182e-12
0
1.54567e-16
0
0
0
0
0
-3.93213e-17
0
0
0
0
0
0
0
0
0
0
0
0
0
0
0
0
2.11317e-08
-2.87444e-08
0
2.23689e-12
2.18533e-12
2.08122e-12
0
0
3.95437e-12
1.94727e-15
1.47088e-15
0
0
0
0
-8.44308e-15
0
4.50553e-12
0
0
0
0
0
0
0
0
0
0
0
0
0
0
0
0
0
0
0
0
0
0
0
0
0
0
0
0
0
-6.51292e-16
-5.70535e-17
0
0
0
0
0
0
0
0
0
0
0
0
0
0
0
0
0
0
0
0
0
0
0
0
0
0
0
0
0
0
0
0
0
-2.87471e-12
-1.15779e-17
-5.63422e-12
0
0
0
0
0
0
0
0
0
0
0
0
0
-1.25502e-15
0
0
0
-3.88212e-16
1.2137e-15
0
0
0
0
0
0
0
3.11933e-12
0
0
0
0
-1.24904e-16
0
1.64959e-12
0
0
0
0
0
0
0
0
0
0
0
0
0
-8.84548e-15
-1.39963e-16
0
0
0
0
0
0
0
4.55563e-17
-1.97297e-15
0
0
0
0
0
0
0
-2.76234e-16
-2.86556e-16
0
0
0
0
0
0
6.67253e-15
0
0
0
0
0
1.09434e-15
0
0
0
0
0
0
0
0
0
0
0
-3.08665e-13
1.23192e-13
0
0
0
0
0
0
0
0
0
0
0
0
0
0
0
0
0
0
0
0
0
0
0
0
0
0
0
0
0
0
0
0
-6.5934e-16
0
0
0
0
0
0
5.2434e-16
1.96403e-12
0
0
0
0
0
0
0
0
0
0
0
0
0
0
0
0
0
0
0
0
0
0
0
0
0
0
0
0
0
0
0
-1.97358e-15
0
0
0
0
0
0
0
0
0
0
0
0
0
0
0
0
0
0
0
0
6.56414e-13
8.11551e-13
0
0
0
0
0
0
0
0
0
0
8.386e-18
0
0
-7.91327e-16
0
0
0
0
0
0
0
0
0
0
0
0
0
0
0
0
0
0
0
0
0
0
0
0
0
0
0
0
0
0
0
0
0
0
0
0
0
0
1.44051e-16
7.70009e-13
1.35607e-12
0
0
0
0
0
0
0
0
0
0
0
2.21659e-11
0
0
0
0
0
0
0
0
0
0
0
-2.22642e-12
0
0
0
0
4.42955e-08
-1.99783e-09
0
0
0
0
1.14599e-12
0
0
0
0
0
0
0
0
0
0
0
0
0
0
-9.27807e-16
0
0
0
0
0
0
0
0
0
0
0
0
0
0
0
0
0
0
0
0
0
0
0
0
0
0
0
0
0
0
0
0
0
0
0
0
0
0
0
0
0
0
0
0
0
0
0
0
0
0
-1.24726e-14
0
0
0
0
0
0
1.62534e-16
0
0
0
-1.4172e-16
9.34066e-17
0
0
0
0
0
0
0
0
0
0
0
0
0
0
0
-1.04999e-16
2.26419e-11
0
0
0
0
0
0
0
0
0
0
0
2.29638e-11
0
0
0
0
0
0
0
0
0
0
0
0
0
0
0
5.80677e-13
0
0
0
0
0
0
0
0
0
0
0
0
0
0
0
2.0991e-14
-3.48543e-15
0
0
0
0
0
0
0
0
0
0
0
0
0
0
2.9738e-12
0
0
0
1.40767e-14
0
0
0
0
0
0
0
0
0
0
0
0
0
0
0
0
0
0
0
0
0
0
0
0
0
0
-1.34099e-18
0
0
0
0
0
0
4.59512e-08
0
0
0
0
0
0
0
0
0
1.73191e-16
0
0
0
0
0
0
0
0
0
0
0
0
0
0
0
0
0
0
0
1.91075e-18
0
0
0
0
0
0
-1.85295e-14
1.97132e-14
0
0
0
0
3.8122e-16
0
0
3.43181e-17
0
-4.98229e-15
0
0
0
0
1.36534e-16
0
0
0
0
0
0
0
0
0
0
0
0
0
0
0
0
0
0
0
-1.47053e-16
0
0
0
-3.37972e-17
0
0
0
0
0
0
0
0
0
0
0
0
0
0
0
0
0
0
0
0
0
0
0
0
0
1.30806e-12
0
0
0
3.96128e-16
0
0
0
0
0
0
0
0
0
0
0
0
0
0
9.71788e-16
0
0
0
-1.24614e-14
0
0
0
0
0
-9.74631e-16
0
0
0
0
0
0
0
0
0
0
0
2.51478e-11
-9.05962e-16
-3.89608e-16
0
0
0
7.44202e-19
0
0
0
0
0
0
0
0
0
0
0
1.40394e-12
0
0
0
0
0
2.81998e-16
0
0
0
0
0
9.81004e-15
0
0
0
0
0
0
0
0
0
0
0
0
0
0
0
1.04673e-13
1.45365e-12
0
0
0
0
0
0
0
0
0
0
0
0
0
0
0
0
0
0
0
0
2.0247e-16
0
0
0
-2.06031e-12
0
0
0
0
0
0
0
0
0
0
0
0
0
0
0
-7.14497e-18
9.46662e-17
0
0
0
0
0
-3.70246e-16
4.51764e-17
0
0
0
0
0
0
0
0
0
0
0
0
0
0
0
0
0
-1.93013e-16
0
0
0
-1.98275e-15
0
0
0
0
0
0
0
0
0
-2.40478e-18
0
0
0
0
0
0
0
0
0
0
0
0
0
0
0
0
0
0
0
0
0
0
0
0
0
0
0
0
0
0
0
0
0
0
0
-2.29362e-07
0
0
0
0
0
0
1.22871e-15
6.10828e-16
0
0
0
0
0
0
0
0
0
0
0
0
0
0
0
0
0
0
0
0
-9.30193e-16
4.4128e-16
0
0
0
0
0
0
0
0
0
0
0
0
0
0
0
0
0
0
0
0
0
0
0
0
0
0
0
0
0
0
0
0
0
0
0
0
0
0
0
0
0
0
0
0
0
0
0
0
0
0
0
0
0
0
0
0
0
0
0
0
0
0
0
0
0
0
0
0
0
0
0
0
0
0
1.63901e-15
0
0
0
0
0
0
0
0
-1.41029e-15
0
0
0
0
0
0
0
0
0
0
0
0
0
0
7.4216e-16
0
0
0
-1.08387e-08
0
0
0
0
0
0
0
0
0
0
0
0
0
0
0
0
0
0
9.30828e-13
3.40613e-13
0
0
0
0
0
0
0
0
0
0
0
0
0
0
0
0
0
0
0
0
0
0
0
0
0
0
0
0
0
0
0
0
0
0
0
0
0
0
0
0
0
0
0
3.77415e-12
-7.24004e-16
0
0
0
0
0
0
0
0
0
0
0
0
0
0
-4.46534e-16
0
3.07901e-17
0
0
0
0
0
0
0
0
0
0
0
0
0
0
0
4.40913e-08
0
0
3.93018e-08
0
0
0
0
0
0
0
0
0
0
0
5.67332e-15
-2.65191e-15
0
0
0
0
0
0
0
0
0
0
0
0
0
0
-1.5417e-19
2.96994e-18
0
0
0
0
0
0
0
1.16984e-11
0
0
0
0
0
0
0
0
0
0
-8.00194e-18
0
0
0
0
0
0
0
0
0
0
0
0
0
0
0
0
0
0
0
0
0
0
0
0
0
0
0
0
0
0
0
0
2.33943e-11
0
0
0
0
0
0
1.44625e-16
0
0
0
0
4.85182e-16
7.55143e-08
0
0
0
0
0
0
0
0
0
2.37244e-11
0
0
0
0
0
1.03759e-30
-2.94007e-16
-5.20471e-17
0
0
6.00136e-16
3.98379e-17
0
-1.06468e-07
0
0
-2.8241e-12
4.89911e-13
9.20822e-13
0
0
-2.90915e-12
0
0
0
0
0
0
0
0
0
0
0
0
0
0
0
0
0
0
0
0
0
0
0
0
0
0
0
0
0
0
9.07613e-13
-1.31722e-16
0
0
0
0
0
0
0
0
0
6.15851e-08
0
0
0
0
0
0
0
-4.89876e-16
0
-5.5565e-17
0
4.63498e-08
0
0
0
0
0
0
0
0
0
0
0
0
0
0
0
0
0
0
0
0
0
0
0
0
0
-2.11448e-12
0
0
0
0
0
0
0
0
0
-4.70182e-17
-2.88178e-16
0
0
3.08924e-08
-5.19294e-31
0
0
6.69221e-16
0
8.24831e-16
0
0
0
0
0
0
0
0
0
0
0
0
0
0
0
0
0
0
0
0
0
0
1.58507e-16
0
7.00291e-16
2.44038e-15
0
0
0
0
0
0
0
0
0
0
0
0
0
0
0
0
0
0
0
0
0
0
0
0
0
0
0
0
0
0
0
0
0
0
0
0
0
0
0
0
0
6.60044e-18
0
0
0
0
0
0
0
0
0
0
0
0
0
0
0
0
0
0
0
0
0
0
0
0
0
0
-8.24756e-18
0
-2.20319e-12
8.72672e-14
-1.91682e-16
0
0
0
0
0
0
0
0
0
1.1728e-11
0
0
0
0
0
0
0
0
0
0
0
0
0
0
5.63314e-16
0
-4.22223e-15
0
0
2.85679e-12
-1.06393e-08
0
0
-2.47381e-12
4.60852e-13
7.76179e-13
8.27637e-30
0
0
0
0
0
0
0
0
0
0
0
0
0
0
0
0
0
0
0
0
-2.93012e-16
0
0
0
-1.02092e-12
0
-7.14731e-13
0
0
-5.25179e-17
0
0
0
0
0
0
0
0
0
0
0
0
0
0
0
0
0
0
0
0
0
0
0
0
0
0
0
0
0
0
0
6.42913e-13
-1.87975e-11
0
0
0
0
0
0
0
0
0
0
0
0
3.2609e-08
-2.2285e-15
0
0
0
0
0
0
0
0
0
0
0
0
0
0
0
0
0
7.628e-13
6.64719e-13
0
0
0
0
0
0
0
0
0
0
0
0
0
0
0
0
0
3.89097e-14
0
0
0
0
0
-4.09015e-16
0
0
0
0
0
0
7.11819e-16
0
0
0
0
0
0
0
0
0
0
0
0
0
7.5296e-14
0
0
0
0
0
0
0
0
0
0
0
0
0
0
0
0
0
0
0
-2.66044e-16
0
0
0
0
0
0
0
0
0
0
0
0
0
0
0
0
0
0
0
-6.33931e-16
0
0
0
0
0
0
0
0
0
0
-5.55212e-13
0
0
0
0
-4.26959e-08
0
0
-1.16615e-12
-2.0498e-11
0
0
0
4.64715e-08
0
0
0
0
0
0
0
0
0
0
0
0
0
0
0
0
0
0
0
-7.24925e-16
0
0
0
0
0
0
0
0
0
0
-1.26847e-16
0
0
0
-4.94339e-08
1.93521e-12
0
0
0
0
0
0
0
1.56725e-15
2.44072e-16
0
0
0
0
0
0
0
0
0
0
0
0
0
1.25403e-08
3.49478e-15
0
0
0
-6.01205e-08
0
0
0
0
0
0
0
0
7.83968e-16
2.65186e-16
9.11758e-17
-6.4799e-08
0
0
0
0
0
0
0
0
0
0
0
0
0
0
0
1.68977e-14
0
0
0
0
0
-3.17084e-08
0
0
0
0
0
0
9.19157e-08
-1.11317e-08
0
0
8.55566e-16
-2.65698e-18
0
0
0
0
0
0
0
0
0
0
0
0
0
0
0
-2.04863e-16
0
0
0
0
0
0
0
0
0
0
0
0
0
0
0
0
0
0
-6.17418e-16
0
0
0
0
0
-1.80877e-08
0
0
0
0
0
0
2.83264e-16
0
0
0
0
0
0
0
0
0
0
-1.79777e-15
2.07598e-15
0
0
0
0
0
0
0
0
0
0
-4.72967e-16
0
0
0
0
4.40237e-13
0
5.32136e-16
0
-1.39163e-16
0
0
0
0
0
0
0
0
0
0
0
0
0
0
0
0
0
0
0
0
0
0
0
0
0
0
0
0
0
0
0
0
0
0
0
0
0
0
0
0
0
0
0
2.31073e-15
1.02334e-16
0
0
0
0
-6.36213e-13
-3.25082e-13
0
0
0
0
0
0
0
0
0
-1.83039e-17
0
0
0
0
0
0
-2.44283e-16
1.1382e-16
0
0
0
0
-1.10363e-16
0
0
0
0
-4.23813e-18
5.31345e-18
0
0
0
0
0
0
0
0
0
-1.35229e-12
1.77665e-15
0
0
1.55402e-12
0
0
0
0
0
0
0
0
0
0
0
0
0
0
-8.80808e-17
0
0
0
-8.93484e-17
-7.32549e-18
0
0
0
0
0
0
0
-1.92664e-11
0
0
0
0
0
0
0
0
0
0
0
0
0
-3.10223e-15
-1.59488e-16
0
0
0
0
0
0
0
0
0
0
0
-1.26911e-16
0
0
0
0
0
0
0
0
7.51494e-13
0
0
0
0
-4.49979e-17
0
0
0
0
0
0
0
0
0
0
0
0
0
0
0
0
0
9.9282e-15
0
0
3.82754e-13
-4.17328e-17
0
0
0
0
9.02956e-16
-1.22718e-16
-1.2053e-15
0
0
-4.33754e-12
0
-4.22677e-16
0
0
0
0
0
0
0
0
0
0
0
0
0
0
0
0
0
0
-1.0786e-17
0
0
0
0
-1.35134e-16
0
0
0
0
0
0
0
0
0
0
0
0
0
0
4.28916e-16
0
0
-6.76886e-13
0
0
1.27658e-15
0
0
0
0
2.01826e-15
0
7.71206e-13
-5.47977e-08
0
0
0
0
0
8.83384e-17
0
0
0
0
0
-8.37357e-16
0
0
0
0
0
0
0
0
0
0
0
0
0
0
0
0
1.88963e-08
0
0
0
0
0
0
0
0
0
0
-1.4551e-07
0
0
0
-6.15686e-16
0
0
0
0
0
0
0
-1.79808e-12
0
0
0
0
0
0
0
0
-6.93042e-08
0
0
0
0
0
0
0
0
0
0
0
0
0
-3.00562e-12
1.21973e-12
0
0
0
0
-1.73107e-08
0
0
0
-1.14073e-14
0
0
0
0
0
0
0
0
0
0
0
0
0
0
0
0
0
0
6.65386e-16
0
0
0
0
-2.42462e-15
-4.59817e-15
0
0
0
9.16162e-16
0
0
0
-3.8335e-17
0
0
0
-5.40881e-16
0
0
0
0
0
0
0
0
0
-8.09874e-16
0
0
0
0
0
0
-1.27058e-07
0
-2.82069e-08
0
0
0
0
0
0
0
0
0
0
0
0
0
0
0
0
0
0
0
0
0
0
0
-4.0708e-16
0
0
0
0
0
-1.06304e-07
1.67202e-12
0
0
0
0
0
0
0
0
0
0
0
0
0
0
0
0
0
0
0
0
0
0
0
0
0
0
0
0
1.28612e-08
2.61316e-12
0
8.10777e-15
0
0
0
0
0
0
0
0
0
0
0
0
0
0
0
0
0
0
0
0
0
0
0
0
0
0
0
-4.84853e-15
0
0
0
0
0
0
0
0
0
0
0
-2.20214e-19
-6.83457e-08
0
-7.32964e-17
0
0
0
0
0
6.49307e-09
0
0
0
-1.83745e-11
0
0
0
0
1.90521e-12
-6.891e-08
0
0
0
0
0
0
0
0
0
0
0
0
0
1.51177e-15
0
0
0
0
0
0
0
0
0
0
-3.53301e-17
-2.23764e-15
0
0
0
0
0
0
0
0
0
8.36519e-17
9.29944e-15
0
0
0
0
0
0
0
0
0
-1.20475e-15
-1.52571e-12
0
0
0
0
0
0
0
0
0
0
-7.66725e-08
0
0
4.60687e-08
0
0
0
0
0
0
0
0
0
0
0
0
0
1.77032e-16
0
0
0
0
0
0
0
0
-1.93923e-15
0
0
0
0
0
0
0
-9.50327e-09
0
0
0
0
0
0
0
-5.51471e-13
0
0
0
0
0
4.11852e-13
0
0
0
2.49217e-16
0
0
0
1.06813e-15
-2.35012e-17
0
0
0
0
0
0
0
0
0
-3.24736e-08
0
0
0
0
0
0
0
0
-2.3557e-17
0
0
1.22881e-16
-1.015e-15
0
0
0
0
0
0
0
0
0
0
0
0
0
0
0
0
0
0
0
0
2.37473e-08
0
2.50867e-13
0
0
0
0
0
0
0
0
0
5.83956e-08
1.13043e-16
1.79526e-15
-3.98568e-15
0
0
-2.16983e-16
0
0
0
0
0
0
0
0
0
1.70605e-07
-1.59663e-08
0
0
0
0
0
0
0
0
0
-1.44871e-16
4.69488e-08
0
0
2.16529e-08
0
0
0
0
0
-8.72271e-13
0
0
0
0
0
0
0
0
0
0
0
0
0
0
0
0
0
0
9.20909e-16
0
0
0
0
-1.10696e-07
0
2.96858e-12
5.80132e-09
0
0
0
0
0
0
0
0
0
0
0
0
0
0
0
0
0
-1.921e-18
0
0
0
0
0
0
0
0
0
0
0
0
0
0
0
0
0
0
0
0
0
0
0
0
0
0
0
-6.1012e-13
0
0
0
0
0
9.76391e-16
0
0
0
0
0
0
0
0
0
0
0
0
0
0
0
0
0
0
0
0
0
0
0
0
0
0
0
0
0
0
0
0
0
0
-6.54575e-08
0
0
0
0
0
0
0
0
0
0
0
0
0
0
0
0
0
-1.39605e-07
0
-2.90566e-13
-3.54761e-16
0
0
0
-7.45168e-17
0
0
-1.37851e-07
0
6.23775e-16
0
0
0
0
0
0
0
0
0
0
0
0
0
0
0
0
0
0
0
0
-7.05034e-13
0
0
0
3.6343e-13
0
0
0
0
0
0
0
0
0
0
0
0
0
0
0
-3.19002e-15
0
-1.02516e-16
3.89476e-31
-1.14067e-16
0
0
0
0
0
0
0
0
0
0
0
0
-2.3305e-16
7.92457e-17
0
0
0
0
0
0
0
0
0
0
0
0
0
0
0
0
0
0
0
0
3.67395e-18
0
0
0
0
0
0
0
0
0
0
0
2.86462e-13
0
0
0
0
0
0
0
0
0
0
0
0
0
0
-1.86469e-15
0
0
0
0
0
0
1.62071e-16
0
2.49097e-16
0
0
0
0
0
0
0
-1.88032e-16
0
0
0
0
0
0
0
0
0
0
4.43932e-12
7.10228e-12
0
0
0
9.70125e-16
1.69943e-12
6.26594e-13
0
0
0
0
0
0
0
0
0
0
0
0
0
0
0
0
0
0
0
0
0
0
0
2.93896e-13
0
0
0
-4.8464e-16
0
0
0
0
0
0
0
0
0
0
0
0
0
0
0
-1.40264e-16
2.29175e-13
0
0
0
0
0
0
1.35305e-07
0
0
0
0
0
0
0
0
0
0
0
0
0
0
0
9.33152e-13
-9.47857e-16
0
0
0
0
1.56848e-07
0
0
0
-2.69208e-16
0
0
6.88386e-13
6.37565e-13
0
0
0
0
0
0
0
0
0
0
-5.22732e-16
1.30878e-16
0
0
0
0
0
0
0
0
-7.77398e-13
0
0
0
0
0
0
0
0
0
0
0
0
-6.2412e-13
0
0
0
-2.78836e-14
0
0
0
0
0
0
0
0
0
-1.45678e-07
0
0
0
0
0
0
0
0
0
0
0
0
0
1.33909e-16
-1.08555e-12
0
0
0
0
0
-1.8162e-17
0
0
0
0
0
0
0
0
0
0
0
-4.93309e-18
0
0
0
0
0
0
0
-8.39352e-18
0
7.98473e-13
0
0
0
0
0
0
0
1.1389e-12
4.2774e-13
0
0
0
0
0
0
0
0
0
0
0
0
0
-5.53421e-13
4.07775e-13
0
0
0
0
0
0
0
0
0
0
0
0
0
0
0
0
0
0
0
0
0
0
0
0
0
0
0
0
0
-4.46352e-17
-5.37528e-17
0
0
0
0
0
0
0
0
-9.16774e-13
0
0
0
0
0
0
0
0
0
0
0
0
0
-3.05356e-17
0
0
0
0
0
9.31369e-13
8.61029e-13
0
0
0
0
0
0
0
0
0
0
0
0
0
0
0
0
0
0
0
-3.16536e-08
2.41309e-12
0
0
0
0
0
0
0
0
0
0
0
0
0
0
0
0
0
0
0
0
0
0
0
0
0
0
0
0
0
0
0
0
0
0
0
-2.37906e-13
0
0
4.8135e-16
0
2.44429e-16
9.72207e-17
0
0
0
0
0
0
0
-4.17018e-16
0
0
0
0
0
0
0
0
0
0
0
0
0
0
0
0
0
0
0
0
0
-2.82602e-13
0
0
0
0
0
0
0
0
0
0
0
0
0
0
0
0
3.87149e-13
3.90019e-16
0
0
0
0
1.04065e-14
1.60915e-14
-9.75364e-16
0
0
0
0
0
0
0
0
-2.89851e-16
-5.34899e-13
0
0
0
0
0
0
0
0
0
0
0
0
0
0
-5.00963e-13
0
-5.36723e-17
0
0
0
0
0
0
0
0
0
0
0
0
0
0
0
0
0
0
0
0
0
0
0
0
0
-3.09749e-15
2.6034e-16
0
0
0
0
0
0
0
0
0
0
0
0
0
0
0
0
0
0
0
0
0
0
0
0
0
0
0
0
0
0
9.59455e-13
7.29069e-13
0
0
0
6.07316e-13
0
0
0
0
0
0
0
0
0
0
0
0
0
0
0
0
0
0
0
0
0
0
0
0
0
0
0
0
0
0
0
0
0
0
0
0
0
6.07459e-17
0
0
0
0
4.99952e-13
0
0
0
0
0
0
0
6.40347e-17
0
0
0
0
0
0
0
0
0
0
0
0
0
0
0
0
0
0
0
0
0
0
0
0
0
0
0
0
0
0
0
0
0
0
0
0
0
-2.67101e-18
0
0
0
0
0
0
0
0
0
1.39299e-15
0
0
0
0
0
0
0
0
0
0
0
0
-1.92384e-16
0
0
0
0
0
0
0
0
0
0
0
0
0
-4.91945e-08
0
0
0
0
0
0
0
0
0
-2.94824e-17
9.78207e-17
0
0
0
0
0
0
0
0
4.3943e-16
0
0
0
0
0
0
0
0
0
0
0
0
-4.99687e-13
0
0
0
0
0
0
0
0
0
0
0
-4.13751e-17
0
0
0
0
0
0
0
1.0641e-16
0
0
0
0
0
0
0
0
0
0
0
0
0
0
0
0
0
-2.9709e-17
1.09563e-15
0
0
0
0
0
0
0
0
-9.61088e-13
0
0
0
0
0
0
0
0
0
-2.57557e-08
0
0
0
0
0
0
-1.66007e-15
7.47142e-16
0
5.66606e-13
0
0
0
0
0
0
0
0
0
0
0
0
0
0
0
0
0
0
0
0
0
0
0
0
0
0
0
-4.24149e-13
0
0
0
0
0
0
-5.88803e-12
0
3.87292e-15
0
0
0
0
0
0
-4.50596e-08
0
-4.30063e-16
0
0
-7.97488e-13
0
0
0
0
0
0
1.90464e-13
0
0
0
0
0
0
0
-9.68245e-16
-4.80355e-12
-1.50531e-16
0
0
0
0
0
0
3.34854e-08
1.30656e-16
0
0
0
0
0
0
0
0
0
0
0
0
0
0
0
0
0
0
0
0
0
0
0
0
0
0
0
0
0
0
0
0
1.12327e-15
0
0
-2.47428e-13
0
0
0
0
0
0
0
0
0
0
0
-8.46013e-09
0
0
0
7.20524e-16
0
0
0
0
0
0
7.12771e-13
0
5.80507e-13
0
0
0
0
0
0
0
0
0
0
0
0
0
0
1.86527e-08
0
0
0
0
0
0
0
0
3.84737e-13
0
0
0
0
0
0
0
0
0
0
1.77524e-15
0
0
0
0
0
0
0
0
0
0
0
0
0
-1.05266e-18
2.49455e-17
-2.03304e-16
0
0
0
0
0
0
0
0
0
0
-1.03252e-30
0
0
0
0
0
0
0
0
0
0
0
0
8.652e-13
0
0
0
0
0
0
0
9.32908e-13
7.62332e-13
0
0
0
4.16253e-30
0
0
0
0
0
0
0
0
0
0
0
0
0
0
0
0
0
-2.81939e-13
0
0
0
0
0
0
-5.95167e-17
0
0
0
0
0
0
0
0
0
-4.51473e-16
-1.34866e-16
0
0
0
0
0
0
0
0
0
-7.74285e-13
-1.45368e-17
0
2.06017e-13
0
0
0
0
0
0
-1.5995e-13
0
0
0
0
0
-1.2731e-12
0
0
0
0
0
0
0
5.41756e-13
0
0
0
0
6.11213e-16
0
0
0
0
0
0
-2.08126e-30
0
0
0
0
0
0
0
0
0
0
0
0
0
0
0
0
0
0
0
0
0
0
0
0
0
-7.34775e-16
)
;

boundaryField
{
    frontback
    {
        type            empty;
        value           nonuniform List<scalar> 0();
    }
    topbottom
    {
        type            calculated;
        value           uniform 0;
    }
    outlet
    {
        type            calculated;
        value           nonuniform List<scalar> 0();
    }
    inlet
    {
        type            calculated;
        value           uniform 0;
    }
    walls
    {
        type            calculated;
        value           nonuniform List<scalar> 
151
(
7.86565e-08
-1.01962e-07
2.82581e-07
-1.31094e-07
-1.60226e-07
-1.89358e-07
-4.22414e-07
-4.51546e-07
1.544e-07
1.25268e-07
4.95244e-08
2.03924e-08
2.59275e-07
2.35969e-07
2.06837e-07
1.77705e-07
1.01962e-07
7.28301e-08
-2.9132e-09
-2.62188e-08
-5.53509e-08
-7.86565e-08
-1.07789e-07
-2.12664e-07
-2.35969e-07
-2.65101e-07
-2.88407e-07
-3.17539e-07
-3.46671e-07
-3.69977e-07
-3.99109e-07
-2.03924e-08
-8.73961e-09
-4.95244e-08
5.53509e-08
-7.28301e-08
9.61357e-08
1.19441e-07
1.48573e-07
-1.25268e-07
-1.13615e-07
1.71879e-07
-1.544e-07
2.30143e-07
2.53449e-07
2.41796e-07
-1.83532e-07
-1.36921e-07
-2.06837e-07
2.65101e-07
-2.30143e-07
1.07788e-07
-2.59275e-07
8.73961e-09
3.05886e-07
-2.70928e-07
-2.82581e-07
-1.4566e-08
-4.3698e-08
-2.94233e-07
6.11773e-08
-6.70037e-08
3.78716e-08
9.03093e-08
-9.03093e-08
1.13615e-07
-3.23366e-07
1.42747e-07
-1.19441e-07
1.66053e-07
1.95185e-07
-3.40845e-07
2.1849e-07
-1.71879e-07
-4.3698e-08
-2.9132e-09
-2.62188e-08
4.3698e-08
2.03924e-08
-1.48573e-07
2.24317e-07
2.47622e-07
-1.77705e-07
-2.01011e-07
2.70928e-07
2.94233e-07
-2.24317e-07
-3.35018e-07
-3.75803e-07
-2.53449e-07
3.0006e-07
-2.76754e-07
-3.0006e-07
-3.29192e-07
-4.04935e-07
-4.16588e-07
-4.4572e-07
-3.58324e-07
-3.87456e-07
-3.20452e-08
-4.57373e-07
-3.8163e-07
1.4566e-08
2.9132e-09
-2.03924e-08
2.62188e-08
-4.34067e-07
-4.10762e-07
1.60226e-07
-4.39894e-07
2.88407e-07
-3.78716e-08
8.73961e-09
-1.4566e-08
-4.63199e-07
-3.93282e-07
3.20452e-08
1.4566e-08
-8.44829e-08
-9.61357e-08
5.53509e-08
-3.05886e-07
6.70037e-08
2.01011e-07
2.12664e-07
4.3698e-08
2.76754e-07
-6.11773e-08
-2.47622e-07
-1.42747e-07
-3.11713e-07
-1.66053e-07
-3.20452e-08
-3.6415e-07
-4.28241e-07
2.9132e-09
-1.95185e-07
-3.78716e-08
4.95244e-08
1.89358e-07
-2.41796e-07
-2.1849e-07
3.20452e-08
1.36921e-07
1.83532e-07
8.44829e-08
3.78716e-08
-3.52498e-07
-8.73961e-09
2.62188e-08
1.31094e-07
)
;
    }
    procBoundary2to0
    {
        type            processor;
        value           nonuniform List<scalar> 
83
(
-1.00356e-15
-2.22266e-16
-1.97369e-15
-5.10143e-16
1.06745e-15
3.65242e-12
0
8.04954e-16
6.82145e-15
0
2.37031e-16
3.26125e-15
1.9294e-16
0
1.98198e-16
5.77446e-18
0
-2.74191e-15
-2.03686e-15
0
0
0
0
0
4.0965e-16
2.06909e-30
-1.80379e-16
0
0
0
0
0
4.79108e-16
4.37177e-16
0
1.08826e-16
-2.26102e-16
-3.17325e-15
0
0
2.48535e-16
0
2.30377e-15
-1.12731e-16
-1.47236e-16
-6.46264e-17
0
-7.30276e-17
2.61527e-16
7.7873e-16
0
0
-7.65569e-15
0
-1.1102e-15
-2.37217e-16
6.17472e-16
3.63446e-16
0
-4.76058e-16
0
-6.18475e-18
-1.6655e-07
2.59959e-17
-4.20442e-17
0
1.29862e-16
0
0
-6.86478e-17
2.57885e-15
0
0
-1.57202e-16
-7.13882e-16
0
0
1.03097e-16
0
0
4.13624e-17
0
0
)
;
    }
    procBoundary2to3
    {
        type            processor;
        value           nonuniform List<scalar> 
99
(
0
0
-2.30398e-12
0
0
0
0
0
0
0
0
0
0
0
0
0
0
0
0
0
0
0
0
0
0
0
0
0
0
0
0
0
0
0
0
0
0
3.17163e-16
0
0
0
0
0
0
0
0
0
0
0
0
0
0
0
0
0
0
0
-3.10025e-16
0
0
0
0
0
0
0
0
0
0
0
-6.36747e-08
0
0
0
0
0
0
0
0
0
0
0
0
0
0
0
0
0
0
0
0
0
0
0
0
0
0
0
0
0
)
;
    }
}


// ************************************************************************* //
