/*--------------------------------*- C++ -*----------------------------------*\
| =========                 |                                                 |
| \\      /  F ield         | OpenFOAM: The Open Source CFD Toolbox           |
|  \\    /   O peration     | Version:  v2012                                 |
|   \\  /    A nd           | Website:  www.openfoam.com                      |
|    \\/     M anipulation  |                                                 |
\*---------------------------------------------------------------------------*/
FoamFile
{
    version     2.0;
    format      ascii;
    class       surfaceScalarField;
    location    "1000";
    object      meshPhi;
}
// * * * * * * * * * * * * * * * * * * * * * * * * * * * * * * * * * * * * * //

dimensions      [0 3 -1 0 0 0 0];
oriented        oriented;


internalField   nonuniform List<scalar> 
20642
(
-1.65998e-12
-2.5632e-13
0
0
0
0
1.33422e-15
-6.81773e-16
-8.69176e-16
0
0
0
0
0
0
0
0
0
0
0
0
0
0
0
0
0
-4.84548e-08
2.25356e-12
0
0
0
0
0
0
0
2.2013e-30
-1.64437e-15
0
0
0
0
-6.79761e-14
-2.07503e-12
0
0
0
0
0
0
0
0
0
-8.73992e-13
8.72755e-17
3.38252e-13
0
0
0
0
0
0
-7.52977e-16
-1.30985e-15
0
0
0
0
0
0
0
0
0
0
0
0
-4.41901e-08
0
8.57249e-15
5.50172e-15
0
0
0
-4.27035e-08
3.04742e-12
0
0
0
0
0
0
4.68525e-16
1.58775e-16
0
0
0
0
0
0
0
0
0
0
0
0
0
0
-7.84414e-15
0
-8.44485e-16
0
0
0
0
0
0
6.82052e-15
0
-9.88792e-16
0
-9.21416e-16
-9.83374e-16
0
0
0
0
0
0
0
-5.2917e-17
-2.43978e-15
9.92507e-17
0
0
0
0
0
0
0
4.48414e-16
-7.42839e-16
0
2.78168e-08
7.5283e-14
1.23076e-08
0
0
0
0
0
0
0
1.09144e-15
-3.79096e-08
0
-1.47701e-15
0
0
0
0
0
-4.73669e-17
1.81578e-15
0
0
0
0
0
0
0
0
0
0
0
0
0
0
0
0
0
0
0
0
1.49045e-16
-1.5847e-14
-8.31479e-15
0
0
0
0
2.13921e-17
0
0
0
0
0
0
0
-1.76104e-29
0
-8.93323e-15
0
0
0
0
0
0
1.76155e-14
0
0
0
0
0
0
0
0
0
0
0
0
0
1.06242e-13
-9.16136e-14
0
0
0
0
0
0
4.95926e-14
1.91327e-14
4.36173e-14
-7.07074e-15
0
0
0
0
0
0
0
0
0
0
0
0
0
0
0
0
-7.40619e-16
0
9.16113e-15
0
0
0
3.46859e-14
1.56503e-14
0
0
0
0
0
0
0
0
0
0
0
0
0
0
0
0
0
0
-2.65823e-16
1.61474e-15
0
0
0
0
0
3.05713e-15
-3.63802e-15
-3.66508e-14
-5.09589e-14
1.69338e-16
0
-3.14719e-15
0
-9.09218e-17
3.79815e-16
0
0
0
0
0
0
0
0
0
0
0
0
0
0
0
0
0
0
0
0
0
0
0
0
-8.07803e-13
6.7915e-17
-4.54005e-13
2.97933e-16
-2.50473e-16
0
0
0
0
0
0
0
0
0
0
0
0
0
2.77684e-15
1.25967e-15
0
-8.9329e-17
0
6.49219e-16
0
0
0
0
0
-2.33931e-15
7.41959e-15
0
0
0
-1.46883e-13
-1.13658e-13
0
0
0
0
0
1.31476e-15
0
-1.12619e-17
0
0
0
0
-7.95943e-15
1.63484e-14
0
0
0
0
0
0
0
0
0
0
-1.69195e-15
1.47435e-16
0
0
0
0
0
0
0
0
0
0
0
0
-9.12572e-16
0
0
0
0
0
-6.05515e-16
-4.29139e-17
7.66967e-16
0
0
0
0
0
0
0
0
1.52238e-16
1.2097e-16
-1.97089e-16
0
0
0
0
-1.18666e-16
-1.89395e-16
4.89859e-16
0
0
0
-6.40587e-09
-1.4228e-15
-2.60654e-16
0
0
0
0
0
0
0
0
0
0
0
0
0
-1.23128e-15
0
6.49063e-17
0
0
0
0
0
0
0
0
0
0
0
0
0
0
0
0
0
0
0
0
0
0
0
0
0
0
-6.21013e-15
0
0
0
0
0
0
0
0
0
0
0
0
0
1.27343e-15
0
-6.70116e-16
-1.15744e-12
0
-8.14034e-13
0
0
-2.81126e-13
1.52345e-16
-3.50303e-13
0
0
0
0
0
0
0
0
0
0
0
0
2.61015e-13
9.16801e-14
0
8.50042e-14
-4.83665e-13
0
0
0
3.31388e-15
4.69126e-16
0
0
0
0
3.07871e-15
0
-3.58093e-15
0
0
0
0
0
1.31389e-14
-3.06531e-14
0
-3.49136e-29
0
7.70271e-16
0
0
0
0
9.86091e-17
-6.02343e-16
0
0
0
0
0
0
0
0
-3.42528e-15
0
-7.19394e-16
-9.78557e-16
-5.04447e-16
1.22104e-15
1.32552e-15
-1.58177e-13
1.24946e-13
0
0
0
3.35661e-15
6.98677e-15
-2.79136e-13
0
0
0
0
0
0
0
-1.72169e-15
-4.67046e-14
-6.73938e-14
0
-3.04983e-16
5.40076e-16
-8.94502e-17
-5.13853e-17
0
0
0
0
0
0
0
2.16495e-15
-1.0393e-15
9.48234e-16
0
2.97071e-16
-1.19713e-16
0
0
0
8.08223e-15
0
4.21337e-15
0
0
0
0
0
0
0
0
0
0
1.02488e-14
0
-1.94526e-15
0
0
3.17234e-15
0
-5.87254e-15
0
0
0
0
0
-9.60369e-16
0
0
0
0
0
0
0
0
0
0
0
0
0
0
0
0
0
0
0
0
-1.4943e-16
2.95252e-17
0
0
0
0
0
0
0
0
0
0
0
0
0
0
0
0
0
-5.85331e-15
-5.29789e-16
0
0
0
0
-5.91656e-17
0
0
0
0
0
0
0
0
-4.88682e-15
-1.89613e-15
0
0
0
0
0
0
-4.38412e-17
3.08738e-17
0
0
0
-4.15495e-16
0
0
2.14618e-16
-1.38499e-16
0
0
0
0
0
0
0
0
0
0
2.1885e-30
0
2.23964e-15
0
0
0
0
0
0
0
0
0
0
0
0
0
-1.83964e-13
0
0
0
0
0
0
0
0
0
0
0
0
0
0
0
0
0
0
0
0
0
0
0
0
0
0
0
0
0
0
0
0
0
6.68372e-16
0
-1.95102e-14
-8.74706e-14
0
0
0
0
0
0
0
0
0
0
0
0
0
-1.03339e-15
0
8.27083e-17
0
-1.3217e-16
0
0
0
0
3.63043e-15
0
0
0
0
0
0
4.67878e-16
0
0
0
0
0
2.03393e-16
0
0
0
0
0
0
0
0
0
0
0
0
-7.0649e-14
0
6.60088e-15
0
0
0
0
0
4.17758e-13
-1.52167e-12
0
0
0
0
0
0
0
0
0
0
0
0
0
0
0
0
0
0
0
0
0
0
0
2.39015e-16
0
0
0
0
5.2028e-17
0
-1.33669e-15
0
-1.13902e-14
0
0
0
0
0
0
0
0
0
0
0
0
0
0
0
0
0
0
0
0
0
0
0
-9.35333e-16
-3.68437e-15
0
0
0
0
0
0
5.16351e-16
0
-8.20688e-31
0
0
0
0
0
0
-6.39912e-33
0
6.62376e-16
0
0
0
-2.93903e-12
0
0
0
0
0
0
0
0
0
0
0
1.17141e-15
1.0763e-15
0
0
0
0
-1.59786e-15
0
3.93061e-15
2.16735e-15
0
0
0
0
0
0
0
0
3.60763e-16
-5.48192e-31
0
0
0
-4.03678e-15
0
0
0
0
0
0
0
0
0
-5.0918e-17
2.52539e-16
0
0
0
0
0
-2.83007e-16
2.65195e-16
0
0
0
0
0
0
0
0
0
0
0
0
0
0
4.4026e-30
1.7601e-16
0
0
0
0
0
0
4.62716e-16
0
0
0
0
0
0
0
0
0
0
0
0
0
0
0
0
0
0
0
0
0
0
0
0
0
0
0
0
0
0
0
0
0
0
0
0
0
0
0
0
0
0
0
0
0
0
0
0
0
0
0
0
0
0
0
0
0
0
0
0
0
0
0
0
0
0
0
0
0
0
0
0
0
0
-1.50009e-15
-1.71621e-15
4.20311e-17
0
0
0
0
0
0
0
0
0
0
0
0
0
0
0
0
0
2.27988e-13
-2.1135e-12
0
0
0
0
0
0
0
0
0
-5.45345e-14
0
0
0
0
0
0
0
0
0
0
0
0
0
0
0
0
0
0
0
0
0
0
0
0
2.46524e-16
0
0
8.33011e-15
-3.23559e-16
0
0
0
0
0
0
0
0
0
0
0
0
0
0
0
0
0
4.80577e-16
0
0
0
0
0
0
0
0
0
0
0
0
0
0
0
0
4.7679e-16
0
-2.71305e-18
0
0
0
0
0
0
0
0
0
0
0
0
0
0
0
0
0
0
0
0
0
0
0
0
0
0
0
0
0
0
0
0
0
0
0
0
0
0
0
0
0
0
0
0
0
0
0
-7.45013e-16
0
0
0
0
0
-1.3214e-16
2.96985e-16
2.01155e-15
1.28534e-14
0
0
0
0
0
0
0
7.91535e-16
-5.08612e-16
0
0
0
0
0
0
0
0
0
0
0
0
0
-4.82295e-16
0
3.35172e-16
-1.37725e-16
2.69661e-16
0
0
0
0
0
0
0
0
0
0
0
0
0
0
0
0
0
0
0
0
0
0
0
0
0
0
0
0
0
0
0
0
0
0
0
0
0
0
0
0
0
0
0
0
0
0
0
0
-4.13894e-14
2.06023e-14
0
0
-8.20188e-17
-2.39365e-15
0
0
0
0
-5.01014e-15
0
7.88915e-15
0
0
0
0
0
0
0
0
0
0
0
0
0
-2.62688e-14
-6.52639e-16
0
0
5.94565e-16
-1.14258e-16
0
0
0
0
0
0
0
0
0
0
0
0
0
0
5.43925e-31
5.02209e-16
0
0
0
0
0
0
0
0
7.85423e-16
-8.21567e-17
-8.6509e-16
0
0
-1.93987e-16
6.0426e-16
5.54284e-18
0
0
0
0
0
0
0
0
0
0
-4.22463e-16
-5.61425e-16
0
0
0
0
0
0
0
0
0
0
0
0
0
0
0
0
0
0
-5.72422e-16
1.95776e-15
0
0
0
7.06748e-17
-1.26068e-16
0
0
0
0
0
7.86674e-16
-1.96232e-15
0
0
1.13311e-13
0
-5.39098e-13
0
0
0
0
0
0
0
0
0
0
0
0
0
0
0
0
0
0
0
0
0
0
0
0
0
0
0
0
0
0
0
0
0
0
0
0
0
0
-1.30649e-15
2.91294e-15
-1.27982e-32
4.9815e-16
1.89303e-15
-2.45045e-17
-2.85859e-17
0
0
0
0
0
0
0
-1.01548e-16
4.34393e-16
0
0
0
0
0
0
0
0
0
0
0
0
0
0
0
0
0
0
0
0
-2.16827e-14
-2.9911e-15
5.84155e-15
0
0
0
0
0
0
0
0
0
3.20784e-14
0
-1.77662e-14
0
0
1.09425e-30
-5.36582e-16
0
0
0
0
0
0
0
0
3.63544e-14
0
0
0
0
0
5.78151e-16
-1.01399e-15
0
0
0
0
0
0
0
-3.24861e-15
0
0
0
2.1885e-30
0
6.68007e-16
0
0
0
0
0
0
-1.51071e-16
0
0
1.79672e-08
7.86647e-13
1.13933e-08
0
0
2.42761e-14
1.21716e-14
8.92412e-15
0
0
0
0
0
0
0
-1.01815e-15
0
0
0
0
0
0
0
0
0
0
0
0
0
0
0
0
0
0
0
0
0
0
3.60188e-15
0
-3.53268e-15
-5.4158e-16
0
0
0
0
0
0
0
0
0
0
0
0
1.12252e-16
0
0
0
0
0
0
0
0
0
0
0
0
0
0
0
0
0
0
-3.81116e-13
0
0
0
0
0
0
0
0
0
0
-1.55828e-15
4.01311e-16
0
0
0
0
-1.33347e-15
0
0
0
0
0
0
0
0
0
0
0
0
0
0
0
0
0
0
0
0
0
0
0
0
-7.18098e-17
-1.5204e-13
-1.25682e-13
0
0
0
0
0
0
0
0
0
0
0
0
0
0
0
0
0
1.38972e-14
0
6.43385e-16
0
0
0
-1.02356e-12
-9.82371e-17
0
8.53216e-33
-2.66298e-14
0
0
0
0
0
0
0
0
0
0
-6.61719e-15
0
0
6.61988e-15
0
0
0
0
0
0
0
0
0
0
0
0
0
0
0
0
0
0
0
0
0
0
0
0
6.71367e-14
0
3.42276e-14
0
0
0
0
0
0
0
0
0
0
0
0
0
0
0
0
0
0
0
0
0
1.1894e-15
0
0
0
0
0
0
0
2.8803e-14
9.31269e-14
4.77189e-14
-9.69004e-15
0
0
0
0
0
0
0
0
-3.98909e-15
0
1.77597e-15
0
0
0
0
-1.78966e-16
-1.55093e-15
0
0
0
0
0
0
0
0
0
0
0
0
0
0
-1.6012e-15
2.55357e-15
0
0
0
0
0
0
0
0
0
0
0
0
2.64638e-13
0
0
0
0
0
0
0
0
0
0
0
0
0
0
0
0
0
0
2.88598e-16
9.63389e-15
0
0
0
0
0
0
0
-9.66938e-16
2.06834e-16
0
0
0
0
0
0
0
0
0
0
0
0
0
0
0
0
0
0
0
0
0
0
0
0
0
0
0
0
0
0
0
0
0
0
0
0
0
0
0
0
0
0
0
-7.167e-17
1.81285e-16
0
0
0
-3.68297e-16
0
0
0
0
0
0
0
0
0
0
0
0
0
-5.04132e-16
-6.55304e-16
0
0
0
0
1.47277e-15
0
0
0
0
2.08043e-14
0
0
0
0
0
0
0
0
0
0
0
0
0
0
0
0
0
0
0
0
0
0
0
0
0
0
0
0
0
-4.67035e-16
0
0
0
0
0
0
0
0
0
0
0
0
0
0
1.41122e-15
0
-1.10009e-14
0
0
-5.03563e-14
0
-8.89723e-15
6.29777e-17
0
0
0
0
7.30827e-15
0
-5.88568e-13
0
0
0
0
0
0
0
0
0
0
0
0
0
0
0
0
0
0
0
0
0
0
0
0
0
0
0
0
0
0
-2.75771e-15
0
3.67936e-16
0
0
0
0
0
0
0
0
0
0
0
0
0
0
0
0
0
0
0
0
0
0
0
0
2.62399e-14
0
0
0
0
0
6.57749e-16
0
0
0
0
0
0
0
0
0
0
0
0
0
0
0
0
0
0
0
0
0
0
0
0
0
0
0
0
0
0
0
0
0
0
0
0
0
0
0
0
0
0
0
0
0
0
0
0
0
0
-4.67204e-16
0
0
0
0
0
0
0
0
0
0
0
0
5.92569e-16
0
0
0
0
1.5783e-16
0
0
0
0
0
0
0
0
0
0
0
0
0
0
0
-1.09498e-16
-6.79144e-16
0
8.80116e-15
-2.41175e-14
0
0
0
0
0
0
0
0
0
0
0
0
0
0
0
0
0
0
0
0
9.64068e-15
0
0
0
0
0
0
0
0
-1.9017e-15
3.3207e-14
0
0
0
0
0
9.2259e-15
1.97469e-15
0
0
0
0
0
0
0
0
0
0
0
0
0
0
0
0
0
0
0
0
0
0
0
0
0
0
-5.66157e-16
-1.94617e-15
0
0
0
0
0
0
0
0
0
0
0
0
0
0
0
-1.05962e-08
0
0
0
0
1.49447e-13
-4.00803e-14
6.12251e-14
0
0
0
0
0
0
0
0
0
0
0
0
0
0
0
1.01751e-15
1.30098e-16
0
0
0
0
4.01195e-16
0
0
0
0
0
0
0
0
4.85386e-16
0
0
0
0
0
0
0
0
0
0
7.12991e-17
0
-8.77164e-16
0
2.39808e-15
-9.07465e-16
-5.94063e-16
0
0
0
0
0
0
0
0
0
0
0
0
0
0
0
-2.00046e-15
0
0
0
0
0
0
0
0
0
0
0
-1.10527e-15
0
2.46556e-15
0
0
0
0
0
0
0
0
0
0
0
-3.11483e-15
0
0
1.42527e-16
0
-5.60635e-16
0
0
0
4.74396e-16
-2.56165e-15
0
0
0
0
0
0
0
-3.77003e-15
1.3911e-15
0
0
0
0
0
0
-1.88014e-14
3.64972e-14
0
0
0
0
0
0
0
0
0
0
0
2.80325e-16
0
-9.39453e-18
0
-1.35309e-15
7.7675e-16
7.41528e-17
0
0
0
0
0
0
0
0
0
0
0
0
0
0
0
0
0
0
0
0
0
0
0
0
0
0
0
0
0
0
0
0
0
0
0
3.97969e-16
2.25194e-16
0
0
0
0
0
0
0
0
0
0
0
0
0
0
0
0
0
0
0
0
0
0
0
0
0
0
0
0
0
0
0
0
0
0
0
0
0
-1.77217e-16
1.71277e-15
0
0
2.1757e-30
0
-3.1729e-15
0
0
0
0
0
0
0
0
0
3.52312e-16
0
0
0
0
-4.4026e-30
1.46958e-15
0
0
0
0
0
0
0
0
0
0
0
0
0
-8.80747e-17
-6.08662e-17
0
0
0
0
0
0
0
0
0
0
0
0
0
0
0
0
0
0
0
0
0
0
0
0
0
0
0
0
0
0
0
0
3.5016e-29
0
0
0
0
0
0
-3.37415e-16
0
0
0
0
0
0
0
0
9.5496e-15
0
0
0
0
-1.07015e-15
-5.25958e-16
0
0
0
0
0
0
-8.49394e-17
2.77743e-16
0
0
-8.96762e-15
5.52438e-16
1.60132e-16
-1.54751e-16
0
0
0
0
0
0
0
0
0
-2.21564e-14
-1.32716e-12
0
0
0
0
0
0
0
0
0
-1.46056e-15
0
0
0
0
0
0
0
0
0
0
0
0
0
0
-3.19826e-14
0
0
0
0
0
0
0
0
0
0
0
0
1.92214e-15
2.95878e-16
0
0
0
0
0
0
0
0
0
0
0
-1.21629e-15
-1.27248e-14
0
0
0
0
0
0
0
0
0
0
0
0
0
0
0
0
0
0
0
0
0
0
0
0
0
0
0
0
0
0
0
0
0
0
0
0
0
0
0
0
0
3.57383e-16
-1.53032e-15
0
0
0
0
0
0
0
0
0
3.45818e-16
-4.32167e-16
0
0
0
0
0
0
0
0
0
0
0
0
2.05655e-13
0
0
0
0
0
0
0
4.73484e-14
0
0
0
0
0
0
1.08785e-30
0
0
0
0
0
0
0
0
0
0
0
0
0
0
0
0
0
0
0
0
0
0
0
0
0
0
0
0
0
0
0
0
0
0
0
0
0
0
0
0
-9.16638e-15
1.16045e-15
0
0
0
0
0
0
0
0
0
0
0
0
0
0
0
0
0
0
-6.05855e-16
0
0
0
0
0
0
0
0
0
0
0
0
0
0
0
0
0
0
0
0
0
0
0
0
0
0
0
0
0
0
0
-4.20746e-16
-6.69997e-17
0
0
0
0
0
0
0
0
0
0
0
0
4.74993e-15
0
0
0
0
6.04682e-17
0
0
0
0
0
0
0
0
0
0
0
0
0
0
0
0
0
0
0
0
0
0
0
0
0
0
0
0
0
0
-3.62303e-16
-5.75247e-15
2.5073e-16
0
0
0
-4.47612e-16
-2.93179e-16
0
0
0
0
0
-2.52468e-15
0
0
0
0
4.06954e-15
0
-8.99756e-16
0
0
0
0
0
0
0
0
0
0
0
0
0
0
0
0
0
0
0
0
0
0
0
0
0
0
0
0
0
0
0
0
0
2.08296e-16
0
-1.23698e-15
0
-1.11449e-16
-1.53522e-15
0
0
0
0
0
0
0
0
0
0
0
5.00378e-14
0
0
0
0
0
0
-3.581e-15
0
0
0
0
0
0
0
0
0
0
0
0
0
0
0
0
3.445e-16
0
0
0
0
0
0
0
0
0
0
0
0
0
0
0
0
0
0
0
0
0
0
9.83949e-15
-5.47046e-14
0
0
0
0
0
0
0
0
0
0
3.31941e-14
0
-1.62963e-15
0
0
0
0
0
0
0
0
0
0
0
0
0
0
0
0
0
0
0
0
0
0
0
0
0
-3.73367e-16
0
0
0
0
0
0
0
0
0
0
0
0
0
-7.0272e-16
0
0
0
0
-3.97581e-16
0
-2.84371e-13
0
0
0
0
0
0
0
0
0
0
-1.35653e-15
0
0
0
0
0
0
0
0
0
0
0
0
0
0
0
0
0
0
0
0
0
0
0
0
0
0
0
0
0
0
0
0
0
0
0
0
0
0
0
0
0
0
0
-3.9627e-15
0
0
0
0
0
0
0
0
0
0
0
0
0
0
0
0
0
0
0
0
0
9.71478e-14
0
0
0
0
0
0
0
0
0
0
0
0
0
0
0
0
0
0
0
0
0
0
0
0
0
0
0
0
-4.62023e-16
0
0
0
0
0
0
0
-2.45407e-14
0
0
0
0
0
0
0
0
0
-7.00495e-17
0
7.71467e-17
0
0
0
0
0
-1.51233e-16
0
5.14232e-16
0
0
0
0
0
9.96728e-15
0
-6.4943e-16
-6.64424e-16
0
0
0
0
0
0
0
0
0
0
0
6.28097e-16
0
-7.54313e-16
0
5.31263e-17
0
0
0
0
0
0
0
0
0
0
0
1.37985e-16
0
0
0
0
0
0
0
0
0
0
0
0
0
0
0
0
0
0
0
0
0
0
0
0
0
0
0
0
0
0
0
0
0
0
0
0
0
0
0
0
0
0
0
0
0
0
0
0
0
0
0
0
0
0
0
0
0
0
0
0
0
0
0
0
0
0
0
0
0
0
0
0
0
0
0
0
0
0
0
0
2.03381e-15
3.25321e-16
0
-1.42299e-15
1.9944e-15
0
0
0
0
0
0
0
0
0
0
0
0
0
9.5646e-16
1.55636e-14
0
0
0
0
0
0
0
0
0
5.83267e-16
-7.4009e-17
0
0
0
0
0
-1.03112e-15
2.40567e-15
-7.89636e-16
0
0
0
-3.03153e-17
0
0
0
0
0
0
6.1143e-17
0
0
0
1.06582e-14
0
-2.25741e-16
-4.38483e-16
0
0
0
0
0
0
0
0
0
0
0
0
0
-8.17868e-17
0
0
0
4.93682e-14
-2.58441e-14
0
0
-1.92121e-14
0
0
0
0
0
0
0
0
0
0
0
0
0
0
0
0
0
-1.18261e-15
0
0
0
0
0
8.19097e-15
0
0
0
0
0
0
0
-1.21285e-15
-8.76747e-13
0
-3.33502e-13
0
1.9133e-13
-6.04622e-13
0
0
0
0
0
0
0
5.53394e-15
-4.18028e-15
0
0
0
0
0
0
0
0
0
0
0
0
-2.1755e-16
0
0
0
0
0
0
0
0
0
0
0
0
0
0
0
0
0
-2.64493e-14
0
0
0
0
0
0
0
0
0
0
8.74444e-16
0
0
0
0
0
-7.52284e-16
0
0
0
0
0
0
0
0
0
0
0
0
0
0
0
0
0
0
0
0
0
0
0
0
0
0
0
0
0
0
0
0
0
0
-9.72016e-15
3.46517e-15
0
0
0
6.35001e-16
0
0
0
0
0
0
0
0
0
0
0
0
0
0
0
0
0
0
0
0
0
0
0
7.82775e-14
-3.00099e-14
0
0
0
0
0
0
0
0
0
0
0
0
0
0
0
0
0
0
0
0
0
0
0
0
0
0
0
0
0
0
0
0
4.9585e-16
-1.73041e-12
0
0
0
0
0
0
0
0
0
0
0
0
0
0
0
0
0
-3.50834e-15
0
0
0
0
0
0
0
0
0
0
0
-1.74719e-16
-1.04773e-15
0
0
0
0
0
0
0
0
0
0
0
0
0
0
0
0
0
0
2.55273e-15
-9.93436e-16
-5.06263e-16
0
0
0
0
0
0
0
0
0
0
4.4026e-30
-1.2104e-15
-6.37666e-15
0
0
0
7.86074e-16
-6.46333e-16
1.9808e-16
0
0
0
0
0
0
0
0
0
0
0
0
0
0
0
0
0
6.39337e-16
0
0
0
0
0
0
0
0
0
0
0
0
0
0
0
0
0
0
0
0
0
0
0
-1.3398e-15
0
0
0
0
0
0
0
0
0
0
0
0
0
0
0
0
-1.98347e-15
0
0
0
0
0
0
0
0
0
0
0
0
0
0
0
0
0
0
0
3.52346e-16
0
0
0
-1.65122e-16
0
0
0
0
0
0
0
0
0
0
0
0
0
0
0
0
0
0
0
0
3.79628e-17
0
0
0
0
0
0
0
0
0
0
0
0
0
0
0
0
0
0
0
0
0
0
0
0
0
0
0
-1.57797e-15
0
1.06129e-13
0
0
0
0
0
0
0
3.16065e-15
0
-5.18304e-16
5.72903e-16
0
0
0
0
0
0
0
-3.51705e-16
2.61032e-17
0
0
0
0
0
0
0
0
0
0
0
0
0
0
0
0
0
0
0
0
0
0
0
0
0
0
-1.23084e-15
0
0
0
0
0
0
0
0
0
0
0
0
0
0
0
-5.4718e-16
0
3.28877e-15
0
0
0
0
0
0
0
0
1.38219e-14
0
0
0
0
0
0
0
0
0
0
0
0
0
0
0
0
0
0
-1.93431e-14
0
0
0
0
0
0
0
0
0
0
0
0
0
-9.34027e-15
0
0
0
0
0
8.83966e-15
0
8.42613e-15
0
0
0
1.40476e-15
0
0
0
1.09429e-13
-2.18254e-14
0
0
0
0
0
0
0
0
0
0
0
0
0
-4.18097e-17
0
0
0
0
0
0
0
0
0
0
0
0
0
1.83509e-16
0
0
0
0
0
0
0
0
0
-1.47065e-15
0
0
0
0
0
0
0
0
0
0
0
0
0
0
0
0
0
0
0
0
0
0
0
0
0
0
0
0
0
0
0
0
0
0
0
0
0
0
0
0
0
0
0
0
0
0
0
0
1.76568e-16
-5.11659e-16
-1.12492e-15
3.31578e-15
0
0
0
0
8.48125e-17
-1.73555e-16
0
1.32799e-14
0
-4.35419e-14
4.24902e-15
0
0
0
0
0
4.6019e-15
0
0
0
0
0
0
0
0
0
0
0
0
0
0
0
0
0
0
0
0
0
0
0
0
0
0
0
0
0
0
0
0
0
0
0
0
0
0
0
0
0
0
0
0
0
0
0
0
0
0
0
0
0
0
0
0
0
0
0
0
0
0
0
0
0
3.49646e-14
0
1.05091e-16
-1.44305e-15
6.04447e-15
2.76205e-15
6.24891e-16
0
0
0
0
0
0
0
0
0
0
0
0
0
0
0
0
0
1.82526e-16
-9.6899e-16
0
0
0
0
0
0
0
0
0
0
0
0
0
0
0
0
0
0
0
0
0
0
-1.25436e-12
0
0
0
0
0
0
0
0
0
0
0
0
0
0
0
0
0
0
0
0
-4.9644e-16
7.03161e-17
0
6.68362e-14
4.26438e-14
0
0
0
0
0
0
0
0
0
-1.04293e-14
0
1.40164e-15
-1.32908e-15
0
0
0
-1.3266e-14
0
0
0
0
0
0
0
0
0
0
0
0
0
0
0
0
0
0
0
0
0
0
0
0
0
0
0
0
0
0
0
1.24222e-15
0
-1.30524e-13
0
7.92896e-14
0
0
0
0
0
0
0
0
0
1.51945e-16
-8.15421e-17
0
5.39426e-17
0
0
0
0
0
0
0
0
0
0
0
0
0
0
0
0
0
0
0
0
0
0
0
0
0
-1.71082e-15
0
0
0
0
0
0
0
0
0
0
0
0
0
0
0
0
0
0
1.47337e-15
-3.14335e-16
0
0
0
0
-1.06217e-16
0
-3.3422e-16
-1.50506e-15
0
0
0
0
0
0
0
0
0
0
1.15305e-16
-7.51121e-17
0
0
0
1.16922e-14
2.26453e-14
0
0
0
0
0
0
0
0
0
0
0
0
0
0
0
0
0
0
0
0
0
0
0
0
0
0
0
0
0
0
0
0
0
0
0
0
0
0
0
0
0
0
0
0
0
0
0
0
0
0
0
0
-1.05186e-16
0
0
0
0
0
0
0
0
0
0
0
0
0
0
0
0
0
0
0
0
0
0
0
0
0
0
0
0
0
0
0
2.0136e-15
0
0
0
0
0
0
0
0
0
3.07684e-16
0
0
0
0
-2.11401e-14
0
0
0
0
3.8159e-16
0
0
0
0
0
0
0
1.36349e-16
6.14206e-16
0
0
0
0
0
0
4.27149e-16
0
-6.86934e-17
0
0
0
0
0
0
0
0
0
0
0
0
-7.11794e-16
0
0
0
0
0
0
0
0
-3.07083e-14
4.95941e-14
0
0
0
0
0
0
0
0
0
0
0
0
0
0
0
0
0
0
0
0
0
-7.95506e-17
-5.02798e-16
0
0
0
0
0
0
0
0
0
0
0
0
0
0
0
0
7.24666e-16
0
0
0
0
0
0
0
0
0
0
0
0
1.55382e-16
0
0
0
0
0
0
0
0
0
0
0
0
0
0
0
0
0
-5.66343e-16
-1.34799e-16
5.09626e-16
0
0
0
0
-2.2602e-17
0
1.1589e-15
0
-4.0568e-16
-8.51589e-16
0
0
-3.5859e-16
6.53432e-17
0
0
0
0
0
0
0
0
0
0
0
0
0
0
0
0
0
-8.21946e-16
9.85303e-16
0
0
0
0
0
0
0
-1.42557e-15
3.04101e-15
0
0
0
0
0
0
0
0
0
0
0
0
0
0
0
0
0
0
0
0
0
0
0
0
0
0
0
0
0
0
0
0
0
0
0
0
0
0
0
-6.93022e-17
-4.66513e-16
0
0
0
0
0
0
0
0
0
0
0
0
0
0
0
0
0
0
0
0
0
0
0
0
0
0
0
0
2.75341e-15
0
-1.7508e-29
4.39682e-16
2.87593e-16
0
0
0
0
5.31125e-17
1.24042e-16
0
-1.63257e-16
0
0
0
0
0
0
0
0
0
0
0
1.11506e-16
0
0
0
0
0
0
0
0
0
0
0
0
0
0
0
0
0
0
-5.90926e-15
4.18796e-16
-2.59434e-15
0
0
0
0
0
0
0
0
0
-1.55441e-16
7.54092e-16
0
0
0
0
0
0
0
0
0
0
0
0
0
0
0
-1.07976e-14
1.953e-15
1.05867e-14
0
0
0
0
0
0
0
0
0
0
0
0
0
0
0
0
0
0
0
0
0
0
0
-1.09425e-30
0
0
0
-2.39007e-16
-1.45984e-13
-4.65827e-15
-6.89551e-15
0
0
0
6.57388e-16
-2.73376e-16
0
0
0
0
0
0
0
0
0
0
0
0
0
4.93764e-15
0
0
0
0
0
0
0
0
0
0
0
0
0
0
0
0
0
0
0
0
0
0
0
0
0
0
0
0
0
0
0
3.09609e-15
0
0
0
0
0
0
0
0
0
0
0
-2.35522e-15
-1.04545e-15
0
0
0
0
0
0
0
0
0
0
0
0
0
0
0
0
0
0
0
7.50874e-17
0
0
0
0
0
0
0
0
1.19094e-15
9.19878e-16
0
9.33097e-14
0
0
0
0
-1.02037e-15
1.45356e-16
0
0
0
-1.10688e-15
-4.53388e-16
0
0
-1.4182e-15
0
6.87374e-16
0
0
0
0
-1.14234e-16
4.00019e-16
0
0
0
0
0
0
0
0
0
0
0
0
0
0
-1.81786e-16
0
0
0
0
0
0
0
0
-8.62791e-16
7.68497e-16
0
0
0
0
0
0
0
0
0
0
0
0
0
0
0
0
1.02794e-16
8.53804e-17
0
0
0
0
0
0
0
0
0
1.23716e-16
-1.91072e-16
0
0
-2.99137e-16
0
0
0
0
0
0
0
0
0
0
0
0
0
0
0
0
0
0
0
0
0
0
0
-8.58317e-16
-1.02662e-16
0
-3.51698e-15
0
0
0
0
0
0
0
0
0
7.58004e-16
-2.99833e-16
0
0
0
0
0
-1.5822e-15
0
0
0
0
0
0
0
0
0
0
0
0
0
0
0
-6.2604e-15
1.07936e-14
0
0
0
-1.44783e-15
1.28304e-15
0
0
0
0
0
0
0
0
0
0
0
0
0
0
0
0
7.34165e-16
0
0
0
0
-1.85859e-16
8.70437e-16
0
0
0
0
0
0
0
0
0
3.36052e-15
-5.85458e-14
0
0
0
0
0
0
0
0
0
0
0
0
0
0
0
0
0
0
0
0
-6.64608e-17
2.01402e-13
0
0
0
0
0
4.4026e-30
-3.5634e-15
0
0
0
0
-8.14524e-16
0
0
2.32939e-15
-6.42884e-16
0
0
0
0
0
0
0
0
0
0
0
0
-9.16927e-17
2.91238e-16
0
0
0
0
0
0
0
0
0
0
0
0
0
0
0
0
0
0
0
-4.27206e-16
2.33731e-15
0
0
0
0
0
0
0
0
0
-2.09975e-15
0
0
0
0
0
0
0
0
0
0
0
0
0
0
0
0
0
0
0
0
-6.21958e-16
0
0
0
0
0
0
-1.76912e-15
8.80506e-15
0
-2.93243e-16
0
0
0
-1.65666e-13
0
0
0
0
0
-1.74432e-16
0
0
0
0
0
0
1.59147e-15
-7.70363e-16
0
-1.02973e-14
0
0
0
0
8.63464e-17
0
3.21303e-16
1.39079e-14
0
-3.56312e-15
0
0
0
-1.48004e-15
1.82362e-16
0
0
0
0
0
0
0
0
0
0
0
0
0
0
-9.5699e-16
0
0
0
0
0
0
0
0
0
0
0
0
0
0
0
0
8.33028e-17
0
0
0
-6.00842e-16
0
0
0
0
-4.06965e-16
6.44801e-16
0
0
0
0
0
0
0
0
-9.05695e-15
1.41527e-14
7.84673e-16
-1.68975e-16
0
0
0
0
0
0
0
0
0
0
0
0
0
-5.44155e-16
2.03484e-16
0
0
0
0
0
0
0
0
0
0
0
0
0
0
-2.86698e-15
0
-1.80579e-15
0
0
0
0
4.9074e-15
0
0
0
0
0
0
6.03819e-16
0
0
0
0
0
0
0
0
0
0
0
0
0
0
0
0
0
0
0
2.59991e-14
0
0
0
0
0
0
0
0
0
0
0
0
0
0
0
0
0
0
0
-7.05997e-15
0
0
-1.54825e-15
6.219e-15
0
0
0
0
0
0
6.90969e-14
0
0
0
0
0
8.82979e-16
0
0
0
0
0
0
0
0
0
0
-9.52727e-15
0
0
0
0
0
0
0
0
0
0
0
0
0
0
0
0
0
0
6.95176e-16
0
0
0
0
0
0
0
0
2.73563e-31
0
0
0
0
0
0
0
0
0
0
0
0
0
3.57809e-16
0
0
0
0
0
0
-8.4941e-17
0
0
0
0
0
0
0
4.36702e-15
-2.56909e-15
0
0
0
0
4.24934e-15
0
0
0
0
0
0
0
0
0
0
-2.68258e-15
3.19351e-16
0
0
0
0
0
0
0
-7.85594e-16
0
0
0
0
0
0
0
0
0
0
0
1.60131e-15
0
0
0
0
0
0
0
0
0
2.64338e-15
-9.73367e-16
0
-3.16846e-16
0
0
0
0
0
0
0
0
0
0
0
0
0
0
-2.26012e-15
0
0
0
0
0
0
0
0
0
0
0
0
0
0
0
0
0
0
0
0
0
0
0
0
0
0
0
0
0
0
0
0
0
0
0
0
0
0
0
0
0
0
0
0
0
0
0
0
0
0
0
0
0
0
0
0
0
0
0
0
0
0
0
0
0
0
0
0
0
0
0
0
0
0
0
0
0
-9.10552e-17
-1.80238e-17
0
0
0
0
0
0
0
0
-1.42858e-15
0
0
0
0
0
0
0
0
0
0
-5.48846e-14
0
0
6.39044e-15
8.64667e-13
1.30542e-12
0
0
0
0
0
0
0
0
0
0
0
0
0
0
0
0
0
0
-6.15536e-16
0
0
0
0
0
0
0
0
0
0
0
0
0
0
-1.57601e-16
0
0
0
0
0
0
0
0
0
-9.93099e-16
-1.59426e-16
0
0
0
6.78328e-15
0
0
0
0
0
0
0
0
0
0
0
0
0
0
-1.00564e-16
2.82292e-15
0
0
0
0
0
0
0
0
-2.37738e-16
0
0
0
0
-2.25107e-14
0
0
0
0
0
0
0
0
0
0
0
0
0
0
0
0
0
0
0
0
0
0
0
0
0
0
0
0
0
0
0
0
0
3.50777e-16
0
0
0
0
0
0
0
0
0
0
0
0
0
0
0
0
0
0
0
0
0
0
0
0
4.34966e-15
0
0
-1.41484e-14
0
0
0
0
0
0
0
0
0
0
2.63828e-17
0
-1.78473e-16
0
0
-4.44121e-16
0
0
0
0
0
0
0
0
0
0
0
0
-9.86153e-17
0
1.74056e-29
4.32397e-14
0
0
0
0
0
0
0
0
0
0
0
0
0
0
0
2.406e-17
0
0
0
0
0
0
0
0
-3.21165e-15
4.73339e-15
0
0
0
0
0
0
0
0
0
0
0
0
0
0
0
-1.54798e-15
0
0
0
0
0
0
0
0
0
0
0
0
0
0
0
0
0
0
0
0
0
5.86777e-15
0
0
0
0
0
0
0
0
7.75475e-15
-2.96012e-15
0
0
0
0
0
0
0
0
0
0
0
0
2.5464e-14
-4.53875e-15
0
0
0
0
0
0
0
0
0
0
0
0
0
0
0
0
0
0
0
0
0
0
0
0
0
0
0
0
0
0
0
0
0
0
0
0
0
0
0
0
0
0
0
0
0
0
0
0
0
0
0
0
0
0
0
2.45532e-14
0
0
0
0
0
0
0
0
0
0
0
0
0
9.57607e-15
0
9.32697e-15
0
0
0
0
0
0
0
1.10398e-16
0
0
0
0
0
0
0
3.83973e-15
0
0
0
0
0
-1.39143e-16
-1.62465e-16
0
0
0
0
0
0
0
0
0
0
0
0
0
-1.00031e-15
3.04937e-15
0
0
0
0
0
-9.77058e-15
0
0
0
0
0
4.7036e-14
0
0
0
0
0
0
0
2.31789e-15
0
0
0
0
0
0
0
0
0
0
0
0
0
0
0
0
0
0
0
0
0
0
0
0
0
0
0
0
0
0
0
0
0
0
0
0
0
0
0
0
0
0
0
0
0
0
0
0
0
0
0
4.81985e-14
-6.7009e-14
0
0
0
0
0
0
0
0
0
0
0
0
0
2.09655e-15
0
0
0
1.03509e-14
0
0
0
0
0
0
0
0
0
0
-1.27982e-32
0
0
0
0
-1.96005e-16
0
0
0
0
0
0
-9.62816e-17
0
0
0
0
0
0
0
0
0
0
0
0
0
0
0
0
0
0
-2.10629e-14
-2.06119e-14
0
0
0
0
0
0
0
0
0
0
0
0
0
0
0
0
0
0
0
0
0
0
0
0
0
-4.35947e-15
0
0
0
0
0
0
0
0
0
0
0
0
0
0
0
0
0
0
0
0
0
0
0
0
0
0
0
0
0
0
0
0
0
0
0
0
0
0
0
0
0
0
0
0
0
0
0
0
0
2.3747e-15
-1.39861e-15
0
0
0
0
0
0
1.32988e-15
0
-1.50175e-15
0
0
0
0
0
0
0
0
0
0
0
0
0
0
0
0
0
0
0
0
0
0
0
0
0
0
0
4.05745e-16
0
0
0
0
0
0
0
0
0
0
0
0
0
0
0
0
0
0
0
0
0
0
0
0
0
0
0
0
0
0
0
0
0
0
0
0
0
0
0
0
0
0
0
0
0
-2.41233e-15
3.39815e-15
0
0
0
1.09012e-15
1.48937e-16
0
0
0
0
0
0
0
0
0
-3.95946e-15
0
0
0
0
0
0
0
0
0
0
0
0
0
0
0
0
0
0
0
0
0
0
0
0
0
-8.20414e-16
2.06287e-16
0
-1.05649e-16
0
0
0
0
0
0
0
0
0
0
0
-7.8627e-15
0
0
0
0
0
0
0
0
0
0
0
0
0
0
0
0
-1.34483e-16
0
0
0
1.17266e-16
0
0
0
0
0
0
0
0
0
0
0
-1.77345e-14
0
0
0
0
0
0
0
0
0
0
0
0
0
0
0
0
0
0
0
0
0
0
-7.38047e-15
0
0
0
0
0
0
0
0
0
0
0
0
0
0
0
0
8.10886e-16
0
0
0
0
0
0
0
0
0
0
0
0
0
0
0
0
0
0
0
0
0
0
0
0
0
0
0
0
0
0
-3.01478e-16
-1.43805e-15
0
4.23941e-15
0
0
0
0
0
0
0
0
0
0
0
0
0
0
0
0
0
0
0
0
0
0
0
0
0
0
0
0
0
1.14532e-14
0
0
0
0
0
0
-1.83818e-15
2.22566e-16
-3.35652e-16
0
0
-1.18083e-15
5.07309e-16
9.15898e-14
-9.12982e-14
0
0
0
0
0
0
0
0
0
0
0
0
0
0
0
0
0
0
0
0
0
0
0
0
0
0
0
0
0
0
0
0
0
0
0
0
0
0
0
0
0
0
0
0
-6.0027e-14
2.05539e-14
0
0
0
0
0
0
0
-7.32251e-16
0
0
0
0
0
7.53654e-16
0
0
0
0
0
3.56198e-15
0
0
0
0
0
0
0
0
0
0
0
0
0
-1.08785e-30
-3.36582e-16
0
0
0
0
0
0
0
0
0
0
0
0
0
0
0
0
0
0
0
0
0
0
0
0
0
0
0
0
0
0
0
0
0
0
0
0
0
0
0
0
0
1.08805e-15
0
0
6.45333e-15
0
-2.26552e-16
2.12938e-16
0
0
0
0
0
0
0
0
0
0
0
0
0
0
0
0
5.89998e-15
0
0
0
0
0
0
0
0
0
0
0
0
-1.10319e-14
0
0
0
0
0
0
0
0
0
0
0
0
0
0
0
0
0
0
0
0
0
0
0
0
0
0
0
0
0
0
0
0
0
0
0
0
0
0
0
0
0
0
0
0
0
0
0
0
0
0
0
0
0
0
0
0
0
0
0
0
0
0
0
0
0
0
0
0
0
0
0
0
0
0
0
0
0
0
0
0
0
0
0
0
0
0
0
0
0
0
0
0
0
0
0
0
0
0
0
0
0
0
0
0
0
0
0
0
0
-2.38322e-16
0
0
0
0
0
0
0
-1.03274e-14
-4.47719e-14
0
0
0
0
0
0
0
0
0
0
0
0
1.29826e-16
0
0
0
0
0
0
0
-1.78853e-12
4.15596e-13
0
0
0
0
0
0
0
0
0
0
0
0
0
0
0
0
0
0
0
0
0
0
0
1.33278e-14
-8.88085e-15
0
0
0
0
0
0
0
0
-2.8661e-14
0
0
0
0
0
0
0
0
0
0
0
0
0
0
0
0
0
0
0
0
1.67602e-15
0
0
0
0
0
0
0
0
7.37141e-16
0
0
0
0
0
0
1.09506e-15
0
0
0
0
0
0
0
0
0
0
0
0
0
0
0
0
0
2.71478e-16
0
0
0
0
0
0
0
-3.19861e-14
0
8.47923e-16
0
0
0
0
0
0
0
0
0
0
9.67891e-15
0
0
0
0
0
0
-1.09255e-17
-2.1254e-15
0
0
0
0
0
0
0
0
6.00588e-16
1.19727e-15
0
0
0
-9.30301e-14
0
8.48303e-14
0
0
6.78644e-17
0
0
0
0
0
0
0
0
0
0
0
0
0
0
0
0
0
0
0
0
0
0
0
0
0
0
0
0
0
0
0
0
0
0
0
0
0
0
0
0
0
0
-6.75111e-15
-8.86441e-18
0
0
0
0
0
0
0
0
0
0
0
0
0
0
0
0
0
0
0
-1.21548e-15
5.49815e-16
-1.58205e-16
0
0
0
0
0
0
0
0
0
0
0
0
0
0
0
0
0
0
0
0
0
0
0
0
0
0
0
0
0
0
-4.07326e-16
0
0
0
0
-4.09035e-14
0
-1.00589e-15
0
0
0
0
0
0
0
0
0
0
0
0
0
0
0
0
0
0
0
0
0
0
0
0
0
0
0
0
0
0
0
0
0
0
0
3.53323e-16
-4.55376e-16
0
0
0
0
0
0
0
0
0
0
0
0
0
0
0
0
0
0
0
0
0
0
0
0
0
0
0
0
0
0
0
0
0
0
0
0
0
0
0
0
0
6.93873e-16
-2.13304e-33
0
0
0
0
0
0
0
0
0
0
0
0
0
0
-2.16622e-16
-2.07976e-16
0
0
-3.01573e-16
0
0
0
0
0
0
0
0
0
0
0
0
0
0
0
0
0
0
0
1.05981e-16
0
0
0
0
3.39932e-14
0
0
0
0
0
0
0
0
0
0
0
1.24799e-16
0
0
-4.07364e-16
0
0
0
0
2.88343e-14
0
0
0
0
0
0
0
0
0
0
0
0
0
0
0
0
1.66276e-15
0
0
0
0
0
0
0
0
0
0
0
0
0
0
3.81724e-16
0
0
0
0
0
0
0
0
0
0
0
0
0
0
0
0
0
0
0
5.47125e-31
0
0
0
0
0
-8.19088e-31
-3.85172e-16
0
0
-1.78348e-16
0
-2.99444e-16
4.6667e-16
0
-2.2375e-16
0
0
0
0
0
0
0
0
0
0
0
0
0
5.77475e-16
0
0
0
0
0
0
0
0
0
0
0
0
0
0
0
0
0
0
0
0
0
0
0
0
0
0
0
0
0
0
0
0
0
0
0
0
0
0
0
0
0
0
0
0
0
0
0
0
0
0
0
0
0
0
0
0
0
0
0
0
0
0
0
0
0
0
0
0
0
0
0
-4.84849e-16
0
0
0
0
-1.87037e-16
0
0
0
0
0
0
0
0
0
0
0
0
0
0
0
0
0
0
0
0
0
0
0
-4.26844e-15
1.70643e-32
0
0
5.66992e-14
0
0
0
0
0
0
0
0
1.00514e-16
-1.36922e-16
0
0
1.2986e-15
0
0
0
0
6.11957e-15
-4.1689e-15
0
0
0
0
0
0
0
1.37189e-15
0
0
0
0
0
0
0
0
0
0
0
0
0
0
-7.71258e-16
0
0
0
0
0
0
0
0
0
0
0
0
0
0
0
0
0
0
0
-9.24342e-15
0
0
0
0
0
0
0
0
0
0
0
0
0
0
0
0
0
0
0
0
0
-2.89012e-15
0
0
0
0
0
0
0
0
0
0
0
0
0
0
0
0
0
0
0
0
0
0
0
-2.54034e-15
-4.1208e-15
0
0
0
-1.64227e-14
0
0
0
0
0
0
0
0
0
0
0
0
0
0
7.10322e-17
1.31054e-29
7.49303e-15
0
0
0
0
0
0
0
0
0
0
0
0
0
0
0
0
0
0
0
0
0
0
0
0
0
0
0
0
0
0
0
0
0
0
0
0
0
0
0
0
0
0
0
0
4.89677e-16
-4.08449e-15
0
0
0
0
0
0
0
0
0
0
0
0
0
0
0
0
0
0
0
0
0
0
0
0
0
0
0
0
0
0
0
0
0
0
0
0
0
0
0
0
0
0
0
0
0
0
3.07296e-14
4.55723e-14
0
0
0
0
0
0
0
0
0
0
0
0
0
0
0
0
0
0
0
0
0
0
1.79264e-14
0
0
0
0
0
0
0
0
0
0
7.95511e-16
0
0
0
0
0
0
0
0
0
-2.92879e-14
0
0
0
0
0
0
0
0
0
0
0
0
0
0
0
0
0
0
0
0
0
0
0
0
1.73687e-14
0
0
0
0
0
0
0
0
0
0
0
0
0
0
0
0
0
0
0
0
0
0
0
0
0
0
0
0
0
0
0
0
0
0
0
0
0
0
0
0
0
0
0
0
0
0
0
0
0
0
0
0
0
0
0
0
0
0
0
0
0
0
0
-2.61407e-15
8.40918e-15
0
0
0
0
0
0
0
0
0
0
0
0
0
0
0
0
0
0
0
0
0
0
0
0
0
0
0
0
0
1.98333e-14
3.46852e-14
0
0
0
0
0
0
0
0
0
0
0
0
0
0
0
0
0
0
0
0
0
0
0
0
0
0
0
0
0
0
0
0
0
0
0
0
0
2.91695e-14
0
0
0
0
0
0
0
0
0
0
0
0
0
0
0
0
0
0
0
0
0
0
0
0
0
1.23632e-14
0
0
0
0
0
0
0
0
0
0
0
0
0
0
0
0
0
0
0
0
-8.25258e-16
0
0
0
0
0
0
0
0
0
0
-3.88447e-16
-4.47368e-16
0
0
0
0
0
0
0
0
0
0
0
0
0
0
0
0
0
0
0
0
0
0
0
0
0
0
0
0
-2.21356e-16
0
0
0
0
0
0
0
0
0
0
0
0
0
0
0
0
0
0
0
0
0
0
0
0
0
0
0
0
0
0
0
0
0
0
0
0
0
0
0
0
0
0
0
0
0
0
0
0
-1.00114e-14
5.46875e-15
0
3.87256e-16
2.79957e-15
0
0
0
0
0
0
0
0
0
0
0
0
0
0
0
0
0
0
0
0
0
0
0
0
0
0
0
0
0
0
0
0
0
0
0
0
0
0
0
0
0
0
0
0
0
0
0
0
-6.8853e-16
2.57751e-15
0
0
0
0
0
0
0
0
0
0
0
0
0
0
0
0
0
0
0
0
0
0
0
0
0
0
0
0
0
0
0
0
0
0
0
0
0
0
0
0
0
0
0
0
0
0
0
0
0
0
0
0
0
0
0
0
0
0
0
0
0
0
0
0
3.36156e-14
0
0
0
0
0
0
0
0
0
0
0
0
0
0
0
0
0
0
0
0
0
0
-8.94577e-15
0
0
0
0
0
0
0
0
0
0
0
0
0
0
0
0
0
-1.03791e-15
0
0
0
0
0
0
0
0
0
0
0
0
0
0
-2.77301e-17
0
0
0
0
0
0
0
0
0
0
0
0
0
0
0
0
0
0
0
0
0
0
0
0
0
0
0
0
0
0
0
0
0
0
0
0
0
0
0
0
0
0
0
0
0
0
0
0
0
0
0
0
0
0
0
0
-3.24045e-15
2.17038e-15
0
0
0
0
0
-5.66113e-16
0
0
0
0
0
0
0
0
0
0
0
0
0
0
0
0
0
0
0
0
0
0
0
0
0
0
0
0
0
0
0
0
0
0
0
0
0
0
6.46724e-16
0
0
0
0
0
0
0
0
0
0
0
0
2.77488e-15
2.7436e-15
0
0
0
0
0
0
-3.44187e-14
0
0
0
0
0
0
0
0
0
0
0
0
0
0
0
0
0
0
0
0
0
0
0
0
0
0
0
0
0
0
0
0
0
0
0
0
0
0
0
0
0
0
0
0
0
0
0
0
0
0
0
0
0
0
0
0
0
0
0
0
0
0
0
0
0
0
0
0
0
0
0
0
0
0
0
0
0
0
0
0
0
0
0
0
0
2.01808e-15
6.81537e-15
0
0
0
0
0
0
0
0
0
-2.29053e-16
0
0
0
0
0
0
0
0
0
0
0
0
0
0
0
0
0
0
0
0
0
0
0
0
0
0
0
0
0
0
0
0
0
0
0
0
0
0
0
0
0
0
0
0
0
0
0
0
0
0
0
0
0
0
0
0
0
-9.42438e-15
0
0
0
0
0
0
0
0
0
0
0
0
0
0
0
0
0
0
0
0
0
0
0
0
0
0
0
0
0
0
-6.47913e-14
2.057e-15
0
0
0
0
0
0
0
0
0
0
0
0
0
0
0
0
0
0
0
0
0
0
0
0
0
0
0
0
0
0
0
0
0
0
0
0
0
0
0
0
0
0
0
0
0
0
0
0
0
0
3.4883e-16
0
0
0
0
0
0
0
0
0
0
0
0
0
0
0
0
0
0
0
0
0
0
0
0
0
0
0
0
0
0
0
0
0
0
0
0
0
0
0
0
0
0
0
0
0
0
0
0
0
0
0
0
0
0
0
0
0
0
0
0
0
0
0
0
0
0
0
0
0
0
0
4.02858e-14
0
0
0
0
0
0
0
0
0
0
0
0
0
0
0
0
0
0
0
4.31196e-14
-5.38239e-16
0
0
0
0
0
0
0
0
0
0
0
0
0
7.30298e-15
0
0
0
0
0
0
0
0
0
0
0
0
0
0
0
0
0
0
0
0
0
0
0
0
0
0
-4.56998e-15
0
0
0
0
0
0
6.47903e-14
0
2.90819e-16
0
0
0
0
0
0
0
0
0
0
0
0
0
0
0
0
0
0
0
0
0
0
0
0
0
0
0
0
0
0
0
0
0
0
0
0
0
0
0
0
0
0
0
0
0
0
0
0
0
0
0
0
0
3.0708e-16
0
0
0
0
0
0
0
0
0
0
-2.12872e-15
-1.548e-15
0
0
0
0
0
0
0
0
0
0
0
0
0
0
0
0
0
0
0
0
0
-1.93793e-16
0
0
0
0
0
0
0
0
0
0
0
0
0
0
0
0
0
0
0
0
0
0
0
-1.93261e-15
0
0
0
0
0
0
0
0
0
0
0
0
0
0
0
0
0
0
0
0
0
0
0
0
0
0
0
-5.92907e-13
3.95448e-13
0
0
0
0
0
0
0
0
0
0
0
0
0
0
0
0
0
0
0
0
0
0
0
0
0
0
0
0
0
0
0
0
0
0
0
0
-2.2407e-15
1.0893e-15
0
0
0
0
0
0
0
0
0
0
0
0
0
0
0
0
0
-3.03629e-14
2.48688e-14
0
0
0
0
0
0
0
0
0
0
0
0
0
0
0
0
0
0
0
0
0
0
1.62864e-15
0
0
0
0
0
0
0
0
0
0
0
0
0
0
0
0
0
0
0
0
0
0
0
0
0
0
0
0
-8.03212e-16
0
0
0
0
0
0
0
0
0
0
0
0
0
0
0
0
0
0
0
0
0
0
0
0
0
0
0
0
0
0
0
0
0
0
0
0
0
0
0
0
0
0
0
0
0
0
0
0
0
0
0
0
0
0
0
0
0
0
0
0
0
0
0
0
0
0
0
0
0
0
0
0
0
0
0
0
0
0
0
0
0
0
0
0
-7.3005e-17
0
0
0
0
0
0
0
0
0
0
0
0
0
0
0
0
0
0
0
0
0
0
0
0
0
0
0
0
0
0
0
0
0
0
0
0
0
0
0
0
0
0
0
0
0
0
0
0
0
0
0
0
0
0
0
2.26772e-17
-9.14015e-17
0
0
0
0
0
0
0
0
0
0
0
0
0
0
0
0
0
0
0
0
0
0
0
0
0
0
0
0
0
0
0
0
0
0
0
0
0
0
0
0
0
-7.90002e-15
0
0
0
0
0
0
0
0
0
0
0
0
0
0
0
0
0
0
0
0
0
0
0
0
-6.19189e-15
0
0
0
0
0
0
0
0
0
0
0
0
0
0
0
1.99445e-15
0
0
0
0
0
0
0
0
0
0
0
0
0
0
0
0
0
0
0
0
0
0
0
0
0
0
0
0
0
0
0
0
0
0
0
0
0
0
0
0
0
0
0
0
0
0
0
0
0
0
0
-1.95349e-14
0
0
0
0
0
0
0
0
0
0
0
0
0
0
0
0
0
0
0
0
0
0
0
3.88703e-14
0
0
0
0
0
0
0
0
0
0
0
0
0
0
0
0
0
0
0
0
0
0
0
0
0
0
0
0
0
0
0
0
0
0
0
0
0
0
0
0
0
0
0
0
0
0
0
0
0
0
0
0
0
0
0
0
0
0
0
0
0
0
0
0
0
0
0
0
0
0
0
0
0
0
0
0
0
1.79507e-15
0
0
0
0
0
0
0
0
0
0
0
0
0
0
0
0
0
-8.05089e-15
0
0
0
0
0
0
0
0
0
2.31426e-15
-7.09297e-16
-6.79261e-16
0
0
0
0
0
0
0
0
0
0
0
0
0
0
0
0
0
0
0
0
0
0
0
0
0
0
0
0
0
0
0
0
0
0
0
0
0
0
0
0
0
0
0
0
0
0
0
0
0
0
0
0
0
0
0
0
0
0
0
0
0
0
0
0
0
0
0
0
0
0
0
0
0
0
0
0
0
0
0
0
0
0
0
0
0
0
0
0
0
0
0
0
0
0
0
0
0
0
0
0
0
0
0
0
0
0
0
0
0
0
0
0
0
0
0
0
0
0
0
0
0
0
0
0
0
0
0
-7.69613e-17
0
0
0
0
0
0
0
0
0
-6.39932e-14
7.28463e-16
0
0
0
0
0
0
0
0
0
0
0
0
0
0
0
0
0
0
0
0
0
0
0
0
0
0
0
0
0
0
0
0
0
0
0
0
0
0
0
0
0
0
0
0
0
0
0
0
0
0
0
0
0
0
0
0
0
0
0
0
0
0
0
0
0
0
0
0
0
0
0
0
0
0
0
0
0
0
0
0
0
0
1.34147e-15
0
0
0
0
0
0
0
0
0
0
0
0
0
0
0
0
0
0
0
0
-8.67104e-14
0
0
0
0
0
0
0
0
0
0
0
0
0
0
0
0
0
0
0
0
0
0
0
0
0
0
0
0
0
0
0
0
0
0
0
0
0
0
0
0
0
0
0
0
0
0
0
0
0
0
0
0
0
0
0
0
0
0
0
0
0
0
0
0
0
0
0
0
0
0
0
0
0
0
0
0
0
0
0
0
0
0
0
0
0
0
-4.92795e-15
4.61333e-14
0
0
0
0
0
0
0
0
0
0
0
0
0
0
0
0
0
0
0
0
0
0
0
0
0
0
0
0
0
0
0
0
0
0
0
0
0
0
0
0
0
0
0
0
0
0
0
0
0
0
0
0
0
0
0
0
0
0
0
0
0
0
0
0
0
0
0
0
0
0
0
0
0
0
0
0
0
0
0
0
0
0
0
0
0
0
0
0
0
0
0
0
0
0
0
0
0
0
0
0
0
0
5.35427e-15
4.16205e-14
0
0
0
0
0
0
0
0
0
0
0
0
0
0
0
0
0
0
0
0
0
0
0
0
0
0
0
0
0
0
0
0
0
0
0
0
0
0
0
0
0
0
0
0
0
0
0
0
0
0
0
0
0
0
0
0
0
0
0
0
6.68938e-14
0
0
0
0
0
0
0
0
0
0
0
0
0
0
0
0
0
0
0
0
0
0
4.91867e-16
0
0
0
0
0
0
0
0
0
0
0
0
0
0
0
0
0
0
0
0
0
0
0
0
0
0
0
0
0
0
0
0
0
0
0
0
0
0
0
0
0
0
0
0
0
0
0
0
0
0
0
0
0
0
0
0
0
0
0
0
0
0
0
0
0
0
2.63983e-14
0
0
0
0
0
0
0
0
0
0
0
0
0
0
0
0
0
0
0
0
0
0
0
0
0
0
0
0
0
0
0
0
-1.08526e-15
0
0
0
0
0
0
0
0
0
0
0
0
0
0
0
0
0
0
0
0
0
0
0
0
0
0
0
0
0
0
0
0
0
0
0
0
0
0
0
0
0
0
0
0
0
0
0
0
0
0
0
0
0
0
2.47796e-14
0
0
0
0
0
0
0
0
-2.15748e-16
-3.50479e-18
0
0
0
0
0
0
0
0
0
0
0
0
0
0
0
0
0
0
0
0
0
0
0
0
2.25653e-15
0
0
0
0
0
0
0
0
0
0
0
0
0
0
0
0
0
0
0
0
0
0
0
0
0
0
0
0
0
0
0
0
0
0
0
0
0
0
0
0
0
0
0
0
0
0
0
0
0
0
0
0
0
0
0
0
0
0
0
0
0
0
0
0
0
0
0
0
0
0
0
0
0
0
0
0
0
0
0
0
0
0
0
0
0
0
0
0
0
0
0
0
0
0
0
0
0
0
0
0
0
0
0
0
0
0
0
0
0
0
0
0
0
0
0
0
0
0
0
0
0
0
0
0
0
0
0
0
0
0
0
0
0
0
0
0
0
0
0
0
0
0
0
0
0
0
0
0
0
0
0
0
0
0
0
0
0
0
0
1.10537e-14
0
0
0
0
0
0
0
0
0
0
0
0
0
0
0
0
0
0
0
0
0
0
0
0
0
0
0
0
0
0
0
0
0
0
0
0
0
0
0
0
0
0
0
0
0
0
0
0
0
0
0
0
0
0
0
0
0
0
0
0
0
0
0
0
0
0
0
0
0
0
0
0
0
0
0
0
0
0
0
0
0
0
0
0
0
0
0
0
0
0
0
0
0
0
0
0
0
0
0
0
0
0
0
0
0
0
0
0
0
0
0
0
0
0
0
0
0
0
0
0
0
0
0
0
0
0
0
0
0
0
0
0
0
0
0
0
0
0
0
0
0
0
0
0
0
0
0
0
0
0
0
0
0
0
0
0
0
0
0
0
0
0
0
0
0
0
0
0
0
0
0
0
0
0
0
0
0
0
0
0
0
0
0
0
0
0
0
0
0
0
0
0
0
0
0
0
0
0
0
0
0
0
0
0
0
0
0
0
0
0
0
0
0
0
0
0
0
6.19759e-15
0
0
0
0
0
0
0
0
0
0
0
0
0
0
0
0
0
0
0
0
0
0
0
0
0
0
0
0
0
0
0
0
0
0
0
0
0
0
0
0
0
0
0
0
0
0
0
0
0
0
0
0
0
0
0
0
0
0
0
0
0
0
0
0
0
0
0
0
0
0
0
0
0
0
0
0
0
0
0
2.02274e-15
0
0
0
0
0
0
0
0
0
0
0
0
0
0
0
0
0
-2.9187e-15
0
0
0
0
0
0
0
0
0
0
0
0
0
0
0
0
0
0
0
0
0
0
0
0
0
0
0
0
0
0
0
0
0
0
0
0
0
0
0
0
0
0
0
0
0
0
0
0
0
0
0
0
0
0
0
0
0
0
0
0
0
0
0
0
0
0
0
0
0
0
0
0
0
0
0
0
0
0
0
0
0
0
0
0
0
0
0
0
0
0
0
0
0
0
0
0
0
0
0
0
0
0
0
0
0
0
0
0
0
0
0
0
0
0
0
0
0
0
0
0
0
0
0
0
0
0
0
0
0
0
0
0
0
0
0
0
0
0
0
0
0
0
0
0
0
0
0
0
0
0
0
0
0
0
0
0
0
0
0
0
0
0
0
0
0
0
0
0
0
0
0
0
0
0
0
0
0
0
0
0
0
0
0
0
0
0
0
0
0
0
0
0
0
0
0
0
0
0
0
0
0
0
0
0
0
0
0
0
0
0
0
0
0
0
0
0
0
0
0
0
0
0
0
0
0
0
0
0
0
0
0
0
0
0
0
0
0
0
0
0
5.40544e-15
0
-7.94304e-14
0
0
0
0
0
0
-1.54112e-15
0
0
0
0
0
0
0
0
0
0
0
0
0
0
0
0
0
0
0
0
0
0
0
0
0
0
0
0
0
0
0
0
0
0
0
0
0
0
-8.19474e-14
2.6784e-14
0
0
0
0
0
0
-1.19427e-14
0
0
0
3.56972e-14
-6.45929e-14
0
0
0
0
0
0
0
0
0
0
0
0
0
0
0
0
0
0
0
0
0
0
0
0
0
0
0
0
0
0
0
0
0
0
-5.8304e-17
0
0
0
0
0
0
0
0
0
0
0
0
0
0
0
0
0
0
0
0
0
0
0
0
0
0
0
0
0
0
0
0
0
0
0
0
0
0
0
0
0
0
0
0
0
0
0
0
0
0
0
0
0
0
0
0
0
0
0
0
0
0
0
0
0
0
0
-2.3614e-16
0
0
0
0
0
0
0
0
0
0
0
0
0
0
0
0
0
0
0
0
0
0
0
0
0
0
0
0
0
0
0
0
0
0
0
0
0
0
0
0
0
0
0
0
0
0
0
0
0
0
0
0
0
0
0
0
0
0
0
0
0
0
0
0
0
0
0
0
0
0
0
0
0
0
0
0
0
0
0
0
0
0
0
0
0
0
0
0
0
0
0
0
0
0
0
0
0
0
0
0
0
0
0
0
0
0
0
0
0
0
0
0
0
0
0
0
0
0
0
0
0
0
0
0
0
0
0
0
0
0
0
0
0
0
0
0
0
0
0
0
0
0
0
0
0
0
0
0
0
0
0
0
0
0
0
0
0
0
0
0
0
0
0
0
0
0
0
0
0
8.37486e-16
0
0
0
0
0
0
0
0
0
0
0
0
0
0
0
1.60029e-14
2.24088e-14
0
0
0
0
0
0
0
0
0
0
0
0
0
0
0
0
0
0
0
0
0
0
0
0
0
0
0
0
0
0
0
0
0
0
0
0
0
0
0
0
0
0
0
0
0
0
0
0
0
0
0
0
0
0
0
0
0
0
0
0
0
0
0
0
0
0
0
0
0
0
0
0
0
0
0
0
0
0
0
0
0
0
0
0
0
0
0
0
0
0
0
0
0
0
0
0
0
0
0
0
0
0
0
0
0
0
0
0
0
0
0
0
0
0
0
0
0
0
0
0
0
0
0
0
0
0
0
0
0
0
0
0
0
0
0
0
0
0
0
0
0
0
0
0
0
0
0
0
0
0
0
0
0
0
0
0
0
0
0
0
0
0
0
0
0
0
0
0
0
0
0
0
0
0
0
0
0
-2.56407e-16
0
0
0
0
0
0
0
0
0
0
0
0
0
0
0
0
0
0
0
0
0
0
0
0
0
0
0
0
0
0
0
0
0
0
0
0
0
0
0
0
0
0
0
0
0
0
0
0
0
0
0
0
0
0
0
0
0
0
0
0
0
0
0
0
0
0
0
0
0
0
0
0
0
0
0
0
0
0
0
0
0
0
0
0
0
0
0
0
0
0
0
0
0
0
0
0
0
0
0
0
0
0
0
0
0
0
0
0
0
0
0
0
0
0
0
0
0
0
0
0
0
0
0
0
0
0
0
0
0
0
0
0
0
0
0
0
0
0
0
-7.88891e-14
0
0
0
0
0
0
0
0
0
0
0
0
0
0
0
0
0
0
0
0
0
0
0
0
0
0
0
0
0
0
0
0
0
0
0
0
0
0
0
0
0
0
0
0
0
0
0
0
0
0
0
0
0
0
0
0
0
0
0
0
0
0
0
0
0
0
0
0
0
0
0
0
0
0
0
0
0
0
0
0
0
0
0
0
0
0
0
0
0
0
0
0
0
0
0
0
0
0
0
0
2.38533e-15
-2.13304e-33
0
0
0
0
0
4.12334e-15
1.58051e-15
0
0
0
0
0
0
0
0
0
0
0
0
0
0
0
0
0
0
0
0
0
0
0
0
0
0
0
0
0
0
0
0
0
0
0
0
0
0
0
0
0
0
0
0
0
0
0
0
0
0
0
0
0
0
0
0
0
0
0
0
0
0
0
0
0
0
0
0
0
0
0
0
0
0
0
0
0
0
0
0
0
0
0
0
0
0
0
0
0
0
0
0
0
0
0
0
0
0
0
0
0
0
0
0
0
0
0
0
0
0
0
0
0
0
0
0
0
0
0
0
0
0
5.16418e-16
0
0
0
0
0
0
0
0
0
0
0
0
0
0
0
0
0
0
0
0
0
0
0
0
0
0
0
0
0
0
0
0
0
0
0
0
0
0
0
0
0
0
0
0
0
0
0
0
0
0
0
0
0
0
0
0
0
0
0
0
0
0
0
0
0
0
0
0
0
0
0
0
0
0
0
0
0
0
0
0
0
0
0
0
0
0
0
0
0
0
0
0
0
0
0
0
0
0
0
0
0
0
0
0
0
0
0
0
0
1.2347e-15
-4.30787e-15
0
0
0
0
0
0
0
0
0
0
0
0
0
0
0
0
0
0
0
0
0
0
0
0
0
0
0
0
0
0
0
0
0
0
0
0
0
0
0
0
0
0
0
0
0
0
0
0
0
0
0
0
0
0
0
0
0
0
0
0
0
-2.00727e-16
0
0
0
0
0
0
0
0
0
0
0
0
0
0
0
0
0
0
0
0
0
0
0
0
0
0
0
0
0
0
0
0
0
0
0
0
0
0
0
0
0
0
0
0
0
0
0
0
0
0
0
0
0
0
0
0
0
0
0
0
0
0
0
0
0
0
0
0
0
0
0
0
0
0
0
0
0
0
0
0
0
0
0
0
0
0
0
0
0
0
0
0
0
0
0
0
0
0
0
0
0
0
0
0
0
0
0
0
0
0
0
0
0
0
0
0
0
0
0
0
0
0
0
0
0
0
0
0
0
0
0
0
0
0
0
0
0
0
0
0
0
0
0
0
0
1.48623e-15
3.33194e-16
0
0
0
0
0
0
0
0
0
0
0
0
0
0
0
0
0
0
0
0
0
0
0
0
0
0
0
0
0
0
0
0
0
0
0
0
0
0
4.66124e-16
0
0
0
0
0
0
0
0
0
0
0
0
0
0
0
0
0
0
0
0
0
0
0
0
0
0
0
0
0
0
0
0
0
0
0
0
0
0
2.36786e-15
0
0
0
0
0
0
0
0
0
0
0
0
0
0
0
0
0
0
0
0
0
0
0
0
0
0
0
0
0
0
0
0
0
0
0
0
0
0
0
0
0
0
0
0
0
0
0
0
0
0
0
0
0
0
0
0
0
0
0
0
0
0
0
0
0
0
0
0
0
0
0
0
0
0
0
0
0
0
0
0
0
0
0
0
0
0
0
0
0
0
0
0
0
0
0
0
0
0
0
0
0
5.14594e-14
0
0
0
0
0
0
0
0
0
0
0
0
0
0
0
0
0
0
0
0
0
0
0
0
0
0
0
0
0
0
0
0
0
0
0
0
0
0
0
0
0
0
0
0
0
0
0
0
0
0
0
0
0
0
0
0
0
0
8.65291e-14
0
0
0
0
0
0
0
0
0
0
0
0
0
0
0
0
0
0
0
0
0
0
0
0
0
0
0
0
0
0
0
0
0
0
0
0
0
0
0
0
0
0
7.06547e-15
0
0
0
0
0
0
0
0
0
0
0
0
0
0
0
0
0
0
0
0
0
0
0
0
0
0
0
0
0
0
0
0
5.16807e-14
0
0
0
0
0
0
0
0
0
0
0
0
0
0
-4.4189e-16
0
0
0
0
0
0
0
0
0
0
0
0
0
0
0
0
0
0
0
0
0
0
0
0
0
0
0
0
0
0
0
0
0
0
0
0
0
0
0
0
0
0
0
0
0
0
0
0
0
0
0
0
0
0
0
0
0
0
0
0
0
0
0
0
0
0
0
0
0
0
0
0
0
0
0
0
0
0
0
0
0
0
0
0
0
0
0
0
-6.09179e-14
0
0
0
0
0
0
0
0
0
0
0
0
0
0
0
0
0
0
0
0
0
0
0
0
0
0
0
0
0
0
0
0
0
0
0
0
0
0
0
0
0
0
0
0
0
0
0
0
0
0
0
0
0
0
0
0
0
0
0
0
0
0
0
0
0
0
0
0
0
0
0
0
0
0
0
0
0
0
0
0
0
0
0
0
0
0
0
0
0
0
0
0
0
0
0
0
0
0
0
0
0
0
0
0
0
0
0
0
0
0
0
0
0
0
0
0
0
0
0
0
0
0
0
0
0
0
0
0
0
0
0
0
0
0
0
0
0
0
0
0
0
0
0
0
0
0
0
0
0
0
0
-1.02847e-16
1.45805e-15
0
0
0
0
0
0
0
0
0
0
0
0
0
0
0
0
0
0
0
5.30544e-14
-6.10862e-14
0
0
0
0
0
0
0
0
0
0
0
0
0
0
0
0
0
0
0
0
0
0
0
0
0
0
0
0
0
0
0
0
0
0
0
0
0
0
0
0
0
0
0
0
0
0
0
0
0
0
0
0
0
0
0
0
0
0
0
0
0
0
0
0
0
0
4.61507e-15
-2.12418e-15
0
0
0
0
0
0
0
0
0
0
0
0
0
0
0
0
0
0
0
0
0
0
0
0
0
0
0
0
0
0
0
0
0
0
0
0
0
0
0
0
0
0
0
0
0
0
0
0
0
0
0
0
0
0
0
0
0
0
0
0
0
0
0
0
0
0
0
0
0
0
0
0
0
0
0
0
0
0
0
0
0
0
0
0
0
0
0
0
0
0
0
0
0
0
0
0
0
0
0
0
0
0
0
0
0
0
0
0
0
0
0
0
0
0
0
-4.61353e-16
0
0
0
0
0
0
0
0
0
0
0
0
0
0
0
0
0
0
0
0
0
0
0
0
0
0
0
0
0
0
0
0
0
0
0
0
0
0
0
0
0
0
0
0
0
0
0
0
0
0
0
-3.7778e-16
0
0
0
0
0
0
0
0
0
0
0
0
0
0
0
0
0
0
0
0
0
0
0
0
0
0
0
0
0
0
0
0
0
0
0
0
0
0
0
0
0
0
0
0
0
0
0
0
0
0
0
0
0
0
0
0
0
0
0
0
0
0
0
0
0
0
0
0
0
0
0
0
0
0
0
0
0
0
0
7.47123e-16
0
0
0
0
0
0
0
0
0
0
0
0
0
0
0
0
0
0
0
0
0
0
-5.77201e-15
-6.24196e-15
0
0
0
0
0
0
0
0
0
0
0
0
0
0
0
0
0
0
0
0
0
0
0
-1.7774e-15
1.09367e-14
-6.24156e-15
0
0
0
0
6.59492e-15
1.33185e-14
0
0
0
0
0
0
0
0
0
0
0
0
0
0
0
0
3.05276e-16
4.05083e-15
0
0
0
0
0
0
0
0
0
0
0
0
0
0
0
0
-7.04124e-17
0
0
0
0
0
0
0
0
0
0
0
0
0
0
0
0
0
0
0
0
0
0
0
0
0
0
0
0
0
0
0
0
0
0
0
0
0
0
0
0
0
0
0
0
0
0
0
-5.43925e-31
0
0
0
0
0
0
0
0
0
0
0
0
0
0
0
2.05105e-15
-9.0234e-17
0
0
0
0
0
0
0
0
0
0
0
0
0
0
0
0
0
0
0
0
0
0
0
0
0
0
0
0
0
0
0
0
0
0
0
0
0
0
0
0
0
0
0
0
0
0
0
0
0
0
0
0
0
0
0
0
0
0
0
0
0
0
0
0
0
0
0
0
0
0
0
0
0
0
0
0
0
0
0
0
0
0
0
0
0
0
0
0
0
0
0
0
0
0
0
0
0
0
0
0
0
0
0
0
0
-4.68496e-16
0
0
0
0
0
0
0
0
0
0
0
0
0
0
0
0
0
0
0
0
0
0
0
7.81237e-16
7.45451e-15
0
0
0
0
0
0
0
0
0
0
0
0
0
0
0
0
0
0
0
0
0
0
0
0
0
0
0
0
0
0
0
0
0
0
0
0
0
0
0
0
0
0
0
0
0
0
0
0
0
0
0
0
0
0
0
0
0
0
0
0
0
0
0
0
0
0
0
-3.61452e-14
0
0
0
0
0
0
0
0
0
0
0
0
0
-3.64281e-15
-2.08226e-15
0
0
0
0
0
0
0
0
0
0
0
0
0
0
0
-2.23923e-17
0
0
0
0
0
0
0
0
0
0
0
0
0
0
0
0
0
0
0
0
0
0
0
0
0
0
0
0
0
0
0
0
0
0
0
0
0
0
0
0
0
0
0
0
0
0
0
0
0
0
0
0
0
0
0
0
0
0
0
0
0
0
0
0
0
0
0
0
0
0
0
0
7.82118e-14
0
0
0
0
0
0
0
0
1.41901e-15
7.31601e-15
0
-1.5204e-14
7.33875e-15
0
0
0
0
0
0
0
0
0
0
0
0
0
0
0
-7.85093e-14
-2.09064e-14
0
0
0
0
0
0
0
0
0
0
0
0
0
0
0
0
0
0
0
0
0
0
0
0
0
0
0
-1.10437e-14
-1.40701e-15
0
0
0
0
0
0
0
0
-1.2676e-13
0
-2.53085e-15
-7.91994e-14
0
0
0
0
0
0
0
0
0
0
0
0
0
0
0
0
0
0
0
0
0
0
0
0
0
0
0
0
-9.119e-16
0
0
0
0
0
0
0
0
0
0
0
0
0
0
2.62108e-29
-8.52918e-15
0
0
0
0
0
0
-8.24912e-14
2.58846e-15
0
0
0
0
0
0
0
0
0
0
0
0
0
0
0
0
0
0
0
0
0
0
0
0
0
0
0
0
0
0
0
0
8.01704e-14
0
0
0
0
0
0
0
0
0
0
0
0
0
0
0
0
0
0
0
0
0
0
0
0
-3.19681e-16
0
0
0
0
0
0
0
0
0
0
0
0
0
0
0
0
0
0
0
0
0
0
0
0
0
0
0
0
0
0
0
0
0
0
1.26961e-15
0
0
0
0
1.40128e-14
0
0
0
0
0
0
0
0
0
0
0
0
0
0
0
0
0
0
0
0
0
4.59335e-15
0
0
0
0
0
-2.19121e-16
0
0
0
0
0
0
0
0
0
0
0
0
0
0
0
0
0
0
0
0
0
0
0
0
0
0
0
0
0
0
0
0
0
0
0
0
0
0
0
0
0
0
0
0
0
0
0
0
0
0
0
0
0
0
0
0
0
0
0
0
0
0
0
0
0
0
0
0
0
0
0
0
0
0
0
0
0
0
0
8.26001e-14
-5.90617e-14
0
0
0
1.45881e-14
1.87362e-15
0
0
0
0
0
0
0
0
0
0
0
0
0
0
0
0
0
0
0
0
0
-2.01434e-14
0
0
0
0
0
0
0
0
0
0
0
0
0
0
0
0
0
0
0
0
0
0
0
0
0
0
0
0
0
0
0
0
0
0
2.78332e-14
0
0
0
0
0
0
0
0
0
0
0
0
0
0
0
0
0
0
0
0
0
0
0
0
0
0
0
0
0
0
-1.75762e-15
1.95922e-15
0
0
0
0
0
0
0
0
0
0
0
0
0
0
0
0
0
0
0
0
-1.85124e-14
0
0
0
0
0
0
0
0
0
0
0
0
0
0
0
0
0
0
0
0
0
0
0
0
2.34907e-14
0
-1.52438e-15
0
4.35573e-16
0
0
3.49136e-29
0
2.26121e-14
-8.7333e-16
0
0
0
0
0
0
0
0
0
0
0
0
0
0
0
0
0
0
0
0
0
0
0
0
0
0
0
4.29797e-16
0
0
0
0
0
0
0
0
0
0
0
0
0
0
0
0
0
0
0
0
0
0
0
0
0
0
0
0
0
0
0
0
0
0
-6.03723e-14
0
0
0
0
0
0
1.31193e-15
0
0
0
0
0
0
0
0
0
0
0
0
0
0
0
0
0
0
0
0
0
0
0
0
0
0
0
0
0
0
0
0
0
0
0
0
0
0
0
0
0
0
0
0
0
0
0
0
0
0
4.55643e-16
-2.13785e-16
0
0
0
0
0
0
0
0
0
0
0
0
0
0
0
0
1.379e-14
-1.79924e-15
0
0
0
0
0
0
0
0
0
0
0
0
0
0
0
0
0
0
0
0
0
0
0
0
0
0
0
0
0
0
0
0
0
0
0
0
-6.09878e-14
0
0
0
0
0
0
0
0
0
0
0
0
0
0
0
0
0
0
0
0
0
0
0
0
6.21057e-15
0
0
0
0
0
0
0
0
0
0
0
0
0
0
0
0
0
0
0
0
0
0
0
0
0
0
0
0
0
0
0
0
0
0
0
0
0
0
0
0
0
0
0
0
0
0
0
0
0
0
0
0
0
0
0
0
0
0
0
0
0
6.91889e-15
-4.53233e-14
0
0
0
0
0
0
0
0
0
0
0
0
0
0
0
0
0
0
0
0
0
0
0
0
0
0
0
0
0
0
0
0
0
0
0
0
0
0
0
0
0
0
0
0
0
0
0
0
0
0
0
0
0
0
0
0
0
0
0
0
0
0
0
0
0
0
0
0
0
0
0
0
0
0
0
0
0
0
0
0
0
0
0
0
0
0
0
0
1.43536e-15
-7.75294e-15
0
0
0
0
0
3.64761e-15
0
0
0
0
0
0
0
0
0
0
0
0
0
0
0
0
0
0
0
0
0
0
0
0
0
0
0
0
0
0
0
0
0
-4.60552e-15
0
0
0
0
0
0
0
0
0
0
0
0
0
0
0
0
0
0
0
0
0
0
0
0
0
0
0
0
0
0
0
0
0
0
0
0
0
0
0
0
0
0
0
0
0
0
0
0
0
0
0
0
0
0
0
0
0
0
0
0
0
0
1.47669e-15
0
0
0
-7.12256e-14
0
0
1.46964e-16
-9.74426e-16
0
0
0
0
0
0
2.1852e-15
0
0
0
0
0
0
0
0
0
0
0
0
0
0
0
0
0
0
0
0
0
0
0
0
0
0
0
0
0
0
0
0
0
0
0
0
0
0
0
0
0
0
0
0
0
0
0
0
0
0
0
0
0
0
0
0
0
0
-8.16108e-14
0
0
0
0
0
0
0
0
0
0
0
0
0
0
0
0
0
0
0
0
0
0
0
0
0
0
0
0
0
0
0
0
0
0
0
0
0
0
0
0
0
0
0
0
0
0
0
0
0
0
0
0
0
0
0
0
0
0
0
0
0
0
0
0
0
0
0
0
0
-2.2013e-30
4.46775e-16
0
0
0
0
0
0
0
0
0
0
0
0
0
0
0
0
0
0
0
0
0
0
0
0
0
0
0
0
0
0
0
0
0
0
0
0
0
0
0
0
0
0
0
0
0
0
0
0
0
-1.095e-14
0
0
0
0
0
0
0
0
0
0
0
0
0
0
0
0
0
0
0
0
0
0
2.12116e-15
0
0
0
0
0
0
0
0
0
0
0
0
0
0
0
0
0
0
1.59289e-15
0
0
0
0
0
0
0
0
0
0
0
0
0
0
0
0
0
0
0
0
0
0
0
0
0
0
0
0
0
0
0
0
0
0
0
0
0
0
0
0
0
0
0
0
4.36847e-30
0
0
1.51697e-14
0
0
0
0
0
0
0
0
0
0
0
0
0
0
0
0
0
0
0
0
0
0
0
0
0
0
0
0
0
0
0
0
0
0
0
0
0
0
0
0
0
0
0
0
0
0
0
0
0
0
0
0
0
0
0
0
0
0
0
0
0
0
0
0
0
0
0
0
0
0
0
0
0
0
0
0
0
0
0
0
0
0
0
-6.5649e-16
0
0
0
0
0
0
0
0
0
0
0
0
0
0
0
0
0
0
0
0
0
0
0
0
0
0
0
0
0
0
0
0
0
0
0
0
0
0
0
0
0
0
0
0
0
0
0
0
0
1.12206e-15
-4.86829e-16
0
0
0
0
0
0
0
0
-7.88892e-14
1.18133e-13
0
0
0
0
0
0
0
0
0
0
0
0
0
0
0
0
0
0
0
-6.56112e-16
-8.23906e-16
0
0
0
0
0
0
0
0
0
0
0
0
0
0
0
0
0
6.78988e-15
-2.04388e-14
0
0
0
0
0
0
0
0
0
0
0
0
0
0
0
0
0
0
0
0
0
0
0
0
0
0
0
0
0
0
0
0
0
0
0
0
0
0
0
0
0
0
0
0
0
0
0
0
0
0
0
0
0
0
0
0
0
0
0
0
0
0
0
0
0
0
0
0
0
0
0
0
0
0
0
0
0
0
0
0
0
0
0
0
0
0
0
0
0
0
0
0
0
0
0
0
0
0
0
0
0
0
0
-5.31463e-16
2.27075e-14
0
0
0
0
0
0
0
0
0
0
0
0
0
0
0
0
0
0
0
0
0
0
0
0
0
0
0
0
0
0
0
0
0
0
0
0
0
0
0
0
0
0
-5.37961e-15
-2.93224e-14
1.04067e-14
0
0
0
0
0
0
0
0
0
0
0
0
0
0
0
0
0
0
0
0
0
0
0
0
0
0
2.74794e-15
-9.26606e-15
0
0
0
0
0
0
0
1.43329e-15
1.12518e-14
0
0
0
0
0
0
0
0
0
0
0
0
0
0
0
0
0
0
0
0
0
0
0
0
0
0
0
0
0
0
0
0
0
0
0
0
0
0
0
0
0
0
-1.62318e-14
2.93378e-15
0
0
0
0
0
0
0
0
0
0
0
0
0
0
0
0
0
0
0
0
0
0
0
0
0
0
0
0
0
0
0
0
7.78132e-15
6.28209e-16
0
1.03696e-15
0
0
0
0
0
0
0
0
0
0
0
0
1.55128e-15
0
0
0
0
0
0
0
0
0
0
0
0
0
0
0
0
0
0
0
0
0
0
0
0
0
0
0
0
0
0
0
0
0
0
0
0
0
0
0
0
0
0
0
0
0
0
0
0
0
0
0
0
0
0
0
0
0
0
0
0
0
0
0
0
0
0
0
0
0
0
0
0
0
0
0
0
0
0
0
0
0
-1.3817e-15
3.80962e-16
0
0
0
0
0
0
0
0
0
0
0
0
0
0
0
0
0
0
0
0
0
0
3.68675e-14
0
0
0
0
0
0
0
0
0
0
0
0
0
0
0
0
0
0
0
0
0
0
0
0
0
0
0
0
0
0
0
0
0
0
0
0
0
0
0
0
0
0
0
0
0
0
0
0
0
0
0
0
0
0
0
0
0
0
0
0
0
0
0
0
0
0
0
0
0
0
0
0
0
0
0
0
0
0
0
0
0
-9.21745e-15
0
0
0
0
0
0
0
0
0
0
0
0
0
0
0
0
0
0
0
0
0
0
0
0
0
0
0
0
0
0
0
0
0
0
4.61668e-15
-3.49136e-29
0
0
0
0
0
0
0
0
0
0
0
0
0
0
0
0
0
0
0
0
0
0
0
0
0
0
0
0
0
0
0
0
0
0
0
0
0
0
0
0
0
0
0
0
0
0
0
0
0
0
0
0
0
0
0
0
0
0
0
0
0
0
0
-1.28007e-15
2.95569e-16
0
0
0
0
0
4.34138e-15
0
0
0
0
0
0
0
0
0
0
0
0
0
0
0
0
0
0
0
0
0
0
0
0
0
0
0
0
0
-1.22158e-15
0
-2.78602e-14
0
0
8.54057e-16
-4.55723e-16
0
0
0
0
0
0
0
0
0
0
0
0
0
1.40075e-14
0
0
0
0
0
0
0
0
0
0
0
0
0
0
0
0
0
0
0
0
0
0
0
0
0
0
1.99614e-15
0
0
0
0
0
0
0
0
0
2.64476e-16
-1.26231e-16
0
0
0
0
0
0
0
0
1.39356e-15
-5.30068e-16
0
0
0
1.50315e-13
-6.67404e-15
0
0
0
0
0
0
-1.84027e-14
0
0
0
0
0
0
0
0
0
0
0
0
0
0
0
0
0
0
0
0
0
0
0
0
0
0
0
0
0
0
0
0
0
6.06954e-15
-1.06362e-15
0
0
0
0
0
0
0
0
0
0
0
0
0
0
0
0
0
0
8.20177e-15
-8.80399e-16
0
0
0
0
0
0
0
0
0
0
0
0
0
0
0
0
0
0
0
0
0
0
0
0
0
0
0
0
-3.72804e-14
-4.39133e-15
0
0
0
0
0
0
0
0
0
0
0
0
0
0
0
0
0
0
0
0
0
0
0
0
0
0
0
0
0
0
0
0
0
0
0
0
0
0
0
0
0
0
0
0
0
0
0
0
0
0
1.25195e-15
0
0
0
0
0
0
0
0
0
0
0
0
0
0
0
0
0
0
0
0
0
0
0
0
0
-2.32642e-15
0
0
0
0
1.02163e-16
0
0
0
0
0
0
-2.77791e-14
0
0
0
1.41994e-15
0
0
0
0
0
0
0
0
0
0
0
0
0
0
-2.14523e-14
0
0
0
0
0
0
0
-2.94916e-14
0
0
0
0
0
0
2.81909e-14
-1.94051e-15
0
0
0
0
0
0
0
0
0
3.84557e-14
0
0
0
0
0
0
0
0
0
0
0
1.80553e-15
0
0
0
0
0
0
0
0
0
-8.15753e-16
0
0
0
0
0
0
0
0
1.14161e-14
0
-9.36992e-16
0
0
0
0
0
0
0
0
0
0
0
0
0
0
0
0
0
0
0
0
0
0
0
0
-2.44301e-14
0
0
0
0
0
0
0
0
0
0
0
0
0
0
0
0
0
0
0
0
0
-4.93975e-15
0
0
1.74568e-29
0
0
0
0
0
0
0
0
0
0
0
0
0
0
0
1.51162e-16
2.26987e-15
0
0
0
0
0
0
0
0
-8.15981e-15
0
0
0
0
0
0
0
0
0
0
0
0
0
0
0
0
0
0
4.73556e-15
0
0
0
0
0
0
0
0
0
0
0
0
0
0
0
0
0
0
0
0
0
0
0
0
0
0
2.63169e-14
1.70618e-16
0
0
0
0
0
0
0
-4.59453e-16
0
2.13464e-15
0
0
0
0
0
0
0
0
3.12647e-14
0
0
0
-1.94877e-08
-2.11525e-08
-1.70784e-08
-1.57384e-08
-1.67319e-08
-1.86779e-08
-1.66634e-08
-1.83496e-08
-1.23162e-08
-2.21597e-08
-1.68869e-08
-2.59706e-08
-1.14404e-08
0
0
0
0
0
0
0
0
0
-1.80199e-29
0
2.01728e-14
0
0
0
0
0
0
0
0
0
0
0
0
0
0
0
0
2.38425e-15
2.30027e-15
0
0
7.07652e-16
0
0
0
0
0
-5.46648e-16
-1.57704e-14
2.67197e-14
4.37594e-15
0
0
0
0
0
0
0
0
0
0
0
0
0
0
0
0
0
0
0
0
0
0
0
7.65083e-16
0
0
0
0
0
0
3.18364e-16
-2.2468e-16
0
0
0
0
0
0
0
0
0
0
0
0
0
0
0
-4.58372e-16
0
0
0
0
0
0
0
0
0
0
-1.21729e-08
-1.79681e-08
0
0
0
0
0
0
-7.4143e-15
0
7.74724e-15
0
0
0
0
0
0
0
-3.80586e-14
0
0
0
0
0
0
0
0
0
0
0
0
2.156e-14
-1.07824e-14
-2.05899e-08
-1.05635e-08
0
0
0
0
0
0
0
0
0
0
0
0
0
0
0
0
0
0
0
1.62807e-16
-1.19113e-15
0
0
0
0
0
2.10703e-16
1.31071e-14
0
0
0
0
0
0
0
0
0
0
0
-3.94163e-15
0
-1.72833e-15
0
0
0
0
0
0
0
0
-1.64943e-08
-1.68434e-08
0
0
-2.71666e-15
0
0
0
0
0
0
0
0
0
0
0
0
0
0
0
2.09135e-15
-2.99521e-15
0
0
0
0
0
0
0
0
0
0
0
0
0
0
0
0
0
0
0
0
0
-6.78684e-15
4.98794e-15
-1.2383e-15
0
0
0
0
0
0
0
0
0
0
0
0
0
0
0
0
0
0
0
0
0
0
-1.25365e-08
-2.43692e-08
-2.05998e-08
-1.53049e-08
0
0
0
0
0
0
-1.17543e-08
-1.7864e-08
2.98635e-16
0
0
0
0
0
0
0
0
0
0
0
0
0
0
0
0
0
0
0
0
0
0
0
0
0
0
0
0
0
0
2.90754e-14
3.24536e-15
3.30294e-15
0
0
0
0
5.18742e-16
-3.9698e-16
0
0
0
-4.4026e-30
0
0
0
0
0
0
0
0
0
0
0
0
-2.27255e-08
-8.92039e-09
-4.07961e-15
0
0
0
0
0
0
0
0
0
0
0
0
0
0
0
0
0
0
0
0
0
0
0
-5.93383e-15
0
0
0
0
0
0
0
0
0
0
2.58135e-15
0
0
0
0
0
0
0
0
0
0
0
0
0
0
0
0
0
0
0
0
0
0
0
0
0
-4.87657e-16
0
0
0
0
0
0
0
0
0
0
0
-2.14827e-08
0
0
0
0
0
0
0
0
0
0
0
0
0
0
0
0
0
0
0
0
0
0
0
0
0
0
0
0
0
0
0
0
0
0
0
0
0
0
0
0
1.01645e-14
-3.80936e-15
0
0
0
0
0
0
-1.28736e-14
0
7.20145e-15
0
0
0
0
0
0
0
0
0
0
0
0
0
0
0
0
0
0
0
0
0
0
0
0
0
0
0
0
0
0
0
0
0
0
0
0
0
0
0
0
0
0
0
0
0
0
0
0
0
0
0
0
0
0
1.01582e-15
0
-6.12967e-15
-3.69678e-16
-6.40107e-16
0
0
0
0
0
0
0
0
0
1.184e-14
0
-1.01042e-14
0
0
0
0
0
0
0
0
0
0
0
0
0
0
0
0
-3.01256e-16
4.12497e-16
0
0
0
0
-1.54626e-08
-2.09651e-08
0
0
0
0
0
0
0
0
0
0
0
0
0
0
0
0
0
0
0
0
0
0
0
0
0
0
0
0
0
0
0
0
0
0
0
-1.5566e-14
0
0
0
0
0
0
0
0
0
0
0
0
0
0
0
0
0
0
0
0
0
8.44102e-16
0
0
0
0
1.05425e-15
0
3.07436e-14
0
0
0
0
0
0
0
0
0
0
0
0
0
3.98021e-16
0
0
0
0
0
0
0
0
0
0
0
-6.89893e-15
0
0
0
0
0
0
0
0
0
0
0
0
0
0
0
0
0
0
0
0
0
0
0
0
0
3.92188e-16
6.05737e-16
0
-1.1201e-15
0
0
0
0
0
0
0
0
0
0
0
0
0
0
0
0
0
0
0
0
-6.2324e-15
0
0
0
0
0
0
0
0
0
0
0
0
0
0
0
0
0
0
0
0
0
0
0
0
0
0
0
0
0
0
0
0
0
0
0
0
0
0
0
0
0
0
0
0
0
0
0
7.01685e-29
0
0
0
0
0
0
0
0
0
0
0
0
0
0
0
0
0
0
0
0
0
0
0
0
0
0
0
0
0
0
0
0
0
0
0
0
0
0
0
0
0
0
0
0
0
0
0
0
0
0
0
0
0
0
0
0
0
0
0
0
0
0
0
0
0
0
0
0
-7.71417e-16
0
-6.78082e-15
4.28813e-16
0
0
0
0
0
0
0
0
0
0
2.6253e-14
-8.25594e-15
-1.97286e-08
-2.1459e-08
0
0
0
7.48655e-15
0
0
-3.86008e-14
0
0
0
0
0
0
0
0
0
0
0
0
0
0
0
0
0
0
0
-2.90606e-16
-2.37669e-15
0
0
0
0
0
0
0
0
0
0
2.38895e-16
-1.0815e-15
0
0
0
0
0
0
0
0
0
-1.19646e-15
0
0
0
0
0
0
0
0
0
0
0
0
0
1.23497e-14
-5.27421e-15
0
0
0
0
0
0
0
0
-1.27302e-15
0
0
0
0
0
0
-2.15631e-14
0
0
0
0
0
0
0
0
0
0
0
0
0
0
0
0
0
0
0
0
0
0
0
0
0
0
0
0
0
0
0
0
0
0
0
0
0
0
0
4.43391e-17
0
0
0
0
0
0
0
0
0
0
0
0
0
0
0
0
0
0
0
0
0
0
0
0
0
0
0
0
0
0
0
0
0
0
0
0
1.79468e-14
0
0
-1.7027e-14
4.22924e-16
0
0
0
0
0
0
0
0
0
-5.86733e-15
0
0
0
0
0
0
0
0
0
0
-4.31102e-16
0
0
1.10338e-16
1.25615e-16
0
0
0
0
0
0
0
0
0
0
0
0
0
0
0
0
0
0
0
0
0
1.25802e-15
0
0
0
0
0
0
0
0
0
0
0
0
0
0
0
0
0
0
0
0
4.78236e-16
0
0
0
0
0
0
0
-4.46031e-15
0
0
0
0
-1.02736e-15
1.42274e-15
0
0
-4.48114e-14
0
0
0
0
0
0
0
0
0
0
0
0
0
0
0
0
2.08725e-15
0
0
0
0
0
0
0
0
0
1.82286e-16
0
0
2.97618e-16
0
0
0
0
8.04067e-14
0
0
0
0
0
0
0
0
0
0
0
0
0
0
0
0
0
0
1.14227e-14
0
0
0
0
0
0
0
0
0
0
-3.5864e-16
0
0
0
0
0
0
0
0
0
0
1.58613e-14
0
0
0
0
-2.33832e-15
9.38852e-16
0
0
0
-1.37303e-14
0
0
0
0
0
0
0
0
0
0
0
0
0
0
0
-2.44592e-16
0
0
0
0
7.71661e-14
1.03439e-14
0
0
0
0
0
0
0
-3.09419e-15
0
0
0
0
0
0
0
0
0
0
0
0
0
0
-3.81848e-17
0
-1.06379e-14
7.34792e-16
-3.48112e-29
-4.31515e-14
0
0
0
0
0
0
0
0
0
0
0
0
0
0
0
0
0
0
0
0
0
0
-1.31054e-29
0
-1.54912e-15
3.26818e-15
0
0
0
0
0
0
0
0
0
0
0
0
0
9.25456e-15
0
0
0
0
0
-1.04275e-14
0
-4.23129e-15
0
0
0
0
0
0
0
0
0
0
0
6.44432e-16
0
0
0
0
0
0
0
0
0
0
0
0
0
0
0
0
0
0
0
0
0
0
0
0
0
0
0
0
0
0
0
0
0
0
1.05272e-15
0
0
0
0
0
0
0
1.72741e-15
0
0
0
0
-2.95257e-15
2.75208e-16
0
0
0
0
0
0
0
0
0
0
0
0
0
0
0
0
0
0
0
0
0
2.67365e-14
-3.10627e-14
0
0
0
0
0
0
0
0
0
0
0
0
0
0
0
0
0
0
0
0
0
0
0
0
0
0
0
0
0
0
0
0
0
0
-2.92417e-16
1.34413e-15
0
0
0
0
0
0
0
0
0
0
0
0
-9.07115e-16
0
0
0
0
0
0
0
0
0
0
1.7508e-29
0
0
0
0
0
0
0
0
0
0
0
0
4.14493e-16
0
0
0
0
-1.55104e-16
-5.42489e-17
0
0
0
0
0
0
7.76027e-16
0
0
0
0
0
0
0
0
0
0
0
-1.42949e-15
0
0
1.91984e-16
0
0
0
0
1.41763e-15
0
0
0
0
0
0
0
0
0
0
0
0
0
0
0
0
0
0
-2.29281e-08
-1.87433e-08
0
0
4.41793e-16
0
0
0
0
0
0
-3.19161e-16
0
0
0
0
-1.22795e-16
0
2.17656e-16
0
0
0
0
0
0
0
0
0
0
0
0
0
0
0
0
0
0
0
0
0
0
0
0
0
0
0
0
0
0
0
0
0
0
-1.13055e-16
0
8.34299e-17
0
0
0
0
0
0
0
0
0
0
-6.45092e-15
0
0
1.77792e-15
0
0
0
0
0
0
0
0
8.90406e-15
0
0
0
0
0
0
0
0
0
0
0
0
0
0
0
0
0
0
0
0
0
0
0
0
2.1885e-30
-3.90141e-16
6.6513e-16
0
-1.69126e-16
0
0
-3.70677e-15
0
0
0
-3.73765e-15
3.20299e-16
0
2.97387e-15
0
0
0
0
0
0
0
0
0
0
-1.80462e-15
5.33833e-16
0
0
0
0
0
0
0
0
0
0
0
0
0
0
0
0
0
0
0
0
0
0
0
0
0
0
-7.37527e-16
4.54446e-16
0
0
-2.69924e-15
0
0
0
0
0
0
0
0
0
0
-3.18418e-15
0
0
0
0
0
0
0
0
0
0
0
0
0
0
0
0
4.57597e-16
0
0
0
-1.04596e-15
1.45293e-15
0
0
0
0
0
0
0
0
-3.10313e-16
-1.96646e-16
-2.77023e-15
0
0
0
0
0
2.17016e-16
1.48867e-16
0
0
0
0
0
0
0
0
0
0
0
0
0
0
0
0
0
0
3.58212e-16
0
0
0
8.75935e-13
0
0
0
0
0
0
0
0
0
0
3.32477e-16
0
0
0
0
0
0
0
0
7.67003e-13
0
0
9.44912e-16
0
-8.79091e-16
0
0
0
-7.08827e-16
0
0
0
0
0
2.16932e-14
0
0
1.94123e-14
0
0
0
0
0
0
-2.03264e-16
-9.20561e-13
-1.34984e-12
0
0
0
0
0
0
0
0
0
0
0
0
0
0
0
0
2.22895e-15
-1.5944e-15
3.06194e-16
9.68419e-14
1.22133e-12
0
0
0
0
0
0
0
0
5.93142e-16
1.10065e-30
0
0
0
0
0
0
0
0
0
0
0
0
0
4.93886e-16
0
0
0
0
0
0
0
0
0
0
0
0
3.72769e-15
0
0
0
0
0
1.25838e-17
0
0
-1.14926e-15
-3.93384e-16
0
0
0
0
0
0
0
6.81986e-13
0
0
0
0
0
0
0
0
0
0
0
0
0
0
0
-1.22876e-15
4.34443e-16
0
0
2.63617e-14
0
0
0
0
0
-3.55662e-15
0
-1.15925e-14
-1.92383e-15
0
0
0
0
0
0
0
0
0
0
0
0
0
0
0
0
0
-4.65663e-16
0
0
0
0
0
0
4.10208e-16
5.40714e-15
0
0
0
0
0
0
-1.39965e-15
0
0
0
-4.12885e-15
0
0
0
0
0
0
0
0
0
0
0
0
0
0
0
0
0
0
0
0
0
0
0
0
0
-2.56655e-14
0
0
0
0
0
0
0
0
0
0
0
0
0
0
0
0
0
0
0
0
0
0
0
0
0
0
-6.01306e-17
0
0
0
0
0
0
0
0
0
0
0
0
0
0
0
0
-5.599e-16
0
1.00237e-16
0
0
0
0
0
0
0
0
0
0
0
0
0
0
0
1.14159e-14
1.9065e-15
3.37572e-15
-3.23231e-16
0
0
0
0
0
0
0
0
0
0
0
0
0
0
0
0
0
0
0
0
0
0
0
0
0
-1.02825e-16
3.37262e-17
0
0
1.64669e-16
0
0
0
0
0
0
0
0
0
0
0
0
0
0
0
0
0
0
0
0
0
4.7193e-13
9.10565e-13
0
0
0
0
0
0
0
1.54983e-15
0
0
0
0
0
0
0
0
0
0
0
0
0
0
9.56731e-15
0
0
0
0
0
0
0
0
-2.74234e-15
0
0
0
-9.16728e-16
2.95509e-16
0
0
0
0
9.87999e-16
0
0
0
0
0
0
0
0
0
0
0
0
0
0
0
0
3.79684e-16
-2.33823e-16
0
0
0
0
0
0
0
0
0
0
0
0
-3.31527e-16
0
-4.39667e-15
-3.54221e-15
0
0
0
0
0
0
0
0
-3.30689e-16
0
-4.72829e-15
-4.26021e-15
0
0
0
0
0
0
0
0
0
0
0
0
0
0
0
0
0
0
0
0
-9.86309e-16
0
0
0
0
0
0
0
0
0
0
0
0
0
0
0
0
-1.70969e-16
0
0
0
0
0
0
0
0
0
0
0
0
-1.60391e-16
0
0
0
0
6.37705e-14
0
0
0
0
0
0
0
0
0
0
0
0
0
2.88726e-14
0
0
0
0
-1.70267e-15
8.64077e-15
0
0
0
0
0
-3.62175e-16
3.99003e-15
0
0
0
0
0
0
0
0
0
1.12271e-15
0
0
0
0
-1.28839e-15
0
0
0
0
0
0
0
0
0
0
0
0
0
0
0
-5.41e-15
0
0
0
0
0
0
0
9.62186e-16
-1.89334e-16
0
0
0
0
0
0
5.58128e-16
-3.03559e-15
0
0
0
0
0
0
0
0
0
0
0
0
0
0
2.86362e-15
0
0
0
0
0
0
7.53815e-15
0
0
0
0
0
0
0
0
0
0
-9.55853e-16
0
0
-3.01591e-16
0
0
0
0
0
0
0
0
0
0
0
0
0
0
0
0
0
0
0
0
0
2.2948e-16
0
0
0
0
0
0
-4.95288e-16
0
0
0
0
0
0
0
0
0
-1.58504e-16
8.05914e-17
0
0
0
2.171e-16
0
0
0
0
0
0
0
0
0
5.67928e-17
0
0
0
0
1.68736e-15
0
0
-1.36515e-31
0
0
0
0
0
0
2.68431e-14
0
-8.2347e-15
0
1.52939e-16
3.24483e-16
-1.70507e-15
0
0
9.57251e-16
-7.73999e-17
0
0
0
0
1.21204e-15
0
0
0
0
0
1.31575e-14
9.74945e-15
0
0
0
0
0
-5.3924e-17
0
0
0
0
0
0
0
0
0
-1.63723e-16
1.26714e-15
3.55199e-15
0
0
0
0
0
0
0
0
0
1.93799e-08
0
0
0
0
0
0
0
0
0
8.15289e-15
0
0
0
0
0
0
0
0
0
0
0
9.98831e-15
0
0
0
0
0
0
0
0
0
0
0
0
3.73348e-17
0
8.03532e-15
1.04459e-15
0
0
0
0
0
0
0
0
0
0
0
0
0
0
0
0
0
0
0
0
0
0
0
0
0
0
0
0
0
0
4.88992e-16
0
-4.87137e-16
0
0
0
0
0
0
0
0
0
0
0
0
0
7.0271e-16
7.66624e-17
0
0
2.97894e-16
0
0
-1.54762e-16
0
0
0
8.85884e-16
0
0
0
0
0
0
0
7.29776e-15
0
0
0
0
0
0
0
0
1.14029e-16
-2.69031e-08
0
0
0
0
0
0
0
-3.99096e-15
0
0
0
0
0
0
0
0
0
0
0
0
1.64373e-14
0
0
0
0
0
0
0
0
0
0
0
0
0
0
0
0
0
4.4026e-30
0
0
0
-1.75703e-15
0
0
0
0
0
0
0
3.87484e-12
0
0
0
0
0
6.941e-16
0
0
-2.50829e-16
1.68041e-15
0
0
0
0
0
0
0
0
0
0
0
0
0
0
0
0
0
0
0
0
0
0
0
0
0
0
-3.901e-15
0
0
0
0
0
0
0
0
0
1.71808e-15
0
0
0
0
0
0
0
0
0
0
0
0
0
0
0
0
0
0
0
0
0
0
-1.81741e-16
1.4552e-16
-4.77598e-15
0
0
0
0
-3.55205e-16
1.48221e-15
0
-3.45362e-17
0
0
0
0
0
0
0
0
0
0
0
0
5.83447e-15
0
0
0
0
0
0
5.01345e-15
0
0
0
0
0
0
0
0
2.96673e-12
0
0
0
0
0
0
0
0
0
0
0
0
0
0
0
0
0
-2.0212e-15
4.60945e-15
0
6.39165e-16
0
0
0
0
0
0
-5.75211e-15
0
0
0
0
0
0
0
0
0
0
0
0
0
0
8.70281e-30
3.17613e-15
0
0
0
0
0
0
0
0
0
0
0
0
0
0
0
0
0
0
0
0
0
0
0
0
0
-1.96435e-14
0
0
0
0
0
0
0
0
0
-9.61913e-15
0
0
0
0
0
0
0
0
0
0
0
0
-9.89253e-17
-1.92561e-16
0
0
0
0
0
0
0
0
0
0
0
0
0
0
0
0
0
0
0
0
0
0
0
0
0
0
0
0
-2.51828e-16
0
0
0
0
0
0
0
0
0
0
0
0
0
0
0
0
0
0
0
0
-9.6884e-09
0
-2.33658e-16
0
0
-1.06317e-15
-1.11678e-15
0
0
0
1.0956e-15
0
-1.25683e-16
0
2.0054e-08
-1.15916e-13
0
0
0
0
0
4.3971e-17
0
0
0
0
0
0
0
1.37919e-16
0
0
0
0
0
0
0
0
2.17997e-30
4.81209e-16
0
0
1.94802e-08
0
0
0
0
0
5.68276e-16
0
5.38415e-16
0
0
8.07512e-17
0
0
0
0
0
0
0
0
0
0
0
0
0
0
0
0
0
0
5.31587e-15
0
0
-3.68304e-16
0
0
0
-4.99e-16
3.52473e-15
0
0
0
0
0
0
0
0
0
0
0
1.21053e-16
-3.54204e-16
0
0
0
0
0
0
0
0
0
0
0
0
0
0
0
0
0
0
0
0
0
0
0
0
0
0
0
0
0
0
0
0
0
0
0
0
1.23976e-15
0
0
0
0
0
0
0
0
0
0
0
2.08764e-16
-3.03944e-16
0
0
0
0
0
0
0
0
0
0
0
0
0
0
0
0
0
0
0
0
0
0
0
0
0
0
4.06765e-15
-9.71104e-15
0
0
0
0
0
0
0
0
0
0
0
0
0
0
0
0
0
0
2.34873e-16
1.61747e-16
0
1.2903e-16
0
0
0
7.4645e-14
0
0
0
0
0
6.14585e-15
0
0
0
0
0
0
0
0
4.73451e-14
0
0
4.94058e-16
0
0
0
2.12014e-08
0
0
0
0
0
1.67679e-14
0
0
0
4.37243e-13
0
0
0
0
0
0
0
0
0
0
0
0
0
0
0
0
0
0
0
0
0
4.75807e-16
0
0
0
0
0
0
0
0
0
0
2.3647e-08
0
0
0
0
0
0
0
0
0
5.6562e-16
0
0
0
0
0
0
0
0
-5.44216e-16
2.67587e-16
0
0
0
0
0
0
0
0
0
0
0
0
0
0
0
0
0
0
0
0
0
0
0
0
0
0
0
0
0
0
0
0
0
0
0
0
2.1885e-30
0
0
0
0
0
0
0
0
0
0
0
0
0
0
0
0
0
0
0
7.14812e-15
0
0
0
0
0
0
0
0
0
0
0
0
0
0
0
-2.06279e-08
0
0
0
0
0
0
0
0
0
0
0
0
0
0
-2.06565e-15
0
0
0
0
0
0
0
0
0
0
0
0
-2.06885e-15
-4.20006e-16
0
0
0
0
0
0
0
0
0
0
0
0
0
1.0659e-16
-1.61866e-16
0
2.75627e-16
0
-9.71472e-15
2.72093e-14
0
0
0
0
0
0
0
0
0
0
0
0
0
0
0
0
0
0
4.41226e-14
0
0
0
0
0
0
0
0
1.72717e-15
0
0
0
0
0
0
0
1.86484e-15
0
0
0
0
0
0
0
1.48891e-15
0
0
0
0
0
0
0
3.34684e-15
4.39215e-17
0
0
0
0
0
0
-1.75611e-16
0
1.12589e-17
-8.28621e-13
0
0
0
0
0
0
5.05549e-17
0
0
0
0
0
-1.02815e-16
0
0
0
0
0
0
0
0
0
0
0
0
0
0
0
0
-5.71038e-16
0
0
0
0
0
0
0
0
0
0
0
0
0
0
0
0
0
0
0
0
0
0
0
0
0
0
0
0
0
0
0
0
-1.02358e-15
0
0
0
0
0
0
0
0
0
0
0
-4.60845e-16
2.62434e-14
-4.3514e-30
0
0
0
0
0
2.99733e-17
0
0
0
0
0
1.4623e-15
0
0
-8.69317e-16
0
0
0
0
0
0
0
0
0
0
0
0
0
0
0
8.51382e-16
1.1983e-14
0
0
0
0
0
0
0
0
2.17949e-08
0
0
0
0
0
0
0
0
0
3.53518e-15
0
0
0
0
6.10542e-14
0
0
0
0
0
0
0
0
0
0
0
0
0
0
-1.36192e-16
0
0
0
0
0
0
0
0
0
0
0
0
0
0
0
0
0
9.65129e-15
0
0
0
0
0
0
0
0
0
0
0
0
0
0
0
0
0
0
1.3977e-08
0
0
-2.23748e-16
0
0
0
0
0
0
0
0
0
0
0
0
0
0
0
0
0
0
0
0
0
0
0
0
0
0
0
0
0
0
0
0
0
0
0
0
0
0
0
0
0
0
1.82556e-08
0
0
0
0
0
0
0
0
-7.78747e-17
0
0
0
0
0
-1.738e-08
0
0
0
0
0
0
0
0
0
0
2.0725e-15
-2.34334e-16
0
0
0
-1.59032e-08
0
0
4.07534e-17
-5.11409e-16
7.28201e-14
0
0
0
0
5.00966e-14
0
-1.8218e-15
0
0
0
0
0
0
0
0
0
7.95897e-14
0
0
0
0
0
0
0
0
0
0
0
0
0
0
0
-1.34975e-15
0
0
0
6.54207e-16
0
0
0
0
0
0
0
0
0
0
0
0
0
0
0
0
0
0
0
0
0
0
0
0
0
0
0
0
0
0
0
0
0
0
0
0
0
0
0
0
0
0
0
0
0
0
0
0
0
0
0
0
0
0
0
0
0
0
0
0
0
0
0
0
0
0
0
0
0
0
0
0
0
-3.35554e-13
0
0
0
0
0
0
0
-1.32988e-15
0
0
0
0
0
0
0
0
0
0
0
0
0
0
0
0
0
1.94932e-15
0
0
0
0
0
0
0
0
-8.00026e-15
-1.08683e-15
0
0
0
0
0
0
0
-1.82883e-16
-6.60027e-16
0
0
0
0
0
0
0
0
0
0
0
0
0
0
0
0
0
0
0
0
0
0
3.96858e-17
0
0
0
0
0
0
0
0
0
0
0
0
0
1.60348e-16
8.15726e-17
0
0
0
0
0
0
0
0
0
0
0
0
0
-1.36726e-15
0
0
0
0
0
0
0
0
-7.78232e-16
0
0
0
0
0
0
0
0
7.53026e-16
8.38698e-16
0
0
0
-4.10356e-15
0
0
0
2.87464e-16
-1.21729e-15
0
0
0
0
0
0
0
0
0
0
0
0
0
1.51601e-16
0
0
0
0
0
0
0
0
0
0
0
0
0
0
0
0
0
0
0
0
0
0
0
0
2.87535e-17
-5.54042e-16
0
0
0
0
0
0
0
-2.18997e-14
0
1.08212e-15
0
0
0
0
0
0
0
0
0
0
0
0
0
0
0
0
1.52521e-15
3.35479e-16
0
0
0
0
0
0
0
-2.87599e-16
0
0
0
0
0
0
0
0
0
0
0
0
0
0
0
0
0
0
7.68973e-17
-9.66782e-17
0
0
0
0
0
0
0
0
0
0
0
0
0
0
0
0
0
0
0
0
0
0
0
0
0
8.85405e-13
1.4783e-08
0
0
0
0
0
0
0
2.67926e-16
0
0
0
4.08282e-13
3.82633e-16
0
0
0
0
0
0
0
0
1.80189e-16
0
0
0
0
0
-2.07668e-14
0
0
0
4.92498e-16
0
0
0
0
0
0
0
0
0
0
0
0
0
0
0
0
0
0
0
0
0
0
0
0
0
0
0
0
0
0
0
0
0
0
0
-2.73689e-16
0
0
3.34753e-15
0
0
0
0
0
0
0
0
0
0
0
0
0
0
0
0
0
1.01455e-14
0
0
0
0
0
0
-8.75338e-16
0
0
0
0
0
0
0
0
0
0
4.39837e-16
0
0
0
0
0
0
0
0
0
0
0
0
0
0
0
0
0
0
0
0
0
-8.60042e-30
0
0
5.10862e-14
0
0
0
0
0
0
0
0
0
0
0
0
0
0
0
0
-6.06906e-14
0
0
0
0
0
-3.60296e-15
0
0
-8.89608e-16
0
2.13918e-15
0
1.61876e-08
0
0
1.22444e-15
0
0
0
0
0
0
-1.89994e-16
0
0
0
0
0
0
3.04223e-14
0
0
0
0
0
0
0
0
0
0
0
0
0
0
0
0
0
0
0
0
0
0
0
0
0
0
0
0
0
0
0
0
0
0
0
0
0
4.813e-14
0
0
0
0
0
0
1.35638e-16
0
0
0
0
0
0
0
0
0
0
0
0
0
0
0
0
0
0
-1.13207e-15
0
-3.56935e-16
0
0
0
0
0
0
0
0
0
0
0
0
0
0
0
0
0
0
0
0
0
0
0
0
0
0
0
0
7.98345e-16
0
0
0
0
0
0
0
0
0
0
0
0
0
0
0
0
0
-2.85124e-16
0
0
0
0
0
0
0
0
5.1247e-14
0
0
0
0
0
0
0
0
0
0
0
0
2.72448e-16
0
0
0
0
0
0
0
0
0
0
0
0
0
0
0
0
0
0
0
0
0
0
0
0
0
0
0
0
0
-1.61469e-15
1.44301e-15
0
0
0
0
-3.20262e-16
0
0
0
0
0
0
0
0
0
0
2.7902e-14
1.76202e-15
0
0
0
0
0
0
0
0
0
0
0
0
0
0
-1.79974e-14
0
0
0
0
0
0
0
0
0
0
0
0
0
0
-8.14932e-17
0
0
-1.52727e-14
0
0
0
0
0
0
0
0
0
0
0
0
0
0
0
0
0
0
0
0
0
0
0
0
0
5.7166e-14
0
0
-7.98383e-16
0
0
0
-1.97874e-16
0
0
0
0
0
0
0
0
0
0
0
0
0
-3.03503e-17
0
0
0
0
0
0
0
0
0
0
0
0
0
0
0
0
0
0
0
0
0
0
-7.64816e-14
3.29611e-14
0
0
0
1.29546e-14
-5.15946e-14
0
0
0
0
0
0
0
4.29952e-14
0
0
0
0
0
0
0
0
0
0
0
0
0
0
0
0
1.39992e-15
0
0
0
0
0
0
0
0
0
0
0
0
0
0
0
0
0
0
0
0
0
0
-8.87424e-15
0
0
0
0
0
6.3677e-16
0
0
0
0
0
0
0
0
0
0
0
0
0
0
0
0
0
0
0
0
0
0
0
0
0
0
7.27914e-16
0
0
0
0
-2.92923e-15
0
0
0
0
-2.1682e-14
0
0
0
0
0
0
0
0
0
0
0
0
0
0
1.11713e-14
0
0
-7.83298e-16
0
0
0
0
3.05513e-14
0
0
0
0
0
0
0
0
0
0
1.66329e-15
0
0
0
0
0
0
0
0
9.26834e-16
0
0
0
0
0
0
0
0
0
0
0
0
0
0
0
0
0
0
0
0
0
0
0
0
0
0
0
0
0
0
0
0
0
0
0
0
0
0
0
0
0
4.86184e-16
0
0
0
0
0
0
0
0
-1.3336e-14
0
0
0
0
0
0
0
0
0
0
0
0
0
0
0
0
0
0
0
0
0
0
0
0
0
0
-3.40103e-16
0
0
0
0
0
9.09695e-17
0
0
0
0
0
0
0
0
0
0
0
2.11525e-15
0
0
0
0
0
0
0
0
0
0
0
0
0
0
0
0
0
0
0
0
0
0
0
0
0
0
0
-1.78993e-16
0
0
0
0
0
-1.77457e-14
0
0
0
0
0
0
0
0
0
0
0
0
0
0
0
0
0
0
0
0
0
0
0
0
0
0
0
0
0
0
4.4026e-30
0
0
0
0
2.14142e-13
2.40193e-13
0
0
0
0
0
1.74056e-29
0
2.44154e-13
0
0
0
0
0
0
0
0
0
0
0
0
0
0
0
0
0
0
-9.72734e-16
0
0
3.96294e-16
0
0
0
0
2.5945e-13
0
0
1.11663e-14
0
0
0
0
0
0
0
0
0
0
0
0
0
0
0
0
2.57347e-13
1.84619e-13
0
0
0
0
0
0
0
0
0
0
0
0
0
0
0
0
0
0
-3.29187e-14
0
0
0
0
0
0
0
0
0
0
0
0
0
1.46191e-14
0
0
0
0
0
0
0
0
0
0
0
0
1.01639e-14
0
0
0
2.0625e-15
0
0
0
0
0
0
6.79574e-17
0
0
0
0
0
0
0
0
-6.62805e-17
0
0
0
0
0
0
0
0
0
0
0
0
0
0
0
0
0
7.34851e-14
-1.44274e-14
0
0
-5.48094e-15
-1.46249e-14
0
0
0
-5.11371e-15
0
0
0
9.18433e-15
0
0
0
0
0
0
0
0
0
0
0
-8.98982e-17
0
0
0
0
0
0
-2.37038e-13
0
0
0
0
0
0
0
3.78707e-15
0
0
0
0
0
0
0
0
0
0
0
0
0
1.27113e-15
0
0
0
0
0
0
0
0
0
0
0
0
0
0
0
0
0
0
0
0
0
0
0
0
0
0
0
0
-3.32581e-16
0
0
0
0
0
0
0
0
0
0
8.34115e-17
0
0
0
0
0
0
0
0
0
0
0
0
0
0
0
0
1.15302e-16
0
-1.93093e-13
0
0
0
0
0
0
0
0
0
0
0
0
0
0
0
0
0
0
0
0
0
0
0
0
0
0
0
0
0
2.68625e-14
0
-6.24974e-16
0
1.56358e-15
0
0
0
0
0
-7.19426e-16
0
0
0
0
0
0
0
0
0
1.45109e-16
0
0
0
0
0
0
0
0
0
0
0
0
0
0
0
0
0
0
0
0
0
0
0
0
0
0
0
1.0832e-15
0
0
0
0
)
;

boundaryField
{
    frontback
    {
        type            empty;
        value           nonuniform List<scalar> 0();
    }
    topbottom
    {
        type            calculated;
        value           uniform 0;
    }
    outlet
    {
        type            calculated;
        value           uniform 0;
    }
    inlet
    {
        type            calculated;
        value           nonuniform List<scalar> 0();
    }
    walls
    {
        type            calculated;
        value           nonuniform List<scalar> 
29
(
-8.90464e-09
-9.95225e-09
6.86181e-08
5.70945e-08
8.11894e-08
6.54753e-08
7.07134e-08
5.60469e-08
6.12849e-08
7.80466e-08
7.49038e-08
6.02373e-08
6.23325e-08
6.65229e-08
7.38562e-08
7.1761e-08
5.91897e-08
6.33801e-08
6.75705e-08
7.28086e-08
8.2237e-08
8.32846e-08
5.81421e-08
8.01418e-08
7.6999e-08
7.90942e-08
7.59514e-08
6.44277e-08
6.96657e-08
)
;
    }
    procBoundary1to0
    {
        type            processor;
        value           nonuniform List<scalar> 
104
(
-8.34466e-16
0
0
0
0
0
0
0
-2.82296e-13
0
5.34246e-16
0
0
0
0
0
0
0
-1.08785e-30
0
1.36709e-14
0
0
1.09221e-15
-1.69716e-15
-1.66673e-16
0
0
0
0
0
0
-1.01951e-15
0
0
0
0
0
0
0
0
0
0
0
0
0
0
0
1.8171e-15
0
-1.1579e-15
0
0
0
0
0
-1.4623e-15
0
0
0
0
0
0
0
0
0
0
1.22487e-12
0
0
0
0
0
0
0
0
0
2.55489e-15
0
0
0
0
0
0
0
0
0
0
0
0
0
0
0
1.34351e-15
0
0
0
0
0
1.42293e-08
0
0
0
0
)
;
    }
    procBoundary1to3
    {
        type            processor;
        value           nonuniform List<scalar> 
205
(
5.21825e-08
0
0
2.62368e-14
-2.22327e-17
0
2.57607e-15
0
8.50606e-15
-5.6288e-17
0
0
0
1.33709e-16
0
0
-5.61919e-17
0
-3.13028e-14
0
-2.35991e-15
0
0
7.5907e-15
-6.68233e-17
0
1.58843e-16
7.57402e-14
0
0
0
4.58686e-15
-1.54062e-16
-3.03075e-15
3.3787e-15
0
0
0
0
0
0
6.99256e-14
0
-2.52181e-14
0
0
0
-5.77104e-17
1.09299e-15
-2.66014e-15
-6.88897e-17
-4.28513e-17
0
8.60734e-15
2.17176e-17
4.8473e-16
-8.42226e-17
1.98933e-15
0
0
0
0
-1.08259e-16
7.40392e-17
0
-1.45703e-16
0
-2.07798e-17
0
0
0
1.26597e-14
-3.01406e-16
-4.42394e-17
0
0
4.88454e-17
-2.75304e-16
-8.34678e-17
2.30412e-16
-4.8838e-17
0
0
0
0
0
0
0
-1.40622e-16
-2.11128e-17
3.89429e-16
0
1.53666e-16
0
0
0
0
-5.67234e-16
-1.69739e-16
1.54321e-15
1.37037e-15
0
0
0
0
0
0
-1.30015e-13
0
0
0
0
0
0
-5.04496e-16
0
0
-6.52245e-16
0
0
0
0
0
0
0
0
-8.45906e-17
-7.05643e-16
0
0
-2.09332e-14
8.95815e-14
0
0
8.99005e-17
0
0
0
0
0
-1.57836e-16
0
5.95745e-17
-7.70637e-14
-7.53814e-17
0
0
1.90648e-15
0
0
-4.29249e-17
0
-2.24038e-16
0
-8.34732e-17
0
-6.4722e-16
-1.11224e-16
-2.37356e-16
0
0
0
0
-6.80516e-16
-3.19039e-15
0
0
0
0
2.69626e-15
-7.68163e-15
0
0
2.82787e-15
0
0
3.32821e-17
3.12807e-17
0
0
0
3.57008e-15
0
0
-6.03605e-15
3.40142e-15
0
2.35325e-15
-5.14067e-17
-1.3863e-16
-4.01601e-17
-1.9694e-14
1.4567e-16
0
-2.07088e-14
0
0
-5.81725e-13
-1.21968e-16
0
0
-1.61719e-16
-7.559e-17
0
0
)
;
    }
}


// ************************************************************************* //
