/*--------------------------------*- C++ -*----------------------------------*\
| =========                 |                                                 |
| \\      /  F ield         | OpenFOAM: The Open Source CFD Toolbox           |
|  \\    /   O peration     | Version:  v2012                                 |
|   \\  /    A nd           | Website:  www.openfoam.com                      |
|    \\/     M anipulation  |                                                 |
\*---------------------------------------------------------------------------*/
FoamFile
{
    version     2.0;
    format      ascii;
    class       surfaceScalarField;
    location    "600";
    object      meshPhi;
}
// * * * * * * * * * * * * * * * * * * * * * * * * * * * * * * * * * * * * * //

dimensions      [0 3 -1 0 0 0 0];
oriented        oriented;


internalField   nonuniform List<scalar> 
20673
(
0
0
0
0
0
0
0
0
0
0
0
0
0
0
0
2.34269e-16
-2.71329e-16
-1.17442e-15
0
0
0
0
0
0
0
8.35196e-17
3.57963e-16
0
0
0
0
0
0
0
0
0
0
1.29176e-08
5.62375e-13
-2.15493e-09
0
0
0
6.17639e-15
0
0
0
0
0
0
0
0
0
0
0
0
0
0
0
0
0
0
0
0
0
0
0
0
0
0
1.67756e-16
1.98879e-16
0
-2.00049e-30
-1.72041e-15
-1.01664e-15
0
0
0
0
0
0
0
0
0
0
0
0
0
0
0
0
0
0
0
-8.35852e-16
-8.20463e-17
0
0
0
0
0
0
0
0
0
0
0
0
0
2.40853e-14
-1.73213e-13
1.29973e-14
0
0
0
0
0
0
0
0
0
5.08316e-16
-2.23345e-16
1.42108e-17
0
2.63846e-15
-2.7981e-15
-2.85665e-15
8.98142e-16
0
0
0
0
0
0
-2.23092e-12
-1.4954e-12
2.28318e-17
0
0
0
0
0
0
0
0
0
5.80079e-13
-5.57262e-12
0
0
0
0
0
0
0
0
0
0
0
0
0
0
0
0
0
0
0
0
0
0
3.72308e-09
0
0
2.49644e-16
-1.02496e-17
0
0
0
2.36758e-17
-2.56937e-16
-3.8444e-16
-4.28382e-17
0
0
0
0
0
0
0
0
0
0
0
0
0
0
0
-1.63356e-12
1.05039e-15
-1.78325e-12
0
0
0
-2.91778e-13
1.06151e-16
-2.45059e-14
0
0
0
0
0
0
0
0
0
0
0
0
-2.00714e-16
-4.97197e-31
0
-1.37505e-15
0
0
0
0
0
0
0
0
0
0
0
0
0
0
0
0
1.40542e-16
0
7.51742e-17
0
0
0
0
0
0
0
0
0
0
0
-1.06827e-15
1.63079e-15
-4.57265e-16
0
0
0
0
0
0
0
0
0
0
-1.37408e-15
-4.91032e-16
0
0
0
2.56287e-17
0
9.55238e-17
-1.23513e-15
6.07634e-17
0
0
0
0
0
0
0
0
0
-2.02686e-16
5.43313e-16
0
0
0
0
0
0
0
0
0
0
0
3.61029e-17
-1.14178e-14
0
0
0
0
0
1.95981e-16
0
3.54863e-16
4.42144e-13
-6.90631e-16
-2.36179e-12
0
0
0
-1.14186e-15
-1.71274e-16
0
-3.06717e-13
-5.74157e-14
0
0
0
0
0
0
0
0
0
0
0
0
0
0
0
0
0
0
0
0
0
0
0
0
0
0
4.87448e-34
0
0
0
2.1758e-15
-8.91922e-16
-1.29325e-15
0
0
0
0
0
0
0
0
0
0
0
0
-3.89751e-16
0
0
0
0
0
0
0
0
0
-1.25382e-15
0
-5.65283e-16
1.24547e-17
0
3.67291e-16
-3.78097e-16
0
0
0
0
0
0
0
0
0
0
0
0
0
0
0
0
0
0
8.51517e-16
-1.72988e-12
0
0
0
0
0
0
0
0
0
0
0
0
0
0
0
0
0
-6.99801e-13
5.5565e-14
0
0
0
0
0
-8.71795e-17
-3.99825e-17
2.12201e-15
0
0
0
0
0
0
0
0
0
0
0
0
0
0
0
0
0
4.19282e-17
0
0
0
0
1.27608e-13
-5.90875e-13
0
0
2.16952e-15
-9.23196e-16
0
0
0
0
0
0
0
0
0
0
0
-6.29095e-17
0
0
0
0
0
0
0
0
0
0
0
0
0
0
0
0
0
-6.91233e-16
0
0
0
0
0
0
0
0
0
0
0
0
0
0
0
0
0
0
0
0
0
0
0
0
2.05152e-16
1.47955e-15
2.32127e-15
-1.34449e-16
0
0
0
0
0
0
0
0
0
0
0
0
0
0
0
0
0
0
0
0
0
0
0
0
0
0
0
0
0
0
0
0
0
0
0
-3.17685e-15
0
0
0
-2.27908e-13
0
-7.18847e-14
0
0
0
0
0
0
0
0
0
0
-1.13804e-13
7.08651e-17
-3.23351e-15
0
0
0
0
0
0
0
0
0
0
0
0
0
0
0
0
0
0
0
-3.30728e-15
0
0
0
0
0
0
0
0
0
0
0
0
0
0
0
0
-1.81895e-14
-5.14319e-13
0
0
0
0
0
-3.47432e-17
1.32605e-16
0
0
0
0
0
0
0
0
-1.32332e-13
-7.50546e-17
0
0
0
0
0
0
0
0
0
0
0
0
4.64145e-15
-4.9031e-17
0
0
0
0
0
0
0
0
2.12928e-13
1.3045e-13
-6.86385e-13
0
0
0
0
0
0
0
0
0
0
0
0
0
0
0
0
0
0
0
0
0
0
0
0
0
0
0
0
-4.28293e-13
-1.81849e-13
0
0
0
0
0
0
0
0
0
0
0
3.00745e-13
9.36176e-14
-7.57633e-13
0
0
0
0
0
0
0
0
0
0
0
0
0
0
0
0
0
0
0
0
0
0
0
0
0
0
0
0
0
0
0
0
0
0
0
0
0
0
0
0
0
0
0
0
0
-2.4988e-15
1.96039e-17
0
0
1.71874e-15
0
-3.25395e-15
0
0
0
0
0
0
0
0
0
0
0
0
0
0
0
2.1908e-15
-2.37037e-15
-3.38339e-14
0
0
0
0
0
0
0
0
0
0
0
0
0
0
0
0
0
0
0
0
0
0
0
0
0
0
0
0
0
0
0
0
0
0
0
-4.61583e-14
-1.34058e-13
0
0
0
0
0
0
0
0
0
0
0
0
0
0
0
0
0
0
0
0
0
0
0
1.39365e-17
-8.82046e-18
0
-2.10402e-12
-1.28497e-12
-1.05922e-15
0
0
0
0
0
0
0
0
0
0
0
0
0
0
0
0
0
0
0
0
0
0
0
-2.70451e-14
0
0
0
1.86964e-13
-5.07374e-13
5.89994e-14
0
0
0
0
0
0
-3.56151e-16
4.9537e-16
0
0
0
0
0
0
0
0
0
0
0
0
0
0
0
0
0
0
0
0
1.87047e-13
9.32386e-14
0
0
0
0
0
0
0
0
0
0
0
0
1.27091e-13
-1.09691e-12
0
0
0
0
0
0
0
0
4.62284e-16
-4.1738e-17
0
0
0
0
0
-5.1077e-18
4.30533e-18
0
0
0
0
0
0
0
0
0
0
6.01181e-14
-2.23028e-14
-6.02712e-14
0
0
0
0
0
0
0
0
0
0
0
0
0
0
0
0
0
0
0
1.05972e-12
-6.2636e-12
0
0
1.46495e-15
5.36377e-15
0
0
0
0
0
0
0
0
0
0
0
3.03029e-12
-4.7691e-08
4.37405e-08
0
0
-4.54809e-14
-4.08387e-13
0
0
0
0
0
0
0
0
0
0
0
0
0
0
0
0
0
0
0
0
0
0
0
0
0
0
0
0
0
0
0
0
0
0
0
0
2.36589e-16
0
0
0
0
0
-9.94394e-31
2.75476e-16
1.1137e-16
0
0
0
0
9.9147e-31
0
0
0
1.5296e-15
0
0
0
0
0
0
0
0
0
0
0
0
0
0
0
0
0
0
-9.61374e-14
0
0
0
0
5.23748e-13
1.8371e-17
-4.45047e-14
0
0
0
0
0
-1.12492e-13
0
-2.64136e-16
0
0
0
0
0
0
0
0
0
0
-4.24243e-15
-1.57828e-15
0
0
0
0
0
0
0
0
0
0
0
0
0
-2.26521e-15
-1.07828e-15
0
0
0
0
0
0
0
0
0
0
0
0
0
0
0
0
0
0
0
0
0
0
0
-3.21227e-14
2.91523e-13
0
0
0
0
0
-3.65152e-13
0
-1.64462e-13
0
0
0
0
0
0
0
0
0
0
0
0
0
0
0
0
0
0
0
0
0
0
-2.75918e-17
8.36176e-16
8.77413e-14
0
-3.25789e-13
0
0
0
0
0
0
2.16101e-16
-2.38363e-17
0
0
0
0
0
0
0
0
0
0
0
0
0
0
0
0
0
0
-8.7984e-18
9.28819e-17
4.63493e-15
0
0
0
0
0
0
0
0
0
0
0
0
0
0
0
0
0
0
0
0
0
0
0
0
0
0
0
0
0
0
-1.14633e-15
0
-1.28218e-15
-1.80787e-15
0
0
0
0
0
0
0
0
0
0
0
0
0
0
0
0
0
0
0
0
0
-2.55554e-13
0
0
0
0
0
0
0
0
0
-3.70542e-14
-4.08405e-13
0
0
-3.07422e-13
-2.40455e-13
0
0
0
0
0
0
0
0
0
0
0
0
-4.43317e-18
5.86629e-18
0
0
0
0
0
0
0
0
0
0
5.28198e-14
-1.07736e-14
-6.56499e-14
0
0
0
-1.30201e-13
-2.28888e-13
-7.48303e-16
0
0
0
0
0
0
0
0
0
0
0
0
0
0
0
0
0
0
0
0
0
0
0
0
0
0
0
0
0
0
0
0
0
0
0
0
0
0
0
0
0
0
0
0
0
0
0
0
0
0
0
0
0
0
0
0
0
0
7.22372e-16
-2.30671e-17
0
0
0
0
0
0
0
0
0
7.16601e-18
0
0
0
0
0
0
0
0
0
1.87872e-18
2.6157e-17
6.0194e-16
7.31978e-18
0
0
0
0
0
0
0
0
0
0
0
0
0
-2.12322e-13
0
0
0
0
0
0
0
0
0
0
0
0
0
0
0
0
0
0
0
0
5.51085e-13
-1.77094e-12
2.93163e-13
0
0
0
0
0
4.2941e-18
-4.74823e-18
0
0
0
0
0
0
0
0
0
0
0
0
0
0
0
0
0
-4.5932e-10
1.25802e-08
0
0
0
0
0
0
0
0
0
0
0
0
0
0
0
0
0
0
0
0
0
0
-4.01644e-14
0
0
0
0
0
-4.36585e-17
-4.09721e-16
0
0
0
0
0
0
-3.24775e-13
0
-2.3853e-12
0
0
0
5.03166e-18
-2.69104e-17
-6.0126e-18
0
0
0
0
0
-4.93328e-13
0
0
0
0
0
0
0
0
0
0
0
0
0
0
0
0
0
0
0
0
0
0
0
0
0
0
0
9.99058e-14
-9.08928e-13
0
0
0
0
0
0
0
0
5.74204e-16
0
-2.73235e-17
0
0
0
0
0
0
0
0
-6.25451e-12
0
0
0
0
0
0
0
0
0
0
0
0
0
0
0
0
0
0
0
0
0
0
0
-8.08031e-18
0
0
0
0
0
0
0
0
0
0
0
0
0
0
0
0
0
0
2.0049e-16
0
0
0
0
1.38993e-12
5.44833e-13
3.15677e-17
1.16914e-15
0
0
0
0
0
5.64198e-18
-4.09537e-16
0
0
0
0
0
0
0
0
0
0
0
0
0
0
0
0
0
0
0
0
0
0
0
0
0
0
0
0
0
0
0
0
0
0
0
0
0
0
0
-1.27438e-08
7.37817e-13
0
0
0
0
0
0
0
0
0
0
0
0
0
0
0
0
0
0
0
1.51169e-15
0
0
0
0
0
0
0
0
0
0
0
0
0
0
0
0
0
0
0
0
0
-1.89294e-13
0
0
0
0
-1.09509e-16
-4.59221e-13
0
0
0
0
0
0
0
0
0
0
0
0
0
0
0
0
0
0
0
0
0
0
0
0
0
0
0
0
0
0
0
0
0
0
0
0
0
0
0
0
0
-2.12742e-16
-3.7436e-31
1.76213e-17
0
0
0
0
0
0
0
0
0
0
0
-3.03603e-17
0
0
0
0
0
0
0
2.22992e-16
0
-5.30542e-16
0
0
0
0
0
0
0
0
0
0
0
0
1.77492e-16
0
-2.21426e-16
0
0
0
0
0
0
0
0
0
0
0
0
0
0
0
0
0
0
0
0
0
0
0
-1.34557e-17
5.48629e-19
0
0
0
0
0
0
0
0
0
0
0
0
0
0
0
0
0
0
0
0
0
0
0
0
0
0
0
0
0
0
0
0
0
0
0
0
0
0
0
0
0
0
0
-1.71511e-16
-9.52226e-16
0
0
0
0
0
0
0
0
0
0
0
0
0
0
0
0
0
0
0
0
0
0
0
1.6656e-13
1.28189e-13
-5.92552e-13
0
0
0
0
0
0
0
0
-4.60467e-14
0
0
0
0
0
0
0
0
0
0
0
0
0
0
0
0
0
0
0
0
0
0
0
0
0
0
2.72698e-16
0
0
0
0
0
0
0
0
0
0
8.78397e-17
-2.91364e-13
-1.75322e-13
0
0
0
0
0
0
0
0
0
0
0
0
0
0
0
0
0
0
-5.69464e-18
3.64084e-19
8.56306e-14
-1.94036e-14
-1.11486e-14
0
0
0
0
0
0
0
0
0
0
0
0
0
0
0
0
0
0
0
0
0
0
0
0
4.95948e-13
1.49821e-14
-7.7538e-13
0
0
0
0
0
0
0
0
0
0
0
0
-2.81377e-17
-1.46509e-16
0
0
0
0
0
0
2.87067e-17
1.63545e-16
0
0
0
0
0
0
0
0
0
0
0
0
0
0
0
0
0
0
0
0
0
0
0
0
0
0
0
0
0
0
0
0
0
0
0
0
0
0
0
0
0
0
0
0
0
0
0
4.96713e-13
-2.52966e-12
0
0
0
0
0
0
0
0
0
0
0
0
0
0
0
0
0
0
0
0
0
0
0
2.34273e-15
0
0
0
0
0
0
0
0
0
0
0
0
0
0
0
0
0
0
5.5866e-16
-6.76717e-13
1.51965e-13
7.32122e-16
0
-4.40084e-17
0
0
1.10492e-13
1.31963e-13
-4.87278e-13
0
0
0
0
0
0
0
0
0
0
0
0
0
0
0
0
0
0
0
0
0
0
0
0
0
-1.98107e-17
1.00105e-16
0
0
0
0
0
0
0
0
0
0
0
0
0
0
0
0
0
0
0
0
-4.06003e-13
-3.5123e-14
0
0
0
0
0
0
0
0
1.40466e-16
0
2.53518e-16
0
0
-1.37334e-12
1.95493e-13
0
0
-2.14602e-16
0
0
0
0
0
0
-5.60241e-13
0
0
0
0
0
0
6.36847e-16
0
0
0
0
0
0
0
0
0
0
0
0
0
0
0
0
-1.10165e-16
0
2.99201e-16
0
0
0
0
0
0
-1.34472e-13
-1.14503e-13
-2.3214e-15
9.88231e-17
0
0
0
0
0
0
0
0
0
0
0
0
0
0
0
0
0
0
0
-1.91295e-13
-1.69173e-13
-1.43731e-13
0
-6.17237e-16
0
0
0
0
0
0
0
0
0
0
0
0
0
0
0
0
0
0
0
0
0
0
0
0
0
0
0
0
0
0
0
0
0
0
0
0
0
0
0
0
0
0
0
0
-2.77608e-13
1.40703e-18
-1.43916e-13
0
0
0
0
0
0
0
0
0
1.52321e-17
0
0
0
2.48599e-31
0
0
0
-3.57859e-16
0
-2.76008e-16
0
0
0
0
0
0
0
0
0
0
0
0
0
0
0
0
0
0
-1.2143e-16
-5.7236e-17
0
-1.72654e-16
0
0
0
0
0
0
0
0
0
0
0
0
0
0
0
0
0
0
0
0
0
0
0
0
9.21075e-17
-2.54514e-16
0
0
0
0
0
0
0
0
0
0
0
0
0
0
0
0
0
0
0
0
0
0
0
0
0
0
0
0
0
0
0
0
0
0
0
0
0
0
0
0
0
0
0
0
0
0
0
0
0
0
0
0
0
0
2.343e-14
-5.47294e-17
0
0
0
0
0
0
0
0
0
0
0
0
0
0
0
0
0
0
0
0
0
0
0
0
0
1.47183e-13
-5.44218e-13
1.24141e-13
0
0
0
0
0
0
0
0
0
0
0
-2.83801e-16
0
0
0
0
0
0
0
0
0
0
0
0
0
0
0
0
0
0
0
0
0
0
0
0
0
0
0
0
0
0
0
0
0
0
0
0
0
0
0
0
0
0
0
0
0
0
0
0
0
0
0
0
0
0
1.37944e-16
-8.15428e-16
0
0
0
0
0
0
0
0
0
0
0
0
0
0
-2.33545e-15
0
-5.87214e-19
0
0
0
0
0
0
0
0
0
0
0
0
0
0
0
-1.12965e-13
-2.92213e-16
0
0
0
0
0
0
0
0
0
-1.22968e-12
1.07193e-13
0
0
0
0
0
0
0
0
0
0
-1.55977e-16
0
-2.36069e-16
-3.88547e-16
0
0
0
0
0
0
0
0
0
0
0
0
0
0
0
0
0
0
0
0
0
0
0
0
0
0
0
0
-1.35031e-14
-1.85959e-16
0
0
0
0
0
0
0
0
0
0
0
0
0
0
0
-6.38061e-18
0
2.67276e-16
-2.85804e-16
0
0
0
-2.64993e-12
0
0
0
0
0
0
0
0
0
0
0
0
0
0
-5.21134e-16
5.09279e-16
0
0
1.20534e-16
-6.37531e-16
-1.70585e-16
0
0
0
0
0
0
0
0
0
0
0
0
0
0
0
0
0
0
0
0
0
0
0
0
0
0
0
0
0
0
0
0
0
0
0
0
-1.1945e-15
0
0
0
0
0
0
0
0
0
0
0
0
0
0
0
0
0
0
0
-2.06164e-15
2.98973e-16
0
0
0
0
0
0
0
0
0
0
0
0
0
0
0
0
0
0
0
0
0
0
0
0
0
-1.32253e-15
5.83107e-16
-5.87053e-16
6.41088e-17
0
0
0
0
0
0
0
0
0
0
0
0
0
0
0
0
0
0
-1.74665e-13
0
0
0
0
0
0
0
0
0
0
0
0
0
0
0
0
0
0
0
0
0
0
0
0
0
0
0
0
0
0
0
0
0
0
0
0
0
0
0
0
0
0
0
0
0
0
0
0
0
0
0
0
0
0
0
0
0
0
0
0
0
0
0
-1.67565e-15
-1.73734e-15
0
0
0
0
0
0
0
0
0
0
0
0
0
0
0
0
0
0
0
0
0
-3.90996e-16
0
0
0
0
0
0
0
-7.21963e-15
0
0
0
0
0
0
0
0
0
0
0
0
0
0
0
0
0
0
0
0
0
0
0
0
0
0
0
-5.34985e-16
0
0
0
0
0
0
0
0
0
0
7.33132e-15
-2.95955e-15
0
0
0
0
0
0
-1.87911e-13
0
0
0
0
0
4.1777e-18
0
0
0
0
0
0
0
0
0
0
1.82745e-13
-6.62394e-13
1.42039e-13
0
0
0
0
0
0
0
0
0
0
0
-4.19868e-13
0
-2.85332e-13
0
0
0
0
0
0
0
0
0
0
0
0
0
0
0
0
0
0
0
0
0
-3.25267e-15
0
-1.60777e-15
0
0
7.71355e-16
1.45251e-16
0
0
0
0
0
0
0
0
7.14771e-13
-2.27483e-14
-1.14667e-12
0
0
0
0
0
0
0
-1.69183e-13
0
0
0
0
0
0
2.60889e-16
3.2079e-15
-7.32562e-15
0
0
0
-3.04829e-13
-2.30044e-13
0
0
0
0
0
0
0
0
0
0
0
0
0
0
0
-9.50854e-17
3.53591e-17
0
0
0
0
0
0
0
0
0
0
3.09761e-15
0
-5.43535e-16
0
0
0
0
-9.79148e-17
0
-4.31735e-13
0
-3.10631e-13
0
0
0
0
0
0
0
-1.90732e-13
-1.70256e-13
0
-8.52358e-14
-4.34264e-13
0
0
0
0
0
0
0
0
0
-1.815e-16
4.94631e-14
0
-3.90925e-13
0
0
0
0
0
0
0
1.1221e-14
4.56964e-15
0
5.20525e-16
-1.73898e-15
-3.05912e-16
0
0
0
0
0
0
0
0
0
0
0
1.35997e-16
0
0
0
0
0
0
0
0
0
0
0
0
-1.45795e-16
1.09733e-15
-5.76187e-18
-3.79647e-13
0
0
0
0
0
0
0
0
0
0
0
0
0
0
0
0
0
0
0
0
0
0
0
0
0
0
-1.11042e-16
1.9265e-16
0
0
0
0
0
0
0
1.47311e-12
1.45142e-12
-5.85204e-12
-6.69736e-16
-3.17039e-16
7.36475e-15
4.66042e-16
0
0
0
0
0
-3.77408e-14
-8.85018e-14
-1.28257e-17
0
-1.56536e-17
-2.44546e-20
0
0
0
0
0
0
0
0
0
0
0
0
0
0
0
0
0
0
0
1.31333e-16
-3.05272e-16
0
0
0
0
0
0
-6.97391e-13
1.57705e-13
0
0
0
0
0
0
0
0
0
3.09944e-17
0
1.77587e-17
0
3.54459e-16
-4.21161e-16
0
0
0
0
0
0
0
0
0
0
0
0
0
0
0
-4.0641e-17
-1.45129e-17
4.84171e-19
0
7.4872e-31
-2.35167e-16
0
0
0
0
0
0
0
0
0
0
0
0
0
-6.53332e-17
0
0
0
0
0
0
0
0
0
0
0
0
0
0
0
0
-8.6908e-16
-2.00049e-30
0
0
0
0
0
-7.80493e-17
0
-4.46243e-13
0
0
0
0
3.96064e-17
-6.97104e-16
0
0
0
0
0
0
-1.67995e-13
0
2.89059e-16
0
3.00431e-16
0
0
0
0
0
0
0
0
0
0
0
0
0
1.24859e-16
1.55947e-15
-1.16818e-16
0
0
0
0
0
0
0
0
0
0
0
2.25082e-13
-6.16604e-13
0
0
0
0
0
0
0
0
0
0
0
0
0
0
0
0
0
0
0
-6.14012e-12
0
0
0
0
0
0
0
0
0
0
0
0
0
0
0
0
0
0
0
0
0
0
0
0
0
0
0
1.77838e-17
5.19833e-17
0
0
0
0
0
0
0
0
0
0
0
0
0
0
-6.24919e-16
0
0
0
0
0
-6.05616e-16
-6.48321e-17
7.99419e-18
0
0
0
0
0
0
0
0
0
0
0
0
0
0
0
0
0
2.89202e-18
-6.01205e-16
1.24155e-16
0
0
0
0
0
0
0
0
0
-2.11932e-13
0
0
0
0
0
0
0
0
0
0
-1.12868e-12
1.65304e-13
0
0
0
0
0
0
0
0
0
0
0
0
6.02306e-16
0
0
0
0
0
0
0
0
0
0
0
0
0
0
0
0
0
0
0
0
0
0
0
-3.29578e-18
7.23293e-19
0
0
0
0
0
0
0
0
0
0
0
-3.51616e-15
0
0
0
0
0
0
-3.07092e-32
0
1.36003e-13
1.04284e-13
-4.84172e-13
0
0
0
0
0
0
0
0
0
0
0
0
0
0
0
0
0
0
0
0
0
0
0
0
0
0
0
0
0
0
0
0
0
0
0
0
0
0
0
0
0
0
0
0
0
0
0
0
0
0
0
0
0
0
0
7.61603e-18
0
-1.75112e-17
0
0
0
0
0
0
0
0
0
0
0
0
0
0
0
0
0
0
0
0
0
7.34655e-17
0
0
0
0
0
-1.98879e-30
0
-2.15087e-14
-4.64007e-14
0
0
0
0
0
0
-2.91014e-13
0
0
0
0
0
0
0
0
0
0
0
0
0
0
2.85139e-13
-2.22608e-12
0
0
0
0
0
0
0
0
0
0
0
0
0
0
0
0
0
0
-3.5596e-13
0
0
0
-2.73403e-15
7.07763e-16
0
0
0
-6.42479e-17
4.39723e-16
0
0
0
0
0
0
0
0
0
0
0
4.64764e-16
2.77226e-16
0
0
0
0
0
0
0
0
0
0
0
0
0
0
0
0
0
0
-7.08729e-16
1.9961e-30
0
0
0
0
0
0
0
0
0
0
0
0
0
0
0
2.66989e-13
-1.414e-12
0
0
0
0
0
0
0
0
0
0
0
0
0
0
0
0
5.69733e-16
0
0
0
0
0
0
-1.65399e-15
1.23414e-16
0
2.41261e-14
-6.04872e-13
0
0
0
0
0
0
0
0
0
0
0
0
0
-2.54871e-14
-7.68944e-13
0
6.5503e-16
1.00249e-16
0
0
0
0
3.90893e-15
-1.00963e-14
0
0
0
0
0
-1.1579e-15
0
0
0
0
0
0
0
0
0
0
0
0
9.04673e-14
-5.37779e-14
3.49063e-14
0
0
0
0
-1.57524e-16
0
0
0
0
0
0
0
0
0
0
0
0
0
0
0
0
0
0
-1.19898e-16
3.64484e-16
0
0
0
0
0
0
0
0
0
0
0
0
0
0
1.08997e-15
0
-1.49643e-15
0
0
-1.54566e-18
0
0
0
0
0
0
0
0
0
0
0
0
0
0
0
0
0
0
1.57955e-16
0
0
0
0
0
0
0
0
0
2.07e-16
0
0
0
0
8.32054e-17
-3.70566e-16
-1.30384e-15
0
0
0
0
0
0
0
0
0
0
0
0
0
0
0
0
0
0
0
0
0
0
0
0
0
0
-5.69423e-15
8.34585e-16
0
0
0
0
0
0
0
0
0
0
0
0
0
0
0
0
5.87506e-18
-1.31329e-12
0
0
0
0
0
0
0
0
0
0
0
0
0
0
0
0
0
0
0
0
0
0
3.5149e-13
-6.56778e-13
0
0
0
0
0
0
0
0
1.39594e-15
0
0
0
0
0
0
0
3.92576e-16
1.62973e-17
0
0
0
2.16772e-13
-7.54758e-13
1.58673e-13
0
0
0
0
0
0
0
0
0
1.55788e-15
0
0
0
0
0
0
0
0
-1.92202e-17
0
0
0
0
0
0
0
0
0
0
0
0
0
0
0
0
0
0
0
0
0
0
0
0
0
-1.50344e-12
0
0
0
0
0
0
0
0
0
0
0
0
0
0
0
0
0
0
0
0
0
5.32213e-16
-2.37461e-17
-1.11546e-15
0
0
0
0
0
0
0
0
0
4.90941e-17
-4.40572e-17
-4.84619e-17
0
0
0
0
0
0
0
0
0
0
0
0
0
0
0
0
0
8.45224e-17
0
0
0
0
0
0
5.67654e-16
-1.18864e-15
0
0
0
0
0
0
0
0
0
0
0
0
0
0
0
-2.0965e-12
0
0
0
0
0
0
0
0
0
0
0
0
0
0
0
0
0
0
0
0
0
0
0
0
0
0
0
0
0
0
0
0
0
0
0
3.27075e-17
0
0
0
0
0
0
0
0
0
0
0
0
0
0
0
0
0
0
0
0
0
0
-3.7998e-17
0
0
-5.11235e-13
0
0
0
0
0
0
0
0
0
0
0
0
0
0
0
0
0
0
0
0
0
0
0
0
0
0
0
0
0
0
0
0
0
0
0
0
-4.24356e-16
1.38103e-16
0
0
0
0
0
0
0
0
0
0
0
-1.39508e-13
0
0
0
0
0
0
0
0
0
0
0
0
0
0
0
0
0
0
0
0
0
0
0
0
0
0
0
0
0
0
0
0
0
0
0
0
0
0
-2.78013e-17
0
0
-4.54986e-16
0
1.26744e-16
0
0
-1.26551e-13
0
0
0
0
-2.48599e-31
2.00063e-15
0
-4.28911e-13
-2.17952e-13
0
0
0
0
0
0
0
0
0
0
0
0
0
0
0
0
0
0
0
0
0
0
0
0
0
0
0
0
0
-1.28878e-16
-4.16512e-16
0
0
0
0
0
0
0
0
0
0
0
0
7.82325e-18
0
0
0
0
0
0
0
0
0
0
0
0
0
0
0
0
0
0
0
0
0
0
0
0
0
0
0
0
0
0
0
0
0
0
0
0
0
0
0
0
0
0
0
0
0
0
0
0
0
0
0
0
0
0
0
0
0
0
0
-1.264e-12
-1.21946e-16
0
0
0
0
0
0
0
0
0
3.5742e-15
0
0
0
0
0
0
0
0
0
0
0
0
0
0
0
0
0
0
0
0
0
0
0
0
-7.37871e-16
9.27229e-16
0
0
0
0
0
0
0
0
0
0
0
0
0
0
0
0
0
0
0
0
0
0
0
0
5.92224e-16
1.08433e-15
5.53262e-16
0
0
0
0
0
0
0
0
0
0
0
0
-3.83075e-13
-1.3399e-16
-2.36123e-13
0
0
0
0
0
0
0
0
0
0
-7.8487e-13
-1.83294e-15
1.89925e-15
6.51303e-17
0
0
0
0
0
0
0
0
0
0
0
0
0
0
0
0
0
0
0
-4.18734e-13
7.83434e-14
0
0
0
0
0
0
0
0
0
0
0
0
0
0
0
0
0
-6.68612e-13
0
-2.39193e-13
-2.51826e-16
-2.04133e-13
0
0
0
0
8.84086e-17
0
0
0
-9.10578e-16
3.11888e-16
0
0
0
0
0
0
0
0
0
0
0
0
0
0
0
0
0
0
2.00264e-16
0
0
0
0
0
0
0
0
0
0
0
0
0
0
2.0093e-16
0
0
0
0
0
0
0
0
0
0
0
0
0
0
0
0
0
0
0
0
0
0
-1.93028e-15
0
0
0
0
0
0
0
0
0
0
0
0
0
0
0
0
0
0
0
0
0
0
0
0
0
0
0
0
0
0
0
0
0
0
0
0
0
0
0
0
0
0
0
0
0
0
0
0
0
0
0
0
0
0
0
0
0
0
0
0
0
0
0
0
0
0
0
0
0
0
0
0
0
0
0
0
0
0
0
0
1.85233e-16
-1.71294e-15
-1.36296e-15
0
0
0
0
0
9.61593e-15
0
0
0
0
0
0
0
0
0
0
-1.58824e-14
-9.86042e-13
0
0
0
2.01242e-16
0
0
0
-6.78132e-13
0
0
0
0
0
0
0
0
0
0
0
0
0
0
0
0
2.5877e-16
1.58259e-15
0
-2.75102e-15
0
0
0
0
0
-1.25078e-13
-1.786e-13
0
0
0
0
0
0
0
0
0
0
-1.01196e-15
1.73646e-15
0
0
0
0
0
0
0
0
0
0
0
2.21087e-17
0
0
0
0
0
0
0
0
0
0
0
0
0
0
0
0
0
0
0
0
0
0
0
0
0
0
0
0
0
0
0
-1.12372e-14
-2.09477e-16
3.602e-15
4.16407e-15
0
5.73251e-15
-2.59878e-15
0
0
-9.871e-14
0
0
0
0
0
-1.71689e-16
1.57428e-16
0
0
0
0
0
0
0
0
2.06516e-15
0
0
0
0
0
0
0
0
0
0
0
0
0
0
0
0
0
0
0
0
0
0
0
0
0
0
0
0
0
0
0
0
0
0
0
0
0
0
0
0
0
0
0
0
0
0
0
0
1.55028e-15
-1.00609e-30
0
0
0
0
0
0
0
0
0
0
0
0
0
0
0
0
0
0
0
0
0
0
0
0
0
0
0
0
0
0
0
0
0
0
0
0
2.64588e-16
0
0
0
0
0
0
0
0
0
0
0
0
0
0
0
0
0
0
0
0
0
0
0
0
0
0
0
0
0
0
0
0
0
0
0
1.40637e-16
2.18738e-16
0
0
0
0
0
0
0
0
0
0
0
0
0
0
0
0
0
0
0
0
0
0
0
0
0
0
0
0
0
0
0
0
0
0
0
0
0
0
0
0
0
0
1.14672e-16
-2.24827e-15
0
0
0
0
0
0
0
2.1472e-16
-1.36764e-13
0
0
0
0
0
0
0
0
0
0
0
0
0
0
0
0
0
0
0
0
0
0
0
0
0
0
0
0
-2.4965e-31
6.61423e-17
-2.65933e-17
0
5.07339e-17
1.32177e-16
0
0
0
0
0
0
-3.34837e-16
-2.84878e-15
0
0
0
0
-3.40917e-17
0
0
0
0
0
-1.16321e-15
5.80975e-17
0
0
0
0
0
-3.79055e-16
8.13192e-17
2.25299e-15
8.82723e-17
0
0
0
0
0
0
0
0
5.42459e-16
-2.12349e-16
0
0
0
0
0
0
0
0
0
0
0
0
-1.09934e-15
0
-9.55015e-16
0
0
0
0
0
0
0
0
0
0
0
0
0
0
0
0
0
2.985e-16
-1.03813e-16
0
0
0
0
0
0
-2.69837e-17
-2.61886e-18
0
0
0
0
0
0
0
0
0
0
0
0
0
0
0
0
0
0
0
0
0
0
0
0
0
0
0
0
0
0
0
0
0
0
0
4.04451e-13
-9.05123e-13
0
0
0
0
0
0
0
0
1.1514e-15
0
0
0
0
0
0
0
0
0
0
0
0
0
0
0
0
0
0
-1.1957e-18
-2.50061e-31
0
0
0
0
0
0
0
0
0
0
0
0
0
0
0
0
0
0
0
0
0
7.05018e-17
1.00024e-30
-2.69988e-17
0
0
0
0
0
0
0
0
0
0
0
0
0
0
0
0
0
0
0
0
0
0
-1.18437e-15
-1.98879e-30
0
0
0
0
0
0
0
0
0
1.27903e-08
-1.40811e-13
-2.7582e-08
0
0
0
0
0
0
0
0
0
-1.61384e-16
0
0
0
0
0
0
0
0
1.31108e-17
0
0
0
0
0
0
0
0
0
0
0
0
0
0
0
0
0
0
0
0
0
0
2.38975e-16
-1.49431e-16
0
0
0
0
0
0
0
0
0
-1.46624e-15
3.65945e-18
1.33744e-16
0
9.99815e-16
3.20476e-15
0
0
0
0
0
0
0
0
0
0
0
0
0
0
0
0
0
0
0
0
0
0
0
0
0
0
0
0
0
-2.56699e-17
-1.10876e-15
0
0
0
0
0
0
0
0
0
6.98867e-16
-3.70933e-15
0
0
0
0
0
0
0
0
0
0
0
0
0
0
0
0
0
0
0
0
0
0
0
1.4574e-15
0
1.16499e-15
-4.76391e-16
-1.44204e-15
0
1.73844e-15
0
0
0
0
0
7.64186e-17
4.33864e-15
-2.19001e-16
0
0
0
0
0
0
0
0
0
0
3.2885e-16
0
1.48577e-17
0
0
0
0
0
0
0
0
-1.31191e-17
0
0
0
0
0
0
0
0
0
0
-8.43006e-18
0
0
1.56668e-15
-6.26223e-17
-5.24773e-17
0
0
0
0
0
0
0
0
0
0
0
0
0
0
0
-2.12849e-16
7.82584e-16
0
0
0
0
0
0
0
0
0
0
0
5.09006e-17
3.50871e-16
0
0
0
0
0
0
0
0
0
0
0
0
0
0
0
0
0
0
0
0
0
0
0
0
9.1856e-17
0
0
0
0
0
0
0
0
0
0
0
-1.08645e-15
1.25543e-17
0
0
0
0
0
1.73479e-15
-2.93915e-17
0
0
0
0
0
0
0
0
0
-7.57293e-18
6.53652e-18
0
0
0
0
0
0
-2.46862e-16
0
0
0
0
0
0
0
1.49744e-30
-3.03253e-16
0
0
0
0
0
0
0
0
0
0
0
0
0
4.06261e-16
0
8.02489e-17
0
0
0
2.95185e-17
7.60713e-18
2.71543e-16
1.54784e-17
0
0
0
0
0
0
0
0
0
0
-1.47363e-15
0
0
0
0
0
0
0
0
0
0
0
0
0
0
0
0
0
0
0
0
0
-3.93061e-19
0
0
-1.32202e-16
0
0
0
0
0
0
-7.40654e-13
0
0
0
0
0
0
0
0
0
0
-1.23761e-08
3.65161e-13
-2.46247e-15
0
0
0
0
0
0
0
0
0
0
0
0
0
0
0
0
0
0
0
0
0
0
1.76247e-17
0
0
0
0
0
1.02711e-14
0
6.8355e-16
0
0
0
0
0
0
0
0
0
0
0
0
0
0
0
0
0
0
0
0
0
0
0
0
0
0
-7.09772e-16
8.33191e-16
-1.37509e-15
0
0
0
0
0
0
0
0
0
0
0
0
0
0
0
0
0
0
0
0
0
0
0
0
0
0
0
0
0
0
0
0
0
-2.85898e-16
2.109e-16
-1.87103e-16
1.52288e-15
4.44172e-16
1.98358e-15
0
0
0
0
0
0
9.98193e-14
-2.13179e-13
0
0
0
0
0
0
0
-5.44344e-16
0
2.41758e-17
0
0
0
0
0
0
0
0
0
0
0
0
0
0
0
0
0
0
0
0
0
0
0
0
0
0
0
0
0
0
-1.57805e-15
-1.87347e-16
0
0
0
0
0
0
0
0
0
0
6.79843e-17
0
0
-2.26025e-15
0
0
0
0
0
0
0
0
0
0
0
-7.39849e-13
0
0
-1.59507e-16
0
0
0
0
0
0
0
0
3.47954e-15
-8.48865e-15
0
4.79694e-16
0
9.31836e-17
0
7.34883e-17
-2.62607e-16
-1.1563e-16
1.38187e-16
1.83705e-16
-6.25621e-17
0
1.15699e-16
-3.23391e-17
-9.35222e-17
0
0
0
-6.59946e-13
0
0
0
0
0
1.55669e-16
0
0
0
0
0
0
0
0
0
0
0
0
0
0
0
0
0
5.59802e-16
0
-2.63449e-16
0
0
0
0
0
0
0
0
0
2.08188e-15
0
0
0
0
0
0
0
0
0
0
0
0
2.99858e-15
0
0
0
0
9.06272e-17
0
0
0
0
0
0
0
0
-1.50161e-13
0
-1.26568e-16
0
0
0
0
0
0
0
0
0
0
0
0
0
0
0
0
0
-8.02117e-17
0
0
-2.7774e-15
0
0
-8.04819e-16
1.67576e-15
-5.66622e-16
0
0
0
0
0
0
0
0
0
3.96963e-16
7.91487e-16
0
3.09504e-14
0
0
0
0
0
0
0
0
0
0
0
0
-4.73229e-16
3.10043e-16
-4.62639e-16
0
0
0
0
0
0
0
0
2.53901e-17
-2.50805e-17
0
0
0
0
0
0
0
0
0
0
0
0
0
-3.88032e-16
0
0
0
0
0
0
0
0
0
1.91422e-18
0
2.3659e-17
0
0
0
0
0
0
0
0
0
0
0
0
0
0
0
0
0
0
1.2186e-16
3.95659e-16
0
3.56965e-16
0
0
0
0
0
0
0
0
0
0
0
0
0
0
0
0
0
0
0
0
0
1.31857e-15
2.33867e-15
0
0
0
0
0
0
0
5.40208e-16
0
0
0
0
0
0
0
0
0
0
0
0
0
0
0
0
0
0
0
0
-4.50834e-16
0
0
0
0
0
0
0
0
0
0
1.77668e-13
-6.26383e-13
1.36446e-13
0
0
0
0
0
0
0
0
0
0
0
0
0
0
0
0
0
0
0
0
0
0
0
0
0
0
0
0
0
0
0
0
3.41074e-15
0
0
0
-1.19362e-15
0
0
0
0
0
0
0
0
0
0
0
0
0
0
0
-3.64403e-15
1.10029e-17
0
0
0
0
0
0
0
0
0
0
0
0
0
0
0
0
0
0
0
0
0
0
0
0
0
0
0
0
0
0
0
0
0
0
0
0
0
0
-5.52669e-10
6.48385e-13
0
0
0
0
0
0
0
0
0
0
0
0
0
0
0
0
0
-5.08735e-15
7.35388e-15
-3.89306e-15
0
0
0
0
0
0
1.27349e-16
-9.84614e-17
0
0
0
0
0
0
0
0
0
0
0
0
0
0
0
0
0
0
-1.23975e-16
1.93509e-15
0
0
0
0
0
0
0
0
0
0
0
0
0
0
0
0
0
0
0
0
0
0
0
-1.62984e-17
-1.1278e-16
0
0
0
-8.83074e-17
-3.06329e-16
1.59552e-15
0
0
0
0
0
0
0
-1.63102e-16
3.99548e-16
0
0
0
0
0
0
0
0
0
0
-3.96916e-15
0
0
0
0
0
0
0
0
-5.70341e-16
0
0
0
-5.08699e-17
-3.31543e-16
0
0
0
0
0
0
0
0
0
0
0
0
0
0
0
0
0
0
0
0
-5.76108e-17
0
0
0
0
0
0
0
0
0
0
0
0
0
0
-2.43629e-15
-4.01408e-16
0
0
0
0
0
-1.44845e-17
0
0
0
0
0
0
0
0
0
0
0
0
-9.40722e-16
0
1.13129e-14
0
0
0
0
0
0
0
0
0
0
0
0
0
0
0
0
0
0
0
0
-5.76602e-16
0
0
0
0
0
0
0
0
0
0
0
0
0
0
0
0
0
0
-1.20037e-16
1.08164e-16
0
0
7.09131e-17
-6.73454e-18
-2.43085e-16
0
0
0
0
0
0
0
0
0
0
0
0
0
0
-5.95812e-16
0
0
0
0
0
0
0
0
3.64337e-17
0
0
0
1.81323e-16
0
0
0
0
0
0
0
0
0
0
0
0
0
0
0
0
0
0
0
0
-2.88331e-17
0
0
0
0
0
0
0
0
0
0
0
0
0
0
0
0
0
0
0
0
0
0
0
0
0
-3.15149e-16
0
-1.79609e-15
0
-9.95446e-16
0
-1.60191e-15
-4.58213e-17
-1.55369e-15
0
0
0
0
0
0
0
0
0
0
0
0
0
0
0
0
-5.12931e-17
0
0
0
0
0
0
0
0
0
0
0
0
0
0
0
0
0
0
0
0
0
0
0
0
0
0
0
0
0
0
0
0
0
0
0
0
0
0
0
0
0
0
0
0
0
0
0
0
0
0
0
0
0
0
0
0
0
0
0
0
0
0
0
0
0
0
0
0
0
0
0
0
0
0
0
0
0
0
0
0
0
0
0
0
0
0
0
0
0
0
0
0
0
0
0
0
0
0
0
0
0
0
0
0
0
3.84564e-15
3.99316e-17
2.4293e-16
0
0
-9.12226e-16
-8.19238e-16
0
0
0
0
-7.42881e-15
1.04924e-14
0
0
0
0
0
0
0
0
0
0
0
0
0
0
0
0
0
0
0
0
0
0
0
0
0
0
0
0
0
0
-1.37411e-15
0
0
0
0
0
0
0
0
0
0
0
0
0
0
0
0
0
2.94983e-15
1.57951e-16
0
0
0
0
3.55367e-16
0
0
0
0
0
0
0
0
0
0
0
0
0
0
0
0
0
0
0
0
0
0
0
0
0
0
0
0
0
0
0
0
0
0
0
0
0
0
0
0
0
0
0
2.97468e-16
-1.08829e-16
0
0
0
0
0
0
0
0
0
0
0
0
0
0
0
0
0
0
0
0
0
0
0
0
0
0
0
0
6.34017e-16
5.89319e-15
0
0
0
0
0
0
0
0
0
0
0
0
0
0
3.82954e-16
-3.84482e-16
0
0
-6.95281e-16
0
0
0
0
0
0
0
0
0
0
0
0
0
0
0
0
0
0
0
0
0
0
0
0
0
0
0
0
0
0
0
0
0
0
0
0
0
0
0
0
-2.04289e-16
1.09349e-16
-1.19091e-16
0
0
0
0
0
0
0
1.45102e-16
-2.95311e-16
0
0
0
0
0
0
0
0
0
0
0
0
0
0
0
0
0
0
0
0
0
0
0
-2.27371e-16
7.95283e-17
0
0
0
0
0
0
0
0
0
0
0
0
0
0
2.4953e-16
2.37444e-15
0
0
0
0
0
0
0
0
0
0
0
0
0
0
0
0
0
-3.09583e-17
0
0
0
0
0
0
0
0
0
0
0
0
0
0
0
4.67708e-16
-3.77258e-16
0
0
0
0
0
0
0
0
0
0
0
0
0
0
0
0
0
0
0
0
0
0
0
0
0
1.29249e-16
1.07107e-15
-2.30343e-15
0
0
0
0
0
0
0
0
0
0
0
0
0
0
0
0
0
0
0
0
0
0
0
0
0
0
0
0
0
0
0
0
0
0
0
0
0
0
0
0
0
0
0
0
0
1.30299e-14
-2.58669e-16
0
0
0
0
0
0
0
-1.13271e-17
0
-1.59359e-16
0
0
0
0
0
0
-7.67521e-16
0
0
0
0
0
0
0
0
0
0
0
5.43485e-16
0
3.0044e-16
0
0
0
0
0
0
0
0
0
0
0
0
1.28349e-16
3.37556e-16
0
0
0
0
0
2.65919e-16
0
4.66428e-16
0
-5.85728e-16
0
0
0
0
0
0
0
0
0
0
0
0
0
0
0
0
0
0
0
0
0
0
0
0
0
0
0
0
0
0
0
0
0
0
0
0
0
0
0
0
0
0
0
0
0
0
0
-7.19163e-16
0
0
0
-1.89862e-16
1.58799e-16
0
0
0
0
0
0
0
0
0
0
0
0
0
0
0
0
0
0
0
0
0
0
0
0
0
0
0
3.15255e-16
-2.67864e-17
0
0
0
0
0
0
0
0
0
0
0
0
0
0
0
0
0
0
0
0
0
0
0
0
-3.64264e-17
2.38462e-17
0
0
0
0
0
0
0
0
0
0
0
0
0
0
0
0
0
0
-2.6136e-16
2.85957e-17
0
6.42067e-18
1.30628e-16
0
1.61559e-15
0
0
0
0
0
0
0
0
0
0
0
0
0
0
0
0
0
0
0
0
0
0
0
0
0
-8.98675e-17
5.38867e-17
0
0
0
0
0
0
0
1.99617e-15
0
0
0
0
0
0
0
0
0
0
0
0
0
0
0
0
0
0
0
0
0
1.31726e-16
0
-4.49487e-16
0
0
0
0
0
0
0
0
0
0
0
0
0
0
0
0
0
0
0
0
0
0
0
0
0
0
0
0
0
0
0
0
0
0
0
0
0
0
0
0
0
0
0
0
0
0
0
0
0
0
0
0
0
0
0
0
0
0
0
0
0
0
0
0
0
0
0
0
0
0
0
0
0
0
0
0
0
0
0
0
-7.59319e-17
3.59052e-16
0
0
0
0
0
0
0
0
0
0
0
0
0
0
0
0
5.43128e-17
-1.62329e-16
0
0
0
0
0
0
0
0
0
0
0
0
0
0
0
0
0
0
0
0
0
0
0
0
0
0
0
0
0
0
0
0
0
0
0
0
1.48685e-15
0
0
0
0
0
0
0
0
0
4.99732e-17
0
0
0
0
0
5.43686e-15
0
0
0
0
0
0
0
0
0
0
0
0
0
0
0
0
0
0
3.71694e-15
0
0
0
0
0
0
0
2.30485e-16
-2.71706e-15
0
0
0
0
0
0
-1.01257e-15
0
0
0
0
0
0
0
0
0
0
0
0
0
0
0
0
0
0
0
0
0
0
0
0
0
0
0
0
0
0
0
0
5.19157e-17
0
0
-8.85614e-16
0
0
-3.26889e-15
5.03047e-31
0
0
1.3703e-16
-2.30703e-16
-9.69841e-17
0
0
0
0
0
0
0
0
0
0
0
0
0
0
0
0
0
0
0
0
5.21272e-16
0
0
0
0
0
0
0
0
0
0
0
0
0
0
0
0
0
0
0
0
0
0
0
0
0
0
0
0
0
-7.78564e-16
0
0
0
0
0
4.1411e-13
8.64862e-09
0
0
0
0
0
0
0
0
0
0
0
0
0
0
0
0
0
0
-6.65497e-17
7.66941e-17
8.63034e-17
0
1.73855e-16
0
0
0
0
0
0
0
0
0
0
0
0
0
0
0
0
0
0
0
0
0
0
0
0
0
0
0
0
0
0
0
0
0
0
0
0
0
0
0
0
0
0
0
0
0
0
0
0
0
0
0
0
0
0
0
-1.54182e-16
0
0
0
0
0
0
0
0
0
0
0
0
0
0
0
0
3.28599e-15
-2.55114e-16
0
0
1.64967e-15
0
0
0
0
0
0
0
0
0
0
0
0
0
0
0
0
0
0
0
0
0
0
0
0
0
0
0
0
0
0
0
0
0
0
0
0
0
0
0
0
0
0
0
0
0
0
0
0
0
0
0
0
2.96953e-15
0
0
0
0
0
0
0
1.44507e-16
0
4.81517e-18
-1.38611e-17
0
0
-2.23956e-16
0
-4.21462e-17
0
0
0
0
0
0
0
0
0
0
0
0
0
0
0
0
0
0
0
0
0
0
0
3.03306e-16
-2.6788e-16
0
0
0
0
0
0
0
0
0
0
0
0
0
-4.55571e-17
0
0
0
0
1.12559e-18
0
0
0
0
0
0
0
1.01038e-17
0
-3.12271e-16
-1.19813e-16
0
0
0
0
0
0
0
0
0
0
0
0
0
0
0
0
0
0
0
0
0
0
0
0
0
0
0
0
0
0
1.22821e-16
0
0
0
0
0
0
0
0
0
0
0
0
0
0
0
0
0
0
0
0
0
0
0
0
0
0
0
0
0
0
0
0
0
0
0
0
0
0
0
0
0
0
0
0
0
0
0
-5.98786e-14
0
0
0
0
0
0
0
0
0
0
0
0
0
0
0
0
0
0
0
0
0
0
0
0
0
0
0
0
0
0
0
0
0
0
0
0
0
0
0
5.22562e-15
0
0
0
-3.0197e-16
0
0
0
0
0
0
0
0
0
0
0
0
0
0
0
0
0
0
0
0
0
0
0
0
0
0
0
0
0
0
0
0
0
0
0
0
0
0
0
0
0
5.61334e-16
-3.48458e-16
0
0
0
-9.40012e-16
0
0
0
0
0
0
0
0
0
0
0
0
0
0
0
0
0
0
0
0
0
1.66703e-19
0
0
0
0
0
0
0
0
0
0
0
0
0
0
0
9.16714e-17
-3.70505e-17
0
0
0
0
0
0
-7.25669e-17
0
0
0
0
0
0
0
0
0
0
0
0
0
0
0
0
0
0
0
0
0
0
0
0
0
0
0
0
0
0
0
0
0
0
0
0
0
6.38995e-18
1.41092e-16
0
0
0
0
0
0
0
0
0
0
0
0
0
0
0
0
0
0
0
0
0
0
0
0
0
0
0
0
0
0
8.68358e-17
-6.85044e-17
0
0
0
0
0
0
0
0
0
0
0
0
0
0
0
0
0
0
0
0
0
0
-3.82669e-16
0
0
0
0
0
0
0
0
0
0
0
0
0
0
0
0
0
0
0
0
0
0
0
0
0
0
0
0
0
0
0
0
0
0
0
0
0
0
0
-3.70176e-16
0
0
0
0
0
0
0
0
0
0
0
0
0
0
0
0
2.4638e-16
-1.07662e-16
0
0
0
0
0
0
3.64923e-16
1.73715e-16
0
0
0
0
0
0
6.56462e-17
0
-7.2542e-19
0
0
0
0
0
0
0
0
0
0
0
0
0
0
0
0
0
0
0
0
0
0
0
0
0
0
0
0
0
0
7.35028e-18
-2.68438e-16
-2.01554e-15
0
0
0
0
0
0
0
0
-2.42488e-16
3.62134e-16
0
0
0
0
0
0
0
0
0
0
0
2.59192e-16
0
-4.59333e-17
0
0
0
0
0
0
0
0
7.46316e-17
0
0
0
0
0
0
0
0
0
0
0
0
0
0
-1.40254e-17
1.90104e-18
0
0
0
0
0
0
0
0
0
0
0
0
0
0
0
0
0
0
0
0
0
0
-8.55392e-16
0
0
0
0
0
0
0
0
0
0
0
0
0
0
0
0
0
0
0
0
0
0
0
0
0
0
0
5.82007e-16
-2.30082e-16
0
0
0
0
0
0
0
0
0
0
0
0
0
0
0
0
0
0
0
0
0
0
0
0
0
0
0
0
0
0
0
0
0
0
0
0
0
0
0
0
0
-2.99392e-18
0
0
0
0
0
0
0
0
0
0
0
0
0
-3.46444e-14
0
0
0
0
0
0
0
0
0
0
0
0
0
0
0
0
1.43987e-15
6.2401e-32
0
0
0
0
0
0
2.70917e-16
0
0
0
0
0
0
0
0
0
0
0
0
0
0
0
-6.18179e-16
0
0
0
0
0
0
0
0
0
0
0
0
0
0
0
4.45251e-15
0
0
0
0
0
0
0
0
0
0
4.53612e-15
-1.78256e-15
0
0
0
0
0
0
0
0
0
0
0
0
0
0
0
0
0
0
0
0
0
0
0
0
0
0
0
0
0
0
0
0
0
0
0
0
0
0
0
0
0
0
0
0
0
0
1.13022e-16
1.94957e-15
-7.94895e-16
-2.68814e-16
0
0
0
0
0
0
0
0
0
0
0
0
0
0
0
0
0
0
0
0
0
0
0
0
0
0
0
0
0
0
0
0
0
0
0
0
0
0
0
0
0
0
0
0
0
0
0
0
0
0
0
0
0
0
0
0
0
0
0
0
0
0
0
0
-1.50315e-17
0
0
0
-1.26142e-16
0
1.28451e-16
0
0
0
0
0
0
0
0
0
0
0
0
0
2.0663e-16
0
0
-6.25424e-16
-1.29209e-15
0
0
0
-4.75625e-15
1.93764e-15
0
0
0
0
0
0
0
0
0
0
0
0
1.4025e-15
7.87388e-17
0
0
0
-2.1127e-15
0
0
0
0
0
0
-4.92455e-16
5.8876e-16
0
0
0
0
0
0
0
0
0
0
0
0
0
6.17119e-15
-3.95994e-15
0
0
0
0
0
0
0
0
0
0
0
0
0
0
0
-9.5162e-16
0
0
0
0
0
0
0
0
0
0
0
0
0
0
0
0
0
0
-5.49889e-16
3.79268e-15
0
0
0
0
0
5.77451e-15
-1.71918e-16
0
0
0
0
0
0
0
0
0
0
0
0
0
0
0
0
0
0
0
0
0
0
0
0
0
0
0
0
0
0
0
0
0
0
0
0
0
1.72035e-15
0
0
0
9.33286e-18
0
0
0
0
-1.89355e-13
-5.32513e-12
0
0
0
0
0
0
0
0
0
0
0
0
0
0
0
0
0
0
0
0
0
0
0
0
0
0
0
0
0
0
0
0
0
0
0
0
0
0
0
3.80472e-16
-6.85949e-17
0
0
-5.75343e-13
-2.2469e-12
0
0
0
0
0
0
0
0
0
0
0
0
0
0
0
0
0
0
0
0
0
0
0
0
0
0
0
0
0
0
0
0
0
0
0
0
0
0
0
0
0
0
0
0
0
0
4.46176e-16
0
0
0
0
0
0
0
0
0
0
0
0
0
0
6.76171e-16
0
0
0
0
0
0
0
0
0
0
0
0
0
-1.96686e-15
0
0
0
0
0
0
0
0
0
0
0
0
0
2.4986e-16
-2.31961e-16
0
0
0
0
0
0
0
0
0
0
0
-2.13242e-14
0
0
0
0
0
0
-1.04598e-15
1.55223e-15
0
0
0
0
0
0
0
0
0
0
0
0
0
0
0
0
0
0
0
0
0
0
0
0
0
0
8.84572e-17
-9.97319e-31
0
0
0
0
0
0
0
1.31145e-14
1.19043e-16
0
-1.35029e-16
-4.53188e-16
5.57807e-17
7.1169e-17
0
0
0
0
0
0
0
0
0
0
0
0
0
0
0
0
0
0
0
-5.91909e-17
-4.0986e-16
0
0
0
0
0
0
0
0
0
0
0
0
0
0
0
0
0
0
0
0
0
0
0
-5.95454e-16
-6.17767e-16
0
0
0
0
0
0
0
0
0
0
0
0
0
0
0
0
0
0
0
0
2.41189e-15
0
0
0
0
0
-6.65679e-17
0
0
0
0
0
0
0
0
0
0
0
0
0
0
-1.45007e-12
0
0
0
0
0
0
0
0
0
4.50778e-16
-5.01005e-17
-4.2945e-17
-5.17522e-18
0
0
0
0
0
0
0
0
0
0
0
0
0
0
0
0
0
0
0
0
0
0
0
3.52328e-16
-1.667e-16
0
0
0
0
0
0
0
0
0
0
0
0
0
0
0
-2.48208e-13
-1.79812e-19
-1.69528e-13
0
0
0
0
0
0
0
1.07987e-16
8.17556e-15
0
0
0
0
-7.90418e-18
-1.98533e-16
2.89895e-16
0
0
0
0
0
0
0
0
0
0
0
0
0
0
0
0
1.38949e-15
0
0
0
0
0
0
0
0
0
0
0
0
0
-5.21136e-17
6.49575e-17
2.19831e-15
0
0
0
0
0
0
0
0
0
0
0
9.45944e-17
0
0
0
0
0
0
0
0
0
0
0
0
0
0
0
0
0
1.80972e-16
0
0
0
0
0
0
0
0
0
0
0
0
0
1.48361e-15
0
0
-7.0811e-17
0
0
0
0
0
0
0
0
0
0
0
0
0
0
0
0
0
0
0
0
0
0
0
0
0
0
0
0
0
0
0
0
0
0
0
0
0
0
0
0
0
0
0
0
0
0
0
0
0
0
0
0
0
0
0
0
0
0
0
0
0
0
0
0
0
0
0
0
0
0
0
0
0
0
0
0
0
0
0
0
0
0
0
0
0
0
0
0
0
0
0
0
0
0
2.32721e-15
0
0
0
-9.8169e-19
0
0
0
0
0
0
0
0
0
-7.18515e-16
0
0
0
0
0
0
0
0
0
0
0
0
-1.37158e-18
0
0
0
0
0
0
0
0
0
0
0
0
0
0
6.86205e-17
0
0
0
0
0
0
0
5.67186e-13
0
0
0
0
0
0
0
0
0
0
0
0
7.69579e-15
-7.31936e-16
0
0
0
0
0
0
0
0
0
0
0
0
0
0
0
0
0
0
0
0
0
0
0
0
0
0
0
0
0
0
0
0
1.64374e-16
0
0
0
0
-3.17828e-16
0
0
0
0
0
0
1.99959e-15
0
0
0
0
0
0
0
0
0
0
0
0
0
0
0
0
0
0
0
0
0
0
0
0
0
0
0
0
0
0
0
0
0
0
0
0
0
0
0
0
0
0
0
0
0
0
0
0
0
0
0
0
0
0
0
0
0
0
0
0
0
0
0
0
0
0
0
0
0
0
-5.47402e-16
0
-4.18143e-15
1.43e-16
0
0
0
0
0
0
0
0
0
0
0
0
0
-4.51592e-16
1.04333e-14
0
0
0
0
0
0
0
0
0
0
0
0
0
0
0
0
0
0
0
0
0
0
0
0
0
0
0
-1.40456e-15
0
1.32469e-15
0
0
0
0
0
0
0
0
0
0
0
0
2.06714e-16
0
0
0
0
0
0
0
0
0
0
0
0
0
0
0
0
0
0
0
0
0
0
0
0
0
0
0
0
0
0
0
0
0
0
0
0
0
0
0
0
0
0
0
0
0
0
0
0
0
0
0
0
0
0
0
0
0
0
0
0
0
0
0
0
0
0
0
-5.22925e-15
6.05689e-17
1.25146e-14
0
0
0
0
0
0
0
0
0
0
0
0
0
-3.46032e-17
-5.84938e-33
0
0
0
0
0
0
0
0
0
0
0
0
2.77817e-15
0
0
0
0
0
0
0
0
0
0
0
0
0
0
0
0
0
0
0
0
0
0
0
0
-7.47143e-19
0
0
0
0
0
0
0
0
0
0
0
0
0
-1.57668e-14
0
4.72528e-16
0
0
0
0
0
0
0
0
0
0
0
0
0
0
0
0
0
0
0
0
0
0
0
0
0
0
0
0
0
0
0
0
0
0
0
0
0
0
0
0
0
0
0
0
0
0
1.47762e-16
-8.13424e-15
0
0
0
-8.92685e-17
2.01102e-16
0
0
0
0
0
0
0
0
0
0
0
0
0
0
0
0
0
0
0
-7.95516e-30
-9.69668e-16
-8.16364e-18
3.14233e-15
0
0
0
0
0
0
0
0
0
0
8.03094e-16
0
-1.23951e-17
0
0
0
0
0
0
0
0
0
0
0
0
0
0
0
0
0
-5.28976e-15
0
-2.66348e-16
0
0
0
0
0
0
0
0
0
0
0
0
0
0
0
0
0
0
-9.04762e-17
8.05186e-18
0
0
0
0
0
0
0
0
0
0
0
0
0
0
0
0
0
0
0
0
0
0
0
0
0
0
0
0
0
6.80047e-16
0
0
0
0
0
0
0
0
0
0
0
0
0
0
0
0
0
0
0
0
0
0
9.89311e-17
0
0
0
0
0
0
3.47717e-16
0
0
5.34174e-17
0
0
0
0
0
0
0
0
0
0
0
0
0
0
0
0
0
0
0
0
0
0
0
3.70907e-16
2.13753e-16
0
0
0
0
0
0
0
0
0
0
0
0
0
0
-4.37738e-15
0
0
0
0
0
0
6.88142e-17
0
0
0
0
0
0
0
0
0
0
0
0
0
0
0
0
0
0
0
0
0
8.9815e-17
0
0
0
0
0
0
0
0
0
0
0
0
0
0
-7.32598e-18
1.10717e-17
0
0
0
0
0
0
0
0
0
0
0
0
0
0
0
0
0
0
0
0
0
0
0
0
0
0
0
0
0
0
0
0
0
0
0
0
0
0
0
0
0
0
0
0
-1.60237e-16
0
0
0
0
0
0
0
0
0
0
0
0
0
0
0
0
0
0
0
0
0
0
0
0
0
0
0
0
0
0
0
0
0
0
1.65761e-16
7.70745e-17
0
0
0
0
0
0
0
0
0
0
0
0
0
0
0
0
0
0
0
0
0
0
0
0
0
0
0
0
0
0
0
0
0
0
0
0
0
0
0
0
0
0
0
0
0
0
0
0
0
0
0
0
0
0
0
0
0
0
0
0
0
-5.01097e-31
3.12704e-17
0
0
0
0
0
0
9.87313e-17
0
0
0
3.26893e-18
2.19459e-16
-4.29591e-18
0
0
0
0
0
0
0
0
0
0
0
0
0
0
0
0
0
0
0
0
0
0
0
0
0
0
0
0
0
0
0
0
0
0
0
0
0
0
0
0
0
0
0
0
0
0
0
0
0
0
0
0
0
0
0
0
0
0
0
0
0
0
0
0
0
0
0
0
0
0
0
0
0
0
0
0
0
0
0
0
0
0
0
0
0
0
-3.53283e-16
0
-8.2668e-15
0
0
0
0
0
0
0
0
0
0
1.90679e-15
0
0
0
2.71429e-17
0
0
0
0
0
0
0
0
0
0
0
0
0
0
0
0
0
0
0
0
0
0
0
1.00428e-16
-1.16054e-17
0
0
0
0
0
0
0
0
0
0
0
0
0
0
0
0
0
0
0
0
0
0
0
0
0
0
0
0
0
0
0
0
0
0
0
0
0
0
0
0
0
0
0
0
0
0
0
0
0
-8.11534e-16
0
0
0
0
0
0
0
0
0
0
0
0
0
0
0
0
0
0
0
0
0
0
0
0
0
0
0
0
0
0
0
0
0
0
0
0
0
0
0
0
0
0
0
0
0
0
0
0
0
0
0
0
0
0
0
0
2.03288e-16
0
0
0
0
0
0
0
0
0
0
0
0
0
0
0
0
0
0
0
-3.86316e-15
0
0
0
0
0
0
5.89681e-17
0
0
0
0
0
0
0
0
0
0
0
0
0
0
0
1.67397e-16
0
0
0
0
0
0
0
0
0
0
0
0
0
0
0
0
0
0
0
0
0
0
0
0
-2.04872e-15
0
0
0
0
0
0
0
0
0
0
0
0
0
0
0
0
0
0
0
0
0
0
0
0
0
0
1.75675e-17
9.24063e-16
0
0
0
0
0
0
0
0
0
0
0
0
0
0
0
0
0
0
-1.0763e-16
0
0
0
0
0
0
0
0
0
0
0
0
0
0
0
0
0
0
0
0
0
0
0
0
0
0
0
0
0
0
0
0
0
0
0
0
0
0
0
0
0
0
0
0
0
0
0
0
0
1.21425e-14
0
0
0
0
0
0
0
0
0
0
0
0
1.64862e-15
0
0
0
0
0
0
0
0
1.84831e-13
-6.03016e-13
0
-1.30547e-16
0
0
0
0
0
0
0
0
0
0
0
0
0
0
0
0
2.55352e-17
0
-1.46875e-14
0
0
0
0
0
0
0
0
0
0
0
0
0
0
0
0
0
0
0
0
0
0
0
0
0
0
0
0
0
0
0
0
0
0
0
0
0
0
0
0
0
0
-2.32418e-16
0
0
0
0
0
0
0
0
0
0
0
0
0
0
0
0
0
0
0
0
0
0
0
0
0
0
0
0
0
0
0
0
0
0
0
0
0
0
0
0
0
0
0
8.40823e-16
8.31168e-16
0
0
0
0
0
0
0
0
0
0
-1.16369e-16
0
0
0
0
0
0
0
0
0
0
0
0
0
0
0
0
0
0
0
0
0
0
0
0
0
0
0
0
0
0
0
0
0
0
0
0
0
0
0
0
0
0
0
0
0
0
0
0
0
0
0
3.39466e-15
0
0
0
-8.9589e-13
0
0
0
0
0
0
0
0
0
0
0
0
0
-1.34763e-16
0
0
0
0
0
0
0
0
-3.53653e-17
0
0
0
-1.04423e-15
0
0
0
0
0
0
0
0
0
0
0
0
0
0
0
0
0
0
0
0
0
0
0
0
0
0
0
0
0
0
0
0
0
0
0
0
0
0
0
1.74781e-16
0
0
0
0
0
0
0
0
0
0
0
0
0
0
-3.52491e-13
0
0
0
0
0
0
0
0
0
0
0
0
8.58649e-16
0
0
0
0
0
0
0
0
0
0
0
0
0
0
0
0
0
0
0
0
0
1.65973e-15
0
0
0
0
0
0
0
-1.45867e-17
7.49417e-18
0
0
0
0
0
0
0
0
0
0
0
0
0
0
0
0
0
-4.1797e-16
-8.12965e-17
0
-2.04603e-15
0
-4.56395e-17
8.14271e-16
0
0
0
0
0
0
0
0
0
0
0
0
0
0
0
0
0
0
0
0
0
0
0
0
0
0
0
0
0
0
0
0
0
0
0
0
0
0
0
0
0
0
0
0
0
0
0
-1.11209e-15
-1.78657e-15
0
0
0
0
0
0
0
0
0
0
0
0
0
0
0
-9.49646e-18
0
0
-4.03684e-17
-4.77639e-16
0
0
0
0
0
0
0
0
0
0
0
0
0
0
0
0
0
0
0
0
0
0
0
0
0
0
0
0
0
0
0
5.06422e-16
1.01329e-14
0
0
0
0
0
0
0
0
7.56964e-17
7.4604e-16
0
0
0
0
0
0
0
0
0
0
0
0
0
0
0
0
0
0
0
0
0
0
0
0
0
0
1.23723e-14
0
0
0
0
0
0
0
0
0
-2.19818e-15
0
0
0
0
0
0
0
0
0
0
0
0
0
0
0
0
0
0
0
0
0
0
0
0
0
0
0
0
0
0
0
0
0
0
0
0
0
0
0
0
1.58112e-15
0
0
0
0
0
0
0
0
0
0
0
0
0
0
0
0
0
0
0
0
0
0
0
0
0
-3.20419e-17
3.14645e-17
0
0
0
0
0
0
0
0
0
0
0
0
0
0
0
0
0
0
0
0
0
0
0
0
-1.79152e-15
0
0
0
0
0
0
0
0
0
0
0
0
0
0
0
0
0
0
0
0
0
0
0
-6.65466e-17
0
0
0
0
0
0
0
0
0
0
0
0
5.69006e-16
1.43537e-15
-2.61771e-16
0
0
0
0
0
0
0
0
0
0
0
0
0
0
0
0
0
0
0
0
0
0
0
0
0
0
0
0
0
0
0
0
0
0
0
0
0
0
0
0
0
0
0
0
0
0
0
0
0
0
0
0
0
0
0
0
0
0
1.63695e-16
-1.18442e-16
0
0
0
0
0
0
0
0
0
0
0
0
0
0
0
0
0
0
0
0
0
0
0
0
0
0
0
0
0
0
5.64407e-17
0
-1.49921e-16
0
0
0
0
0
0
0
0
0
0
0
0
0
0
0
0
-3.29147e-17
0
0
0
0
0
0
0
0
0
0
0
0
0
0
0
0
0
0
0
0
0
0
0
0
0
0
0
0
0
0
0
0
0
0
0
0
-4.76863e-14
0
-1.61749e-13
0
-1.75249e-14
6.71693e-16
0
0
0
0
0
0
0
0
0
0
0
0
0
0
0
0
0
0
0
0
0
0
0
0
0
-5.82363e-16
0
0
0
0
0
0
0
0
0
0
0
0
0
0
0
0
0
0
0
0
0
2.52446e-16
0
0
0
0
0
0
0
0
0
0
0
0
0
0
0
0
0
0
0
0
0
0
0
0
0
0
0
0
0
0
0
0
0
0
0
0
0
0
0
0
0
0
0
0
0
0
0
0
0
0
0
0
0
0
0
0
0
0
0
0
0
0
0
0
0
0
0
0
0
0
9.48825e-15
0
0
0
0
0
0
0
0
0
0
0
0
-9.54646e-17
-3.69526e-17
0
0
1.75061e-16
6.96409e-16
0
0
0
0
0
0
0
0
0
0
0
0
0
0
0
0
0
0
0
0
0
0
0
0
0
0
0
0
0
0
0
0
0
0
0
0
0
0
0
0
0
0
0
0
0
0
0
9.15991e-17
1.20266e-18
-2.61057e-17
0
0
0
0
0
0
0
0
0
0
0
0
0
0
0
0
0
0
0
0
0
0
0
0
0
0
0
0
0
0
0
0
0
0
0
0
0
0
0
0
0
0
2.22802e-17
0
0
0
0
0
-5.72412e-13
0
0
0
0
0
0
0
0
0
0
0
0
0
0
0
0
0
0
0
0
0
0
0
0
0
0
0
0
0
0
0
0
0
0
0
0
0
0
0
0
0
0
0
0
0
0
0
0
0
0
0
0
0
0
0
0
0
0
0
0
0
0
0
0
0
0
0
0
0
0
0
0
0
0
0
0
0
0
0
0
0
0
0
0
0
0
0
0
0
0
0
0
0
0
0
0
0
0
0
0
0
0
0
0
0
0
0
0
0
0
0
1.71232e-14
0
0
0
0
0
0
0
0
0
0
0
0
0
0
0
0
0
0
0
0
0
0
4.75036e-15
0
0
0
0
0
0
0
0
0
0
0
0
0
0
0
0
0
0
0
0
0
0
0
0
0
0
0
0
0
0
0
0
0
0
0
0
0
0
0
0
0
0
0
0
0
0
0
0
0
0
0
0
0
0
0
0
0
0
0
0
0
0
0
0
0
0
0
0
-7.02497e-17
0
0
0
0
0
0
0
0
0
0
0
0
0
0
0
0
0
0
0
0
0
0
0
0
0
0
-5.40767e-17
0
0
0
0
0
-2.00049e-30
0
0
0
0
0
0
0
0
0
0
0
-4.83751e-17
0
0
0
0
0
0
0
0
0
0
0
0
0
0
0
0
0
0
0
0
0
0
0
0
0
0
0
0
0
0
0
0
0
0
0
0
0
0
0
0
0
0
0
0
0
0
0
1.74029e-13
-6.891e-13
0
0
0
0
0
0
0
0
0
0
0
0
0
0
0
0
0
0
0
0
0
0
0
0
0
0
0
0
0
3.69683e-16
0
0
0
0
0
0
0
0
0
0
0
0
0
0
0
0
0
0
0
0
0
8.64574e-15
0
0
0
0
0
0
0
0
0
0
1.69475e-17
2.10227e-18
-2.49711e-16
0
0
0
0
0
0
0
0
0
0
0
0
0
0
0
0
0
0
0
0
0
-3.04659e-17
1.79233e-17
0
0
0
0
0
0
0
0
0
0
0
0
3.20786e-18
0
0
0
0
0
0
0
0
0
0
0
0
0
0
0
0
0
0
0
0
0
0
0
0
0
0
0
0
0
0
-1.30396e-15
0
0
0
0
0
0
0
0
0
0
0
0
0
0
0
0
0
0
0
0
0
0
0
0
0
0
0
0
0
0
0
0
0
0
0
0
0
0
0
0
0
0
0
0
0
0
0
0
0
0
0
0
0
0
6.01071e-17
0
0
0
0
0
0
0
0
0
0
0
0
0
0
0
0
0
0
0
0
0
0
0
0
0
0
0
0
0
0
0
0
0
0
0
0
0
0
0
0
0
0
0
0
0
0
0
0
0
3.35017e-17
0
0
0
0
0
0
0
0
0
0
0
0
0
0
0
0
0
0
0
0
0
0
1.09616e-15
2.45492e-16
0
0
3.48751e-18
0
0
0
0
0
0
0
0
0
0
-3.53137e-17
0
0
0
0
0
0
0
0
0
0
0
0
0
0
0
0
0
0
0
0
0
0
4.0471e-16
0
0
0
-1.15747e-16
0
0
0
0
0
0
0
0
0
0
0
0
0
0
2.10003e-16
0
-3.66618e-16
0
0
0
0
0
0
0
0
0
0
0
0
0
0
0
0
0
0
0
0
0
0
0
0
0
0
0
0
0
0
0
0
0
0
0
2.17216e-17
-3.42485e-17
0
-7.09295e-15
0
0
0
0
0
0
1.75824e-16
0
0
0
0
0
0
0
0
0
0
0
0
0
0
0
-9.9766e-17
2.26839e-16
0
0
0
0
0
0
0
0
0
0
0
0
0
0
0
0
0
0
0
0
0
0
0
0
0
2.99476e-17
-2.32797e-13
1.50491e-17
0
0
0
0
0
0
0
0
0
0
0
0
0
0
0
0
0
0
0
0
0
0
0
0
3.82162e-16
-7.75969e-13
0
0
0
0
0
3.67054e-16
0
0
2.52063e-16
0
0
0
0
0
0
0
2.65899e-16
0
-6.9888e-17
2.80305e-17
0
0
0
0
0
0
0
0
-2.67653e-16
0
0
0
0
0
0
-1.18052e-15
0
0
0
0
0
0
0
0
0
0
0
0
0
0
0
0
0
0
0
0
0
0
0
0
0
0
0
0
0
0
0
0
0
0
0
0
0
0
0
2.84053e-14
0
2.38194e-15
-9.3619e-15
0
0
0
0
0
0
0
0
0
0
0
0
0
0
0
0
0
0
0
0
0
0
0
0
0
0
0
0
0
0
0
0
0
0
0
0
0
0
0
0
0
0
0
0
0
0
0
0
0
-3.84119e-15
0
0
0
0
0
0
0
0
0
0
0
0
0
0
0
0
0
0
0
0
0
0
0
0
0
0
0
0
0
0
0
0
0
0
0
0
0
0
0
0
0
0
0
0
0
0
0
0
0
0
0
0
5.93898e-17
1.32631e-17
0
0
0
-3.93423e-18
-2.28934e-19
9.0587e-18
0
0
0
0
0
0
0
0
0
0
0
0
0
0
0
0
0
0
0
0
0
0
0
0
0
1.24152e-14
8.12058e-15
-4.97269e-18
0
0
0
0
0
0
0
0
0
0
0
9.33225e-16
-1.20437e-16
0
0
0
0
0
7.76518e-16
0
0
0
0
0
0
0
0
0
0
0
0
0
0
0
0
0
0
0
0
0
0
0
0
0
0
0
0
0
0
0
0
0
0
0
0
0
0
0
0
0
0
0
0
0
0
-4.00235e-15
0
0
0
0
0
0
0
0
0
0
0
0
0
0
0
0
0
0
0
0
0
0
0
0
0
0
0
0
0
0
0
0
0
0
-5.30401e-14
-6.24645e-13
0
0
0
0
0
0
0
0
0
0
0
0
0
0
0
0
0
0
0
0
0
0
0
0
0
0
0
0
0
0
0
-1.88928e-13
0
-2.31655e-13
-3.42659e-19
0
0
0
0
0
0
0
0
0
0
0
0
0
0
0
4.15944e-16
-3.4706e-19
0
0
0
0
0
0
0
0
0
0
0
0
0
-1.32376e-16
-2.41035e-16
0
0
0
0
0
0
0
0
0
0
0
0
0
0
0
0
0
0
0
0
0
0
0
0
0
0
0
0
-1.858e-13
-2.18945e-13
0
0
0
0
0
0
0
0
0
0
0
0
0
0
0
0
0
0
0
0
0
0
0
0
0
0
0
0
0
0
0
1.16574e-15
0
0
0
0
0
0
0
0
0
0
1.34258e-16
0
0
0
0
0
0
0
0
-1.51875e-18
0
0
0
0
0
0
0
0
0
0
0
0
0
0
0
0
0
0
-3.0464e-16
7.68615e-16
0
0
0
0
0
0
0
0
0
0
0
0
0
0
0
0
0
4.4816e-15
3.96701e-16
0
0
0
0
0
0
0
0
0
0
0
0
0
0
0
0
0
0
0
0
0
0
0
0
0
0
0
0
0
0
0
0
0
0
0
0
0
0
0
0
0
0
0
0
0
0
0
0
0
0
0
0
1.04542e-15
0
0
0
0
0
0
0
0
0
0
0
0
0
0
0
0
0
0
0
0
0
0
0
0
0
0
0
0
0
0
0
0
0
0
0
-7.29275e-15
1.26897e-14
0
0
0
0
0
0
0
0
-2.29598e-17
0
0
0
0
0
0
0
0
0
0
0
0
0
0
-5.6737e-17
0
0
0
0
0
0
0
0
0
0
0
0
0
0
0
0
0
0
0
0
0
0
0
0
0
0
0
0
0
0
0
0
0
0
0
0
0
0
0
0
0
0
0
0
0
0
0
0
0
0
0
0
0
0
0
0
0
0
0
0
0
0
0
0
0
0
0
0
-1.3788e-16
0
0
0
0
0
0
0
0
0
0
0
0
0
0
0
0
0
0
0
0
0
0
0
0
0
0
0
0
0
0
0
0
0
0
0
0
0
0
0
0
0
0
0
0
0
1.58589e-14
0
-3.48761e-14
0
0
0
-3.01218e-13
0
-2.00138e-13
7.21974e-16
-3.33186e-15
-3.97045e-13
-1.3004e-13
0
0
0
0
0
0
0
0
0
0
0
0
0
0
0
0
0
0
0
0
0
0
0
0
0
0
0
0
0
0
0
-1.25776e-17
0
0
0
0
0
0
0
0
0
0
0
0
0
0
0
0
0
0
0
0
0
0
0
0
0
0
0
0
0
0
0
0
0
0
0
0
0
0
0
0
0
0
0
0
0
0
0
0
0
0
0
0
0
0
0
0
0
0
0
0
0
0
0
0
0
0
0
6.73313e-16
0
0
0
0
0
0
0
0
0
0
0
0
0
0
0
0
0
-1.30175e-16
2.22316e-15
0
0
0
0
0
0
0
0
0
0
0
0
0
0
0
0
-1.91302e-16
0
0
0
0
0
0
0
0
0
0
0
0
0
-1.3289e-13
0
0
0
0
0
0
0
-4.94756e-15
0
0
0
0
0
0
0
0
0
0
0
-2.24669e-19
0
0
0
0
0
0
0
0
0
0
0
0
0
0
0
0
0
0
0
0
0
0
0
0
0
0
0
0
0
0
-1.52327e-13
0
0
-1.90018e-15
0
1.10911e-17
3.81434e-19
0
0
0
0
0
0
0
0
0
0
0
0
0
0
0
0
0
0
0
0
0
0
0
0
0
0
0
0
0
0
0
0
0
0
0
0
0
0
0
0
0
0
0
0
0
0
0
0
0
0
0
0
0
0
0
0
0
2.02427e-15
0
0
0
3.44328e-15
2.89564e-15
0
0
-1.67201e-18
0
0
0
0
0
0
0
0
-1.01192e-15
0
0
0
0
0
0
0
0
0
0
0
0
0
0
0
0
-3.40068e-17
0
0
0
0
0
0
0
0
0
0
0
0
0
0
0
0
0
0
0
0
0
0
0
0
0
0
0
0
0
-2.06462e-19
0
0
0
0
0
0
0
0
0
0
0
0
0
0
0
0
0
0
0
0
0
0
0
0
0
0
0
0
-3.41853e-16
2.90143e-17
0
0
0
0
0
0
0
0
0
0
1.69279e-18
0
0
0
0
0
0
0
0
0
0
0
0
0
0
0
0
-1.30314e-16
0
0
0
0
0
0
0
-2.50061e-31
0
0
0
0
0
0
0
0
0
0
0
0
0
0
0
0
0
0
0
0
0
0
0
0
4.46003e-16
-2.9841e-16
0
0
0
0
0
0
0
-4.31382e-15
-1.49218e-16
0
0
0
0
0
0
0
0
0
0
0
0
0
0
0
0
0
0
0
0
0
0
0
0
0
0
0
0
0
0
0
0
0
0
0
0
0
0
0
0
0
0
0
0
0
0
0
0
0
0
0
0
0
0
1.45991e-17
0
0
0
0
0
0
4.51071e-17
0
0
0
0
0
0
2.91602e-15
0
-4.7771e-16
0
0
0
0
0
0
0
0
0
0
0
0
1.06238e-14
0
0
0
0
0
0
0
0
0
0
0
0
0
0
0
0
0
0
0
0
0
0
0
0
0
0
0
0
0
0
0
0
0
0
0
0
0
0
0
0
0
0
0
0
0
0
0
8.16183e-17
0
-5.22694e-17
0
-4.51209e-14
-6.70879e-15
0
0
0
0
0
3.99941e-16
1.61516e-15
0
0
0
0
0
0
0
0
0
0
0
0
0
0
0
0
0
0
0
0
0
0
0
0
0
0
0
0
0
-9.23246e-15
7.17548e-16
0
-1.50748e-14
-3.79378e-16
0
0
0
0
0
0
0
0
0
0
0
0
0
0
0
0
0
0
0
-9.28438e-16
0
0
0
0
0
0
0
0
0
0
0
0
0
0
0
0
0
0
0
0
0
0
0
0
0
0
0
0
0
0
0
0
0
0
0
0
0
0
0
0
0
0
0
0
5.32294e-16
4.77137e-15
0
0
0
0
0
0
0
0
0
0
0
0
0
-1.51949e-14
0
0
0
0
0
0
0
0
3.95346e-17
0
0
0
0
0
0
0
0
0
0
0
0
0
0
8.4329e-17
0
0
0
0
0
0
0
2.07466e-17
0
0
0
0
0
0
0
0
0
-2.28797e-16
1.07528e-16
0
0
0
0
0
0
0
0
0
0
-1.32524e-15
3.04556e-16
0
0
-2.30134e-15
0
0
0
0
0
0
0
0
0
0
0
0
0
0
0
0
0
0
0
0
0
0
0
0
0
0
0
-7.17488e-15
-7.72937e-15
0
0
0
0
0
0
-1.67074e-16
-9.55332e-17
0
0
0
0
0
0
0
0
0
0
0
-1.05773e-12
0
0
0
0
0
0
0
0
0
0
0
0
0
0
0
0
0
0
0
0
0
0
0
0
0
0
0
0
0
0
0
-1.1694e-15
0
0
0
0
0
0
-2.21162e-12
0
0
0
-1.39362e-14
0
0
0
0
0
0
0
0
0
0
0
0
0
0
0
0
0
0
0
0
0
0
0
0
9.98781e-31
0
0
0
0
0
0
0
0
4.31011e-16
0
0
0
0
0
0
0
0
0
0
0
0
0
0
0
0
0
0
0
0
0
0
0
0
0
0
0
0
0
2.18364e-16
0
0
0
0
0
0
0
8.97855e-17
-2.0483e-16
0
0
0
0
0
0
0
0
0
0
0
0
1.24195e-16
0
0
0
0
0
0
0
0
0
0
0
0
0
0
0
0
0
0
0
0
0
0
-2.01122e-15
0
0
0
-1.72693e-16
0
0
0
0
0
0
0
0
0
0
0
0
0
0
0
0
0
0
0
0
0
0
0
0
0
0
2.66922e-16
0
0
0
0
0
0
0
0
0
0
0
0
0
0
0
0
-8.05117e-18
0
0
-1.5208e-12
0
0
0
0
0
0
0
0
0
0
0
0
0
0
0
0
0
2.96732e-16
0
0
0
0
0
0
0
0
0
0
0
0
0
0
0
0
0
0
0
0
0
0
0
0
0
0
0
0
0
0
0
-1.28966e-17
0
0
0
0
1.40374e-14
0
0
-1.24736e-08
-2.10085e-08
1.32099e-08
2.30979e-09
1.75415e-08
1.36338e-09
2.07455e-08
1.54478e-09
3.89459e-08
1.09557e-08
3.39744e-08
1.94609e-08
-1.34767e-08
-4.8525e-09
-1.46067e-08
-1.87216e-10
2.58191e-09
-8.46476e-09
-7.68784e-09
5.32015e-09
-1.97244e-08
-1.09982e-08
-1.85133e-08
-9.45078e-09
-1.67766e-08
-7.73992e-09
-1.7625e-08
-3.34052e-09
-1.14687e-08
-6.24019e-10
-1.07545e-08
-5.21688e-09
5.62847e-09
7.40033e-09
-4.3743e-09
9.67716e-09
-3.18985e-09
1.08095e-08
-1.47038e-09
-1.51495e-11
2.13079e-08
3.77337e-09
2.12232e-08
6.67204e-09
2.28937e-08
8.45707e-09
2.39252e-08
1.01981e-08
1.17332e-08
2.583e-08
3.27608e-08
8.17034e-09
1.11306e-08
3.25872e-08
1.27786e-08
3.43969e-08
0
0
0
0
0
0
0
0
0
0
0
0
0
0
0
0
0
0
0
0
0
0
0
0
0
0
0
0
0
0
0
0
0
-5.78443e-12
0
0
0
0
0
0
0
0
0
0
-2.4205e-16
0
0
0
0
0
0
0
0
0
0
0
0
0
0
0
0
0
0
0
0
0
0
0
0
0
0
0
0
0
0
0
0
0
0
0
0
0
0
0
0
0
0
1.06116e-15
0
-3.92251e-16
0
0
0
0
0
0
0
0
0
0
0
0
0
0
0
0
0
0
0
0
0
0
0
0
0
0
0
0
0
0
0
0
0
0
0
0
0
0
0
0
0
0
0
0
0
0
0
0
0
0
0
0
0
0
0
-5.14971e-09
7.46463e-09
6.24344e-09
-5.1729e-09
-3.46665e-09
9.29701e-09
0
0
0
0
0
-8.37582e-09
1.76427e-09
0
-2.71526e-10
8.96592e-09
0
0
0
0
0
0
0
0
0
-7.62512e-10
-1.06519e-08
-1.91965e-09
-1.22503e-08
0
0
0
0
-5.0864e-17
4.37294e-17
0
0
0
0
0
0
0
0
3.68958e-15
1.32862e-17
-4.26047e-09
-1.33683e-08
0
0
0
0
0
0
0
1.76642e-09
1.30559e-08
1.29557e-08
4.78361e-10
0
0
0
0
-3.07448e-09
-1.72713e-08
5.2788e-16
0
0
0
0
0
1.98586e-15
0
0
0
0
0
0
0
0
0
0
0
0
0
0
0
0
0
0
0
4.37383e-09
1.39375e-08
0
0
0
0
0
0
0
0
-9.19998e-09
-1.80736e-08
0
0
0
0
0
0
0
-1.07468e-08
-1.92809e-08
-1.94722e-08
-9.15535e-09
0
0
0
2.43473e-09
1.92276e-08
0
0
0
0
1.65117e-08
-3.85389e-10
0
0
6.46507e-09
1.80518e-08
0
0
0
0
-1.75357e-16
8.54609e-17
0
0
0
0
0
0
0
0
-2.01781e-08
-1.12275e-08
0
-2.34858e-15
1.97405e-16
0
0
0
0
0
0
0
0
0
0
0
0
0
0
6.0325e-09
2.11702e-08
0
0
0
0
-1.21738e-08
-6.01717e-10
0
8.27264e-09
2.2386e-08
0
0
0
0
0
0
0
0
4.86381e-09
-6.02395e-09
-2.12013e-08
2.28515e-08
9.20111e-09
9.39705e-09
2.40229e-08
-6.32134e-09
7.98012e-09
-3.45511e-09
8.59699e-09
2.43403e-08
1.04621e-08
0
0
0
0
0
0
0
0
0
0
0
0
0
0
0
0
0
0
0
-9.11385e-09
1.84094e-09
0
-8.67342e-10
8.7679e-09
3.34069e-09
-7.86306e-09
0
0
0
0
0
0
-1.42542e-09
-9.32845e-09
0
0
1.0887e-08
-1.74222e-10
-1.55004e-09
-1.19302e-08
0
0
0
0
0
0
2.62715e-08
1.19827e-08
-2.57246e-17
0
0
0
0
0
0
-5.19101e-09
-1.17806e-08
0
0
0
0
0
0
0
0
0
1.73504e-15
0
7.2007e-10
1.33885e-08
0
0
-5.67228e-09
-1.40461e-08
0
0
0
0
0
0
0
0
0
-1.01616e-08
-1.30587e-08
0
0
0
1.25328e-08
2.77842e-08
0
-8.3355e-09
-1.75596e-08
0
6.00994e-09
1.43825e-08
0
0
0
0
0
0
0
4.45096e-08
4.10054e-08
-4.07845e-08
-4.38701e-08
4.69468e-08
4.72897e-08
-5.25121e-08
-5.32642e-08
5.0833e-08
0
0
0
0
0
0
0
0
0
0
0
0
0
0
-9.94394e-31
0
0
0
0
0
0
0
0
0
0
0
0
0
4.43879e-09
1.31993e-08
0
0
0
0
0
0
0
0
0
0
0
0
0
0
0
-8.70943e-09
-1.78754e-08
0
0
0
0
1.62372e-15
0
0
0
0
0
0
-9.57533e-09
-1.97459e-08
0
0
0
0
0
0
0
0
0
0
0
0
5.36536e-09
1.56829e-08
0
0
0
1.00128e-08
1.38824e-08
0
0
0
0
0
0
0
0
0
0
0
0
0
0
0
1.2548e-15
0
0
-2.18606e-08
-1.02056e-08
0
0
0
0
0
0
0
0
0
0
0
0
0
-1.2077e-08
-2.27742e-08
8.69725e-09
1.79107e-08
0
0
0
0
1.30695e-08
2.65675e-08
0
0
0
0
0
0
0
3.33617e-08
1.10436e-08
0
0
0
0
0
0
0
0
0
0
1.0943e-15
0
0
0
0
0
0
6.79953e-09
2.31496e-08
0
0
0
0
0
0
0
0
0
0
0
-3.85498e-16
0
0
0
0
0
-1.47832e-08
-2.07657e-08
2.3344e-08
9.38749e-09
0
2.53774e-08
1.01067e-08
0
0
0
0
0
0
0
0
0
0
0
0
0
0
0
0
0
0
0
0
0
0
0
0
0
0
0
0
8.41245e-16
-2.32568e-14
-1.34553e-14
0
0
0
0
0
-3.42967e-15
0
-1.25473e-12
0
0
0
0
0
0
0
0
0
0
0
0
0
0
0
0
0
0
0
0
0
0
0
2.5604e-15
0
0
0
0
0
0
0
0
0
0
0
-5.23253e-15
0
0
0
0
0
0
-1.50682e-13
0
0
0
0
0
0
0
-3.21539e-17
9.22102e-18
0
0
0
0
0
0
0
0
0
0
0
0
0
0
0
0
0
0
0
0
0
0
0
-7.88246e-13
0
0
0
2.65516e-08
1.23879e-08
0
0
0
0
0
0
0
0
0
0
0
0
0
0
0
0
0
0
0
0
0
0
0
0
0
0
0
0
0
0
0
0
0
0
0
0
0
0
1.60875e-15
0
0
0
0
0
0
0
0
0
-3.99052e-16
0
0
0
0
0
3.43096e-08
1.35636e-08
1.74855e-08
3.18068e-08
0
0
0
0
0
0
0
2.61598e-16
0
0
0
0
0
0
0
0
0
0
-4.02437e-30
0
0
0
0
0
0
0
0
0
0
0
0
0
0
0
0
0
0
1.21351e-15
0
0
0
0
0
0
0
0
0
0
0
0
0
0
0
0
0
0
0
0
0
0
5.23305e-17
2.86261e-17
0
0
0
0
0
0
0
0
0
0
0
0
0
0
0
0
5.36072e-17
0
0
2.03033e-08
3.24572e-08
0
0
0
0
0
8.07467e-15
0
0
0
0
0
0
0
0
0
0
0
0
0
0
0
0
0
0
0
0
0
0
0
0
0
0
0
0
0
0
0
0
0
0
0
0
0
0
0
0
0
0
0
0
0
0
0
0
0
0
0
0
0
0
0
0
0
1.06416e-17
0
0
0
0
0
0
0
0
-4.87342e-16
-1.82078e-15
0
0
0
0
0
0
0
0
0
0
0
0
0
0
0
0
0
0
0
0
0
0
0
0
0
0
0
0
1.56739e-08
2.67524e-08
-1.57741e-15
0
0
0
0
0
0
0
0
0
0
0
0
0
0
0
0
0
0
0
0
0
0
0
0
0
0
0
0
0
0
0
0
0
0
0
0
0
0
0
5.99345e-16
0
0
0
0
0
7.04331e-15
1.60249e-14
0
0
0
0
0
0
0
0
0
0
0
0
0
0
0
0
0
0
0
0
0
0
0
0
0
0
0
0
0
0
0
0
0
0
0
0
0
0
0
0
0
0
0
0
0
0
0
-3.16543e-13
-5.78661e-14
0
0
0
0
0
0
0
3.13092e-08
1.45137e-08
0
0
0
0
0
0
0
0
0
0
0
0
1.89703e-13
1.70502e-13
0
0
0
0
0
5.8567e-18
0
0
0
0
0
0
0
-1.80211e-17
0
0
0
0
0
0
0
0
0
0
0
0
0
0
0
0
0
0
0
0
0
0
0
0
0
0
0
0
0
0
0
0
0
0
0
0
0
0
0
7.10781e-15
0
0
0
0
0
0
3.7241e-31
0
0
0
0
0
0
0
0
0
0
0
0
0
0
0
0
0
0
0
2.33397e-17
3.8703e-17
0
3.31368e-16
0
0
0
0
0
0
0
0
0
0
0
0
0
0
0
0
0
0
0
0
0
0
0
0
0
0
0
0
0
0
0
0
0
0
0
0
0
0
0
0
0
0
0
0
0
0
0
0
0
0
0
0
0
0
0
0
0
0
0
0
0
0
4.88016e-08
-4.50414e-08
3.53109e-08
1.88007e-08
0
0
0
0
0
0
0
0
0
0
0
0
2.09952e-19
1.34072e-17
0
0
0
3.15631e-08
1.356e-08
-9.50991e-16
0
0
0
0
0
0
0
0
0
0
0
0
0
0
0
0
0
0
0
0
0
0
0
0
0
0
0
0
0
0
0
0
0
0
0
0
0
0
0
0
0
0
0
0
0
0
-1.31612e-16
0
0
0
0
0
0
0
0
0
0
0
0
0
0
0
0
0
0
0
0
0
0
0
0
0
0
2.78883e-15
0
0
0
0
0
0
0
0
0
0
-1.39507e-17
1.36873e-17
0
0
0
0
4.98393e-16
0
0
0
0
0
0
0
0
0
0
0
0
0
0
0
0
1.61944e-15
0
0
0
0
0
0
0
1.06051e-15
0
0
-8.50258e-17
0
0
0
0
0
0
0
0
0
0
0
0
0
0
0
0
0
0
0
0
5.33739e-08
-5.51657e-08
-5.53833e-08
5.49357e-08
0
0
0
0
-4.46719e-08
4.70737e-08
3.11248e-16
0
0
0
0
0
0
0
0
0
0
0
0
0
0
0
0
0
0
0
0
0
0
0
0
0
0
0
0
0
0
0
0
0
0
0
3.59934e-16
6.10522e-16
0
0
0
0
0
7.05135e-17
-3.07198e-18
0
0
0
0
0
0
0
0
-2.41918e-18
0
0
0
0
0
0
0
0
0
0
0
0
2.61834e-16
0
0
0
0
0
0
0
0
2.06308e-15
0
0
0
0
0
0
-5.1405e-08
4.83165e-08
0
0
0
0
0
0
0
-1.12656e-14
0
0
0
0
0
0
0
0
0
0
0
0
0
0
1.29865e-14
0
0
0
0
0
0
2.0649e-08
3.07387e-08
0
0
0
0
0
0
0
0
0
0
0
0
0
0
0
0
0
0
0
0
0
0
0
0
0
0
0
1.71679e-14
0
0
0
0
0
0
0
0
0
0
0
0
-2.95188e-13
4.83113e-14
0
0
0
0
0
0
0
0
-2.41721e-17
0
-4.37875e-15
0
0
0
0
0
0
0
0
0
0
0
0
0
0
0
0
0
0
0
0
0
0
0
0
0
0
0
0
0
0
0
0
0
0
0
0
0
0
-8.35608e-15
-6.80108e-17
0
0
0
0
0
0
0
0
0
0
0
0
0
0
3.23147e-08
1.62786e-08
0
0
0
0
0
0
0
0
0
0
0
0
1.0505e-15
0
0
-6.57466e-14
-1.92279e-13
-1.27789e-08
-6.27952e-09
-1.61599e-14
0
0
0
0
0
0
0
0
0
0
0
-6.06684e-16
-1.37494e-14
0
1.00891e-14
0
0
0
0
0
0
0
0
0
0
0
0
0
0
0
0
0
0
0
0
0
0
0
0
-1.69961e-14
0
0
0
0
0
1.74202e-16
0
0
0
-1.3861e-15
0
0
0
0
0
3.59897e-18
0
0
0
0
0
0
0
0
0
-5.65449e-14
0
0
0
0
0
0
0
0
0
0
0
0
0
0
0
0
0
0
0
-8.83195e-15
0
0
0
0
0
0
0
0
0
0
0
0
0
0
0
0
1.85462e-08
3.35051e-08
0
0
0
-7.31591e-18
0
0
-1.86618e-08
-1.5558e-08
0
0
0
0
1.91755e-16
-7.20971e-17
2.33174e-16
0
0
0
0
0
0
0
0
0
0
0
0
0
0
0
0
0
0
0
0
0
0
0
0
0
0
0
0
0
-7.73311e-18
0
0
0
0
-4.12544e-17
0
0
0
0
0
0
0
0
0
0
-2.6182e-16
0
0
0
0
0
0
0
0
0
0
0
0
0
0
0
0
0
0
0
0
0
0
0
0
0
0
0
0
0
0
0
0
0
0
0
0
0
0
0
0
0
0
0
0
0
-6.44377e-16
2.6884e-16
0
0
0
0
0
-4.6537e-08
5.09656e-08
0
0
0
0
0
0
0
0
4.97511e-15
0
0
0
0
0
0
0
0
0
0
0
0
0
0
0
0
0
0
0
1.13215e-15
4.17558e-15
2.17148e-16
0
0
0
0
0
0
0
0
2.78091e-16
-8.45784e-17
0
0
0
0
0
0
0
0
0
0
0
0
0
0
0
0
0
0
0
0
0
0
0
0
0
0
0
0
0
0
0
0
0
0
0
0
0
0
0
0
0
0
0
0
0
0
0
0
0
0
0
0
0
0
0
0
0
0
0
0
0
0
0
0
0
0
0
0
0
0
0
0
0
0
0
0
0
0
0
0
0
0
0
0
0
0
0
0
0
0
0
0
0
0
0
0
0
0
0
0
0
0
0
0
0
0
0
0
0
0
0
0
0
0
0
0
0
0
0
0
0
0
0
0
0
0
0
5.2598e-17
4.77052e-16
3.74255e-16
9.80017e-17
0
0
0
0
0
0
0
0
0
0
0
0
0
0
0
0
0
0
0
0
0
0
0
0
0
0
0
0
0
0
0
0
0
0
0
0
0
0
0
-4.33743e-17
0
-1.73887e-16
3.19928e-19
-5.43636e-17
0
-1.96875e-17
0
-1.61701e-16
-2.78421e-16
-6.13099e-16
-4.65234e-16
-1.69654e-15
0
0
0
0
0
0
0
0
0
0
0
0
0
0
0
0
0
0
0
0
0
0
0
0
0
0
0
2.4013e-17
0
0
0
0
0
1.6319e-15
0
0
0
0
0
0
3.0755e-17
0
0
0
0
0
0
0
0
0
0
0
0
0
0
0
0
1.38977e-17
-2.2813e-16
0
0
0
0
0
0
0
0
0
0
1.17516e-14
0
0
0
0
0
0
0
0
0
0
0
0
0
0
0
0
0
0
0
0
0
0
0
0
0
0
0
0
0
0
0
0
0
0
0
0
0
0
0
0
0
0
0
0
0
-7.06188e-16
-7.90026e-16
0
0
0
0
0
0
0
0
0
0
0
0
0
0
0
0
0
-2.23332e-15
7.35965e-14
0
0
0
0
0
0
1.56243e-16
0
0
0
0
0
0
6.34783e-13
7.40564e-13
8.75532e-13
0
0
0
0
0
0
0
0
0
8.46917e-13
0
0
0
0
-4.23192e-18
4.5196e-18
0
0
0
0
0
0
0
0
0
0
0
0
0
0
0
0
0
0
1.06991e-12
0
0
0
0
0
0
0
0
0
0
0
6.69948e-13
0
0
0
0
0
0
0
5.88837e-13
0
0
0
0
0
0
0
0
8.04961e-16
0
-6.78067e-17
0
0
6.27261e-16
8.8142e-16
-2.99488e-30
0
0
0
0
-8.62354e-16
0
5.07088e-17
0
0
0
0
4.82189e-08
-4.92996e-08
0
0
6.58022e-13
0
0
8.54883e-13
0
0
0
0
8.78373e-13
8.49867e-13
0
0
0
0
0
0
0
0
0
0
0
-5.11377e-08
5.29207e-08
0
0
0
5.08229e-13
0
0
0
0
0
0
0
0
0
0
0
0
0
0
9.06737e-13
0
0
0
0
0
0
0
0
0
0
0
0
0
0
0
0
0
0
0
-4.19813e-16
0
0
0
5.57994e-13
3.53614e-08
1.94461e-08
1.36091e-17
0
0
0
0
0
0
0
0
0
0
0
0
0
0
5.16204e-13
0
0
0
2.39892e-16
0
1.31922e-15
0
0
0
0
0
0
0
0
0
-3.33925e-17
5.2077e-17
0
0
0
0
0
0
0
0
0
0
0
0
0
0
6.17525e-14
-8.62374e-13
0
0
0
0
0
0
0
0
0
0
0
0
0
0
0
0
0
0
0
0
0
0
0
0
-1.5536e-16
1.32082e-08
3.32841e-08
0
0
0
0
0
8.18588e-16
0
0
5.73999e-16
0
0
0
0
0
0
0
0
0
0
0
0
0
0
0
0
0
0
0
0
0
0
0
0
0
0
0
0
0
0
0
0
0
0
0
0
0
0
0
0
0
-4.65318e-08
4.28194e-08
0
0
0
2.58199e-13
0
0
0
0
0
0
0
0
0
0
0
0
0
0
0
0
0
0
0
0
0
0
0
0
0
0
0
0
0
0
0
0
0
0
0
0
0
8.21622e-13
0
0
0
0
0
0
0
0
0
0
8.24621e-13
0
0
0
0
0
0
0
0
0
0
0
0
0
0
0
0
0
0
0
0
0
0
0
0
0
0
0
0
4.5689e-16
-6.51611e-13
0
0
0
0
0
0
0
9.00499e-13
0
0
0
8.33586e-13
0
0
0
0
0
0
0
0
0
0
0
0
0
0
0
0
0
0
-3.95518e-16
0
0
1.14552e-12
0
0
0
0
0
0
0
4.40376e-16
0
0
0
0
0
0
0
6.16465e-13
6.29479e-13
0
0
0
0
0
0
0
0
0
0
9.69294e-17
0
0
0
0
-1.3524e-13
0
0
0
0
0
0
0
0
0
0
0
0
0
-2.35584e-15
0
-2.73208e-16
0
0
0
0
0
0
-1.06213e-15
-6.22549e-16
0
0
0
0
0
0
0
0
0
0
0
0
0
0
0
0
0
0
0
0
0
0
0
0
0
0
0
0
0
0
0
0
0
0
0
0
0
0
0
0
0
0
0
0
0
0
0
0
0
0
0
0
0
0
0
0
-8.03547e-18
0
0
6.77462e-13
0
0
0
0
-9.13075e-13
0
0
0
0
0
0
0
0
0
0
0
7.63225e-13
7.78188e-13
0
0
0
0
0
0
0
0
0
0
0
0
0
0
0
0
0
0
0
0
0
0
0
0
0
5.8027e-13
0
0
0
0
0
0
0
-1.4097e-16
0
0
0
0
0
0
0
0
0
0
0
0
0
0
0
0
0
0
0
0
0
0
0
-2.11613e-15
-1.7896e-13
0
0
0
0
0
0
0
0
8.46381e-16
0
0
8.06338e-13
0
0
0
0
0
0
0
0
0
0
0
0
0
0
0
0
0
0
0
0
0
0
0
0
-1.20091e-17
0
0
0
0
0
0
8.61342e-13
0
0
0
0
0
0
0
0
0
0
1.491e-12
0
0
0
0
0
0
0
0
4.07404e-13
0
0
0
0
0
0
0
-1.10236e-16
0
0
0
0
0
0
0
0
0
0
0
0
0
0
0
0
5.00302e-09
-6.80533e-09
0
5.65214e-13
5.52243e-13
5.26182e-13
0
0
9.99612e-13
0
1.03694e-15
-3.30932e-15
0
0
0
0
0
1.13887e-12
0
0
0
0
0
0
0
0
0
0
0
0
0
0
0
0
0
0
0
0
0
0
0
0
0
0
0
0
0
0
6.95041e-16
0
0
0
0
0
0
0
0
0
0
0
0
0
0
0
0
0
-8.46325e-16
0
0
0
0
0
0
0
0
0
0
0
0
0
0
0
-7.26787e-13
0
-1.4243e-12
0
-1.57981e-15
9.54425e-16
3.13893e-16
0
0
0
0
0
-1.58103e-15
0
0
0
1.8412e-15
0
0
0
0
0
0
0
0
0
0
0
0
7.88444e-13
0
0
0
0
2.60584e-16
-2.47276e-15
4.17032e-13
0
0
0
0
0
0
0
0
0
0
0
0
0
2.23444e-17
0
0
-1.61462e-16
7.13363e-16
0
0
0
0
8.75763e-18
-2.22952e-17
0
1.80447e-16
0
0
0
0
0
-3.49949e-15
-5.79518e-15
0
0
0
0
0
0
2.3831e-15
0
0
0
0
0
0
0
0
0
0
0
0
0
0
0
0
0
-7.76597e-14
3.06893e-14
0
0
0
0
0
0
0
0
0
0
0
0
0
0
0
0
0
0
0
0
0
0
0
0
0
0
0
0
0
0
0
0
0
0
0
0
0
0
0
0
4.96572e-13
2.45479e-15
0
0
0
0
0
0
0
0
0
0
0
0
0
0
0
0
0
0
0
0
0
0
0
0
0
0
0
0
0
0
0
0
0
0
0
0
0
0
0
0
0
0
0
0
0
0
0
0
0
0
0
1.65881e-13
2.05104e-13
-1.79495e-15
0
0
0
0
4.99833e-16
0
0
0
0
1.20908e-17
1.35931e-16
0
-6.8768e-15
0
0
0
0
0
0
0
0
0
0
0
0
0
0
0
0
0
0
0
0
0
0
0
0
0
0
0
0
0
-4.80623e-14
0
0
0
0
0
0
0
0
-3.46149e-17
1.95376e-13
3.43204e-13
0
0
0
0
0
0
0
0
0
0
0
5.60498e-12
0
0
0
0
0
0
0
0
0
0
0
-5.62733e-13
0
0
0
0
1.04871e-08
-4.72978e-10
0
0
0
0
2.89716e-13
0
0
0
0
0
0
0
0
0
0
0
0
0
0
0
0
0
0
0
0
0
0
0
0
0
0
0
0
0
0
0
-6.55348e-17
-1.83255e-15
0
0
4.20845e-18
0
0
0
0
0
0
0
0
0
0
0
0
0
0
0
0
0
0
0
0
0
0
0
0
0
3.44746e-18
6.25141e-17
0
0
0
0
0
0
0
0
0
0
0
0
0
0
0
1.58469e-15
0
0
0
0
0
0
0
0
0
0
0
0
0
0
0
5.7234e-12
0
0
0
0
0
0
0
0
0
0
0
5.80683e-12
0
0
0
0
0
0
0
0
0
0
0
0
0
0
0
1.46988e-13
0
0
0
0
0
0
0
0
0
0
0
0
0
0
0
0
0
0
0
8.91939e-17
0
0
0
0
0
0
0
0
0
0
0
7.51837e-13
0
0
0
0
0
0
0
0
0
0
0
0
0
0
0
0
0
0
0
0
0
0
0
0
0
0
0
0
0
0
-3.43055e-15
0
0
0
0
0
0
1.08791e-08
0
0
0
-2.3426e-16
2.6709e-16
0
0
0
0
0
0
0
0
0
0
0
0
0
0
0
0
1.7982e-15
-2.48599e-31
0
0
0
4.77009e-16
0
0
0
0
0
0
0
0
0
0
0
0
0
0
0
-7.53279e-16
0
0
0
0
0
0
0
0
0
8.74898e-17
0
0
0
0
0
0
0
0
0
0
0
0
0
0
0
0
0
0
0
0
0
0
0
6.49709e-17
0
0
0
0
0
0
0
0
0
0
0
0
0
0
0
0
0
0
0
0
0
0
0
0
0
3.30878e-13
0
0
0
0
0
0
0
0
0
6.77989e-16
0
0
0
-6.08217e-16
0
0
0
0
0
0
0
0
0
0
0
0
0
0
0
9.38987e-16
0
9.8446e-16
0
0
1.39266e-16
0
0
0
0
0
6.35749e-12
8.37179e-17
0
0
0
-8.48608e-17
-2.82075e-16
0
0
0
0
-4.06831e-21
0
0
0
0
0
0
3.54011e-13
0
0
0
0
0
0
0
0
0
0
0
0
0
0
0
0
0
0
0
0
0
0
0
0
0
0
0
2.62859e-14
3.67252e-13
0
0
0
0
0
0
0
0
0
0
0
0
0
0
0
0
0
0
0
0
2.21939e-15
-9.12695e-16
0
0
-5.20947e-13
0
0
0
0
0
0
0
0
0
0
0
0
0
0
0
-4.1206e-17
4.16536e-15
0
0
0
0
0
0
0
0
0
0
0
1.3416e-16
-8.61937e-17
0
0
0
0
0
0
0
0
0
0
0
0
0
0
0
0
0
0
0
0
0
0
0
0
0
-7.50499e-17
0
0
0
0
-5.56413e-16
0
0
0
0
0
0
0
0
0
-6.90719e-18
0
0
0
0
0
0
0
0
0
0
0
0
0
0
0
0
0
0
0
0
-5.43023e-08
0
0
0
0
0
0
0
0
0
0
0
0
0
0
0
0
0
0
0
0
0
0
0
0
0
-9.41565e-16
0
0
0
0
0
0
0
0
0
0
0
0
0
0
0
0
0
0
0
0
0
0
0
0
0
0
0
0
0
0
0
0
0
0
0
0
0
0
0
0
0
0
0
0
0
0
0
0
0
0
0
0
0
0
0
0
0
0
0
0
0
0
0
-5.78017e-15
0
0
0
0
0
0
0
0
0
0
0
0
0
0
-5.59281e-16
0
0
0
0
0
-7.01533e-16
4.85753e-16
0
0
0
0
0
0
0
0
0
0
0
0
0
-2.75551e-16
0
0
0
0
0
0
-2.5661e-09
0
0
0
0
-4.55573e-16
-1.0725e-18
0
0
0
0
0
0
0
0
0
0
0
0
2.35258e-13
8.60476e-14
0
0
0
0
0
0
0
0
0
0
0
0
0
0
0
0
0
0
0
0
0
0
0
0
0
0
0
0
0
0
0
0
0
0
0
0
0
0
0
5.35847e-16
0
0
0
9.54092e-13
0
0
0
0
0
0
0
0
0
0
0
0
0
0
0
0
0
0
0
0
0
0
0
0
0
0
0
0
0
0
0
0
-1.54147e-15
1.04388e-08
0
0
9.30481e-09
0
0
0
0
0
0
0
0
0
0
0
0
0
0
0
0
0
0
0
0
0
0
0
0
0
0
0
-2.96372e-19
-4.75781e-18
0
0
0
0
0
0
0
2.95733e-12
0
0
0
-1.87326e-17
0
0
0
0
3.108e-16
-1.08759e-16
0
0
0
0
0
0
0
0
0
-6.71074e-16
0
0
0
0
0
0
0
0
-1.2713e-16
-1.59201e-15
0
0
0
0
0
0
0
0
0
0
0
0
0
5.91383e-12
0
0
0
0
0
0
-1.39012e-16
0
0
0
0
0
1.78782e-08
0
0
0
0
0
0
0
0
0
5.99759e-12
0
0
0
0
0
0
0
0
0
0
0
0
0
-2.52066e-08
0
0
-7.13945e-13
1.23763e-13
2.32865e-13
0
0
-7.35421e-13
0
0
0
0
0
0
0
0
0
0
0
0
0
0
0
0
0
0
0
0
0
0
0
0
0
0
0
0
0
0
2.29341e-13
0
0
0
0
2.69126e-18
0
0
0
0
0
1.45805e-08
0
0
0
0
0
0
1.03586e-16
-5.00636e-16
0
0
0
1.09735e-08
0
0
0
0
0
0
0
0
0
0
0
0
0
0
0
0
0
0
0
0
0
0
0
6.05207e-16
0
-5.34433e-13
0
0
0
0
0
0
0
0
0
0
0
0
0
7.31386e-09
-3.53834e-19
0
0
0
0
0
0
0
0
0
0
0
0
0
0
0
0
0
0
1.24609e-15
0
0
0
0
0
0
0
0
0
0
0
0
0
3.97344e-17
0
0
-3.68148e-16
2.91183e-15
0
0
0
0
0
0
0
0
0
0
0
0
0
0
0
0
0
0
0
0
0
0
0
0
0
0
0
0
0
0
0
0
0
0
0
-9.51637e-18
0
0
0
-2.76643e-15
0
0
0
0
0
0
0
0
0
0
0
0
0
0
-4.11936e-17
0
0
0
0
0
0
0
-1.32124e-17
0
-5.56744e-13
2.26008e-14
6.7761e-16
0
0
0
0
0
0
0
0
0
2.96426e-12
0
0
0
0
0
0
0
0
0
0
0
0
0
0
0
0
0
0
0
7.21955e-13
-2.5189e-09
0
0
-6.25409e-13
1.16489e-13
1.96231e-13
9.79006e-15
0
0
0
1.3887e-15
0
0
0
0
0
0
0
0
0
0
0
0
0
0
0
0
0
0
0
0
-2.58574e-13
0
-1.81056e-13
-1.14884e-16
0
8.41326e-17
0
0
0
0
0
0
0
0
0
0
0
0
0
0
0
0
0
0
0
0
0
0
-9.14196e-17
-3.64193e-16
0
0
0
0
0
0
0
1.62439e-13
-4.75263e-12
0
0
0
0
0
0
0
0
0
0
0
0
7.72026e-09
0
0
0
0
0
0
0
0
0
0
0
0
0
0
0
0
-1.52653e-16
0
1.92582e-13
1.67894e-13
0
0
0
0
0
0
0
0
0
0
0
0
0
0
0
0
0
1.01847e-14
0
0
0
0
0
0
0
0
0
0
0
0
0
0
0
0
0
0
0
0
0
0
0
0
0
0
1.88072e-14
0
0
0
0
0
0
0
0
0
0
0
0
0
0
0
0
0
0
0
0
0
0
0
0
0
0
-1.2169e-16
2.47807e-17
0
0
0
0
0
-1.1489e-15
0
0
0
0
0
8.70467e-17
0
0
0
0
0
0
0
0
0
0
-1.39993e-13
4.38145e-16
-9.96495e-16
0
0
-1.01084e-08
0
-1.73047e-14
-2.94662e-13
-5.18248e-12
0
0
0
1.10023e-08
0
0
5.52793e-15
0
0
-1.50748e-16
0
0
0
0
0
0
1.10695e-17
0
0
0
0
0
0
0
0
0
0
0
0
0
0
0
0
0
0
0
0
0
-1.17036e-08
4.89464e-13
0
0
0
0
0
0
0
0
0
0
0
0
0
0
0
0
0
0
0
0
0
3.5216e-17
2.96895e-09
1.87972e-15
0
0
0
-1.42337e-08
0
0
0
0
0
0
0
0
4.86744e-17
-7.25732e-17
1.75274e-17
-1.53414e-08
0
0
0
0
0
0
0
0
0
0
0
-5.75176e-16
0
0
0
0
0
0
0
0
0
-7.50707e-09
0
0
0
0
0
0
2.17613e-08
-2.63547e-09
0
7.27233e-17
-8.55364e-16
3.06462e-18
0
0
0
0
0
0
0
6.45205e-16
0
0
0
0
0
0
0
0
0
0
0
0
0
0
0
0
0
0
1.0417e-14
-8.94781e-15
0
0
0
0
0
0
0
0
0
0
0
0
-4.28233e-09
0
0
0
0
0
0
0
0
0
0
0
0
0
0
0
0
0
0
0
0
0
0
0
0
0
0
0
0
0
0
0
0
0
0
1.1153e-13
3.44862e-15
0
0
0
0
0
0
0
0
0
0
-9.98416e-31
0
0
0
0
0
-4.97988e-16
0
0
0
0
0
0
0
0
0
0
0
0
-7.80799e-16
0
0
0
0
0
0
0
0
0
2.12191e-17
-2.4531e-16
0
0
0
0
0
0
-3.27875e-17
0
0
0
0
-1.6059e-13
-8.20893e-14
0
0
0
0
0
0
0
0
5.70339e-18
3.33688e-16
0
0
0
0
0
0
0
0
0
0
0
1.88102e-16
0
0
0
0
0
0
0
0
0
0
0
0
9.3949e-17
0
0
0
-3.41849e-13
0
0
0
3.91903e-13
0
0
0
0
0
0
0
0
0
0
8.74401e-16
0
0
0
-2.11656e-16
0
0
0
0
0
0
0
0
0
0
0
0
-4.87072e-12
0
0
0
0
0
0
0
0
0
0
0
0
0
3.82627e-17
2.04734e-16
0
0
0
0
0
0
0
0
0
0
0
0
0
0
0
0
0
0
0
0
1.90152e-13
3.92924e-16
7.59317e-16
0
0
0
0
0
0
0
0
0
0
0
0
0
0
0
0
0
0
0
0
-2.2027e-15
7.13577e-15
0
9.5775e-14
0
0
0
0
0
0
5.83615e-16
-3.12524e-16
0
0
-1.09644e-12
0
0
0
0
0
0
0
0
0
0
0
0
0
0
0
0
0
0
1.31489e-16
0
-2.82745e-18
0
0
0
0
0
0
0
0
0
0
0
9.74532e-17
1.1904e-14
0
0
0
0
8.70327e-18
0
0
0
0
-1.71298e-13
0
0
1.22704e-15
0
0
0
0
0
0
1.9503e-13
-1.29735e-08
0
0
0
0
0
0
0
0
0
0
0
0
0
0
0
0
-2.23317e-17
0
0
0
0
0
0
0
0
0
0
0
4.47375e-09
0
0
0
0
0
0
0
0
0
-1.12394e-14
-3.445e-08
0
0
3.72662e-16
-2.74834e-18
0
0
0
0
0
0
0
-4.54152e-13
0
0
0
6.85674e-18
-5.683e-17
0
0
0
-1.6408e-08
0
0
0
0
0
0
0
0
0
0
0
0
0
-7.60176e-13
3.08387e-13
0
0
0
0
-4.09839e-09
0
0
0
0
0
0
0
0
0
0
0
0
0
0
0
0
0
0
0
0
-4.74994e-17
0
0
0
0
0
0
0
0
0
0
0
0
0
0
0
0
0
0
0
6.06279e-16
0
0
0
0
0
0
0
2.08282e-14
0
0
0
0
0
0
0
0
-3.00813e-08
0
-6.67807e-09
0
0
0
0
0
0
0
0
0
4.31536e-16
-4.35816e-15
-8.99422e-15
0
0
0
0
0
0
0
0
0
0
0
0
0
0
0
0
0
-2.51678e-08
4.22999e-13
0
0
0
0
0
0
0
0
0
0
0
0
0
0
0
0
0
0
0
0
0
0
0
0
0
0
0
0
3.04492e-09
6.60645e-13
0
-6.34622e-15
0
0
0
0
0
0
0
0
0
0
0
0
0
0
0
1.32183e-15
0
0
0
0
-1.96069e-15
0
0
0
0
0
0
0
0
0
0
0
0
0
-1.80397e-16
0
0
0
0
0
-1.61811e-08
0
0
0
0
0
0
0
1.53725e-09
0
0
0
-4.6437e-12
0
0
0
0
4.81628e-13
-1.63147e-08
0
0
0
0
0
0
0
0
0
0
0
0
0
-1.59586e-15
0
0
-2.57401e-16
0
0
0
0
0
0
0
-3.40125e-15
-1.53417e-16
0
0
0
0
0
0
0
0
0
-2.41216e-16
-1.12398e-16
0
0
0
0
0
0
0
0
0
0
-3.85586e-13
0
0
0
0
0
0
0
0
0
0
-1.81525e-08
0
0
1.09069e-08
0
0
0
0
0
0
0
0
0
0
0
0
0
0
0
0
0
0
0
0
0
0
0
9.14459e-16
0
0
0
0
0
0
-2.24994e-09
0
0
0
0
0
0
0
-1.39837e-13
0
0
0
0
0
1.04272e-13
0
0
1.84294e-15
0
0
0
0
0
0
0
0
0
0
-5.01097e-31
0
0
0
0
-7.68823e-09
0
0
0
0
0
0
0
0
0
0
0
0
0
0
0
0
0
0
0
0
0
0
0
0
0
0
0
0
0
0
0
0
0
5.62224e-09
0
6.33077e-14
0
0
0
0
0
0
0
0
0
1.38253e-08
0
0
0
0
0
0
0
0
0
0
0
0
0
0
0
4.03911e-08
-3.78006e-09
0
0
0
0
0
0
0
0
0
0
1.11153e-08
0
0
5.12637e-09
0
0
0
0
0
-2.20531e-13
0
0
0
0
0
0
0
0
0
0
0
0
0
0
0
0
0
0
0
0
0
0
0
-2.62077e-08
0
7.50468e-13
1.37347e-09
-1.00908e-14
0
0
0
0
0
0
0
0
0
0
0
0
0
0
0
0
0
0
0
0
0
0
0
0
0
0
0
0
0
0
0
0
0
0
0
0
0
0
0
0
0
0
0
1.19224e-16
-1.54219e-13
0
0
0
0
0
0
0
1.9341e-16
0
0
0
0
0
0
0
0
0
-4.43959e-16
0
0
0
0
0
0
0
0
0
0
0
0
0
0
0
0
0
0
0
-8.08168e-16
0
0
-1.54973e-08
0
0
0
1.41793e-16
5.1137e-17
0
0
0
0
0
0
0
0
0
0
0
0
-3.30521e-08
0
-7.36435e-14
0
0
0
0
0
0
0
-3.26368e-08
0
4.57329e-17
0
0
0
0
0
0
0
2.43956e-18
-3.00716e-18
0
0
0
0
0
0
0
0
0
0
0
-1.7822e-13
0
0
0
9.0998e-14
3.10446e-17
0
0
0
0
0
0
0
0
0
0
0
0
0
0
0
0
1.7244e-16
-1.09795e-15
0
0
0
0
0
0
0
0
0
6.7194e-15
0
0
0
0
0
0
0
0
2.20433e-15
0
0
0
0
0
0
0
0
0
0
0
0
0
0
0
-1.76759e-17
7.0627e-18
0
0
0
0
0
0
0
0
0
0
0
7.18557e-14
0
0
0
0
0
0
0
0
0
0
0
0
0
0
0
0
-5.72055e-17
0
0
0
0
7.01222e-15
-7.56339e-16
0
0
0
0
0
0
0
0
-9.03673e-17
2.4203e-16
0
0
0
0
0
0
0
0
0
1.12264e-12
1.79528e-12
0
0
0
0
4.29463e-13
1.58271e-13
0
0
0
0
0
-1.78773e-16
0
0
0
0
0
0
0
0
0
0
0
0
0
0
0
0
0
7.41246e-14
0
0
0
0
0
-1.0161e-16
0
0
0
0
0
0
0
0
0
0
0
0
0
2.33e-15
5.72691e-14
0
0
0
0
0
0
3.20337e-08
0
0
0
0
0
-3.81886e-15
0
0
0
-2.81372e-17
0
0
0
0
0
2.36117e-13
0
0
0
0
0
3.71343e-08
0
0
0
0
0
0
1.73674e-13
1.6085e-13
0
0
1.56895e-16
0
0
0
0
0
0
0
0
0
0
0
0
0
0
0
0
0
-1.96839e-13
0
0
0
0
0
0
0
0
0
0
0
0
-1.57398e-13
-1.07385e-16
4.93659e-16
0
-7.72061e-15
0
0
0
0
0
0
0
0
0
-3.44898e-08
2.50412e-15
0
0
0
0
0
0
0
0
0
0
0
0
-3.65372e-16
-2.74284e-13
0
0
0
-2.96022e-19
0
-1.2108e-16
0
0
0
0
0
0
0
0
0
0
0
5.93852e-15
0
0
0
0
-4.40759e-17
0
0
0
0
2.02074e-13
0
0
0
0
0
0
0
2.87983e-13
1.08119e-13
0
0
0
-2.40663e-14
0
0
0
0
0
0
0
0
0
-1.39868e-13
1.02642e-13
0
0
0
0
0
0
0
0
0
0
0
-9.43692e-15
0
0
0
0
0
0
0
0
0
0
0
0
0
0
0
0
0
2.14514e-17
-1.07224e-15
0
0
0
0
0
0
0
0
-2.31786e-13
0
0
0
0
0
0
0
0
0
0
0
0
0
0
0
0
0
0
0
2.35222e-13
2.17584e-13
0
0
0
0
0
0
0
0
0
0
0
0
0
0
0
0
-4.03847e-16
0
0
-7.4941e-09
6.10011e-13
0
0
0
0
0
0
0
0
0
0
0
0
0
0
0
0
0
0
0
0
0
0
0
0
-1.69588e-15
0
0
-5.16526e-17
0
0
0
0
0
0
0
-5.99073e-14
0
-9.12419e-15
0
0
0
0
0
0
0
0
0
0
0
0
0
0
0
0
-1.79094e-17
0
0
0
0
0
0
0
0
0
0
-8.83582e-16
0
0
0
0
0
-7.14463e-14
1.97524e-15
-9.40002e-16
0
0
0
0
0
0
0
0
0
-3.40966e-16
0
0
0
0
9.81908e-14
0
4.38203e-16
0
0
0
0
0
-5.05479e-18
0
0
0
0
0
0
0
0
0
-1.35677e-13
0
0
0
0
0
0
0
0
0
0
0
0
0
0
-1.27072e-13
0
0
0
0
0
0
0
0
0
0
0
0
0
0
0
0
0
0
0
0
0
0
0
0
0
0
0
0
0
0
0
0
0
0
0
0
0
0
0
0
0
-7.47538e-17
0
0
0
0
0
0
0
0
0
0
0
0
0
0
0
0
0
2.42397e-13
1.84105e-13
0
0
0
1.53711e-13
0
0
0
0
0
0
0
0
0
0
0
0
0
0
0
0
0
0
0
0
0
0
0
0
1.13868e-16
0
0
0
0
0
0
0
0
0
0
0
0
0
0
0
0
0
1.26409e-13
0
0
0
0
0
0
0
2.03234e-16
4.33289e-17
0
0
0
0
0
0
0
0
0
0
0
0
0
0
0
0
0
0
0
0
0
0
0
0
0
0
0
0
0
0
0
0
0
0
0
0
0
0
0
0
0
0
0
0
0
0
0
0
0
0
0
0
0
0
0
0
0
0
0
-5.95835e-17
0
0
0
0
0
0
0
0
0
0
0
0
0
-1.16469e-08
0
0
0
0
0
0
0
0
0
0
0
0
0
0
0
0
-5.49146e-16
-3.66791e-16
0
0
0
0
0
0
0
0
0
0
0
0
0
0
-1.26413e-13
0
0
0
0
0
0
0
0
0
0
0
0
0
0
0
0
0
0
0
-2.49186e-15
0
0
0
0
0
0
0
0
0
0
0
0
0
0
0
0
0
-8.56679e-17
0
0
0
0
0
0
0
0
0
-2.43341e-13
0
0
0
0
0
-1.41325e-15
0
0
0
-6.09774e-09
0
0
0
0
0
0
0
0
0
1.43241e-13
0
9.3756e-18
0
0
0
0
0
0
0
0
0
0
0
0
0
0
0
0
0
0
0
0
0
0
0
0
0
-1.07207e-13
0
0
0
0
0
7.4858e-16
-1.48789e-12
0
-3.05334e-17
0
0
0
0
4.09449e-16
0
-1.0668e-08
0
0
0
0
-2.02413e-13
0
0
0
-5.31063e-16
0
0
4.81844e-14
9.2827e-17
0
0
0
0
0
0
-1.67639e-17
-1.21453e-12
0
0
0
0
0
0
-1.63205e-18
7.92776e-09
0
0
-1.74805e-16
0
0
0
0
0
0
0
0
0
0
0
0
0
0
0
0
0
0
0
0
0
0
0
0
0
0
0
0
0
0
2.77541e-17
0
0
-6.23512e-14
6.28808e-32
1.01804e-14
0
0
0
0
0
0
0
0
0
-2.00298e-09
0
0
0
0
0
0
0
0
0
0
1.80618e-13
0
1.46847e-13
0
-7.86352e-17
0
0
0
1.28686e-31
0
0
0
0
0
0
0
0
4.41606e-09
0
0
0
0
0
1.77266e-14
0
0
9.75e-14
1.31744e-14
0
0
0
0
0
0
0
0
0
0
0
0
0
0
0
0
0
0
0
0
0
0
0
0
0
0
0
0
0
0
0
0
0
0
0
0
2.56424e-16
0
0
0
0
0
0
0
0
0
0
0
1.66552e-15
2.18243e-13
1.36644e-15
0
0
0
0
0
0
2.3614e-13
1.93454e-13
0
0
0
0
0
0
0
0
0
0
0
0
0
6.8301e-16
0
0
0
0
0
0
0
-7.15403e-14
2.58274e-19
0
0
0
0
0
0
0
0
0
0
0
0
0
0
0
0
0
8.49821e-16
0
0
0
0
0
0
0
-3.72528e-15
-1.95478e-13
0
0
5.23513e-14
0
0
0
0
0
0
-4.06238e-14
0
0
0
0
0
-3.21656e-13
0
0
0
0
0
0
0
1.36823e-13
0
-1.00853e-15
4.7273e-16
0
-4.89895e-17
0
0
0
0
0
0
3.61519e-16
-2.1973e-16
0
0
0
0
0
0
0
0
0
0
0
0
0
0
0
0
0
0
9.93534e-17
0
0
0
0
0
0
)
;

boundaryField
{
    frontback
    {
        type            empty;
        value           nonuniform List<scalar> 0();
    }
    topbottom
    {
        type            calculated;
        value           uniform 0;
    }
    outlet
    {
        type            calculated;
        value           nonuniform List<scalar> 0();
    }
    inlet
    {
        type            calculated;
        value           uniform 0;
    }
    walls
    {
        type            calculated;
        value           nonuniform List<scalar> 
151
(
1.86222e-08
-2.41398e-08
6.69019e-08
-3.10369e-08
-3.7934e-08
-4.48311e-08
-1.00008e-07
-1.06905e-07
3.65546e-08
2.96575e-08
1.17251e-08
4.82797e-09
6.13842e-08
5.58665e-08
4.89694e-08
4.20723e-08
2.41398e-08
1.72427e-08
-6.8971e-10
-6.20739e-09
-1.31045e-08
-1.86222e-08
-2.55193e-08
-5.03488e-08
-5.58665e-08
-6.27636e-08
-6.82813e-08
-7.51784e-08
-8.20755e-08
-8.75932e-08
-9.44903e-08
-4.82797e-09
-2.06913e-09
-1.17251e-08
1.31045e-08
-1.72427e-08
2.27604e-08
2.82781e-08
3.51752e-08
-2.96575e-08
-2.68987e-08
4.06929e-08
-3.65546e-08
5.44871e-08
6.00048e-08
5.72459e-08
-4.34517e-08
-3.24164e-08
-4.89694e-08
6.27636e-08
-5.44871e-08
2.55193e-08
-6.13842e-08
2.06913e-09
7.24195e-08
-6.4143e-08
-6.69019e-08
-3.44855e-09
-1.03456e-08
-6.96607e-08
1.44839e-08
-1.58633e-08
8.96623e-09
2.1381e-08
-2.1381e-08
2.68987e-08
-7.65578e-08
3.37958e-08
-2.82781e-08
3.93135e-08
4.62106e-08
-8.06961e-08
5.17282e-08
-4.06929e-08
-1.03456e-08
-6.8971e-10
-6.20739e-09
1.03456e-08
4.82797e-09
-3.51752e-08
5.31077e-08
5.86253e-08
-4.20723e-08
-4.759e-08
6.4143e-08
6.96607e-08
-5.31077e-08
-7.93166e-08
-8.89726e-08
-6.00048e-08
7.10401e-08
-6.55224e-08
-7.10401e-08
-7.79372e-08
-9.58697e-08
-9.86285e-08
-1.05526e-07
-8.48343e-08
-9.17314e-08
-7.58681e-09
-1.08284e-07
-9.0352e-08
3.44855e-09
6.8971e-10
-4.82797e-09
6.20739e-09
-1.02767e-07
-9.72491e-08
3.7934e-08
-1.04146e-07
6.82813e-08
-8.96623e-09
2.06913e-09
-3.44855e-09
-1.09664e-07
-9.31108e-08
7.58681e-09
3.44855e-09
-2.00016e-08
-2.27604e-08
1.31045e-08
-7.24195e-08
1.58633e-08
4.759e-08
5.03488e-08
1.03456e-08
6.55224e-08
-1.44839e-08
-5.86253e-08
-3.37958e-08
-7.3799e-08
-3.93135e-08
-7.58681e-09
-8.62137e-08
-1.01387e-07
6.8971e-10
-4.62106e-08
-8.96623e-09
1.17251e-08
4.48311e-08
-5.72459e-08
-5.17282e-08
7.58681e-09
3.24164e-08
4.34517e-08
2.00016e-08
8.96623e-09
-8.34549e-08
-2.06913e-09
6.20739e-09
3.10369e-08
)
;
    }
    procBoundary2to0
    {
        type            processor;
        value           nonuniform List<scalar> 
83
(
0
0
-1.51987e-16
0
8.46459e-16
9.23232e-13
7.84099e-17
0
0
0
0
0
0
0
2.63481e-14
-3.66815e-14
-3.29792e-15
1.126e-16
6.57167e-17
0
0
0
1.0521e-15
1.20499e-16
0
0
8.6689e-17
3.93723e-16
1.2949e-16
0
0
0
5.75642e-17
0
0
0
0
-1.65725e-17
-5.49694e-17
0
-2.5071e-15
0
0
5.41781e-17
-4.24565e-16
0
0
9.45918e-15
0
0
0
3.69335e-15
-7.97948e-17
0
0
-4.5602e-16
0
0
-1.34664e-16
-4.57581e-16
0
1.335e-14
-3.94311e-08
-9.34251e-15
-4.04124e-17
-3.15859e-17
0
0
0
1.08826e-15
0
0
2.2888e-16
-3.77752e-17
0
0
0
9.90959e-17
0
0
-7.95142e-17
0
-4.92935e-15
)
;
    }
    procBoundary2to3
    {
        type            processor;
        value           nonuniform List<scalar> 
99
(
0
0
-5.81774e-13
0
0
0
0
0
0
0
0
0
0
0
0
0
0
0
0
0
0
0
0
0
0
0
0
0
0
0
0
0
0
0
-2.47136e-31
0
0
0
0
0
0
0
0
0
0
0
0
0
0
0
0
0
0
0
0
0
0
0
0
0
0
0
0
0
0
0
0
0
0
-1.50751e-08
0
0
0
0
0
0
0
0
0
0
0
0
0
0
0
0
0
0
0
0
0
0
0
0
0
0
0
0
0
)
;
    }
}


// ************************************************************************* //
