/*--------------------------------*- C++ -*----------------------------------*\
| =========                 |                                                 |
| \\      /  F ield         | OpenFOAM: The Open Source CFD Toolbox           |
|  \\    /   O peration     | Version:  v2012                                 |
|   \\  /    A nd           | Website:  www.openfoam.com                      |
|    \\/     M anipulation  |                                                 |
\*---------------------------------------------------------------------------*/
FoamFile
{
    version     2.0;
    format      ascii;
    class       surfaceScalarField;
    location    "900";
    object      meshPhi;
}
// * * * * * * * * * * * * * * * * * * * * * * * * * * * * * * * * * * * * * //

dimensions      [0 3 -1 0 0 0 0];
oriented        oriented;


internalField   nonuniform List<scalar> 
20537
(
0
0
0
-4.76094e-16
0
2.51497e-16
0
0
0
0
0
0
0
0
0
0
0
0
0
0
0
0
0
0
0
0
0
0
0
0
0
0
0
1.94254e-15
0
-5.96523e-16
0
0
0
7.03765e-17
2.20858e-15
-9.98362e-17
0
0
0
0
0
0
0
0
0
0
0
0
0
0
0
0
0
0
0
0
0
0
0
0
0
0
0
0
0
0
0
0
0
0
1.30165e-07
6.5777e-12
0
0
0
0
0
0
0
0
0
0
0
0
0
0
0
0
0
0
0
0
0
0
0
6.99112e-16
9.47034e-16
0
0
0
0
0
0
0
0
0
0
-7.00042e-12
-1.21762e-15
-5.51385e-12
0
0
0
0
0
0
0
0
0
0
0
0
0
0
0
0
0
0
0
0
0
0
0
0
0
0
-2.88864e-12
-8.60163e-12
0
0
0
0
0
0
0
0
0
0
0
-3.994e-17
-2.18114e-17
0
0
0
0
0
0
0
0
-1.10935e-30
4.75556e-17
0
0
0
0
0
0
0
0
0
0
0
0
0
0
0
0
0
0
0
0
0
0
1.56516e-12
1.21258e-14
-2.75411e-12
0
0
0
-5.11776e-16
-4.59128e-17
0
0
0
0
0
0
0
0
0
0
-2.06708e-12
0
-1.04423e-12
0
0
0
-1.47797e-14
-1.20856e-12
0
0
0
0
0
0
0
0
0
0
0
0
0
0
1.11643e-30
0
0
0
0
0
0
0
0
0
0
0
0
0
0
0
0
0
0
0
0
-9.40038e-15
8.60034e-15
0
0
0
0
0
0
0
0
0
0
0
0
0
0
-2.8947e-15
-1.06168e-16
-1.79558e-15
0
0
0
0
0
0
0
0
0
0
0
0
0
0
0
0
0
0
0
0
0
0
0
0
0
0
0
0
0
0
0
0
0
0
0
3.42348e-14
1.11153e-30
0
0
0
0
0
0
0
0
0
0
0
3.48092e-12
-2.09206e-11
0
0
0
0
3.7341e-16
0
0
0
0
0
0
0
0
0
0
0
0
0
0
0
0
0
0
0
0
-7.14113e-14
1.23667e-16
0
0
2.65293e-14
0
-1.02157e-14
-4.54099e-14
0
0
0
0
0
1.03699e-16
3.77229e-15
1.98137e-15
2.80818e-15
1.55086e-16
5.53619e-15
-1.87388e-15
9.78035e-17
0
0
0
0
0
0
0
0
0
0
0
0
0
0
0
0
0
0
0
0
0
0
0
0
0
0
0
-1.7095e-15
-9.89149e-16
0
0
0
0
0
0
0
0
0
0
0
0
0
0
0
0
0
0
0
0
0
0
0
4.02222e-17
-1.13438e-16
0
0
0
0
0
0
0
0
0
0
0
0
0
0
1.67551e-15
4.1509e-16
1.44206e-15
-4.54321e-12
2.97559e-13
0
0
0
0
0
-1.39441e-16
-3.84049e-15
0
0
0
0
0
0
0
0
0
0
0
0
0
0
0
0
0
0
0
0
0
0
0
0
0
0
0
0
0
0
0
0
0
0
0
0
0
0
0
0
0
0
0
0
0
0
0
0
0
1.33326e-15
0
0
0
0
0
0
0
0
0
0
0
0
0
0
0
0
0
0
0
0
0
0
0
0
0
0
0
0
1.7788e-16
0
-3.04442e-15
0
0
0
0
0
0
0
0
0
0
0
0
0
0
0
0
0
0
0
0
0
0
0
0
0
0
0
0
0
0
0
0
0
0
0
0
0
0
0
0
0
0
0
0
0
0
0
0
0
0
0
0
0
0
0
0
0
0
0
0
0
0
0
0
0
0
0
0
0
0
0
0
0
0
0
0
1.66765e-15
0
0
0
0
0
0
0
0
0
0
0
0
0
0
0
0
0
0
0
-6.00881e-16
-1.51585e-16
0
0
0
4.38024e-14
1.41114e-13
1.15775e-16
0
0
0
0
0
0
0
0
0
0
0
0
0
0
0
0
0
0
0
-1.759e-15
1.39115e-15
-8.99686e-30
2.78021e-15
0
0
9.48586e-12
-5.84889e-08
-1.61044e-07
0
0
0
0
0
0
0
0
0
0
0
0
0
0
0
0
0
0
0
0
0
0
0
0
0
0
0
0
0
0
0
0
0
0
0
0
0
0
0
0
0
0
0
0
0
0
0
0
0
0
0
0
0
0
0
0
0
0
0
0
0
3.86143e-14
0
5.75003e-16
0
0
0
0
0
0
0
0
0
0
0
0
0
0
0
0
0
0
0
0
0
0
0
0
0
0
0
3.47336e-15
0
0
0
0
-7.52816e-16
0
0
0
-6.48358e-15
4.44739e-15
0
0
0
0
0
0
0
0
0
0
0
0
0
0
0
0
0
-7.34194e-16
0
0
2.55934e-15
-1.73378e-16
0
0
0
0
0
0
0
0
0
0
0
0
0
0
0
0
0
0
0
0
0
0
0
0
0
0
0
0
0
8.74014e-13
7.41484e-12
0
0
0
0
0
0
0
0
0
0
0
-1.3362e-15
1.18287e-14
0
0
0
0
0
0
0
0
0
0
0
1.6443e-15
0
0
0
0
0
0
0
0
0
0
0
0
0
0
0
0
0
0
0
0
0
0
0
0
0
0
0
0
0
-1.74341e-16
0
-7.36181e-17
0
0
0
0
0
0
0
0
0
0
0
0
0
0
0
0
0
0
0
0
0
-4.91552e-16
0
0
0
0
0
0
0
0
0
0
0
0
0
0
0
0
0
0
-4.34264e-14
3.59874e-29
0
0
0
0
0
0
9.10912e-16
0
0
0
0
0
0
2.35174e-16
0
0
0
0
0
0
0
-1.32418e-15
-2.46281e-16
0
0
0
0
0
0
0
0
4.00593e-15
4.79449e-16
4.31544e-17
0
0
2.06752e-15
0
0
0
1.79236e-15
0
0
0
0
0
0
0
0
0
0
0
0
0
0
0
0
0
0
0
0
1.02868e-16
0
0
0
0
0
0
-5.37251e-16
3.38618e-16
0
0
0
0
0
1.2931e-16
6.51792e-15
4.66112e-14
0
0
0
0
0
0
0
0
0
0
0
0
0
0
0
0
0
0
0
0
0
0
0
0
0
0
0
0
0
0
0
0
0
0
0
0
0
0
0
0
0
0
0
0
0
0
0
0
0
0
-5.52312e-15
0
0
0
0
0
0
0
0
0
0
0
0
0
0
0
0
0
0
0
0
-1.08263e-12
0
0
0
0
0
0
0
0
0
0
0
0
0
0
0
0
0
0
0
0
0
0
0
0
0
0
0
0
0
0
0
0
-4.43065e-17
-3.34977e-15
0
0
0
0
0
0
0
0
0
0
0
0
0
0
0
0
0
0
0
0
8.15909e-15
-9.9686e-17
1.58617e-16
0
0
0
0
0
0
0
0
0
0
0
0
0
0
0
0
0
0
0
-3.33142e-15
4.22374e-15
0
0
0
0
0
0
0
0
0
0
0
0
0
0
0
0
0
0
0
0
0
0
-5.81567e-14
1.43113e-28
0
0
0
0
0
0
0
0
0
0
0
0
0
0
0
0
0
0
-3.13166e-17
-3.66466e-17
3.38167e-15
0
0
0
0
0
0
0
0
0
0
0
0
0
0
0
0
0
0
0
0
0
0
0
0
0
0
0
0
0
0
0
6.49547e-12
-1.86193e-11
-1.08462e-14
0
2.53315e-15
0
0
0
0
0
0
0
0
0
0
0
0
0
0
-1.53891e-15
0
1.18096e-15
0
0
0
0
0
0
0
0
0
0
0
6.56422e-16
0
0
0
0
0
0
0
0
0
0
0
0
0
0
0
0
0
0
0
0
0
0
0
0
5.06145e-17
0
1.28022e-15
1.35871e-16
0
0
0
0
0
0
0
0
0
0
0
-1.12451e-16
-3.08925e-16
0
0
0
0
0
0
0
0
0
0
0
0
0
0
0
0
0
0
0
0
0
0
0
0
0
0
0
0
0
0
0
0
0
0
0
0
0
0
0
0
2.66568e-16
5.15801e-16
0
0
0
-1.10423e-16
2.4276e-15
0
0
0
0
0
0
0
0
0
0
0
0
0
0
0
0
0
0
0
0
0
0
0
0
0
0
0
0
0
0
0
0
0
0
0
0
0
0
0
0
-1.14449e-15
0
0
0
0
0
0
6.18961e-16
0
-9.22365e-16
0
0
0
0
0
0
0
0
0
0
0
0
0
0
0
0
0
0
0
0
0
0
0
0
0
0
0
0
0
3.81516e-15
-3.45619e-16
0
0
0
0
0
0
0
0
0
0
0
6.0249e-17
1.08092e-15
5.09441e-17
-1.82416e-15
8.10451e-17
0
0
9.09284e-16
-1.49669e-16
0
0
0
-1.09563e-12
-7.33449e-13
-1.29684e-16
2.0462e-16
0
0
0
0
0
0
0
0
0
0
0
0
0
0
0
0
0
0
0
0
0
0
0
0
0
0
0
0
0
0
0
-7.87725e-16
0
1.53645e-15
0
0
0
0
0
0
0
0
0
0
0
0
0
0
0
0
0
0
0
0
0
0
0
0
0
0
0
0
0
0
0
0
0
0
0
0
0
0
0
0
0
0
0
0
0
0
0
0
0
-6.53058e-17
0
0
0
0
0
0
-1.22308e-15
1.77225e-15
0
0
0
0
0
0
0
0
0
0
0
0
0
0
0
0
0
0
1.89891e-15
0
0
0
0
0
0
0
0
0
0
0
0
0
0
0
0
0
0
0
0
0
0
0
0
0
0
0
0
0
0
0
0
0
0
0
0
-1.27669e-15
-7.74918e-16
0
3.28402e-15
7.04132e-15
-1.00668e-16
0
0
0
0
0
0
0
0
0
0
0
-1.38543e-17
9.36542e-17
-1.01009e-17
0
0
0
0
0
0
0
0
0
0
2.32257e-18
0
2.14104e-15
-2.38128e-15
0
0
0
0
0
0
0
0
-7.62551e-17
0
0
0
0
0
0
0
0
0
0
0
0
0
0
0
0
0
0
0
2.23914e-15
-2.62023e-16
-2.12131e-15
0
1.71477e-15
0
0
0
0
0
0
0
0
-1.54563e-17
0
0
0
0
0
0
0
0
0
0
0
0
0
-2.99341e-16
1.22614e-15
0
0
0
0
0
0
0
0
0
0
0
0
0
0
0
0
0
0
0
0
-1.14038e-14
0
0
0
0
0
0
0
7.53618e-14
7.87632e-14
6.72942e-12
-1.95373e-11
3.17891e-12
0
0
0
0
0
0
0
0
0
0
0
0
0
0
0
0
0
0
0
0
0
0
0
0
0
0
0
0
0
0
0
0
0
0
0
0
0
0
0
0
0
0
0
0
0
0
0
0
0
0
0
0
0
0
0
0
0
0
0
0
0
0
0
0
0
0
0
0
0
0
0
0
0
0
0
0
0
0
0
0
0
0
0
0
0
0
0
0
0
0
0
0
0
0
0
0
0
0
0
0
0
0
0
0
-1.02432e-15
0
0
0
0
0
0
0
0
0
0
0
0
0
0
0
0
0
0
0
0
0
0
0
0
0
0
0
0
0
0
0
0
0
0
0
0
0
0
0
-3.43907e-15
-5.77581e-16
2.32329e-15
0
0
0
0
0
0
0
0
0
0
-5.88544e-16
1.24716e-15
-8.376e-17
1.93861e-15
0
0
0
0
0
0
0
0
0
0
0
0
-6.79523e-17
-1.18845e-15
0
0
0
0
0
0
0
0
0
0
0
0
0
0
0
-2.88912e-17
-8.65571e-12
5.83648e-13
0
0
0
0
0
0
1.03214e-12
0
5.52001e-13
0
0
0
0
0
0
-1.05462e-15
-3.95299e-12
0
-1.30385e-15
0
0
0
0
0
0
0
0
0
0
0
0
0
0
0
0
0
0
-4.74285e-15
1.39355e-17
0
0
0
0
3.41039e-14
0
0
0
0
0
0
0
0
0
0
0
0
0
0
0
0
0
0
0
0
3.8997e-15
-2.11625e-15
1.74847e-15
0
0
0
0
0
0
0
0
0
0
0
0
0
0
0
0
0
0
0
0
0
0
0
-6.3714e-16
0
0
0
-2.01842e-14
0
0
0
0
0
0
1.60243e-12
-6.71676e-14
0
0
0
0
0
0
0
0
0
-7.29435e-17
0
0
0
0
0
0
0
0
0
0
0
0
0
2.16662e-14
2.2299e-18
0
0
0
0
0
0
0
0
0
0
0
0
3.62534e-15
-9.83555e-16
0
0
0
0
0
0
7.34709e-16
-2.90044e-16
-6.62448e-17
0
0
0
0
0
0
0
0
0
0
0
0
0
0
0
0
0
0
0
0
0
0
0
0
0
0
0
0
0
0
0
0
0
0
0
0
0
0
0
4.59633e-13
1.41451e-12
3.83699e-16
1.66258e-15
5.63766e-17
0
0
1.02675e-15
2.99798e-16
0
0
0
0
0
0
0
0
0
0
0
3.51505e-29
3.55931e-14
0
0
0
0
0
0
0
0
0
0
0
-6.22115e-12
-1.19458e-15
-4.04578e-12
0
0
0
1.58224e-14
0
0
0
0
0
0
0
0
0
0
-1.0625e-12
0
0
0
0
2.13115e-15
0
0
0
-1.84089e-17
-8.06687e-12
2.05963e-13
0
0
0
0
0
0
0
0
0
-2.59517e-15
0
0
-2.53882e-16
8.58659e-17
-1.99922e-17
4.3881e-14
1.43113e-28
0
0
0
0
0
0
-2.2296e-30
-3.28095e-17
0
0
0
0
0
0
0
0
0
0
0
0
0
0
0
0
0
0
0
0
0
0
-4.39746e-15
-2.08849e-15
0
0
0
0
0
0
0
0
0
0
0
0
0
0
0
0
0
0
0
0
0
0
3.25115e-15
-2.07332e-16
0
0
0
0
0
0
0
0
0
0
0
0
0
0
0
0
0
0
0
0
0
0
0
0
0
0
0
0
0
0
0
0
0
0
0
2.10678e-15
-7.47567e-16
0
0
0
0
0
0
0
0
0
0
-9.68149e-16
3.49238e-15
0
0
0
0
0
0
0
0
0
0
0
0
0
0
0
0
0
0
0
0
0
1.82186e-15
-7.67767e-14
-2.0523e-14
0
0
0
0
0
0
0
0
0
0
0
0
0
0
0
0
0
0
0
0
-2.26288e-16
-3.09144e-15
8.04566e-17
0
0
0
0
0
0
0
0
-2.81652e-14
0
0
0
0
0
0
0
0
0
0
0
0
0
0
0
0
0
0
0
0
0
0
0
0
0
0
0
0
0
0
0
0
0
0
0
0
0
0
0
0
0
0
0
0
0
0
0
0
0
0
0
0
0
-1.23944e-15
0
-2.15896e-15
0
0
0
0
0
0
0
0
0
0
0
-7.8307e-13
-6.73398e-13
0
0
0
0
0
0
0
0
0
0
0
0
0
0
0
0
0
3.02599e-14
3.9692e-15
0
0
0
0
0
0
0
0
0
0
-5.38182e-14
0
0
0
0
0
0
0
0
0
0
0
0
0
0
0
0
0
0
0
0
0
0
0
-2.13669e-16
2.07552e-16
0
0
0
0
0
0
0
0
0
0
0
0
0
0
0
0
0
0
0
0
0
0
0
0
0
0
0
0
0
0
0
0
0
0
0
0
0
0
0
5.04912e-16
-8.67276e-15
-1.88465e-16
-4.25712e-17
4.98016e-15
0
-2.69773e-16
0
0
0
0
0
0
0
-2.36866e-17
0
0
0
0
0
0
0
0
0
0
0
0
0
0
0
0
0
0
0
0
0
0
0
0
0
0
0
0
0
0
0
0
0
0
0
0
0
0
0
0
0
0
0
0
0
0
0
0
0
-7.72995e-12
2.34839e-13
0
0
0
0
0
0
0
0
0
0
0
0
0
0
0
0
0
0
0
0
0
0
0
0
0
0
0
0
0
0
0
0
0
0
0
-7.97014e-13
0
-7.21692e-13
0
0
-1.72816e-16
0
1.02187e-15
0
0
0
0
0
0
0
0
0
0
0
0
0
0
0
0
-1.09994e-15
-8.22473e-17
-2.21787e-16
0
0
0
0
0
0
0
0
0
0
0
0
0
0
0
0
0
0
0
1.24537e-14
0
-4.22593e-14
-1.31093e-11
7.50434e-13
0
0
0
0
0
0
-2.35298e-16
-5.39773e-15
0
0
0
0
0
0
0
0
0
0
0
0
0
1.16093e-14
0
0
0
0
0
9.87503e-16
-3.34767e-30
0
0
2.10218e-15
0
5.09148e-15
0
0
0
0
0
0
0
0
0
0
0
-1.6319e-14
0
0
0
0
0
0
0
0
0
0
0
2.32525e-16
-9.39281e-13
0
0
0
0
0
0
0
0
0
0
0
0
0
0
0
0
-3.13715e-17
0
5.21499e-14
0
0
-3.36634e-16
0
3.37996e-16
0
0
0
0
0
0
0
0
0
0
0
0
0
2.86146e-15
0
0
0
0
0
0
0
0
0
0
0
0
0
0
0
0
0
0
0
0
0
-2.09711e-17
4.58331e-17
-1.02789e-16
0
0
0
0
0
-5.75928e-17
1.90208e-15
0
2.67813e-29
-6.61979e-15
0
2.85514e-16
0
0
0
0
0
0
0
0
0
0
0
0
0
0
0
0
0
0
0
0
0
0
0
0
0
0
0
0
0
0
0
0
0
0
0
0
0
0
0
0
0
0
0
-1.63498e-15
0
0
0
0
0
0
0
0
0
0
0
5.574e-31
-2.71442e-17
2.59013e-16
0
0
0
0
0
0
0
0
0
0
0
0
0
0
-1.15186e-15
5.07225e-17
0
0
0
0
7.79759e-16
7.27164e-17
0
0
0
0
0
0
0
0
0
0
0
0
0
0
0
0
0
0
0
0
0
0
0
0
0
0
0
0
0
0
0
0
0
6.72498e-13
3.94233e-13
0
0
0
0
0
0
0
0
0
0
0
0
0
0
0
0
0
0
0
0
0
0
0
0
0
0
0
0
0
0
0
0
0
0
0
0
0
0
0
0
0
0
0
0
0
0
0
0
0
0
0
0
0
0
0
0
0
0
0
0
0
0
0
0
0
0
0
0
0
0
0
0
0
0
0
0
0
0
0
0
0
0
0
0
0
0
0
0
0
0
0
0
0
0
0
0
0
0
0
0
0
0
-1.51147e-15
1.07084e-16
0
0
0
0
0
0
0
0
0
0
0
-1.26343e-15
0
0
0
-4.03066e-17
6.89227e-17
0
0
0
0
0
0
0
0
0
0
0
0
0
0
0
0
0
0
0
0
0
0
0
0
0
9.53429e-14
0
-2.44753e-16
0
0
0
0
0
0
0
0
0
0
0
0
0
0
0
0
0
0
0
0
0
0
0
0
0
-6.17788e-17
0
0
0
0
0
0
0
0
0
0
0
0
0
0
0
0
0
0
0
0
0
0
0
0
0
0
0
0
0
-4.06816e-16
4.0754e-17
0
0
0
0
0
0
0
0
0
0
0
0
1.06558e-16
0
1.55313e-15
0
0
0
0
0
0
0
0
0
0
0
0
0
0
0
0
0
0
0
0
0
0
0
0
0
0
6.08073e-16
-3.30454e-15
-4.66947e-16
4.86527e-13
-2.67811e-12
0
0
0
0
0
-1.11592e-30
-1.07016e-16
0
0
0
0
-2.87912e-15
-1.4243e-15
0
0
0
0
0
0
0
0
0
0
0
-2.95514e-16
0
-9.27437e-16
-3.78658e-17
0
0
0
0
0
0
0
0
0
0
0
0
0
0
0
0
0
0
0
-9.13982e-17
0
0
0
0
0
0
0
0
0
0
0
0
0
0
0
0
0
0
0
0
0
0
0
0
0
0
0
0
0
0
0
0
0
0
0
0
0
0
0
0
0
0
0
-2.04266e-12
-1.52676e-16
-1.04365e-12
0
0
0
0
0
0
4.48892e-15
0
0
0
0
0
0
0
0
0
0
0
0
0
0
0
0
0
0
0
0
0
0
0
0
0
-1.23934e-15
8.31667e-17
-3.12284e-17
0
0
0
0
0
0
0
0
0
0
8.34229e-17
-2.21736e-17
0
0
0
0
0
0
0
0
0
0
5.89988e-16
0
-5.62304e-31
0
0
0
0
0
0
0
0
-1.0455e-14
0
0
0
0
0
2.01193e-15
1.84967e-15
0
0
0
0
1.02275e-16
8.5324e-17
0
0
0
0
0
0
0
0
0
0
0
0
0
0
0
0
0
0
0
0
0
0
0
0
0
0
3.82984e-15
0
0
0
0
0
4.59755e-14
-2.87826e-12
0
0
0
0
0
-1.15265e-15
0
0
0
0
0
0
0
0
0
0
0
0
0
1.47819e-15
0
0
0
0
0
0
0
0
0
0
0
0
0
0
0
0
0
0
0
0
0
0
0
0
0
0
0
0
0
0
0
0
0
0
0
0
1.4205e-15
0
0
0
-8.29399e-13
-1.75392e-11
0
0
0
0
0
0
0
0
0
0
0
0
0
0
0
0
0
0
0
0
0
0
0
0
0
0
0
0
0
0
0
0
0
1.14572e-16
0
0
0
0
0
0
0
0
0
0
0
0
-9.62202e-13
-6.0465e-12
0
0
0
-2.48181e-12
7.23918e-18
0
0
5.90836e-16
0
0
0
0
0
0
0
0
0
0
-4.04457e-17
0
0
0
0
0
0
0
0
0
0
0
0
6.36716e-15
0
-1.05951e-14
-9.00671e-17
0
0
0
0
-1.21394e-15
0
0
0
0
0
0
0
0
1.44685e-15
-1.13195e-16
0
0
0
0
0
0
0
0
0
0
0
0
0
0
0
0
0
0
0
0
0
0
0
0
0
0
0
-3.30329e-17
-5.22528e-17
1.77587e-16
0
0
0
0
0
0
0
0
0
0
0
0
0
0
0
0
0
0
0
0
0
0
0
0
0
0
0
0
0
0
0
0
0
0
0
0
0
0
0
0
0
0
0
0
0
0
0
-4.53326e-12
0
0
0
0
0
0
0
0
0
0
0
0
0
0
0
0
0
0
0
0
0
0
0
0
0
-3.14594e-15
0
0
0
0
2.9341e-16
0
0
0
0
0
1.97381e-16
0
-3.6731e-18
-6.54717e-17
-1.34265e-15
0
0
0
0
0
0
0
9.2778e-15
2.53378e-15
2.53312e-12
0
0
0
0
0
0
0
0
0
0
0
0
0
0
0
0
0
-3.84093e-14
-9.07925e-15
5.61915e-16
0
0
0
0
0
0
0
0
0
0
0
0
0
0
3.77441e-14
-7.64735e-15
0
0
0
0
0
0
0
0
0
0
0
0
0
0
0
0
0
0
0
0
0
1.34461e-14
0
0
0
0
0
0
5.05788e-15
2.41737e-14
1.60974e-16
4.65129e-17
0
0
0
0
0
0
0
0
0
0
0
0
0
0
0
0
0
0
0
0
0
0
0
0
0
0
0
0
0
0
0
0
0
0
0
0
0
0
0
0
0
0
0
0
0
0
0
0
0
0
0
0
0
0
0
0
0
0
0
0
0
0
0
0
0
0
0
0
0
0
0
0
0
0
0
0
0
0
0
0
0
0
0
0
0
0
0
-1.23637e-15
0
-2.08034e-16
0
0
0
0
0
0
0
0
0
0
-2.32072e-15
-4.44612e-30
0
0
0
0
0
0
0
0
0
0
0
0
0
-2.24949e-16
0
0
0
0
0
5.10385e-17
-9.9144e-17
-3.00131e-17
1.14826e-15
0
0
0
0
0
0
0
0
0
0
0
0
0
0
0
0
0
0
0
0
0
0
0
0
0
0
0
0
0
0
0
0
0
0
0
0
0
0
0
0
0
0
0
0
1.50828e-15
1.80215e-15
-1.10129e-16
0
0
-3.22085e-15
-1.81391e-16
2.69527e-17
0
0
0
0
0
0
0
0
0
0
0
7.74765e-16
0
0
0
0
0
0
0
0
0
0
0
0
-1.11583e-15
2.10624e-17
0
0
0
0
0
0
-4.75399e-17
1.27027e-15
0
0
0
0
0
0
0
0
3.22735e-16
0
0
0
0
0
0
0
0
0
0
0
0
0
-1.15541e-15
9.18947e-16
1.92339e-17
0
0
-1.00623e-15
2.07111e-15
0
0
0
0
0
0
0
0
0
0
0
0
0
0
0
0
0
0
0
0
0
0
0
0
0
0
0
0
0
0
0
0
0
0
0
0
0
0
0
0
0
0
0
0
0
5.82048e-16
0
0
-7.54055e-17
0
-1.31336e-15
3.35386e-16
0
0
0
0
0
0
0
0
0
0
3.0798e-17
0
0
0
0
0
0
0
0
0
0
0
0
0
0
0
-3.06395e-16
0
0
0
4.03402e-17
-2.14801e-16
0
0
0
0
0
0
0
0
0
0
0
0
0
0
0
0
0
0
0
0
0
0
0
0
0
4.25405e-16
-8.4346e-17
-2.16039e-17
0
0
0
0
0
0
1.67568e-15
0
0
0
0
0
0
0
0
0
0
0
0
0
0
0
0
0
0
0
0
0
0
0
0
0
0
0
-4.14303e-17
2.27013e-17
0
0
0
0
0
0
0
0
0
0
0
0
0
-2.25187e-15
0
0
0
0
0
0
0
0
0
0
0
9.19007e-17
0
0
0
-9.29336e-16
-2.53412e-15
0
0
0
0
6.37504e-13
0
0
0
0
0
0
0
0
0
0
0
0
0
0
0
0
0
0
0
0
0
0
0
0
0
0
0
0
0
0
0
0
0
0
0
0
0
0
0
0
0
0
0
0
0
0
-9.05126e-16
0
0
0
0
0
0
0
0
0
0
0
0
0
0
0
0
0
0
0
0
0
0
0
0
0
0
0
0
0
0
0
0
0
0
0
-1.11807e-30
3.71945e-17
0
0
0
0
0
0
0
0
3.34767e-30
0
0
0
0
0
0
0
0
0
0
0
0
0
0
0
0
0
0
0
0
0
0
0
0
0
0
0
0
0
1.66412e-16
0
0
0
0
0
0
0
0
0
0
0
0
0
0
0
0
0
0
0
0
0
2.81499e-15
0
0
0
0
0
0
0
0
0
0
0
0
0
0
0
0
3.48278e-15
0
0
0
0
0
0
0
0
0
0
-3.6944e-12
0
0
0
0
0
0
0
0
0
0
0
0
0
0
0
0
0
-1.84417e-15
3.19057e-15
0
0
0
0
0
0
0
0
0
0
0
0
1.4856e-16
7.90326e-16
-1.20065e-16
8.33758e-17
-2.8303e-15
2.01326e-15
0
-1.50596e-15
0
0
0
0
0
0
0
0
0
0
0
0
0
0
0
0
0
0
0
0
-3.30667e-15
3.74047e-16
0
0
0
0
0
0
0
0
0
0
0
0
0
0
0
0
0
0
0
0
0
0
0
0
0
0
-2.84878e-14
4.73163e-15
0
0
0
0
0
0
0
0
0
1.96342e-15
0
0
0
0
0
0
0
0
0
5.55765e-31
0
0
0
0
0
0
0
0
0
0
0
0
0
0
0
0
0
0
0
0
0
0
0
0
0
0
0
0
0
0
0
0
0
0
0
0
0
0
0
0
0
0
0
0
0
0
0
-9.44917e-17
0
0
0
4.06116e-16
0
0
0
0
0
0
0
0
0
0
0
0
0
3.09559e-16
0
0
0
0
0
0
0
0
0
0
0
0
0
0
0
0
0
0
0
0
0
0
0
0
0
0
0
0
-3.72504e-15
0
4.15071e-16
0
0
0
-1.3772e-16
0
0
0
0
0
0
0
0
0
0
0
0
0
0
0
0
0
2.15365e-18
1.02341e-15
-1.67155e-17
0
0
0
0
0
0
0
0
0
0
0
0
1.37004e-15
1.74254e-15
0
3.72061e-14
1.01882e-14
0
0
0
0
0
1.06595e-15
6.04374e-17
0
0
0
0
0
0
0
0
0
0
0
0
0
0
0
0
0
0
0
0
0
0
0
0
2.25036e-17
0
0
0
0
0
0
0
0
0
0
0
0
0
0
0
0
0
-1.84982e-17
2.07099e-17
0
0
0
0
0
0
0
0
0
0
0
0
0
0
0
0
0
0
0
0
0
0
0
-7.28593e-16
0
0
0
0
0
0
0
0
4.26328e-17
0
0
-6.01233e-17
0
0
0
0
0
0
-4.3016e-17
0
0
0
0
0
0
0
0
-8.83458e-13
0
0
0
0
5.53586e-31
0
0
0
0
0
0
0
0
0
0
0
0
0
0
-5.55765e-31
0
-1.30782e-16
0
0
0
0
0
0
0
0
8.34005e-15
0
0
0
0
0
0
0
0
0
0
0
0
2.32774e-15
0
0
0
0
0
0
0
0
0
-5.99403e-16
0
0
0
0
0
0
0
0
0
0
0
0
0
0
0
0
0
0
0
0
0
0
0
0
0
0
0
0
0
0
0
0
0
0
0
0
0
0
0
0
5.84248e-17
-1.50928e-15
0
-2.08994e-15
0
0
0
0
0
0
0
0
0
0
0
0
0
0
0
0
0
0
0
0
0
2.78608e-16
0
0
0
0
0
0
0
0
0
0
0
0
0
0
0
0
0
0
0
0
0
0
0
0
0
6.45627e-16
0
0
0
2.29105e-15
0
0
0
0
0
-8.04071e-14
-5.40304e-14
0
0
0
0
0
0
0
0
0
0
0
0
0
0
0
0
0
0
0
0
0
0
0
-3.3322e-15
0
7.21017e-15
0
0
0
0
-4.32188e-16
2.46227e-16
0
0
0
0
0
0
0
0
0
0
0
0
0
-1.02614e-12
-1.34099e-12
0
0
0
0
0
0
0
0
0
0
0
0
0
0
0
0
0
0
0
0
0
0
1.63614e-15
1.82676e-15
5.44621e-17
0
0
0
0
0
0
0
0
0
0
0
0
0
-3.24193e-16
0
0
0
0
0
0
0
0
0
0
0
0
-7.87608e-14
0
0
0
0
0
0
0
0
0
0
0
0
0
0
0
0
0
0
0
0
0
0
0
0
0
0
0
0
0
0
0
0
0
0
0
0
0
0
0
0
0
0
0
0
0
0
0
0
0
0
0
0
0
0
0
0
0
0
-7.24561e-15
0
0
0
4.02482e-16
0
0
0
0
0
0
0
0
0
0
0
0
0
0
0
0
0
0
0
0
0
0
0
0
0
0
0
0
0
0
0
0
0
0
0
0
0
0
0
0
0
0
0
0
0
1.44023e-12
0
0
0
0
0
0
0
0
0
0
0
0
0
0
0
0
0
0
0
0
0
0
0
1.07737e-15
0
0
0
0
0
-2.1412e-15
-2.02321e-15
0
0
3.61541e-15
-1.39962e-15
0
0
0
0
0
0
-7.25359e-12
1.1682e-30
0
0
0
0
6.9054e-16
0
0
0
0
-2.12952e-15
0
-4.44612e-30
0
0
0
1.51727e-17
0
0
0
0
0
2.51454e-15
1.69332e-16
0
9.30746e-17
0
0
0
0
0
0
0
0
0
0
0
0
0
0
0
0
-1.50173e-16
1.20854e-15
0
0
0
0
0
0
0
0
0
-4.89099e-16
5.61874e-17
-3.91991e-16
-1.55458e-15
9.70629e-16
0
0
0
0
0
0
0
0
0
0
0
0
0
0
0
0
0
0
0
0
0
0
0
0
0
0
0
1.10595e-16
-1.69593e-16
5.77643e-17
0
0
0
0
0
0
0
0
0
0
0
0
0
0
0
0
0
0
0
0
0
0
0
0
0
0
0
0
0
0
0
0
0
0
0
0
-1.43678e-15
8.95013e-17
3.31806e-15
0
0
0
0
0
0
-2.79517e-31
0
0
-7.54357e-16
0
0
0
0
0
0
0
0
0
0
0
0
0
0
0
0
0
0
0
0
0
0
0
0
0
0
0
0
0
0
0
0
0
0
1.04882e-16
0
0
0
0
0
0
0
0
0
0
0
0
0
-3.79297e-16
8.91945e-14
0
-1.94529e-13
0
0
0
0
0
0
0
0
0
0
0
0
0
0
0
0
0
0
0
0
0
0
0
0
0
0
0
0
0
0
0
0
0
0
0
0
-1.49577e-15
0
0
0
0
0
0
0
0
0
0
0
0
0
0
0
0
0
0
0
0
0
0
0
0
0
0
0
0
0
0
0
0
0
2.52761e-16
-1.03183e-15
1.02352e-14
0
0
0
0
0
0
0
0
0
0
0
-4.05486e-16
0
0
0
0
0
-1.6365e-15
0
0
0
0
0
0
0
0
0
0
0
0
0
0
0
0
0
0
1.32297e-15
0
0
0
0
0
0
0
0
0
0
0
0
0
0
0
0
0
0
0
0
0
0
0
-1.31471e-16
0
0
0
0
0
0
0
0
0
0
0
0
0
0
0
0
-8.13417e-16
0
0
0
0
0
0
0
0
0
0
0
0
0
0
0
0
-1.00527e-14
0
0
0
0
0
-3.81593e-15
0
0
0
0
0
0
0
0
0
0
0
0
-2.17778e-17
0
0
0
0
0
0
0
0
0
0
4.98529e-14
4.42474e-14
0
0
0
0
0
-5.82989e-16
0
0
0
0
0
1.09845e-30
0
0
0
0
0
0
0
0
0
0
0
0
0
0
0
0
0
0
0
0
0
0
0
0
0
0
0
0
0
0
0
0
0
0
0
0
0
0
0
0
0
0
0
0
0
0
0
1.56021e-16
-1.92458e-15
-2.03806e-15
0
0
0
0
0
0
0
0
0
0
0
0
0
0
0
0
1.55811e-17
-8.70471e-14
0
0
0
0
0
0
0
0
0
0
0
0
0
0
0
0
0
0
8.39612e-15
-2.05052e-15
0
0
0
0
0
0
0
0
0
0
0
0
0
-3.89812e-15
-8.74058e-16
0
0
0
0
0
0
0
0
0
0
0
0
0
3.21487e-15
0
0
0
0
0
0
0
0
0
0
0
0
0
0
0
0
0
0
0
0
0
0
0
0
0
0
0
0
0
0
0
0
0
0
0
0
0
0
0
0
0
0
0
0
0
0
0
0
0
0
0
0
0
0
0
0
0
0
0
0
0
0
0
0
0
0
-1.85026e-15
-1.63388e-15
0
0
0
0
0
0
0
0
0
0
0
0
0
0
0
0
0
0
0
0
0
0
0
0
0
0
0
0
0
0
0
0
0
0
0
0
0
0
0
0
0
0
0
0
0
0
0
0
0
0
0
0
0
0
0
0
0
0
0
0
0
0
0
0
0
0
0
0
0
0
0
0
0
0
0
0
0
0
0
0
0
0
0
0
0
0
0
0
0
0
0
0
0
0
0
0
0
0
0
0
0
0
0
0
0
1.41349e-16
5.1078e-17
0
0
0
0
0
0
0
0
0
-5.41021e-15
0
0
0
0
0
8.36396e-17
0
0
0
0
0
0
-1.0011e-16
0
0
0
0
0
0
0
0
2.99657e-14
-4.49843e-30
1.27275e-16
0
0
0
0
0
0
0
0
0
0
0
0
0
2.68304e-15
9.1026e-16
0
0
0
0
0
0
0
0
0
0
1.00752e-15
0
0
0
0
0
0
0
0
0
0
0
0
0
0
0
0
0
0
0
0
0
0
0
-2.17912e-17
0
0
0
0
0
0
0
0
0
0
0
0
0
0
0
0
0
0
0
0
0
0
0
0
0
0
0
0
0
0
0
1.51471e-16
-8.27398e-16
0
0
0
0
0
0
0
0
0
0
0
0
0
0
0
0
0
0
0
0
0
0
0
0
0
0
0
0
0
2.13261e-16
0
0
0
0
0
0
0
0
0
0
0
0
0
0
0
0
0
0
0
0
0
0
0
0
0
0
3.48269e-17
0
0
0
0
0
0
0
0
0
0
0
0
0
0
0
0
0
0
0
0
0
0
0
0
0
0
0
0
-2.70714e-17
0
0
0
0
0
0
0
0
0
0
0
0
0
0
0
0
0
0
0
-1.89496e-15
-9.98224e-16
0
0
0
0
0
0
0
-1.2602e-14
-3.07248e-16
2.23614e-30
0
0
0
0
0
0
2.70893e-15
-2.67377e-15
0
0
0
0
0
0
0
0
0
0
0
0
0
0
0
0
0
0
0
0
0
0
0
0
0
0
0
0
0
0
0
0
0
0
0
0
0
0
0
0
0
0
0
0
0
0
0
0
1.13854e-15
1.46856e-16
1.25153e-14
-6.09208e-16
0
-8.74015e-16
0
0
0
0
0
0
0
0
2.8526e-15
0
4.28729e-15
0
0
0
0
0
0
0
0
0
0
0
0
0
0
0
-1.18303e-16
1.54133e-14
-7.09378e-15
0
0
0
0
0
0
0
0
2.8287e-16
0
0
0
0
0
0
0
0
0
0
0
0
0
0
0
0
0
0
0
0
0
0
0
0
0
0
0
1.66997e-15
-1.11922e-14
1.27859e-14
-8.4809e-15
-6.87121e-15
-4.4592e-30
0
-8.48642e-15
-8.01263e-17
-1.6369e-15
0
0
0
1.74695e-16
0
0
0
3.32095e-17
0
0
0
0
0
0
-1.04546e-14
0
-7.04161e-15
9.56649e-15
-3.24798e-16
0
0
0
0
0
0
0
0
0
0
0
0
0
0
0
0
0
0
0
0
0
0
0
0
0
0
0
0
0
0
0
0
0
0
0
0
2.4982e-14
0
0
0
0
0
0
0
0
0
0
0
0
0
0
0
0
0
-2.23614e-30
3.48357e-16
0
0
0
0
0
0
0
0
0
0
0
0
0
0
0
0
0
0
0
0
0
1.18223e-15
0
2.05132e-15
0
0
0
0
0
0
0
0
0
0
0
0
0
0
0
0
0
0
-8.4556e-17
-5.0318e-16
0
0
0
0
0
0
0
0
0
-4.85855e-15
-1.20237e-14
1.19468e-14
0
0
0
0
0
0
0
0
0
0
0
0
0
-1.1749e-15
0
0
0
0
0
0
0
0
0
0
0
0
0
0
0
0
0
0
0
0
0
0
0
0
0
0
0
0
0
0
0
0
0
0
0
0
0
1.33757e-14
0
0
0
0
0
0
0
0
0
0
0
0
0
0
0
0
0
0
0
0
0
0
0
0
0
0
0
0
0
0
0
0
0
0
0
0
0
0
0
0
0
0
0
0
0
0
0
0
0
0
0
0
0
0
0
0
0
0
0
0
0
0
0
0
0
0
0
0
0
0
0
0
0
0
0
0
0
0
0
0
0
0
0
0
0
0
0
0
0
0
0
0
0
0
0
0
0
0
0
0
0
0
0
0
0
-1.08918e-16
1.3252e-14
0
0
0
0
0
0
0
0
0
0
0
0
0
0
0
0
0
0
0
0
0
0
0
0
0
0
0
0
0
0
0
0
0
0
0
0
0
-5.39974e-16
-2.97388e-17
0
0
0
0
0
0
0
0
0
0
0
0
0
0
0
0
0
7.49813e-15
0
0
0
0
0
0
0
0
0
0
0
0
0
0
0
0
0
0
-3.22818e-14
0
0
0
0
0
0
0
0
0
0
0
0
0
-1.45996e-15
0
0
0
0
0
0
0
0
0
0
0
0
0
0
0
0
0
0
0
0
0
0
0
0
0
0
0
0
0
0
0
0
0
0
0
0
0
0
0
0
0
0
0
0
0
0
0
0
0
0
0
0
0
0
0
0
0
0
1.86836e-14
-1.78548e-11
0
0
0
0
0
0
0
0
0
0
0
0
0
0
0
0
0
0
0
0
0
0
0
0
0
0
0
0
0
0
0
0
0
0
0
0
0
0
0
0
6.58847e-18
0
0
0
0
0
0
0
0
0
0
0
0
0
0
0
0
0
0
0
0
0
0
0
0
0
0
0
0
0
0
0
0
0
0
0
0
0
0
0
0
0
0
0
0
0
0
0
0
0
0
-2.23004e-16
4.45661e-15
0
0
0
0
0
0
0
0
0
0
0
0
0
0
0
0
0
0
0
0
0
-2.67813e-29
0
0
0
0
0
0
0
0
0
0
0
0
8.10226e-15
0
0
0
0
0
0
0
0
0
0
0
0
0
0
0
0
0
0
0
1.12894e-15
0
0
0
0
0
0
0
0
0
0
0
0
0
0
0
0
0
0
0
0
0
0
0
0
0
2.37925e-15
0
0
0
0
0
0
0
0
0
0
0
0
0
0
0
0
0
0
0
-2.3136e-16
-5.83439e-17
0
0
0
0
0
0
0
0
0
0
0
0
0
0
0
0
0
0
0
0
0
0
0
0
0
0
0
0
0
-4.05526e-16
0
0
0
0
0
0
0
0
-7.37194e-16
0
0
0
0
0
0
0
0
0
0
-4.17423e-15
1.39115e-16
0
0
0
0
0
0
0
0
0
0
0
0
0
0
0
0
0
0
0
0
0
0
0
0
0
0
0
0
0
0
0
0
0
0
0
0
0
0
0
0
0
-1.15032e-15
4.10972e-16
0
0
0
0
0
0
0
0
-1.14326e-15
0
0
0
0
0
0
0
0
0
0
0
0
0
0
-3.29702e-15
0
0
0
0
0
0
0
0
0
0
0
-5.86664e-16
0
0
0
0
0
0
0
0
0
0
0
0
0
0
0
0
0
0
0
0
0
0
0
0
0
0
0
0
0
0
0
0
1.43574e-14
0
0
0
0
0
0
0
0
0
0
0
0
0
0
0
0
0
0
0
-3.56736e-29
-2.9975e-14
0
0
0
0
0
0
0
0
0
0
0
0
0
0
0
0
0
0
0
0
0
0
0
0
0
0
0
0
0
0
0
0
0
0
0
0
0
0
0
0
0
0
0
2.70611e-16
-2.84972e-17
-7.97471e-17
0
0
0
0
0
0
0
3.22317e-15
6.33537e-15
0
0
0
0
0
0
0
0
0
0
0
0
0
0
0
0
0
0
9.41215e-15
2.72999e-17
0
0
0
0
0
0
0
0
0
0
0
0
0
0
0
0
0
0
0
0
0
0
0
0
0
0
0
0
-8.22244e-15
0
0
0
0
0
0
0
0
0
0
0
0
0
0
0
0
0
0
0
0
0
0
0
0
0
0
0
0
0
0
0
0
0
0
0
0
0
0
0
0
0
0
0
0
0
0
0
0
0
0
0
0
0
0
0
0
0
0
0
0
0
0
0
0
-4.27239e-14
0
0
0
0
0
0
0
0
0
0
0
0
0
0
0
0
0
0
0
0
0
0
0
0
0
0
4.8678e-16
0
0
0
-4.81104e-14
0
0
0
0
0
0
0
0
0
0
0
0
0
0
0
0
0
0
0
0
0
0
0
0
0
0
0
0
0
0
0
0
-1.075e-13
0
0
0
0
0
0
0
0
0
0
0
0
0
0
0
0
0
0
0
0
0
0
0
0
0
0
-9.72467e-16
0
4.60754e-16
0
0
0
0
0
0
0
0
2.00495e-16
-5.14275e-16
0
0
0
0
0
0
0
0
-3.32894e-14
0
-1.23834e-16
0
0
0
0
0
0
0
0
0
0
0
0
0
0
0
0
0
0
-8.65964e-16
1.24421e-15
0
0
0
0
0
0
0
0
0
0
0
0
0
0
0
0
0
0
0
0
0
0
0
0
0
0
0
0
0
0
0
0
0
0
0
0
0
5.1686e-16
0
-1.49953e-16
0
0
0
0
0
0
4.0132e-15
0
0
0
0
0
0
0
0
0
0
0
0
0
0
0
0
0
0
0
0
0
0
0
0
0
0
0
0
-2.06303e-16
4.23542e-17
5.72951e-17
0
0
0
0
0
0
0
0
0
0
0
0
0
0
0
0
0
0
-1.06042e-16
0
0
0
0
0
0
0
0
0
0
0
0
0
0
0
0
0
0
0
0
0
0
0
0
0
0
0
0
0
0
0
0
0
0
0
0
0
0
0
0
0
0
0
0
0
0
0
0
0
0
3.52884e-16
6.39183e-17
0
0
0
0
0
0
0
3.32727e-17
0
0
0
0
0
0
0
0
0
0
0
0
0
0
0
0
0
0
0
0
0
0
0
0
0
0
0
0
0
0
0
0
0
0
0
0
0
0
0
0
0
0
0
0
0
0
0
0
0
0
-4.86855e-16
0
0
0
0
0
0
0
0
0
0
0
0
0
0
0
0
0
0
0
-9.87542e-16
3.13682e-17
0
0
0
0
0
0
0
0
0
0
0
0
2.73476e-15
8.13734e-15
0
0
0
0
0
0
0
-6.1042e-16
-7.82447e-15
0
0
0
0
0
0
0
0
0
0
0
0
0
0
0
0
0
0
0
0
0
0
0
0
0
0
0
0
0
0
0
0
0
0
0
0
0
0
0
0
0
0
0
0
0
0
0
0
0
0
0
0
0
0
0
0
0
0
0
0
0
0
0
0
0
0
3.34786e-14
-1.66859e-14
0
0
0
0
0
0
0
0
-6.38142e-16
0
0
0
0
0
0
0
-3.74432e-14
0
0
0
0
0
0
0
0
0
0
0
0
0
0
0
0
0
0
0
-1.41517e-15
0
0
0
0
0
0
0
0
0
0
0
0
0
0
0
0
0
0
0
0
0
0
0
0
0
0
0
0
0
0
0
0
0
0
0
0
0
0
0
0
0
0
0
0
0
0
0
0
0
0
0
0
0
0
0
0
0
0
0
0
-2.75552e-14
1.17692e-14
-3.78639e-14
0
0
0
0
0
0
0
0
0
0
0
0
0
0
0
0
0
0
0
0
0
0
-2.37784e-14
0
0
0
0
0
0
0
0
0
-1.27455e-15
0
0
0
0
0
0
0
0
0
0
0
0
0
0
0
0
0
0
0
0
0
0
0
0
0
0
0
0
0
-2.36414e-14
0
0
0
0
0
0
0
0
0
0
0
0
0
0
0
0
0
0
0
0
0
0
0
0
0
0
0
0
0
0
0
0
0
0
0
0
0
0
0
0
0
0
0
0
0
0
0
0
0
0
0
0
0
0
0
0
0
0
0
0
0
0
0
0
0
1.83063e-13
0
0
0
0
0
0
0
0
0
0
0
0
0
-1.6579e-14
1.26161e-15
0
0
0
0
0
0
0
0
0
0
0
0
0
0
0
0
0
0
0
0
0
0
0
0
0
0
0
-4.51334e-15
-5.97992e-16
0
0
0
0
0
0
0
0
0
0
0
0
0
0
0
0
0
0
0
0
0
0
0
0
0
0
0
0
0
0
1.07119e-15
0
0
0
0
0
0
0
0
0
0
0
0
0
0
0
0
0
0
0
0
0
0
0
0
0
0
0
0
0
0
0
0
0
0
0
0
0
0
0
0
0
0
0
0
0
-1.26337e-15
0
2.36586e-15
0
0
0
0
0
0
0
0
0
0
0
0
0
0
0
0
0
0
0
0
0
0
0
0
0
0
0
0
0
0
0
0
0
0
0
0
0
0
0
0
2.29489e-16
0
0
0
0
0
0
0
0
0
0
1.11385e-13
0
1.01678e-13
0
0
0
0
0
0
0
0
0
0
0
0
0
0
0
0
0
0
0
0
0
0
0
0
0
0
0
0
0
0
0
0
0
6.81285e-16
0
0
0
0
0
0
0
0
0
0
0
0
0
0
0
0
0
0
0
0
0
0
0
0
0
0
0
1.777e-16
-8.87771e-16
0
0
0
0
0
0
0
0
0
0
0
0
0
0
0
0
0
0
0
0
0
0
0
0
0
0
0
0
0
0
0
0
0
0
0
0
0
0
0
0
0
0
0
0
0
0
0
0
0
0
0
0
0
0
0
0
0
0
0
0
0
0
0
0
0
0
0
0
0
0
-1.25425e-15
1.30768e-32
-5.81568e-16
0
0
0
0
0
0
0
0
0
0
0
0
3.13707e-16
6.26834e-16
0
0
0
1.27599e-16
-1.15643e-14
0
0
0
0
0
0
0
0
0
0
0
0
0
0
0
0
0
0
0
0
0
0
0
0
0
0
0
0
0
0
0
0
0
0
0
0
0
0
0
0
0
0
0
0
0
0
0
0
0
0
0
0
0
0
0
0
0
0
0
0
0
0
0
0
0
0
0
0
0
0
0
0
0
0
0
0
0
0
0
0
0
0
0
0
0
0
0
0
0
0
0
0
0
0
0
0
0
0
0
0
0
0
0
-7.5252e-14
2.89202e-14
0
0
0
0
1.05137e-16
0
0
0
1.6935e-16
1.13784e-14
0
0
0
0
0
0
0
0
0
0
0
0
0
0
0
0
0
0
0
0
0
0
0
0
0
0
0
0
0
0
0
0
0
0
0
0
0
0
0
0
0
0
0
-7.21151e-16
-1.30178e-16
5.76414e-14
0
0
0
0
0
0
0
0
0
1.9065e-16
-1.6707e-16
0
0
0
0
0
0
0
0
0
0
1.43111e-16
0
0
0
0
0
0
0
0
0
0
0
0
0
0
0
0
0
0
0
0
-3.77604e-15
0
0
2.39394e-15
-2.10819e-15
-4.20318e-16
0
0
0
0
0
0
0
1.2262e-15
-5.9277e-14
0
0
0
0
0
0
0
0
0
0
0
0
0
0
0
0
0
0
0
0
0
0
0
0
0
0
0
0
2.22083e-15
0
0
0
0
0
0
0
0
0
0
0
0
0
-4.91446e-16
-6.13749e-16
0
0
0
0
0
0
0
-6.09621e-16
-2.54956e-14
0
0
0
0
0
0
0
0
0
0
0
0
0
0
0
0
0
0
0
0
0
0
0
0
0
0
0
0
0
0
0
0
0
0
0
0
0
0
0
0
-1.53884e-14
0
-6.59129e-14
-2.80561e-15
0
0
0
0
0
0
0
0
0
0
0
0
0
0
0
0
0
0
0
0
0
0
0
0
0
0
0
0
0
0
0
0
0
0
0
0
0
0
0
0
0
0
0
0
0
0
0
0
1.15602e-14
0
0
0
0
0
0
0
0
0
0
0
0
0
0
0
0
0
0
0
0
0
0
0
0
0
0
0
0
0
0
0
0
0
0
0
0
0
0
0
0
0
0
0
0
0
0
0
0
0
0
0
0
0
0
0
0
0
0
0
0
0
0
0
0
0
0
0
0
0
0
0
0
3.16512e-15
0
0
6.95567e-16
0
0
0
0
0
0
0
0
0
0
0
0
0
0
0
0
0
0
0
0
0
0
0
0
0
0
0
0
0
0
0
0
0
0
0
0
0
0
0
0
0
0
0
0
0
0
0
0
0
0
0
0
0
0
0
0
0
0
0
0
0
0
0
0
0
0
0
0
0
0
0
0
0
7.33463e-17
0
0
0
0
0
0
0
2.43373e-15
0
0
0
0
0
0
0
0
0
0
0
0
-6.38628e-15
0
0
0
0
0
0
0
0
0
0
0
0
0
0
0
0
0
0
0
0
0
0
0
0
0
0
0
0
0
0
0
0
0
0
0
-1.12862e-14
3.01586e-14
0
0
0
0
0
0
0
0
0
0
0
0
0
0
0
0
0
0
0
0
0
0
0
0
0
0
0
0
0
0
0
0
0
0
0
0
0
0
0
-2.83672e-15
6.54485e-16
0
0
0
0
0
0
-8.94425e-17
0
0
0
0
0
0
0
0
0
0
0
0
0
0
0
0
2.54291e-15
0
0
0
0
0
0
0
0
0
0
0
0
0
0
1.74449e-15
0
0
0
0
0
0
0
0
0
0
0
0
0
0
0
0
0
0
0
0
0
0
1.71637e-16
0
0
0
0
0
0
0
0
0
0
0
0
0
0
0
0
0
0
0
0
0
0
0
0
0
0
0
0
0
0
0
0
0
0
0
0
0
0
0
0
0
0
0
0
0
0
0
0
0
0
0
0
0
0
0
0
0
0
0
0
0
0
0
0
0
0
0
0
0
0
0
0
0
0
0
0
0
0
0
0
0
0
0
0
0
0
0
0
0
0
0
0
0
0
0
0
0
0
0
0
0
0
0
0
0
0
0
0
0
0
0
0
0
0
0
0
0
0
0
0
0
0
0
0
0
-1.09883e-16
0
0
0
0
-4.97362e-17
7.41263e-17
0
0
0
0
0
0
0
0
0
0
0
0
0
0
0
0
0
0
0
0
0
0
0
0
0
0
0
0
0
0
0
0
0
0
0
0
0
0
0
0
0
0
0
0
0
0
0
0
0
0
0
0
0
0
0
0
0
0
0
0
0
0
0
0
0
0
0
0
0
0
0
0
0
0
0
0
0
0
0
0
0
0
0
0
0
0
0
0
-1.15986e-14
1.96102e-14
0
0
0
0
0
0
0
0
0
0
0
0
0
0
0
0
0
0
0
0
0
0
0
0
0
0
-5.78883e-14
0
0
0
0
0
0
0
0
0
0
0
0
0
0
0
0
0
0
0
0
0
0
0
0
0
0
0
0
0
0
0
0
0
0
0
0
0
0
0
0
0
0
0
0
0
0
0
0
0
0
0
0
0
0
0
0
0
0
0
0
0
0
0
0
0
0
0
0
0
0
0
0
0
0
0
0
0
0
0
4.87629e-16
1.40762e-16
0
0
0
0
0
0
0
0
0
0
0
-1.01404e-16
-1.12515e-16
0
0
0
0
0
0
-1.07985e-15
0
0
0
0
0
0
0
0
0
0
0
0
0
0
0
0
0
0
0
0
0
0
0
0
0
0
0
0
0
0
0
0
0
0
0
7.73244e-16
0
0
0
0
1.95988e-16
-3.56589e-14
0
0
0
0
0
0
0
0
0
0
0
0
0
0
0
-2.03329e-14
0
0
0
0
0
0
0
0
0
0
0
0
0
0
0
0
0
0
0
0
0
0
0
0
0
0
0
0
0
0
0
0
0
0
0
0
0
0
0
0
0
0
0
0
0
0
0
0
0
0
0
0
0
0
0
0
0
0
0
0
0
0
0
0
0
0
0
0
0
0
0
0
0
0
0
0
0
0
0
0
0
0
0
0
0
0
0
7.85395e-17
0
0
0
0
0
0
0
0
0
0
0
0
0
0
0
0
0
0
0
0
0
0
0
0
0
0
0
0
0
0
0
0
0
0
0
0
0
0
0
0
0
0
0
0
0
0
0
0
0
0
0
0
0
0
0
0
0
0
0
0
0
0
0
0
0
0
0
0
0
0
0
0
0
0
0
0
0
0
0
0
0
0
0
0
0
0
0
0
0
0
1.50475e-15
0
-1.15956e-16
0
0
0
2.30122e-14
1.27123e-14
0
0
0
0
0
0
0
0
0
0
0
0
0
0
0
0
0
0
0
0
0
0
0
0
0
0
0
0
0
0
0
0
0
0
0
0
0
0
0
0
0
0
0
0
0
-3.04556e-14
0
0
0
0
0
0
0
0
-1.33324e-16
0
0
0
0
0
0
0
0
0
0
0
0
0
0
0
0
0
0
0
0
0
0
0
0
0
0
0
0
0
0
0
0
0
0
0
0
0
0
0
0
0
0
0
0
0
0
0
0
0
0
0
0
0
0
0
0
0
0
0
0
0
0
0
0
0
0
0
0
0
0
0
0
0
0
0
0
0
0
0
0
0
0
0
0
0
0
0
0
0
0
0
0
0
0
0
0
0
0
0
0
0
0
0
0
0
0
0
0
0
0
0
0
0
0
0
0
0
0
0
0
0
0
0
0
0
0
0
0
0
0
0
0
0
0
0
0
0
0
0
0
0
0
0
0
0
0
0
0
0
0
0
0
0
0
0
0
0
0
0
0
0
0
0
0
0
0
0
0
0
0
0
0
0
0
0
0
0
0
0
0
0
0
0
-1.68334e-16
3.79331e-15
0
0
0
0
0
0
0
0
0
0
0
0
0
0
0
0
0
0
0
0
0
0
0
0
0
0
0
0
0
0
0
0
0
0
0
0
0
0
0
0
0
0
0
0
0
0
0
0
0
0
0
0
0
0
0
0
0
0
0
0
0
0
0
0
0
0
0
0
0
0
0
0
0
0
0
0
0
0
0
0
0
0
0
0
0
0
0
0
0
0
0
0
0
0
0
0
0
0
0
0
0
0
0
0
0
0
0
0
0
0
0
0
0
0
0
0
0
0
0
0
0
0
0
0
0
0
0
0
0
0
0
0
0
0
0
0
0
0
0
0
0
0
0
0
0
0
0
0
0
0
0
0
0
0
0
0
0
0
0
0
0
0
0
0
0
0
0
0
0
0
0
0
0
0
0
0
0
0
0
0
0
0
0
0
0
0
0
0
0
0
0
0
0
0
0
0
0
0
0
0
0
0
0
0
0
0
0
0
0
0
0
0
0
0
0
0
0
0
0
0
0
0
0
0
0
0
0
0
0
0
0
0
0
0
0
0
0
0
0
0
0
0
0
0
0
0
0
0
0
0
0
0
0
0
0
0
0
0
0
0
-1.32817e-15
0
0
0
0
0
0
0
0
0
0
0
0
0
0
0
0
0
0
0
0
0
0
0
0
0
-2.70044e-14
0
0
0
0
0
0
0
0
0
0
0
0
0
0
0
0
0
0
0
0
0
0
0
0
0
0
0
0
0
0
0
0
0
0
0
0
0
0
0
0
0
0
0
0
0
0
0
0
0
0
0
0
0
0
0
0
0
0
0
0
0
0
0
0
0
0
0
0
0
0
0
0
0
0
0
0
0
0
0
0
0
0
0
0
0
0
0
0
0
0
0
0
0
0
0
0
0
0
0
0
0
0
0
0
0
0
0
0
0
0
0
0
0
0
0
0
0
0
0
0
0
0
0
0
0
0
0
0
0
0
0
0
0
0
0
0
0
0
0
0
0
0
0
0
0
0
0
0
0
0
0
0
0
0
0
0
0
0
0
0
0
0
0
0
0
0
0
0
0
0
0
0
0
0
0
0
0
0
0
0
0
0
0
0
0
0
0
0
0
0
0
0
0
0
0
0
0
0
0
0
0
0
0
0
0
0
0
0
0
0
0
0
0
0
0
0
0
0
0
0
0
0
0
0
0
0
-3.93801e-16
-5.65395e-17
0
0
0
0
0
0
0
0
0
0
0
0
0
0
0
0
0
0
0
0
0
0
0
0
0
0
0
0
0
0
0
0
0
0
0
0
0
0
0
0
0
0
0
0
0
0
0
0
0
0
0
0
0
0
0
0
0
0
0
0
0
0
0
0
0
0
0
0
0
0
0
0
0
0
0
0
0
0
0
0
0
0
0
0
0
0
0
0
0
0
0
0
0
0
0
0
0
0
0
0
0
0
0
0
0
0
0
0
0
0
0
0
0
0
0
0
0
0
0
0
0
0
0
0
0
0
0
0
0
0
0
0
0
0
0
0
0
0
0
0
0
0
0
0
0
0
0
0
0
0
0
0
0
0
0
0
0
0
0
0
0
0
0
0
0
0
0
0
0
0
0
0
0
0
0
0
0
0
0
0
0
0
0
0
0
0
0
0
0
0
0
0
0
0
0
0
0
0
0
0
0
0
0
0
0
0
0
0
0
0
0
0
0
0
0
0
0
1.65023e-15
0
0
0
1.96951e-15
-3.35278e-14
0
0
0
0
0
0
0
0
0
0
0
0
0
0
0
0
0
0
0
0
0
0
0
0
0
0
0
0
0
0
0
0
0
0
0
0
0
0
0
0
0
0
0
0
0
0
0
0
0
0
0
0
0
0
0
0
0
0
0
0
0
0
0
0
0
0
0
0
0
0
0
0
0
0
0
0
0
0
0
0
0
0
0
0
1.95626e-15
1.67388e-15
0
0
0
0
0
0
0
0
0
0
0
0
0
0
0
0
0
0
0
0
0
0
0
0
0
0
0
0
0
0
0
0
0
0
0
0
0
0
0
0
0
0
0
0
0
0
0
0
0
0
0
0
0
0
0
0
0
0
0
0
0
0
0
0
0
0
0
0
0
0
0
0
0
0
0
0
0
0
0
0
0
0
0
0
0
0
0
0
0
0
0
0
0
0
0
0
0
0
0
0
0
0
0
0
0
0
0
0
0
0
0
0
0
0
0
0
0
0
0
0
0
0
0
0
0
0
0
0
0
0
0
0
0
0
0
0
0
0
0
0
0
0
0
0
0
0
0
0
0
0
0
0
0
0
0
0
0
0
0
0
0
0
0
0
0
0
0
0
0
0
0
0
0
0
0
0
0
0
1.67243e-15
0
0
0
0
0
0
0
0
0
0
0
0
0
0
0
0
0
0
0
0
0
0
0
0
0
0
0
0
0
0
0
0
0
0
0
0
0
0
0
0
0
0
0
0
0
0
0
0
0
0
0
0
0
0
0
0
0
0
0
0
0
0
0
0
0
0
0
0
0
0
0
0
0
0
0
0
0
0
0
0
0
0
-6.78995e-15
0
0
0
0
0
0
0
0
0
0
0
0
0
0
0
0
0
0
0
0
0
0
0
0
0
0
0
0
0
0
0
0
0
0
0
0
0
0
0
0
0
0
0
0
0
0
0
0
0
0
0
0
0
0
0
0
0
0
0
0
0
3.78109e-14
1.92654e-14
0
0
0
0
0
0
0
0
0
0
0
0
0
0
0
0
0
0
0
0
0
0
0
0
0
0
0
0
0
0
0
0
0
0
0
0
0
0
0
0
0
0
0
0
0
0
0
0
0
0
0
0
0
0
0
0
0
0
0
0
0
0
0
0
0
0
0
0
0
0
0
0
0
0
0
0
0
0
0
0
0
0
0
0
0
0
0
0
0
0
0
0
0
0
0
0
0
0
0
0
0
0
0
0
0
0
0
0
0
0
0
0
0
0
0
0
0
0
0
0
0
0
0
0
0
0
0
0
0
0
0
0
0
0
0
0
0
0
0
0
0
0
0
0
0
0
0
0
0
0
0
0
0
0
0
0
0
0
0
0
0
0
0
0
0
0
0
0
0
0
0
0
0
0
0
0
0
0
0
0
0
0
0
0
0
0
0
0
0
0
0
0
0
0
0
0
0
0
0
0
0
0
0
0
0
0
0
0
0
0
0
0
0
0
0
0
0
0
0
0
0
0
0
0
0
0
0
0
0
0
0
0
0
0
0
0
0
0
0
0
0
0
0
0
0
0
0
0
0
0
0
0
0
0
0
0
0
0
0
0
0
0
0
0
0
0
0
0
0
0
0
0
0
0
0
0
0
0
0
0
0
0
0
0
0
0
0
0
0
0
0
0
0
0
0
0
0
0
0
0
0
0
0
0
0
0
0
0
0
0
0
0
0
0
0
0
0
0
0
0
0
0
0
0
0
0
0
0
0
0
0
0
0
0
0
0
0
0
0
0
0
0
0
0
0
0
0
0
0
0
0
0
0
0
0
0
0
0
0
0
0
0
0
0
0
0
0
0
0
0
0
0
0
0
0
0
0
0
0
0
0
0
0
0
0
0
0
0
0
0
0
0
0
0
0
0
0
0
0
0
0
0
0
0
0
0
0
0
0
0
0
0
0
0
0
0
0
0
0
0
0
0
0
0
0
0
0
0
4.71792e-16
0
0
0
0
0
0
0
0
0
0
0
0
0
0
0
0
0
0
0
0
0
0
0
0
0
0
0
0
0
0
0
0
0
0
0
0
0
0
0
0
2.88758e-14
0
0
0
0
0
0
0
0
0
0
0
0
0
0
0
0
-4.20351e-16
0
0
0
0
0
0
0
0
0
0
0
0
0
0
0
0
0
0
0
0
-1.21173e-14
0
0
0
0
0
0
0
0
0
0
0
0
0
0
0
0
0
0
0
0
0
0
0
0
0
0
0
0
0
0
0
0
0
0
0
0
0
0
0
0
0
0
0
0
0
0
0
0
0
0
0
0
0
0
0
0
0
-5.85299e-16
0
0
0
0
0
0
0
0
0
0
0
0
0
0
0
0
0
0
0
0
0
0
0
0
0
0
0
0
0
0
0
0
0
0
0
0
1.33907e-29
6.60808e-14
0
0
0
0
0
0
0
0
0
0
0
0
0
0
0
0
0
0
0
0
0
0
0
0
0
0
0
0
0
0
0
0
0
0
0
0
0
0
0
0
0
0
0
0
0
0
0
0
0
0
0
0
0
0
0
0
0
0
0
0
0
0
0
0
0
0
0
0
0
0
0
0
0
0
0
0
0
0
0
0
0
0
0
0
0
0
0
0
0
0
0
0
0
0
0
0
0
0
0
0
0
0
0
0
0
0
0
0
0
0
0
0
0
0
0
0
0
0
0
0
0
0
0
0
0
0
0
0
0
0
0
0
0
0
0
0
0
0
0
0
0
0
0
0
0
0
0
0
0
0
0
0
0
0
0
0
0
0
0
0
0
0
0
0
0
0
0
0
0
0
0
0
0
0
0
0
0
0
0
0
0
0
0
0
0
0
0
0
0
0
0
0
0
0
0
0
0
0
0
0
0
0
0
0
0
0
0
0
0
0
0
0
0
0
0
0
0
0
0
0
0
0
0
0
0
0
0
0
0
0
0
0
0
0
0
0
0
0
0
0
0
0
0
0
0
0
0
0
0
0
0
0
0
0
0
0
0
0
0
0
0
0
0
0
0
0
0
0
0
0
0
0
0
0
0
0
0
0
0
0
0
0
0
0
0
0
0
0
0
0
0
0
2.31947e-17
0
0
0
0
0
0
0
0
0
0
0
0
0
0
0
0
0
0
0
0
0
0
0
0
0
0
0
0
0
0
0
0
0
0
0
0
0
0
0
0
0
0
0
0
0
0
0
0
0
0
0
0
0
0
0
0
0
0
0
0
0
0
0
0
0
0
0
0
0
0
0
0
0
0
0
0
0
0
0
0
0
0
0
0
0
0
0
0
0
0
0
0
0
0
0
0
0
0
0
0
0
0
0
0
0
0
0
0
0
0
0
0
0
0
0
0
0
0
0
0
0
0
0
0
0
0
0
0
0
0
0
0
0
0
0
0
0
0
0
0
0
0
0
0
0
0
0
0
0
0
0
0
0
0
0
0
0
0
0
0
0
0
0
0
0
0
0
0
0
0
0
0
0
0
0
0
0
0
0
0
0
0
0
0
0
0
0
0
0
0
0
0
0
0
0
0
0
0
0
0
0
0
0
0
0
0
0
0
0
0
0
0
0
0
0
0
0
0
0
0
0
0
0
0
0
0
0
0
0
0
0
0
0
0
0
0
0
0
0
0
0
0
0
0
0
0
0
0
0
0
0
0
0
0
0
0
0
0
0
0
0
0
0
0
0
0
0
0
0
0
0
0
0
0
0
0
0
0
0
0
0
0
0
0
0
0
0
0
0
0
0
0
0
0
0
0
0
0
0
0
0
0
0
0
0
0
0
0
0
0
0
0
0
0
0
0
0
0
0
0
0
0
0
0
0
0
0
0
0
0
0
0
0
0
0
0
0
0
0
0
0
0
0
0
0
0
0
0
0
0
0
0
0
0
0
0
0
0
0
0
0
0
0
0
0
0
0
0
0
0
0
0
0
0
0
0
0
0
0
0
0
0
0
0
0
0
0
0
0
0
0
0
0
0
0
0
0
0
0
0
0
0
0
0
0
0
0
0
0
0
0
0
0
0
0
0
0
0
0
0
0
0
0
0
0
0
0
0
0
0
0
0
0
0
0
0
0
0
0
0
0
0
0
0
0
0
0
0
0
0
0
0
0
0
0
0
0
0
0
0
0
0
0
0
0
0
0
0
0
0
0
0
0
0
0
0
0
0
0
0
0
0
0
0
0
0
0
0
0
0
0
0
0
0
0
0
0
0
0
0
0
0
0
0
0
0
0
0
0
0
0
0
0
0
0
0
0
0
0
0
8.48472e-14
0
0
0
0
0
0
0
0
0
0
0
0
0
0
0
0
0
0
0
0
0
0
0
0
0
0
0
0
0
0
0
0
0
0
0
0
0
0
0
0
0
0
0
0
0
0
0
0
0
0
0
0
0
0
0
0
0
0
0
0
0
0
0
0
0
0
0
0
0
0
0
0
0
0
0
0
0
0
0
0
0
0
0
3.40863e-14
0
0
0
0
0
0
0
0
0
0
0
0
0
0
0
0
0
0
0
0
0
0
0
0
0
0
0
0
0
0
0
0
0
0
0
0
1.91999e-14
0
-8.65767e-18
-3.2995e-17
0
0
0
0
0
0
0
0
0
0
0
0
0
0
0
0
0
0
0
0
0
0
0
0
0
2.22259e-17
0
0
0
0
0
0
0
0
0
0
0
0
0
0
0
0
0
0
0
0
0
0
0
0
0
0
0
0
0
0
0
0
0
0
0
0
0
0
0
0
0
0
0
0
0
0
0
0
0
0
0
0
0
0
0
0
0
0
0
0
0
0
0
0
0
0
0
0
0
0
0
0
0
0
0
0
0
0
0
0
0
0
0
0
0
0
0
0
0
0
0
0
0
0
0
0
0
0
0
0
0
0
0
0
0
0
0
0
0
0
0
0
0
0
0
0
0
0
0
0
0
0
0
0
0
0
0
0
0
0
0
0
0
0
0
0
0
0
0
0
0
0
0
0
0
0
0
0
0
0
0
0
0
0
0
0
0
0
0
0
0
0
0
0
0
0
0
0
0
0
0
0
0
0
0
0
0
0
0
0
0
0
0
0
0
0
0
0
0
0
0
1.78542e-29
0
0
0
0
0
0
0
0
0
0
0
0
0
0
0
0
0
0
0
0
0
0
0
0
0
0
0
0
0
0
0
0
0
0
0
0
0
0
0
0
0
0
0
0
0
0
0
0
0
4.29895e-16
-5.23152e-15
0
0
0
0
0
0
0
0
0
0
0
0
0
0
0
0
0
0
0
0
0
0
0
0
0
0
0
0
0
0
0
0
0
0
0
0
0
0
0
0
0
0
0
0
0
0
0
0
0
0
0
0
3.85836e-14
0
0
0
0
0
0
0
0
0
0
0
0
0
0
0
0
0
0
0
-2.77465e-15
0
0
0
0
0
0
0
0
0
0
0
0
0
0
0
0
0
0
0
0
-6.16794e-16
0
0
0
0
0
0
0
0
0
0
0
0
0
0
0
0
0
0
0
0
0
0
0
0
0
0
0
0
0
0
0
0
0
0
0
0
0
0
0
0
2.19008e-15
0
0
0
0
0
0
0
0
0
0
0
0
0
0
0
0
0
0
0
0
0
0
0
0
0
0
0
0
0
0
0
0
0
0
0
0
0
0
0
0
0
0
0
0
0
0
0
0
0
0
2.73688e-15
0
0
0
0
0
0
0
0
0
0
0
0
0
0
0
0
0
0
0
0
0
0
0
0
0
0
0
0
0
0
0
0
0
0
0
0
0
0
0
0
0
0
0
0
0
0
0
0
-4.4592e-30
1.2243e-15
0
0
0
0
0
0
0
0
0
0
0
0
0
0
0
0
0
0
0
0
0
0
0
0
0
0
0
0
0
0
0
0
0
0
0
0
0
0
0
0
0
0
0
0
0
0
0
0
0
0
0
0
0
0
0
0
0
0
0
0
0
0
0
0
0
0
0
0
0
0
0
0
0
0
0
0
0
0
0
0
0
0
0
0
0
0
0
0
0
0
0
0
0
0
0
0
0
0
0
0
0
0
0
0
0
0
0
0
0
0
0
0
0
0
0
0
0
0
0
0
0
0
0
0
0
0
0
0
0
0
0
0
0
0
0
0
0
0
0
0
0
0
0
0
0
0
0
0
0
0
0
0
0
0
0
1.25421e-14
0
0
0
0
0
0
0
0
0
0
0
0
0
0
0
0
0
0
0
0
0
0
0
0
0
0
0
0
0
0
0
0
0
0
0
0
0
0
0
0
0
0
0
0
0
0
0
0
0
0
0
0
0
0
0
0
0
0
0
0
0
0
0
0
0
0
0
0
0
0
0
0
0
0
0
0
0
0
0
0
0
0
0
0
0
0
0
0
0
0
0
0
0
0
-3.1045e-14
0
0
0
0
0
0
0
0
0
0
0
0
0
0
0
0
0
0
2.7454e-15
-8.01412e-16
0
0
0
0
0
0
0
0
0
0
0
0
0
0
0
0
0
0
0
0
0
0
0
0
0
0
0
0
0
0
0
0
0
0
0
0
0
0
0
0
0
0
0
0
0
0
0
0
0
0
0
0
0
0
0
0
0
0
0
0
0
0
0
0
5.95665e-14
0
0
0
0
0
0
0
0
0
0
0
0
0
0
0
0
0
0
0
0
0
0
0
0
0
0
0
0
0
0
0
0
0
0
0
0
0
0
0
0
0
0
0
0
0
0
0
0
0
0
0
0
0
0
0
0
0
0
0
0
0
0
0
0
0
0
0
0
0
0
0
0
0
0
0
0
0
0
0
0
0
0
0
0
0
0
0
0
0
0
0
0
0
0
0
0
0
0
0
0
0
0
0
0
0
0
0
0
0
0
0
0
0
0
0
0
1.26319e-14
0
0
0
0
0
0
0
0
0
0
0
0
0
0
0
0
0
0
0
0
0
-2.03439e-16
0
0
0
0
0
0
0
0
0
0
0
0
0
0
0
0
0
0
0
0
0
0
0
0
0
0
0
0
0
0
0
0
0
0
0
0
0
0
0
0
0
2.44146e-14
2.59657e-14
0
0
0
0
0
0
-2.82605e-16
-6.0825e-16
0
0
0
0
0
0
0
0
0
0
0
0
0
0
0
0
0
0
0
0
0
-2.64988e-16
1.45255e-15
0
0
0
0
0
0
0
0
0
0
0
0
0
0
0
0
0
0
0
0
0
0
0
0
0
8.50432e-17
-8.6279e-17
1.02793e-15
0
0
0
0
0
0
0
0
0
0
0
0
0
0
0
0
0
0
0
0
0
0
0
0
0
0
0
0
0
0
0
0
0
0
0
0
0
0
0
0
0
0
0
-5.68351e-17
0
0
0
0
0
0
0
0
0
0
0
0
0
0
0
0
0
0
0
0
0
0
0
0
0
0
0
0
0
0
0
0
0
0
0
0
0
0
0
0
0
0
0
0
0
0
0
0
0
0
0
0
0
0
0
0
0
0
0
0
0
0
0
0
0
0
0
0
0
0
0
0
0
0
0
0
0
0
0
0
0
0
0
0
0
0
0
0
0
0
0
0
0
0
0
0
0
0
0
0
0
6.7776e-17
0
0
0
0
0
0
0
0
0
0
0
1.05632e-16
0
0
0
0
0
0
0
0
0
0
0
0
0
0
0
0
0
0
0
0
0
0
0
0
0
0
0
0
0
0
0
0
0
0
0
0
0
0
0
0
0
0
0
0
0
0
0
0
0
0
0
0
0
0
0
0
0
0
0
0
0
0
0
0
0
0
0
0
0
0
0
0
0
0
0
0
0
0
0
0
0
0
0
0
0
0
0
0
0
0
0
0
0
0
0
0
0
0
0
0
0
0
0
0
0
0
0
0
0
0
0
0
0
0
0
0
0
0
0
0
0
0
0
0
0
0
0
0
0
0
0
0
0
0
0
0
0
0
0
0
0
0
0
0
0
0
0
0
0
0
0
0
0
0
0
0
0
0
0
0
0
0
0
0
0
0
0
0
0
0
0
0
0
0
0
0
0
0
0
0
0
0
0
0
0
0
0
0
0
0
0
0
0
0
0
0
0
0
0
0
0
0
0
0
0
0
0
0
0
0
0
0
0
0
0
0
0
0
0
0
0
0
0
0
0
0
0
0
0
0
0
0
0
0
0
0
0
0
0
0
0
0
0
0
0
0
0
0
0
0
0
0
0
0
0
0
0
0
0
0
0
0
0
0
0
0
0
0
0
0
0
0
0
0
0
0
0
0
0
0
0
0
0
0
0
0
0
0
0
0
0
0
0
0
0
0
0
0
0
0
-9.52483e-17
6.93601e-15
0
0
0
0
0
0
0
0
0
0
0
0
0
0
0
0
0
0
0
0
0
0
0
0
0
0
0
0
0
0
0
0
0
0
-3.16892e-14
0
0
0
0
0
0
0
0
0
0
0
0
0
0
0
0
0
0
0
0
0
0
0
0
0
0
0
0
0
0
0
0
0
0
0
0
0
0
0
0
0
0
0
0
0
0
0
0
0
0
0
0
0
0
0
0
0
0
0
0
0
0
0
0
0
0
0
0
0
0
0
0
0
0
0
0
0
0
0
0
0
0
0
0
0
0
0
0
0
0
0
3.01367e-14
0
0
0
0
0
0
0
0
0
0
0
0
0
0
0
0
0
0
0
0
0
0
0
0
0
0
0
0
0
0
0
0
0
0
0
0
0
3.33109e-17
2.4204e-14
0
0
0
0
0
0
0
0
0
0
0
0
0
0
0
0
0
0
0
0
0
0
0
0
0
0
0
0
0
0
0
0
0
0
0
0
0
0
0
0
0
0
0
0
0
0
0
0
0
0
0
0
0
0
0
2.90978e-17
0
0
0
0
3.39724e-15
0
0
0
0
0
0
0
0
0
0
0
0
0
0
0
0
0
0
0
0
0
0
0
0
0
0
0
0
0
0
0
0
0
0
0
0
0
0
0
0
0
0
0
0
0
-3.91834e-16
0
0
0
0
0
0
0
0
0
0
0
0
0
0
-1.82176e-11
2.7772e-12
0
0
0
0
0
0
0
0
0
0
0
0
0
0
0
0
0
0
0
0
0
0
0
0
0
0
0
0
0
0
-1.02326e-12
0
7.25426e-15
0
0
0
0
0
0
0
0
0
0
0
0
0
0
0
0
0
0
0
0
-3.7104e-12
0
0
0
1.68384e-15
0
0
0
0
0
0
0
0
0
0
2.72853e-15
0
-1.97299e-14
0
0
0
0
0
0
0
0
0
0
0
0
0
0
0
0
0
0
0
0
0
0
0
0
0
0
0
0
0
0
0
0
0
0
0
0
0
0
0
0
0
0
0
0
0
0
0
0
0
-6.44758e-16
0
0
0
0
0
0
0
0
0
-2.92042e-16
5.83877e-16
0
0
0
0
0
0
0
0
0
0
0
0
0
0
0
0
0
0
0
0
0
0
0
0
0
0
0
0
0
0
0
0
0
0
0
0
0
0
0
0
0
0
0
0
0
0
0
0
0
0
0
0
0
0
0
0
0
0
0
0
0
0
0
0
0
0
0
0
0
0
0
0
0
0
0
0
0
0
0
0
0
0
0
0
0
0
0
0
0
0
0
0
0
0
0
0
0
0
0
0
0
0
0
0
0
0
0
0
0
0
0
0
0
0
0
0
0
0
0
0
0
0
0
0
0
0
0
0
0
0
0
0
2.15414e-15
1.59483e-15
0
0
0
0
0
0
0
0
0
0
0
0
0
0
0
0
0
0
0
0
0
0
0
0
0
0
0
0
0
0
0
0
0
0
0
0
0
0
0
0
0
0
0
0
0
0
0
0
0
0
0
0
0
0
0
0
0
0
0
0
0
0
0
0
0
0
0
0
0
0
0
0
1.76532e-16
2.18165e-15
0
0
0
0
0
0
0
0
0
0
0
0
0
0
0
0
0
0
0
0
0
0
0
0
0
0
0
0
0
1.08785e-15
6.89809e-14
0
0
0
0
0
0
0
0
0
0
0
0
0
0
0
0
0
0
0
0
0
0
0
0
0
0
0
0
0
0
0
0
0
0
0
-7.26577e-16
0
0
0
0
0
0
0
0
0
0
0
0
0
0
9.35945e-16
1.40283e-17
5.59035e-31
-6.2353e-16
0
0
0
0
0
0
0
0
0
0
0
0
0
0
0
0
2.48145e-14
-1.08776e-14
0
0
0
0
0
0
0
0
0
0
0
0
0
0
0
0
0
0
3.57967e-15
7.512e-16
0
0
0
0
0
0
0
0
0
0
0
0
0
0
0
0
0
0
0
0
0
-1.64591e-14
0
0
0
0
0
0
0
0
0
0
0
0
0
0
0
0
0
0
0
0
0
0
0
0
0
0
0
0
0
0
0
0
0
0
0
0
0
0
0
0
0
0
0
0
0
0
0
0
0
0
0
0
0
0
0
0
0
0
0
0
0
0
0
0
0
0
0
0
0
0
0
0
0
0
0
0
0
0
0
0
0
0
0
0
0
0
0
0
0
0
0
0
0
0
0
0
0
0
0
0
0
0
0
0
0
0
0
0
0
0
0
0
0
1.7337e-14
0
0
-1.23749e-15
0
0
0
0
0
0
0
0
0
-1.56962e-14
0
0
0
0
0
0
0
0
0
0
0
0
0
0
0
0
0
0
0
0
0
0
0
0
0
0
0
0
0
0
0
0
0
0
0
0
0
0
0
0
0
0
0
0
0
0
0
0
0
0
0
0
0
0
0
0
0
0
0
0
0
0
0
0
0
0
0
0
0
0
0
0
0
0
0
0
0
0
0
-4.06423e-15
7.55612e-16
0
0
0
0
0
0
-4.40814e-17
0
0
0
0
0
0
0
0
0
0
0
0
0
0
0
0
0
0
0
0
-7.90486e-17
0
0
0
0
0
0
0
0
0
0
0
0
0
0
0
0
0
0
0
0
0
0
-9.6165e-15
0
0
0
0
0
0
0
0
0
0
0
0
-2.6491e-17
0
0
0
0
0
0
0
0
-4.78548e-14
0
0
0
0
0
0
0
1.37819e-17
2.65303e-16
0
0
0
0
0
0
0
0
0
1.65955e-16
0
0
0
0
0
0
0
0
0
0
0
0
0
0
0
0
0
0
0
0
0
0
0
0
0
0
0
0
0
0
0
0
0
0
0
-1.46937e-16
1.08814e-16
0
0
0
0
0
0
0
0
0
0
0
0
0
0
0
0
0
0
0
0
0
0
0
0
0
0
0
0
0
0
0
0
0
0
0
0
0
0
2.31133e-14
0
0
0
-1.78507e-15
0
0
0
0
0
4.8622e-15
-1.28966e-14
0
0
0
0
0
0
0
0
0
0
0
0
0
0
0
0
0
0
0
0
0
0
0
0
0
0
0
0
0
0
0
0
0
0
0
0
0
0
0
0
0
0
0
0
0
0
0
0
0
0
0
0
0
0
0
0
0
0
0
0
0
0
0
0
0
0
0
0
0
0
0
0
0
0
0
0
0
0
0
0
0
0
0
0
0
0
0
0
0
0
0
0
0
0
0
0
0
0
0
0
1.16549e-14
0
0
0
0
0
0
0
0
0
0
0
0
0
0
0
0
0
0
0
0
0
0
0
0
0
0
0
-7.69143e-15
5.75328e-16
0
0
0
0
0
0
0
0
0
0
0
0
0
0
0
0
0
0
0
0
2.17071e-15
0
0
0
0
0
0
0
0
0
0
0
0
0
0
0
0
0
0
0
0
0
0
0
0
0
0
0
0
0
0
0
0
0
0
0
0
0
0
0
0
0
0
0
0
3.94018e-15
0
0
0
0
0
0
1.55291e-15
0
0
0
0
9.80805e-16
0
0
0
0
0
0
0
0
0
0
0
0
0
0
0
0
0
0
0
0
0
0
0
0
0
0
0
0
-2.30224e-16
1.09433e-16
0
0
0
0
0
0
0
0
0
0
0
0
0
0
0
0
0
0
0
0
0
0
0
0
0
0
0
0
0
0
0
0
0
0
0
0
-1.7639e-15
-1.48472e-15
0
0
0
0
0
0
0
0
0
0
0
0
0
0
0
0
0
0
0
0
0
0
0
0
0
0
0
0
0
0
0
0
0
0
0
0
0
0
0
0
0
0
0
0
0
0
0
0
0
0
0
0
0
0
4.89873e-16
0
0
0
0
0
0
0
0
0
0
0
0
0
0
0
0
0
0
0
0
0
0
0
0
0
0
-3.29208e-16
0
-4.57135e-16
0
0
0
0
0
0
0
0
0
0
-6.44242e-17
0
0
0
0
0
0
0
0
0
0
0
0
0
0
0
0
0
0
0
0
0
0
0
0
0
0
0
0
0
0
0
0
0
0
0
0
0
0
0
0
0
0
0
0
0
0
0
0
0
0
0
0
0
0
0
0
0
0
0
0
0
0
0
0
0
0
0
0
0
0
0
0
0
0
0
0
3.6325e-15
0
0
0
0
0
0
0
0
0
0
0
1.09444e-16
0
0
0
0
0
0
0
0
0
0
0
0
0
0
0
0
0
0
0
0
0
0
0
1.37329e-17
-1.58524e-15
4.08138e-17
-4.51495e-16
1.29043e-16
0
0
0
0
0
0
0
0
0
0
0
0
0
0
0
0
0
0
0
0
0
0
0
0
0
0
0
0
0
0
0
0
0
0
0
0
0
0
0
0
0
0
-2.77883e-31
4.45639e-17
0
0
0
0
0
0
0
0
0
0
0
0
0
0
0
0
0
0
0
0
0
0
1.46287e-07
-1.61979e-07
1.60919e-07
-1.55532e-07
1.63064e-07
0
0
0
0
0
0
0
0
0
0
0
0
7.71793e-17
-3.65499e-17
0
0
0
0
0
0
0
0
0
0
0
0
0
0
-1.42719e-07
1.35113e-07
0
0
0
0
0
0
0
0
0
0
0
0
0
0
-1.58106e-07
1.41961e-07
0
0
0
0
0
0
0
0
0
0
0
0
0
7.99075e-08
3.36793e-08
3.93327e-08
8.4883e-08
1.11971e-07
5.25679e-08
1.08075e-07
2.43233e-08
5.41111e-08
1.04102e-07
9.07742e-08
5.26266e-08
1.07149e-07
4.4597e-08
0
0
0
0
0
0
0
0
0
0
0
0
0
0
0
0
0
0
0
0
0
0
0
0
-2.82686e-16
-8.76518e-16
0
0
0
0
0
0
0
8.39782e-15
5.37737e-16
-5.77652e-16
0
0
0
0
0
0
0
0
0
0
0
0
0
0
0
0
0
0
0
0
0
0
0
0
0
0
0
0
0
0
0
0
0
0
0
0
0
-1.11594e-15
0
0
0
0
0
0
0
0
0
0
0
0
0
0
0
0
0
0
0
0
0
0
0
0
0
0
0
0
0
0
0
0
0
0
0
0
0
0
0
0
0
0
0
0
0
0
0
0
0
0
0
0
0
0
-1.47117e-16
-4.08418e-16
0
0
0
0
0
0
0
0
0
0
0
0
0
0
0
0
0
1.78296e-16
0
0
0
0
0
0
0
0
0
0
0
0
0
0
0
0
0
0
-6.95521e-12
0
0
0
0
0
0
0
0
0
0
0
0
0
0
0
0
0
0
0
0
-9.70512e-15
0
0
0
0
0
0
0
0
0
0
0
0
0
0
0
0
0
0
0
0
-2.99486e-16
6.7813e-15
0
0
0
0
0
0
0
0
2.12086e-16
-8.20256e-15
0
0
5.10349e-16
0
8.20117e-15
0
0
0
0
0
0
0
0
-1.27138e-14
0
0
0
0
0
0
0
0
0
0
0
0
0
0
0
0
0
6.44485e-16
1.51159e-16
0
0
0
0
0
0
0
0
0
0
0
8.09702e-08
3.47426e-08
2.05483e-14
0
0
0
0
0
-3.42207e-16
0
0
0
0
0
0
0
0
0
0
0
0
0
0
0
0
0
0
0
0
0
0
0
0
0
0
0
0
0
0
0
0
2.58693e-08
1.04456e-07
8.58747e-08
4.04598e-08
0
0
0
0
0
0
0
0
0
0
0
0
0
-6.9284e-17
0
0
3.65373e-15
0
0
0
0
0
0
0
0
0
0
0
0
0
0
2.30738e-16
0
0
0
0
0
0
0
4.30652e-08
7.91532e-08
0
0
0
0
0
0
0
0
0
5.52124e-08
8.61265e-08
0
0
0
5.37912e-17
0
0
0
0
0
1.48022e-15
-1.23807e-15
0
0
0
0
0
0
0
0
0
0
0
2.02425e-15
0
0
0
0
0
0
0
2.3818e-16
-4.69916e-15
-2.7901e-16
9.52323e-16
0
0
0
1.05246e-07
5.5092e-08
0
0
0
0
0
0
0
0
0
0
0
0
0
5.06306e-08
9.90858e-08
0
0
1.21646e-15
-3.5683e-17
1.70788e-16
0
0
0
0
0
0
0
0
0
0
4.20221e-08
7.7995e-08
0
0
0
0
0
0
0
0
0
0
0
0
0
0
0
0
0
0
0
0
0
0
0
0
0
0
0
0
0
0
0
0
0
0
0
0
0
0
0
0
0
5.22005e-15
0
0
0
0
0
0
0
0
0
0
0
0
0
0
0
0
0
0
0
0
0
0
0
0
0
0
0
0
0
0
0
0
0
0
0
0
0
0
0
0
0
9.40552e-08
2.36276e-08
0
0
1.50276e-07
-1.49371e-07
0
0
0
0
0
0
0
0
0
0
0
0
0
0
0
0
0
0
1.53467e-07
-1.59058e-07
0
0
0
0
0
0
2.8831e-14
0
0
0
0
-1.95132e-15
0
0
0
0
0
0
0
0
0
0
0
0
0
0
0
0
0
0
0
0
0
0
0
0
0
0
0
-8.91755e-15
0
0
0
0
0
0
0
0
0
0
0
0
3.72079e-08
9.11862e-08
0
0
0
0
0
0
0
0
0
0
0
0
0
0
0
0
0
0
0
0
0
0
0
0
0
0
0
0
0
0
0
-8.12815e-17
0
0
0
0
0
0
0
0
0
0
0
0
0
-3.59621e-17
6.71136e-17
0
0
0
0
0
0
0
0
0
0
0
0
0
0
0
0
0
0
0
0
0
0
0
0
0
0
0
0
0
0
0
0
0
0
0
0
-4.93834e-17
0
0
0
0
0
0
0
0
0
0
0
0
0
0
0
1.57666e-07
-1.48329e-07
-1.39371e-07
1.53002e-07
0
0
0
0
0
0
-1.7246e-15
0
0
0
0
0
0
0
0
0
0
0
0
0
0
0
0
0
0
0
-1.71905e-07
1.62183e-07
0
0
0
0
0
0
0
6.08515e-08
7.84538e-08
0
1.4515e-07
-1.59236e-07
0
-2.93761e-15
0
-1.7686e-14
0
0
0
0
0
0
0
7.21272e-15
0
0
0
-3.58335e-16
0
0
0
0
0
0
0
0
0
0
0
0
0
0
0
0
0
0
1.38225e-16
0
0
0
0
0
0
0
0
-7.14972e-18
-4.68168e-17
0
0
0
0
0
0
0
0
0
0
0
0
0
0
0
0
0
0
0
0
0
0
0
0
0
0
0
0
0
0
0
0
0
0
0
0
0
0
0
0
0
0
0
0
0
0
0
0
0
0
5.69884e-08
1.05501e-07
0
0
0
0
0
0
0
0
0
0
0
0
0
0
0
0
0
0
0
0
0
0
0
0
0
0
0
0
0
0
0
0
0
0
0
0
0
5.8744e-08
8.8965e-08
0
0
0
0
0
0
0
1.58745e-14
-3.21381e-15
0
0
0
0
0
0
0
0
0
0
0
0
0
0
0
0
0
0
0
0
0
0
0
0
0
0
0
0
0
0
0
0
0
6.00102e-17
0
0
0
0
0
0
0
0
0
0
0
0
0
0
0
0
0
0
0
0
0
0
0
0
0
0
0
8.16724e-16
0
0
0
0
0
0
0
0
0
0
0
0
-6.43973e-16
-7.80752e-15
0
0
0
0
0
0
0
0
0
0
1.26249e-16
-8.38731e-17
0
0
0
0
0
0
0
0
0
0
0
0
0
0
0
0
0
0
0
0
0
0
0
0
0
0
0
0
0
0
0
0
0
1.66032e-16
2.328e-15
0
0
0
0
0
0
0
0
0
0
0
0
0
-1.77091e-16
4.57959e-14
0
0
0
0
2.8636e-14
0
0
0
0
0
0
0
0
0
0
0
0
0
-5.21282e-16
0
0
0
0
0
0
0
0
0
1.80028e-15
0
0
0
0
-2.07511e-15
0
-3.36669e-16
0
0
0
0
0
0
0
0
0
0
0
0
-3.35541e-16
0
0
0
-1.47977e-16
-3.98824e-15
1.49057e-07
-1.45957e-07
0
0
0
0
0
0
0
0
0
0
0
0
0
0
0
0
0
-9.53115e-15
0
0
0
0
-5.84643e-16
1.07005e-14
0
0
0
0
0
0
0
0
0
0
0
0
0
6.13987e-15
1.95364e-16
0
0
0
0
0
0
0
0
5.6839e-17
0
0
0
0
0
0
0
0
0
0
0
0
0
0
0
0
0
0
0
8.76411e-15
0
0
0
0
0
0
1.94408e-16
7.19526e-16
-1.71644e-16
0
0
0
3.24831e-15
-3.88126e-17
0
0
0
0
0
0
0
0
0
0
0
0
0
0
0
-3.70072e-16
0
0
0
0
0
0
0
0
0
0
0
0
0
0
0
-1.56805e-07
1.38607e-07
0
0
-1.38852e-16
-2.69478e-15
0
0
0
0
0
0
0
0
0
0
2.19622e-15
3.0646e-16
5.92781e-16
0
0
0
1.2747e-15
0
0
0
0
0
0
0
0
-2.7406e-15
0
0
0
2.17947e-33
0
0
0
0
0
0
0
0
0
0
0
0
0
0
0
0
0
0
0
0
0
0
0
0
0
-9.23518e-17
-3.02439e-15
-5.19906e-15
0
0
0
0
0
-4.97403e-15
0
0
0
0
0
0
0
0
0
0
0
0
0
0
0
0
0
0
0
0
0
0
0
-8.36917e-31
1.06465e-16
0
0
0
0
0
-8.48613e-17
0
0
0
0
0
0
0
0
0
0
0
0
0
0
0
0
0
0
0
1.54864e-07
-1.43386e-07
0
0
0
0
0
0
0
0
0
0
-2.17939e-15
0
0
0
0
0
0
0
0
-7.49415e-15
0
0
0
0
0
0
-3.35617e-15
-3.77959e-15
0
0
0
0
0
0
0
0
0
0
0
-1.48009e-07
1.36196e-07
0
0
0
0
0
0
0
0
0
0
0
0
0
-3.31094e-15
0
0
0
0
0
0
0
0
0
0
2.99264e-16
0
0
0
0
0
0
0
0
0
0
0
5.08579e-15
0
0
0
-2.81325e-15
-1.44622e-16
0
0
0
0
0
0
0
0
0
0
0
0
0
0
0
0
1.42003e-16
0
-8.0956e-15
0
0
0
0
0
0
0
0
0
0
0
0
0
0
0
0
0
0
0
0
0
0
0
0
0
0
0
0
0
0
0
0
0
0
0
0
-3.79339e-17
0
0
0
0
0
0
0
0
0
0
0
-1.7969e-11
1.93105e-12
0
-3.71233e-14
2.88961e-14
0
0
0
0
0
0
0
0
0
0
0
0
0
0
0
0
-2.17621e-16
0
0
-1.84812e-17
0
0
0
0
0
0
0
0
0
6.65912e-13
0
0
0
0
0
0
0
0
0
0
0
0
0
0
-1.30191e-15
9.11306e-16
0
0
0
0
0
0
0
0
1.73031e-12
0
0
0
0
-5.44353e-15
0
0
0
0
0
0
0
0
0
-2.58047e-15
0
0
-6.59574e-16
0
0
0
1.54861e-15
0
0
0
0
0
0
0
0
0
0
0
0
0
0
0
0
2.79471e-12
0
2.68846e-12
0
0
1.69097e-15
0
0
0
0
0
-8.42208e-16
1.60447e-15
0
0
0
0
0
0
0
0
0
0
-1.18886e-15
-6.39634e-12
-2.72924e-12
0
0
4.62753e-17
0
0
0
0
0
0
0
0
0
0
0
0
0
0
0
0
3.93887e-13
0
0
0
0
0
0
0
0
0
0
0
0
0
0
0
0
0
0
0
0
0
0
0
0
0
0
0
0
0
0
0
0
0
0
0
0
0
0
0
1.96848e-11
0
0
1.33821e-16
2.24894e-17
0
0
0
0
0
0
0
0
0
0
0
-2.36942e-16
0
0
0
0
0
0
0
0
0
1.90562e-11
0
0
0
4.45015e-16
0
0
0
0
-4.04235e-16
1.43492e-16
0
0
0
0
1.15264e-16
0
0
0
0
0
0
0
0
0
0
5.41538e-16
3.37866e-15
4.42127e-17
0
0
0
0
0
0
0
0
0
0
0
0
0
0
0
0
0
0
0
0
0
0
0
0
0
0
0
0
2.18692e-11
0
0
0
0
0
0
0
0
-1.21117e-14
0
0
0
1.66818e-14
0
0
0
0
-5.72064e-16
2.25646e-16
0
0
-5.16156e-16
4.20643e-16
0
0
0
0
0
0
0
0
0
0
0
0
0
-3.78291e-15
3.50528e-15
0
0
0
0
0
0
0
-4.1213e-15
-1.64997e-16
7.44224e-14
0
0
0
0
0
0
0
0
0
0
0
0
0
0
0
0
0
0
0
0
0
0
0
0
0
0
0
0
0
0
0
0
7.49169e-13
0
4.986e-16
0
0
0
0
0
0
0
0
0
0
0
0
0
0
0
0
0
0
0
0
0
0
0
0
0
0
0
0
2.57055e-16
0
0
0
-9.4011e-16
0
0
0
0
0
0
2.39176e-16
0
0
0
0
0
0
0
0
0
0
0
0
0
0
-8.75599e-13
8.9012e-13
0
0
0
0
0
0
2.1689e-16
1.0181e-15
0
0
0
0
0
0
-2.28909e-16
0
0
0
0
0
0
-5.8911e-16
1.00986e-15
0
0
0
0
0
0
1.08605e-07
5.81068e-08
0
0
0
0
0
0
0
0
0
0
0
0
0
0
-1.62221e-07
1.41907e-07
0
0
0
0
0
0
0
0
0
0
0
0
-5.53968e-16
0
0
0
0
0
0
0
0
0
0
0
0
0
0
0
0
0
0
0
0
0
0
4.52431e-14
0
0
0
0
0
0
0
0
0
0
0
0
0
0
0
0
0
0
0
0
0
0
0
0
0
0
0
0
0
0
0
0
0
-3.86242e-16
0
0
0
0
0
0
0
0
0
0
0
0
0
7.62399e-17
-3.60898e-17
0
0
0
0
0
0
0
0
0
2.09742e-11
0
0
0
0
0
0
0
0
0
0
0
0
0
-1.95467e-16
0
0
0
0
0
-1.52176e-15
-2.52862e-15
-1.21668e-16
0
2.2273e-12
0
0
-2.74303e-16
0
0
0
0
0
0
0
0
0
0
0
0
0
-6.77385e-15
-8.44837e-17
0
0
0
0
0
0
-1.79793e-14
0
0
2.40127e-15
-7.57939e-17
0
0
0
0
0
0
0
0
0
0
0
0
0
0
0
0
0
0
0
0
0
0
0
0
0
0
0
0
0
0
0
1.63207e-15
0
0
0
0
0
1.70554e-15
3.09327e-17
-9.5598e-17
0
0
0
0
0
0
0
0
0
0
0
2.33183e-15
0
1.2451e-15
7.16539e-16
0
0
0
0
0
0
3.16175e-15
6.70406e-30
0
0
0
0
0
6.3218e-17
0
0
0
0
2.36004e-15
-8.89606e-16
0
-1.22767e-15
0
0
0
0
0
0
0
0
0
1.74462e-16
0
0
0
0
0
0
1.36932e-16
1.14928e-16
0
-5.99748e-16
3.40516e-16
7.36387e-16
-2.25649e-15
0
0
0
0
0
2.30475e-15
-2.05723e-15
-2.05054e-15
1.00016e-16
0
0
1.19703e-15
0
0
-7.8479e-16
0
0
0
0
0
0
0
0
0
0
0
0
0
0
0
1.03559e-15
0
0
0
0
5.15268e-08
1.0453e-07
0
0
0
1.86549e-15
3.27648e-17
-8.37236e-15
-1.28734e-15
0
0
0
0
0
1.10344e-07
-1.23328e-15
-3.38161e-17
0
0
0
-4.02569e-14
0
0
0
0
0
0
0
-1.69116e-17
2.82669e-17
0
-7.76761e-17
-1.23602e-17
0
2.98588e-15
-3.10978e-16
0
0
0
0
0
0
0
2.01314e-14
0
0
7.18373e-15
2.07601e-16
0
0
0
0
0
0
0
0
0
0
0
0
0
0
0
0
0
0
0
0
0
0
0
0
0
0
0
0
0
0
0
-1.69654e-11
0
0
0
0
0
0
0
0
0
0
0
0
0
0
0
0
0
-6.14342e-17
0
0
0
0
0
0
0
0
0
0
0
0
0
0
1.67687e-12
0
0
0
0
0
0
0
0
0
0
0
0
-1.82434e-16
0
0
0
0
0
0
0
-1.11807e-30
0
0
0
0
0
0
0
0
0
0
0
0
0
0
0
0
0
0
1.89611e-15
-1.73785e-16
0
0
3.13451e-12
0
0
0
0
0
0
0
0
0
0
0
0
0
0
0
0
0
0
0
0
-1.98776e-17
0
0
0
0
0
0
0
0
7.02442e-17
0
0
0
0
0
0
0
0
0
0
0
0
0
0
0
0
0
0
1.77739e-11
0
1.20942e-14
0
0
0
0
0
0
0
0
0
0
2.84385e-13
-2.9304e-12
1.09924e-12
4.40877e-13
0
0
0
0
0
0
1.78018e-11
0
0
0
0
0
0
0
0
0
0
0
0
0
0
0
0
0
2.98542e-14
-1.11641e-07
0
0
-2.09579e-17
0
0
0
0
0
0
0
0
0
0
0
0
0
0
0
0
0
0
0
0
0
0
0
0
0
0
0
0
0
0
0
0
0
3.43938e-15
2.67435e-15
0
-2.90913e-15
0
0
0
0
0
0
0
0
0
-1.06499e-17
1.30918e-15
-1.01455e-16
0
0
0
0
0
0
0
0
1.2183e-15
-7.26002e-17
0
0
0
0
0
0
0
0
0
0
0
0
0
-3.77291e-14
0
0
0
0
0
0
0
0
0
0
0
0
0
0
0
0
0
0
0
0
0
0
0
0
0
0
0
0
0
4.21842e-08
0
0
-1.54903e-14
0
0
0
0
0
0
0
0
0
0
0
0
0
0
0
0
0
0
0
0
0
-3.82698e-17
0
0
0
0
0
4.11404e-13
0
0
0
0
0
0
0
0
0
0
0
0
0
0
0
0
0
0
0
0
0
0
0
0
0
0
0
0
0
0
0
0
8.68996e-15
0
0
0
0
0
0
0
0
0
0
0
0
0
0
0
0
0
0
-2.45467e-16
0
0
-1.18866e-16
0
0
0
0
0
0
0
0
0
5.25138e-16
0
0
0
0
3.86723e-15
0
0
0
0
0
0
0
0
0
0
0
-6.10235e-17
0
0
0
0
0
0
0
0
0
0
0
0
0
0
0
0
0
0
0
0
0
0
0
0
0
0
0
0
0
0
0
0
0
0
0
0
0
0
0
0
1.87497e-15
-1.65807e-15
0
0
0
0
0
0
0
0
0
0
0
0
0
0
0
0
0
0
0
0
0
0
0
0
0
0
0
0
-7.9385e-12
1.59139e-12
0
0
0
0
0
0
0
0
1.59072e-15
0
0
0
0
0
0
0
1.02186e-16
0
0
0
0
0
0
0
0
0
0
-1.70438e-16
0
0
0
0
0
0
0
0
0
0
0
0
0
0
0
0
0
0
0
0
0
0
0
0
0
0
0
0
0
0
0
0
0
0
0
0
0
0
-3.35444e-12
5.42288e-13
0
0
0
0
0
0
0
2.29788e-16
-7.63144e-16
7.88854e-17
0
0
0
0
0
0
0
0
0
5.16272e-17
-6.09899e-17
0
0
0
0
0
0
0
0
0
0
0
0
0
0
0
0
0
1.77439e-11
0
0
0
0
3.51102e-16
0
0
0
0
0
0
0
0
0
0
0
0
0
0
-5.51019e-12
0
0
0
0
0
0
0
-5.07561e-16
0
0
0
0
0
0
0
0
2.93469e-16
0
0
0
0
-3.3494e-15
0
0
0
0
0
3.06082e-12
0
0
0
0
4.28327e-17
0
-1.51409e-16
0
0
0
0
0
0
0
0
0
0
0
0
-2.43247e-16
0
0
0
-4.47228e-30
0
0
0
0
-1.89787e-16
0
-4.85734e-12
0
0
0
0
0
0
0
0
0
0
0
0
0
0
0
0
0
1.20697e-15
0
0
0
0
-2.88606e-16
0
0
0
0
-1.98366e-15
0
0
0
0
-5.5872e-14
0
0
0
0
0
0
0
0
0
0
0
0
0
0
0
0
0
0
0
0
0
0
0
0
0
0
0
0
0
1.11807e-30
0
0
0
0
0
0
0
0
0
0
0
0
0
0
0
0
0
0
0
0
0
0
0
0
0
0
0
0
-1.55473e-15
0
0
0
0
0
0
0
0
2.36532e-15
-4.12554e-16
0
0
0
0
-3.88541e-16
0
0
0
0
0
0
0
0
0
0
0
0
0
0
0
0
0
0
0
-1.43394e-17
0
1.35589e-16
0
0
2.63098e-15
-2.71453e-15
0
0
0
0
0
0
0
0
0
0
0
0
0
0
0
0
6.94187e-15
0
0
0
0
0
0
0
0
0
0
0
0
-5.43292e-16
0
0
0
0
0
0
0
0
0
0
0
0
0
-1.07703e-16
1.30784e-15
0
0
0
0
0
0
0
0
0
0
0
0
0
0
0
0
0
0
0
-2.48794e-15
0
0
0
0
0
8.33729e-12
1.63408e-15
8.93148e-30
0
0
0
0
0
0
0
0
0
1.60248e-15
0
0
0
0
0
0
0
0
0
0
0
0
0
0
0
0
0
0
0
0
0
0
-1.08406e-15
0
0
1.1387e-15
0
0
0
0
0
0
0
0
0
0
0
0
0
0
0
0
3.21109e-15
0
0
0
0
0
0
0
0
0
0
0
0
0
0
0
0
0
0
0
0
0
2.22289e-16
0
0
0
0
0
0
0
-6.09918e-15
0
0
0
0
0
0
0
0
-4.03347e-15
0
0
0
0
0
0
0
5.28638e-15
0
0
0
0
0
0
0
0
0
0
0
0
0
0
0
6.16714e-15
0
0
4.34443e-15
-1.55533e-12
0
0
0
0
0
0
0
0
0
0
1.74303e-15
0
0
0
0
0
0
0
0
0
0
0
0
0
0
0
0
0
0
0
0
0
0
0
0
0
0
0
0
0
0
0
0
0
0
0
0
0
0
0
0
0
0
0
0
0
0
0
0
0
0
0
0
0
0
0
0
0
0
0
-4.09383e-17
0
0
0
0
0
0
0
0
0
0
0
0
0
0
0
0
0
0
0
0
0
0
0
0
0
0
0
0
0
0
0
0
0
0
0
0
0
0
0
0
0
0
0
0
0
0
-5.48695e-15
0
0
0
0
0
0
0
0
0
0
0
-4.18576e-17
0
0
0
0
-1.14405e-14
0
0
0
0
-9.95075e-16
-1.38534e-16
-1.05205e-15
-1.28826e-15
-6.67869e-12
3.00377e-17
0
0
0
0
0
0
0
0
0
0
0
0
0
0
0
0
0
0
0
0
0
0
0
0
0
0
0
0
0
0
0
0
0
0
-8.81936e-08
0
0
0
0
0
0
0
0
0
0
0
1.52964e-17
1.97091e-17
-1.18848e-16
0
0
0
0
0
0
0
0
0
0
0
0
0
0
0
0
0
0
0
0
-2.64534e-16
0
0
0
0
0
0
0
0
0
0
0
0
3.52485e-16
1.6528e-14
0
0
0
0
0
0
0
-1.63295e-15
0
0
0
0
0
0
3.02963e-13
0
0
0
0
0
0
0
0
0
0
0
0
0
0
0
0
0
0
0
0
-6.76918e-18
0
0
0
0
0
0
0
0
0
0
0
0
0
0
0
0
-7.53066e-17
0
0
0
0
0
0
0
0
0
0
0
0
0
0
1.00542e-14
3.21949e-15
0
0
0
0
0
0
0
0
0
0
-6.02387e-17
8.4109e-16
0
0
0
0
0
0
0
0
-5.7372e-08
0
-4.80053e-15
0
0
0
0
-3.5052e-16
-3.73914e-15
0
0
0
0
0
-6.69534e-30
0
0
0
0
0
0
0
0
0
0
0
0
0
0
0
0
0
0
0
1.64919e-15
0
0
0
0
0
0
0
0
0
0
0
0
0
0
0
0
0
0
0
0
0
0
0
0
0
0
0
0
-8.58977e-08
0
0
0
0
0
0
0
0
0
0
-1.97218e-11
0
0
0
0
1.31804e-16
0
-2.61939e-16
0
0
1.48351e-15
5.55765e-31
0
0
-6.56233e-08
0
0
0
0
0
0
0
0
0
-2.23636e-17
0
0
0
0
0
0
1.95546e-15
2.14148e-15
0
0
0
0
0
0
0
0
0
0
0
0
0
-7.98649e-16
0
0
0
0
0
0
0
0
2.50113e-15
0
0
0
0
0
0
0
0
0
0
0
0
0
0
0
0
0
0
0
0
1.13253e-07
0
0
3.96342e-16
1.06594e-07
0
0
0
1.04024e-16
0
0
0
0
-2.07271e-15
-2.10336e-15
0
0
0
0
0
0
-3.3863e-15
0
0
0
0
0
0
0
0
0
0
1.18082e-17
-2.34084e-15
0
0
-6.73936e-17
4.18459e-31
0
0
0
0
0
0
0
0
0
0
0
0
2.27322e-17
0
0
0
0
0
0
0
0
0
3.28985e-17
0
-1.0929e-14
0
0
0
-1.09999e-07
0
0
0
0
0
0
0
0
1.77202e-16
0
0
0
0
0
0
0
0
0
0
0
0
0
0
0
0
0
8.64241e-16
0
-4.15843e-17
0
0
0
0
0
0
0
0
0
0
0
0
0
-8.66385e-16
0
0
0
0
0
0
0
0
0
0
0
0
-9.0449e-16
0
0
0
0
0
0
0
0
0
-5.30487e-17
0
0
0
0
0
-1.11845e-07
0
0
0
1.28145e-14
0
0
0
0
-2.26683e-15
0
0
0
0
0
0
0
0
0
0
0
0
0
0
0
0
0
0
0
0
0
0
-9.04051e-16
0
0
0
0
0
0
0
0
0
0
0
0
0
0
0
0
0
0
-4.27939e-15
0
0
0
0
0
0
0
0
6.20185e-13
0
0
0
0
0
0
0
0
0
0
0
0
0
0
0
0
0
0
0
0
0
0
0
0
1.30685e-16
0
0
0
0
0
0
0
1.17417e-15
0
0
0
0
0
0
0
2.09506e-16
0
0
0
0
0
0
0
0
0
0
0
0
0
0
0
0
0
0
0
0
0
0
0
0
0
0
0
0
0
0
0
0
0
0
0
0
0
0
0
-8.26064e-16
0
2.93335e-15
0
0
0
0
0
0
0
0
0
0
0
0
0
6.04766e-17
0
0
0
0
0
0
0
0
0
0
0
0
0
0
0
0
0
0
0
0
0
0
0
0
0
0
0
0
0
0
0
4.82218e-17
0
0
0
0
0
0
0
-8.55449e-17
3.11132e-15
0
0
0
0
0
1.55421e-15
1.82943e-15
0
0
0
0
0
0
0
0
0
0
0
0
0
0
0
0
0
0
0
0
0
0
0
0
0
0
0
0
0
-1.65658e-16
0
0
0
0
0
0
0
0
-1.76667e-16
0
0
0
0
0
0
0
0
0
0
0
0
0
0
0
0
0
0
0
0
0
0
0
1.31265e-16
1.98048e-15
0
0
0
0
0
0
0
0
0
0
0
0
0
0
0
0
-4.29142e-15
0
0
0
0
0
0
0
0
0
0
0
0
0
0
0
0
0
0
0
0
0
0
0
0
0
0
1.2532e-30
0
0
-1.33574e-15
0
0
0
0
0
0
0
0
0
0
0
0
0
0
0
0
0
0
0
0
0
0
0
0
0
0
0
0
2.28656e-17
0
0
0
0
0
0
0
0
0
0
0
0
0
0
0
0
0
0
0
0
0
0
0
0
0
0
0
0
0
0
0
0
0
0
0
0
0
0
1.08006e-15
0
-3.00383e-17
-2.51368e-16
0
0
0
0
0
0
0
0
0
0
0
0
0
0
0
0
0
0
0
0
0
0
-2.79432e-16
0
0
0
0
0
1.15183e-15
1.21149e-16
0
0
0
0
0
0
0
0
0
0
0
0
0
0
0
0
0
0
0
4.94163e-16
0
0
0
0
0
0
0
0
0
0
0
0
0
0
0
0
0
0
0
0
0
0
0
0
0
0
0
0
0
0
0
0
0
0
-6.02208e-17
0
0
0
0
0
0
0
-4.49843e-30
0
0
0
0
0
0
0
0
0
0
0
0
0
0
0
0
0
0
0
0
0
0
0
7.1635e-08
0
0
-1.03155e-12
0
0
0
0
0
0
0
0
0
0
0
0
0
0
0
0
0
0
0
0
0
0
0
0
0
0
0
0
0
1.9942e-15
0
0
0
0
0
0
0
0
0
0
-1.48589e-15
0
0
-6.25487e-17
0
0
0
0
0
0
0
0
0
0
0
0
0
0
0
0
0
0
0
0
0
0
0
0
0
0
-4.92878e-16
0
0
0
0
0
0
0
0
0
-7.31894e-16
0
4.26008e-16
0
0
-4.86315e-12
0
0
0
0
0
-2.69633e-16
-4.20889e-17
0
0
0
0
0
0
0
0
0
0
0
0
0
0
0
0
0
0
0
0
0
0
0
0
0
0
0
0
0
0
0
4.89411e-08
0
0
0
0
0
0
0
0
0
0
0
0
0
0
0
0
0
0
0
0
0
1.26943e-15
-1.56218e-15
0
0
0
0
0
0
0
0
0
0
0
0
0
0
0
-1.03614e-16
0
0
0
0
0
0
0
0
0
9.56453e-16
0
0
0
0
0
0
0
0
0
0
0
0
0
0
0
0
0
0
0
0
0
0
0
0
0
0
0
0
0
0
0
0
0
0
4.96706e-12
0
0
0
1.37127e-15
0
0
0
0
0
0
0
0
0
0
0
0
0
0
0
0
0
0
0
0
0
0
0
0
0
0
0
0
0
0
0
0
0
0
0
0
0
0
0
0
0
0
0
0
0
0
0
0
0
0
0
0
0
0
0
0
0
0
0
0
0
0
0
0
0
0
0
0
0
0
0
0
0
0
0
0
0
0
0
0
0
0
0
0
0
0
0
0
-7.8662e-16
0
3.66692e-13
4.99172e-13
0
0
0
0
0
0
0
0
0
0
0
0
0
0
0
0
4.24945e-13
0
0
0
0
0
0
0
0
0
0
0
0
2.84288e-16
0
0
0
0
0
0
0
0
0
0
0
0
0
0
0
0
0
0
0
0
0
0
0
0
0
-4.52328e-16
0
0
0
0
0
0
0
0
0
-2.05694e-14
0
0
0
0
0
0
0
0
0
0
0
0
0
0
0
0
0
0
0
0
0
0
0
-2.98634e-15
-7.02887e-16
3.12939e-16
0
0
0
0
0
0
0
0
0
0
0
0
0
0
0
0
0
0
0
0
0
0
0
0
0
0
0
0
0
7.34929e-15
0
0
0
0
0
0
3.30419e-13
0
0
-4.33209e-13
0
0
0
0
0
0
0
0
0
0
0
0
0
0
8.34649e-16
0
3.64428e-13
0
-1.85038e-16
0
0
0
3.8745e-12
0
0
0
0
0
0
0
2.78155e-31
0
0
0
0
0
0
-1.9681e-13
0
0
0
0
4.33766e-12
0
0
0
0
0
0
0
0
0
0
0
0
0
0
0
0
0
)
;

boundaryField
{
    frontback
    {
        type            empty;
        value           nonuniform List<scalar> 0();
    }
    topbottom
    {
        type            calculated;
        value           uniform 0;
    }
    outlet
    {
        type            calculated;
        value           uniform 0;
    }
    inlet
    {
        type            calculated;
        value           nonuniform List<scalar> 0();
    }
    walls
    {
        type            calculated;
        value           nonuniform List<scalar> 
45
(
-3.18739e-08
2.12493e-09
-1.48745e-08
1.48745e-08
3.18739e-08
-2.27367e-07
-2.48616e-07
-3.29364e-07
-2.65616e-07
-3.16614e-07
-2.86865e-07
-3.03865e-07
-2.31617e-07
-2.61366e-07
-2.52866e-07
-2.44367e-07
-2.82615e-07
-3.20864e-07
-2.99615e-07
-2.40117e-07
-2.35867e-07
-2.12493e-09
1.06246e-08
-2.57116e-07
-1.91243e-08
-2.7624e-08
1.91243e-08
-2.78365e-07
2.7624e-08
-3.25114e-07
-2.95365e-07
-6.37478e-09
3.61238e-08
-2.33742e-08
2.33742e-08
-3.33613e-07
4.03736e-08
-3.12364e-07
-3.37863e-07
-3.08114e-07
-2.91115e-07
-2.74116e-07
-2.69866e-07
6.37478e-09
-1.06246e-08
)
;
    }
    procBoundary3to1
    {
        type            processor;
        value           nonuniform List<scalar> 
205
(
-2.1169e-07
0
0
-2.70469e-14
-2.27166e-17
0
-3.1925e-17
8.85755e-17
-9.12417e-16
3.24919e-14
-6.4171e-17
4.19579e-16
-2.3454e-14
0
-2.09409e-15
-4.76653e-15
-1.72245e-16
0
0
0
0
0
0
1.06584e-16
0
0
6.49203e-16
7.74104e-14
5.90652e-16
1.36415e-16
9.95324e-17
2.52962e-16
1.57415e-16
6.33954e-15
3.04191e-15
0
0
0
2.68003e-16
1.52257e-16
-5.0635e-16
0
-7.19147e-16
0
6.34476e-16
-2.90079e-14
6.87294e-17
-1.96555e-17
-1.12986e-15
0
2.34631e-17
8.75681e-17
0
8.94886e-15
-4.43806e-17
-2.84921e-14
-2.58168e-16
1.16689e-16
6.75189e-15
0
0
0
0
7.56509e-17
0
0
0
0
4.27511e-16
0
0
0
0
0
0
0
0
0
8.76653e-15
-7.84757e-17
-3.32673e-17
0
0
0
0
0
0
0
-2.87366e-17
-1.94152e-16
-3.44255e-15
0
7.85056e-17
1.08226e-15
0
0
0
-5.79581e-16
1.73434e-16
0
0
0
0
0
0
0
0
0
0
0
0
0
0
0
0
0
1.27859e-15
0
0
0
0
0
0
0
0
0
0
0
0
0
0
0
0
1.32766e-15
-9.12437e-15
0
0
0
0
0
3.43146e-14
0
3.04357e-17
6.31052e-16
2.56741e-17
0
-6.02731e-17
1.94798e-15
0
0
0
0
0
5.78562e-16
0
0
0
0
4.60207e-15
0
0
1.2808e-15
-2.81106e-16
0
-5.58713e-17
0
0
1.64178e-15
0
0
1.67383e-30
0
-2.72035e-16
0
0
8.41863e-15
-8.51685e-15
-6.32774e-15
1.78924e-14
-8.06043e-17
0
2.83931e-17
0
0
-8.77167e-17
3.14342e-15
1.49373e-16
0
2.32821e-15
7.61228e-15
8.86627e-15
-7.27468e-17
0
-7.61071e-17
0
0
0
2.29526e-12
2.82705e-15
0
0
0
0
1.00297e-16
0
)
;
    }
    procBoundary3to2
    {
        type            processor;
        value           nonuniform List<scalar> 
99
(
0
0
1.07883e-12
0
0
0
0
0
0
0
0
0
0
0
0
0
0
0
0
0
0
0
0
0
0
0
0
0
0
0
0
0
0
0
0
0
0
0
0
0
0
0
0
0
0
0
0
0
0
0
0
0
0
0
0
0
0
0
0
0
0
0
0
0
0
0
0
0
0
-3.4821e-08
0
0
0
0
0
0
0
0
0
0
0
0
0
0
0
0
0
0
0
0
0
0
0
0
0
0
0
0
0
)
;
    }
}


// ************************************************************************* //
