/*--------------------------------*- C++ -*----------------------------------*\
| =========                 |                                                 |
| \\      /  F ield         | OpenFOAM: The Open Source CFD Toolbox           |
|  \\    /   O peration     | Version:  v2012                                 |
|   \\  /    A nd           | Website:  www.openfoam.com                      |
|    \\/     M anipulation  |                                                 |
\*---------------------------------------------------------------------------*/
FoamFile
{
    version     2.0;
    format      ascii;
    class       surfaceScalarField;
    location    "900";
    object      meshPhi;
}
// * * * * * * * * * * * * * * * * * * * * * * * * * * * * * * * * * * * * * //

dimensions      [0 3 -1 0 0 0 0];
oriented        oriented;


internalField   nonuniform List<scalar> 
20673
(
3.36437e-15
-2.16368e-15
0
0
0
0
0
0
0
0
0
0
0
0
0
1.16184e-15
8.48833e-17
-1.29417e-15
0
0
0
0
0
0
0
0
0
0
0
0
0
0
0
0
0
0
0
-1.52373e-08
5.29437e-13
3.29313e-09
0
0
0
0
0
0
0
0
0
0
0
0
0
0
0
0
0
0
0
0
0
0
0
0
0
0
0
0
0
0
0
0
0
2.71231e-15
-2.19338e-17
2.85119e-17
2.70317e-17
-1.16715e-15
0
0
0
0
0
0
0
0
0
0
0
0
0
0
0
0
7.34052e-17
-2.0604e-15
2.52405e-15
0
0
0
0
0
0
0
0
0
0
0
0
0
-2.00025e-13
2.36497e-13
-1.64711e-16
0
0
0
0
0
0
0
0
0
5.38174e-31
9.23186e-16
0
0
0
0
2.94321e-16
-1.50613e-16
3.67717e-15
0
0
0
0
0
-2.2272e-12
-1.78292e-12
1.24227e-15
0
0
0
0
0
0
1.25265e-14
-7.12513e-16
9.2372e-16
8.4597e-13
-6.13367e-12
2.7808e-16
-2.4561e-16
0
0
0
0
0
0
0
1.86183e-14
-9.53761e-15
0
0
0
0
0
0
0
0
0
0
0
-5.1793e-09
0
0
0
-1.71968e-15
0
0
0
0
0
-1.08883e-14
2.264e-17
2.83479e-17
0
1.0691e-18
0
0
0
-9.73729e-17
-9.59675e-15
0
0
0
0
0
0
0
-1.64719e-12
3.06182e-18
-2.16448e-12
0
0
0
-3.26743e-13
0
-5.02097e-14
0
0
0
0
0
0
0
0
0
0
0
0
1.00376e-15
-7.36628e-16
6.66974e-16
-2.92794e-18
0
0
0
0
0
0
0
0
0
0
0
0
0
0
0
0
0
0
0
0
0
0
0
0
0
0
0
0
0
0
-7.23317e-17
-1.71729e-15
0
0
1.16648e-16
8.44423e-17
0
0
0
0
0
0
-1.693e-17
-3.69213e-15
3.28652e-17
0
0
0
0
0
0
-1.0542e-15
7.22e-17
0
0
0
0
0
0
0
0
0
0
0
0
0
0
0
0
0
0
0
0
0
0
0
7.76533e-14
0
0
0
0
0
-2.82853e-17
1.10198e-30
6.05355e-15
7.1355e-13
-7.30703e-16
-2.86301e-12
0
0
0
5.2255e-18
-1.44671e-15
-5.16137e-17
-7.1708e-14
-1.91809e-14
0
5.9053e-17
-1.31839e-17
0
0
0
-7.64318e-17
0
0
0
0
-7.33364e-16
8.11521e-16
0
0
0
0
0
0
0
0
0
0
0
0
0
-1.26771e-15
0
0
0
-4.47637e-16
3.62781e-16
0
0
0
0
0
0
0
0
0
-7.17475e-17
0
1.61968e-15
7.47984e-17
0
0
-2.21348e-15
-1.79793e-17
0
0
0
0
0
0
0
0
0
0
0
0
4.9232e-15
1.3238e-14
0
0
0
0
0
0
7.59554e-16
0
0
0
0
0
0
0
0
0
0
-7.88713e-16
-1.95257e-12
0
0
0
0
0
0
0
0
0
0
0
0
0
0
0
0
0
-8.15289e-13
8.24468e-14
0
0
0
4.72615e-15
-2.04581e-15
0
-3.51012e-16
1.58606e-16
0
0
0
0
0
0
0
0
0
0
0
0
0
0
0
0
0
0
0
0
0
0
2.51114e-13
-9.24458e-13
0
0
1.16102e-15
-4.07156e-16
0
0
0
-1.12885e-17
1.87922e-17
0
0
0
0
0
0
9.74683e-17
-7.09094e-16
0
0
0
0
0
0
0
0
0
0
0
0
0
0
0
0
0
0
0
0
0
0
0
0
0
0
0
0
0
0
0
0
0
0
0
0
0
0
0
0
0
1.35353e-17
-1.63214e-15
-6.63056e-17
7.29675e-17
0
0
0
0
-1.61024e-15
5.0311e-17
0
-8.5588e-16
0
6.53366e-16
0
0
0
0
0
0
0
0
0
0
0
0
0
0
0
0
0
1.74266e-29
0
0
0
0
0
0
0
0
0
0
0
-2.75399e-13
0
-1.05648e-13
0
0
0
0
-3.19865e-17
0
1.26196e-15
0
0
0
-3.68417e-13
0
-2.99414e-14
0
0
0
0
0
0
0
2.26194e-15
0
-5.16567e-16
0
0
0
0
0
0
0
0
0
0
0
0
0
-3.88001e-15
5.96937e-15
0
0
0
0
0
0
0
0
0
0
0
-2.39389e-15
-6.52612e-13
0
0
0
0
0
0
0
0
0
0
0
0
0
0
0
-5.32599e-14
0
0
0
0
0
0
0
0
0
0
0
0
0
0
0
0
0
0
0
0
-3.9627e-15
1.73937e-15
0
3.11138e-13
1.39462e-13
-8.89786e-13
0
0
0
0
0
0
-1.98907e-16
-2.67863e-17
-1.68812e-15
0
0
0
1.36916e-14
0
0
0
0
0
0
0
0
0
0
0
0
0
0
0
-3.57705e-13
-1.82741e-13
0
0
0
0
0
0
0
0
0
0
0
3.03465e-13
8.19511e-14
-7.50255e-13
0
0
0
0
0
0
0
0
0
0
0
0
0
0
0
0
0
0
0
0
0
0
0
0
0
0
0
0
0
0
0
0
0
0
0
-3.32638e-16
0
0
0
0
0
0
0
0
0
-1.89501e-16
0
0
0
0
0
0
0
0
0
0
0
0
0
0
0
0
0
0
0
0
0
0
0
0
0
0
0
0
5.23531e-17
-7.95481e-17
0
0
0
1.31955e-15
0
0
0
0
0
0
0
0
0
0
-2.42218e-18
-7.69172e-16
-6.67005e-16
0
0
0
0
0
0
0
0
0
0
0
0
-2.97722e-14
-6.58536e-14
0
0
0
0
0
0
0
0
0
0
0
0
0
0
0
0
0
0
0
0
0
0
0
0
0
0
-2.54671e-12
-1.27204e-12
-1.68438e-18
0
0
0
0
1.30554e-17
-1.0799e-15
0
0
0
0
0
1.68882e-15
0
-1.66703e-16
0
0
0
0
0
0
0
0
0
-9.03173e-15
-1.71633e-16
6.93357e-17
2.53094e-16
1.05717e-14
-1.16444e-13
1.75552e-14
0
0
0
0
0
0
-8.94399e-16
8.49138e-17
0
0
0
1.93136e-15
1.16616e-15
0
0
0
0
0
0
0
0
0
-1.36119e-14
-1.13215e-14
0
0
0
0
2.05283e-13
6.84031e-14
-8.44477e-16
0
0
0
0
0
0
0
0
0
0
0
1.27899e-13
-6.61483e-13
0
0
0
0
0
0
0
0
0
0
0
0
0
0
0
0
0
9.23831e-16
0
-8.58603e-17
0
0
0
0
0
0
0
1.25704e-13
1.40916e-13
-5.34659e-13
0
0
0
0
-1.277e-16
-1.8999e-16
0
0
0
0
0
0
0
0
0
0
0
0
0
1.0628e-12
-7.16739e-12
0
0
0
0
0
0
0
0
0
0
0
0
0
0
0
2.9622e-12
5.15398e-08
-4.25345e-08
0
0
-4.45547e-14
-8.07339e-13
0
-1.4491e-15
0
0
0
0
0
0
0
0
0
0
0
0
0
0
0
0
0
0
0
0
0
0
0
0
0
0
0
-9.33977e-16
-1.08786e-16
0
0
0
-2.42711e-16
4.33104e-16
0
0
0
0
0
0
-5.15511e-17
-1.16631e-15
0
0
0
0
4.09965e-17
0
0
0
0
-1.77785e-15
0
-8.8158e-30
0
0
0
0
0
0
0
0
0
0
0
0
0
0
0
0
-4.3836e-15
0
0
0
0
4.71466e-16
-1.93896e-16
4.66632e-15
0
0
0
0
0
-2.64607e-13
0
-1.44783e-14
0
0
0
0
0
0
0
0
0
0
0
0
0
0
0
0
0
0
0
0
0
0
0
0
0
5.41897e-16
-1.47527e-16
0
0
0
0
0
0
0
0
0
0
0
0
0
0
0
0
0
0
0
0
0
0
0
-6.64477e-14
-4.19123e-13
0
0
0
0
0
-3.56976e-13
-2.94221e-18
-1.96012e-13
0
0
0
1.1894e-16
0
9.90846e-16
0
0
0
0
0
0
0
0
0
0
0
0
0
0
0
0
0
0
1.16379e-13
0
-3.6243e-13
0
0
0
0
0
0
0
0
0
0
0
-3.10446e-16
-6.13486e-17
0
0
0
0
0
0
0
0
0
0
0
0
0
0
1.05509e-15
0
0
0
0
0
0
0
0
0
0
0
0
0
0
0
0
0
0
0
0
0
0
0
0
0
0
0
0
0
0
0
1.25506e-15
0
0
0
0
0
0
0
0
0
0
0
0
0
0
0
0
0
0
0
0
0
0
0
-1.37772e-16
-2.61279e-13
0
0
0
0
0
0
0
0
0
-3.03247e-14
-7.06923e-13
0
0
-1.81155e-13
-1.70146e-13
0
0
0
0
0
0
0
0
0
0
-2.66959e-16
-5.33898e-17
2.1104e-18
0
3.11465e-18
0
0
0
0
0
0
0
0
0
9.32151e-14
1.18762e-13
-4.27774e-13
0
0
5.7344e-16
-1.91395e-13
-2.82785e-13
-1.08916e-30
0
0
0
0
0
0
0
-1.56534e-16
0
-3.14422e-16
0
0
0
0
0
0
0
0
0
0
0
0
0
0
0
0
0
0
0
0
0
0
0
0
0
0
0
0
0
0
0
0
0
0
0
0
0
0
0
0
0
0
0
0
5.48498e-16
3.26652e-15
3.0014e-14
0
0
0
0
0
0
2.08454e-14
0
0
0
0
0
0
0
0
0
0
0
0
0
0
0
-1.23929e-15
7.53095e-17
0
1.56962e-15
0
0
0
0
0
0
0
0
0
0
0
0
0
-2.64381e-13
1.33212e-16
-3.90173e-18
0
0
0
0
0
0
0
0
0
0
0
0
0
0
0
0
0
0
1.08025e-12
-3.0348e-12
3.99832e-13
0
0
0
0
0
0
0
0
0
0
0
0
0
0
0
0
0
0
0
0
0
0
-1.5474e-17
-1.15511e-16
-1.15887e-09
-1.22914e-08
0
0
0
0
0
0
0
0
0
0
0
0
0
0
9.79819e-16
0
0
0
-2.04124e-17
0
0
1.23985e-16
-8.21261e-14
0
0
0
0
0
6.07345e-18
0
0
0
0
0
0
0
-1.75275e-13
2.93102e-17
-2.64988e-12
0
0
0
0
7.42693e-18
1.12479e-18
0
0
0
0
0
-3.58718e-13
0
0
0
0
0
0
0
0
0
0
0
0
0
0
0
0
0
0
0
0
0
0
0
0
0
0
0
1.27037e-13
-9.49482e-13
0
0
0
0
0
0
0
0
0
2.27735e-17
1.33727e-15
0
0
0
0
-1.7882e-14
0
0
0
-6.86279e-12
0
0
0
0
0
0
0
0
0
0
0
0
0
0
0
0
0
0
0
0
0
0
0
0
0
0
0
0
0
0
0
0
0
0
0
0
0
0
0
4.98302e-16
3.4825e-17
0
-6.79358e-15
-1.53989e-15
1.49465e-15
0
-8.53097e-16
1.33718e-12
7.06876e-13
0
0
0
0
0
0
0
-1.15768e-15
-4.04349e-16
0
0
0
0
0
0
0
0
0
0
0
0
0
0
0
-7.08245e-17
0
0
0
-3.32384e-16
0
0
0
0
0
0
0
0
0
0
0
0
0
0
0
0
-2.60405e-17
-4.90301e-17
9.96933e-18
1.2808e-08
1.03161e-12
0
0
0
0
0
0
0
0
0
0
0
0
0
0
0
0
0
0
0
0
0
0
0
0
0
0
0
0
0
0
0
0
0
0
0
0
0
0
0
0
0
-1.01645e-13
0
0
0
0
0
-6.58586e-13
0
0
0
0
0
0
0
0
0
0
0
0
0
0
0
0
0
0
0
0
0
0
0
0
0
0
0
0
-6.58431e-16
1.34482e-15
0
0
0
0
0
0
0
0
0
0
0
0
0
0
0
0
0
0
0
0
0
0
0
0
-1.5512e-15
2.62286e-15
0
0
0
6.77448e-16
0
0
0
0
0
0
0
0
0
0
0
0
0
0
-1.70808e-16
0
0
0
2.90717e-17
9.7463e-16
-2.09475e-17
0
0
0
0
0
0
0
0
0
0
0
0
0
0
0
0
0
0
0
0
0
0
0
0
0
0
4.78351e-15
-1.39425e-16
0
0
0
0
0
0
0
0
0
0
0
0
0
0
0
0
0
0
0
0
0
0
0
0
0
0
0
0
0
0
0
0
0
0
0
0
0
0
0
0
1.04965e-14
2.58125e-16
-2.65131e-16
0
0
0
0
0
0
0
0
0
0
0
0
0
0
0
0
0
0
0
0
0
0
3.77665e-13
2.09585e-13
-1.16801e-12
0
0
0
0
0
0
0
0
-1.15581e-13
0
-1.19877e-17
-1.65273e-15
0
0
0
0
0
0
0
0
0
0
0
0
0
0
0
0
0
0
0
3.37494e-15
-1.02151e-14
0
0
0
0
0
0
0
0
0
0
0
0
0
0
-2.61339e-13
-1.84092e-13
0
0
0
0
0
0
0
2.63152e-16
-1.04742e-16
0
0
0
0
0
0
0
0
0
0
0
3.22436e-13
-4.81782e-13
1.53723e-14
0
0
0
0
0
0
0
0
0
0
0
0
0
0
-1.87624e-15
-1.96002e-16
0
0
0
0
0
0
0
0
7.46346e-13
1.96796e-15
-1.12528e-12
0
0
0
0
0
0
0
0
0
0
1.65624e-16
4.69205e-15
1.98507e-16
-2.272e-16
0
0
0
0
0
0
0
0
0
0
0
0
0
0
0
0
0
0
0
0
0
0
0
0
0
0
0
0
0
0
0
0
0
0
0
0
0
0
0
0
0
0
0
0
0
0
3.31442e-16
0
-7.0177e-17
0
0
0
0
0
0
4.27281e-13
-2.34459e-12
0
0
0
0
0
0
0
0
0
0
0
0
0
0
0
0
0
0
0
0
0
0
0
3.73411e-17
2.24807e-16
3.45054e-16
0
0
-3.77526e-14
8.53471e-17
-1.62333e-14
0
0
0
0
0
0
0
0
0
0
0
-2.3189e-16
-5.19546e-13
1.50962e-13
0
0
0
0
0
2.85189e-13
2.17943e-13
-1.00841e-12
-6.19784e-16
3.67922e-18
-2.13505e-17
0
0
0
0
0
0
0
0
0
0
0
0
0
0
0
0
0
0
0
0
0
0
0
0
0
0
0
2.34022e-15
-3.53111e-17
4.22265e-16
0
0
0
0
0
0
0
0
0
0
0
0
0
0
-1.16983e-13
-1.81792e-14
0
0
0
0
0
0
0
0
0
0
0
0
0
-1.11287e-12
1.91546e-13
0
0
0
0
0
0
0
0
0
-7.84609e-13
-4.07943e-16
0
0
0
0
0
0
0
0
0
0
0
0
0
0
0
0
0
0
0
0
0
0
0
0
0
0
0
0
0
0
-1.32769e-16
-2.96214e-13
-2.94423e-13
-7.7696e-16
0
-5.25014e-16
-2.96236e-16
-1.04425e-14
0
0
0
0
0
0
0
0
6.26868e-16
0
0
0
0
0
0
0
-5.56701e-14
-4.0155e-14
-1.65912e-13
-6.70974e-17
5.99835e-16
-1.26446e-15
0
0
0
0
0
0
0
0
0
0
0
0
0
0
0
0
0
0
0
0
0
0
0
0
0
0
0
0
0
0
0
0
0
0
0
0
0
0
0
0
0
0
0
-3.45947e-13
8.44289e-20
-1.52094e-13
0
0
0
0
0
0
0
0
0
4.28446e-17
0
0
0
0
0
0
0
3.91328e-16
4.87767e-17
-1.7066e-17
0
0
0
0
0
0
0
0
0
0
0
0
0
0
0
0
0
0
0
0
0
-2.00797e-14
0
0
0
0
0
0
0
0
0
0
0
0
-8.55623e-15
1.46193e-14
0
0
0
0
0
0
0
0
0
0
0
0
0
0
0
0
0
0
0
-4.13558e-16
0
0
0
0
0
0
0
5.20595e-17
0
0
0
-1.10571e-15
0
0
0
0
0
0
0
0
0
0
0
0
0
0
0
0
0
3.53835e-16
-5.19154e-16
0
0
0
2.85658e-16
0
-1.24893e-15
0
0
0
0
0
0
0
0
0
0
0
0
0
0
0
0
0
0
0
0
0
0
0
0
0
0
0
0
0
0
0
4.4818e-18
2.9494e-17
0
0
0
3.62955e-13
-1.13616e-12
2.09376e-13
0
0
0
0
0
0
0
0
0
0
0
0
0
0
0
0
0
0
-1.52258e-16
8.79087e-16
0
0
0
-9.88745e-15
0
0
0
0
0
0
0
0
0
0
0
0
-3.55605e-15
0
0
0
0
-5.20765e-17
-2.73458e-31
0
0
0
0
0
0
0
0
0
0
0
0
1.28239e-17
-1.33609e-15
0
0
-1.01982e-16
0
0
0
0
0
0
0
0
0
0
0
0
0
0
0
0
0
0
0
0
0
0
0
6.82743e-16
5.59477e-16
0
0
0
0
0
0
0
0
0
0
0
0
0
0
0
-9.82166e-14
0
0
0
0
0
0
0
0
0
0
-7.49776e-13
1.11622e-13
0
0
0
0
0
0
0
0
0
2.68603e-16
8.13718e-15
0
0
0
0
0
0
0
0
0
0
0
-4.97905e-17
4.49397e-16
0
0
0
0
0
0
0
0
0
0
0
0
0
0
0
0
0
0
0
0
0
0
0
0
0
0
0
0
0
-1.75367e-17
0
0
0
0
0
0
0
-1.55331e-17
0
0
0
-9.27757e-16
-2.74623e-12
0
0
0
0
0
0
0
0
0
0
0
0
0
0
0
0
0
0
0
-5.25448e-17
8.39724e-16
0
0
0
0
0
0
0
-3.10132e-17
0
0
0
0
0
0
0
0
0
0
0
0
-1.39311e-16
9.09914e-16
0
0
0
0
0
0
0
0
0
0
0
0
0
0
0
0
0
0
0
0
0
0
0
0
0
0
0
0
0
0
0
0
0
0
-2.18793e-30
5.96549e-16
0
0
0
0
0
0
0
0
0
0
0
0
0
0
0
0
0
0
0
0
0
-1.49444e-18
8.39889e-17
-4.51229e-16
0
7.13559e-16
1.93e-15
0
0
0
0
3.75704e-17
0
0
0
0
0
0
0
0
0
0
0
0
0
0
0
-3.3327e-13
0
0
0
0
0
0
-7.44881e-16
0
1.38573e-17
0
0
0
0
0
0
0
0
0
0
0
0
0
0
0
0
0
-5.32012e-16
-1.23196e-16
0
0
0
0
-1.76236e-15
0
0
0
0
0
0
0
0
0
0
0
0
0
0
0
0
0
0
-1.28852e-16
0
0
0
0
0
0
0
0
0
0
0
0
0
0
0
0
0
0
0
0
0
0
0
0
0
0
0
0
0
0
0
0
0
0
8.5637e-16
0
0
0
0
0
0
0
-7.91438e-15
-7.70725e-17
2.45086e-16
0
0
0
0
-2.48691e-16
0
0
0
0
0
0
0
0
0
0
0
0
0
0
0
0
0
0
0
0
0
0
0
0
0
0
0
0
0
0
0
0
0
0
0
0
0
0
0
-2.48607e-13
0
0
0
0
0
0
0
0
0
0
0
0
0
0
0
0
3.06316e-13
-9.46948e-13
1.64211e-13
0
0
0
0
0
0
0
0
0
0
0
-8.81211e-13
0
-4.75371e-13
0
0
0
0
0
0
0
0
0
0
0
0
0
0
0
-1.37336e-16
8.15289e-17
0
0
0
-1.23894e-15
0
0
0
0
0
4.31399e-17
5.08295e-17
0
0
0
5.08258e-16
-1.79858e-16
0
0
0
3.94139e-13
-2.61882e-16
-7.31898e-13
0
0
0
-1.67807e-15
-3.63418e-16
6.37911e-17
0
-3.57226e-13
0
0
0
0
0
0
-4.26463e-16
3.24986e-16
3.38257e-17
0
6.65553e-16
-2.90016e-16
-6.42676e-13
-4.1809e-13
0
0
0
0
0
0
0
0
0
0
0
0
0
0
0
0
-1.121e-16
0
0
0
0
0
0
0
0
0
0
0
0
0
0
0
0
0
0
0
-3.15347e-13
3.30605e-16
-2.65384e-13
0
0
0
0
0
0
0
-2.94135e-13
-2.20759e-13
0
-1.96705e-13
-7.13487e-13
0
0
0
0
0
0
0
-7.0365e-16
0
0
1.68776e-13
5.46716e-31
-9.21901e-13
0
0
0
0
0
0
0
0
0
0
0
0
0
0
0
0
0
0
0
0
0
0
0
0
0
0
0
0
0
0
0
0
0
0
1.46038e-15
0
0
0
0
0
-3.78068e-13
-1.4901e-16
0
0
0
-1.92115e-17
7.49192e-17
0
0
0
0
0
0
0
0
0
0
0
-1.09206e-15
0
0
0
0
0
0
0
3.00523e-16
-2.05448e-17
8.42441e-18
0
0
0
0
0
0
0
1.48945e-12
1.8122e-12
-6.59695e-12
7.83765e-16
-7.0295e-16
2.75842e-16
1.07808e-15
0
0
0
2.77718e-14
2.15221e-17
-1.20559e-13
-2.37385e-13
0
9.90136e-17
-5.71986e-17
0
0
0
0
0
0
0
0
0
0
0
0
0
0
0
0
-2.35643e-18
0
0
0
0
0
0
0
0
0
0
0
-9.52612e-13
1.85929e-13
0
0
0
0
0
0
0
0
0
1.98292e-15
-5.69419e-16
0
0
0
0
0
0
0
0
0
0
0
0
0
0
0
0
0
0
0
2.87691e-16
-2.97464e-18
0
0
0
0
0
0
6.8996e-16
0
-1.79501e-16
0
0
0
0
0
0
-8.52127e-16
-1.0969e-15
0
0
0
0
0
0
0
0
0
0
0
0
0
0
0
0
0
0
0
0
0
0
0
6.35818e-16
-4.21665e-17
0
-7.98484e-13
0
0
0
0
0
0
0
0
0
0
0
0
-2.3814e-13
0
-7.65967e-17
1.8026e-17
0
0
0
0
0
0
0
0
0
0
0
2.36119e-18
-3.35053e-16
0
0
0
0
1.46813e-15
-5.16529e-15
0
0
0
0
0
0
0
0
0
1.13676e-13
-1.89638e-13
0
0
0
0
0
0
0
0
0
0
0
0
0
0
-4.42793e-15
0
0
0
0
-6.89557e-12
0
0
0
0
0
0
0
0
0
0
0
0
0
0
0
0
0
0
0
0
0
0
0
0
-2.69244e-15
0
-1.13587e-15
0
0
0
0
0
0
0
0
0
0
0
0
0
0
0
0
0
0
0
0
0
0
-1.60171e-33
-3.38712e-17
-1.24472e-15
0
0
0
0
0
0
0
0
0
0
0
0
0
0
-1.34971e-16
0
-6.5891e-17
0
0
0
0
0
0
7.62807e-16
-1.9741e-14
0
0
0
0
-9.02079e-14
0
0
0
0
0
0
0
0
0
0
-2.21039e-12
2.78939e-13
0
0
0
0
0
0
0
0
0
0
0
0
0
0
4.30168e-15
4.68472e-16
0
0
0
0
0
0
0
0
0
0
-1.31298e-17
0
0
0
0
0
0
0
0
0
0
0
0
0
0
0
0
0
0
0
0
0
0
0
0
0
0
0
0
0
0
0
2.52546e-13
3.18431e-13
-1.14171e-12
0
0
0
0
0
0
0
0
-5.52263e-17
-5.43671e-18
0
0
0
0
0
0
0
0
0
0
0
0
0
0
0
0
0
0
0
0
0
0
0
0
0
0
0
0
0
0
0
0
0
0
0
0
0
0
0
0
0
0
0
0
0
0
-7.47683e-17
2.20965e-16
0
0
0
0
0
0
0
0
0
0
0
0
0
0
0
0
0
0
0
0
0
0
0
0
0
0
9.97358e-15
1.54447e-16
0
-1.29192e-13
-2.35e-13
0
0
0
0
0
-9.22176e-18
-7.43916e-14
0
5.77137e-17
0
0
0
0
0
0
0
0
0
0
0
0
1.34942e-13
-2.32761e-12
-7.83547e-17
0
0
1.25299e-15
-5.75256e-16
0
0
0
0
0
0
0
0
0
0
0
0
0
-7.72701e-13
0
0
0
5.66727e-15
0
0
0
0
-1.55964e-16
0
0
0
0
0
0
0
0
0
0
0
0
0
0
0
0
0
0
0
0
0
0
0
0
0
0
0
0
0
0
0
0
0
0
0
3.17937e-18
-3.06938e-16
0
0
0
0
0
0
0
0
0
0
0
0
2.62725e-13
-1.17787e-12
0
1.8742e-14
0
0
0
0
0
0
0
0
0
0
0
0
0
0
4.035e-16
0
0
0
0
0
0
0
0
0
7.4676e-15
-6.87324e-13
0
0
0
0
0
0
0
0
0
0
0
0
0
-5.67368e-14
-1.15169e-12
4.24406e-16
0
0
0
0
0
0
0
0
0
0
0
0
0
8.59335e-16
0
0
0
0
0
0
0
0
0
0
0
0
2.21888e-13
-2.40386e-14
-2.03329e-13
0
0
0
0
-2.30501e-17
0
0
0
0
0
0
0
0
0
0
0
0
0
0
0
0
0
-7.22484e-17
-2.53056e-15
-2.00002e-16
0
0
0
0
0
0
0
0
0
0
0
0
0
0
-1.13473e-15
2.019e-17
0
0
0
1.45451e-16
-6.42858e-18
0
0
0
0
0
0
0
0
0
0
0
0
0
0
0
0
0
3.67533e-17
0
0
0
0
0
0
0
0
0
0
0
0
4.76232e-17
0
7.80288e-17
-3.70393e-16
0
0
0
0
-1.34419e-15
6.28684e-16
-1.27176e-16
0
0
0
0
0
0
0
0
0
0
0
0
0
0
0
0
0
0
0
0
-4.36229e-16
5.06607e-16
0
0
0
-2.9035e-16
0
4.22616e-16
0
0
0
0
0
0
0
0
0
0
0
-1.59421e-12
0
0
0
0
0
0
0
0
0
0
0
0
0
0
0
0
0
0
0
0
0
0
4.9099e-13
-8.43899e-13
0
0
0
0
0
0
0
0
0
0
0
0
0
0
0
0
7.93087e-19
0
0
0
0
1.94838e-13
-6.15103e-13
1.1129e-13
0
0
0
0
0
3.07693e-15
-3.16e-15
0
0
0
0
0
0
0
0
0
0
0
2.29297e-19
0
0
0
0
0
0
0
0
0
0
0
0
0
0
0
0
0
0
0
0
0
0
0
0
0
-1.70829e-12
0
0
0
0
0
0
0
0
3.71692e-18
6.57116e-17
0
0
0
0
0
0
0
0
0
0
0
0
0
0
0
0
0
0
0
0
0
0
0
0
-1.72789e-15
3.0917e-15
0
0
0
0
0
0
0
0
0
0
2.01606e-16
0
0
0
0
0
0
2.37228e-16
6.53442e-18
0
0
0
0
0
0
0
0
0
0
0
0
-7.4035e-16
0
-1.57843e-16
0
0
0
0
0
-4.9026e-16
0
-2.57498e-12
0
0
0
0
0
0
0
0
0
0
0
0
0
0
0
0
0
0
0
0
0
0
0
0
0
0
0
0
-5.02964e-16
0
1.11179e-16
-1.21049e-17
0
0
0
0
-2.26214e-15
-1.06219e-14
-6.85297e-15
0
0
0
0
0
0
0
0
0
0
0
9.50907e-16
1.47957e-15
0
0
0
0
0
0
0
0
0
-4.21597e-13
-1.39287e-16
0
0
-2.99593e-16
-1.27294e-16
0
0
0
0
0
0
0
0
0
0
0
0
0
-1.44531e-16
5.74546e-17
0
0
0
0
0
0
0
0
0
0
0
0
0
0
-3.53146e-17
2.36719e-17
0
-1.05724e-15
0
0
0
0
0
0
0
0
0
0
1.82728e-17
-3.05914e-13
0
0
0
0
0
0
0
0
0
-1.228e-14
0
0
0
0
0
0
0
0
0
0
0
0
0
0
0
0
0
0
0
0
0
0
0
0
0
0
0
0
0
1.87206e-16
2.76788e-18
0
0
0
0
0
-1.45033e-13
0
0
0
0
0
0
6.09098e-16
-6.35865e-13
-2.70244e-13
0
-6.70595e-17
0
0
0
0
0
0
1.27311e-16
-3.13626e-15
0
0
0
0
0
0
0
0
0
0
0
0
0
0
0
0
0
0
0
0
0
0
0
0
0
0
0
0
0
0
0
0
1.08916e-30
0
0
0
0
0
0
0
-1.41218e-15
6.28339e-17
-2.71675e-15
0
0
0
0
0
0
0
0
0
0
0
0
0
0
0
0
0
0
-8.86461e-16
1.57268e-16
8.02875e-16
0
0
0
0
0
0
0
0
0
4.04889e-15
0
0
0
0
0
0
0
0
0
0
0
0
0
0
0
0
0
0
0
-1.95405e-12
1.28209e-16
0
0
2.79789e-18
0
0
0
0
0
0
0
0
0
0
0
0
0
0
0
0
0
0
0
0
0
0
0
0
0
-2.191e-16
0
1.27383e-15
0
0
0
0
0
0
0
0
0
0
0
0
0
0
0
0
0
0
0
0
0
0
0
0
0
0
0
0
0
-1.18821e-16
0
5.76673e-17
0
0
0
0
0
0
0
0
0
0
0
0
-5.86445e-13
-1.46756e-16
-3.08143e-13
0
0
-1.1572e-16
-1.36679e-31
0
0
0
0
0
0
-1.11328e-12
4.62592e-17
-1.90855e-15
-3.55342e-16
0
0
1.94763e-18
3.53154e-18
-1.62557e-17
0
0
0
0
-6.42517e-15
0
0
0
0
0
0
0
0
0
-9.26447e-13
1.72128e-13
0
0
0
0
0
0
0
0
0
0
0
0
0
4.63299e-16
1.55818e-15
0
0
-5.66077e-13
0
-2.40673e-13
0
-1.53602e-13
0
0
0
0
0
0
0
0
0
0
0
0
0
0
0
0
0
0
0
2.19114e-30
0
0
0
0
0
0
0
0
0
0
0
0
0
0
0
0
0
0
0
0
0
0
0
0
0
0
0
0
0
0
0
0
0
0
0
0
0
0
0
0
0
0
-1.87728e-14
0
0
0
0
0
0
0
0
0
0
0
0
0
0
0
0
0
0
0
0
0
0
-2.65434e-17
0
0
0
0
0
0
0
0
-2.22009e-16
-3.90255e-16
0
-3.65452e-18
0
0
0
0
0
0
0
0
0
0
0
0
0
0
0
0
0
0
0
0
0
0
3.53645e-15
-3.68298e-16
0
0
0
0
0
0
0
0
0
0
0
0
0
0
0
0
0
0
0
0
0
0
0
0
0
0
0
0
0
0
0
0
-9.12182e-16
0
0
0
0
0
0
0
0
0
0
0
1.81476e-15
-8.73135e-13
0
0
0
0
0
0
0
-9.05026e-13
0
0
0
0
0
0
0
0
0
0
0
0
0
0
0
0
3.0423e-17
1.74942e-15
0
-2.45633e-15
0
0
0
0
0
-1.58239e-13
-2.70194e-13
0
0
0
0
0
0
0
0
0
0
0
0
1.11245e-15
0
0
0
0
0
0
0
0
0
0
-3.74694e-17
0
0
0
0
0
-1.28884e-15
1.28929e-16
0
0
0
0
0
0
0
0
1.37887e-16
2.2275e-16
0
3.44071e-17
0
0
0
-3.59902e-16
0
0
0
0
0
0
0
0
0
0
0
0
0
0
0
0
-1.38814e-16
-2.06877e-13
0
0
0
0
0
0
0
0
0
0
0
0
0
0
0
0
0
0
0
0
0
0
0
-2.93706e-16
-8.83298e-17
0
0
0
0
0
0
0
0
0
0
0
0
0
0
0
0
0
0
0
0
-2.061e-15
0
0
0
0
0
0
0
0
0
0
0
0
0
0
0
5.45549e-17
2.68551e-16
-1.99581e-16
-2.48378e-16
2.43614e-16
0
0
0
0
0
0
0
0
0
0
0
0
0
0
-2.85217e-15
-8.74911e-17
0
0
0
0
0
0
0
0
0
0
0
0
0
0
0
0
0
0
0
0
0
0
0
0
0
0
0
0
0
0
0
0
0
0
0
0
0
0
0
0
0
0
0
0
-3.54e-16
1.55905e-16
-2.33913e-16
0
0
0
0
0
0
0
0
0
0
0
0
0
0
0
0
0
0
0
0
0
0
0
0
0
0
4.27397e-17
0
0
0
0
0
0
0
0
0
0
0
0
0
-6.87246e-16
-6.35957e-16
0
0
0
0
0
0
0
0
0
0
0
0
0
0
0
0
0
0
0
0
1.17597e-16
-2.69117e-13
0
0
0
0
0
0
0
0
0
0
0
0
0
0
0
0
0
0
0
0
0
0
0
-1.86272e-17
7.47141e-17
0
0
0
0
-7.73248e-17
7.98515e-16
0
0
0
0
0
0
1.15344e-16
-2.23813e-16
-6.00149e-16
-1.47567e-16
-6.0377e-17
0
0
1.34224e-15
-4.9792e-16
-4.8756e-16
0
5.22168e-15
0
0
0
2.54848e-15
7.41416e-16
0
0
0
0
0
0
0
-1.37847e-17
0
0
0
0
0
0
0
0
5.81975e-17
5.96235e-16
0
0
0
0
0
0
0
0
0
0
0
0
0
0
-2.86939e-17
4.63891e-18
0
0
0
0
0
0
0
0
0
0
0
0
0
0
0
0
0
0
0
0
0
0
0
0
0
0
0
0
-8.85025e-17
-1.28811e-14
0
0
0
0
0
0
0
0
0
0
0
0
0
0
0
0
0
0
0
0
0
0
0
0
0
0
0
0
0
0
0
0
1.2741e-13
-4.64987e-13
0
0
0
0
0
0
0
0
7.15064e-16
0
0
0
0
0
0
0
0
0
6.89753e-16
6.43388e-16
0
0
0
0
0
0
0
7.64611e-18
6.83911e-16
0
0
0
0
0
0
0
0
0
0
0
0
0
0
0
0
0
6.12295e-17
0
0
0
0
0
0
0
0
0
-7.25203e-16
2.45921e-18
0
0
0
0
0
0
0
0
0
0
0
0
0
0
0
0
0
0
0
-6.44418e-16
2.06366e-15
0
0
0
0
0
0
0
-1.01853e-08
2.74328e-14
2.80322e-08
0
0
0
0
3.28223e-18
2.48738e-18
0
0
0
-4.41215e-17
3.55797e-17
0
0
0
0
0
0
0
0
0
0
0
0
0
0
0
0
0
0
0
0
0
0
0
0
0
0
0
0
0
0
1.02592e-16
-8.8653e-16
1.62365e-15
0
0
0
0
0
0
0
-6.09795e-17
-1.61618e-15
4.33055e-16
-1.41807e-16
0
0
0
0
0
0
0
0
0
0
0
0
0
0
0
0
0
0
0
0
0
0
0
0
0
0
0
0
0
0
0
0
-2.97683e-17
-1.20683e-15
0
0
0
0
0
0
0
0
0
-4.47208e-16
5.06597e-17
0
0
0
0
0
0
0
0
2.26177e-15
-7.28778e-16
0
0
0
0
0
0
0
0
0
0
0
0
0
0
0
0
0
6.21324e-17
0
0
0
0
0
0
0
0
0
0
0
0
0
0
0
0
0
0
0
0
0
0
2.84887e-17
0
0
0
-9.19369e-17
0
0
0
0
0
0
0
0
0
0
1.6713e-15
8.09313e-17
-2.03567e-16
0
-7.41062e-17
0
6.45634e-17
0
0
0
0
0
0
0
0
0
0
0
0
0
0
0
0
0
0
-8.57203e-16
0
0
0
9.28837e-16
0
0
0
0
0
0
0
0
0
0
0
0
0
0
0
0
0
0
0
0
0
0
0
0
1.95859e-15
1.14667e-15
0
0
0
0
0
0
0
0
0
0
0
0
0
0
0
0
0
0
0
0
0
1.8239e-15
1.6038e-18
0
0
0
0
0
2.05729e-15
-2.57434e-16
0
0
-7.18862e-16
1.09877e-30
0
0
0
0
-8.32479e-18
3.44373e-17
-6.52813e-17
0
0
0
0
0
0
1.34763e-16
0
0
0
0
0
0
1.1717e-15
-3.35129e-17
0
0
0
0
0
0
1.09704e-15
3.90808e-17
-1.12585e-15
0
0
0
0
1.10962e-17
0
0
0
0
0
0
0
0
0
0
0
0
0
0
0
0
0
0
0
0
-1.62344e-15
0
0
0
0
0
0
0
0
0
0
0
0
0
0
0
0
0
0
3.32542e-16
0
0
0
0
0
-1.91501e-18
0
0
0
0
0
0
-1.07611e-12
0
0
0
0
0
0
0
0
0
0
1.60409e-08
6.51759e-13
0
0
0
0
0
0
0
0
0
0
0
0
0
0
0
0
0
0
0
0
0
0
1.28504e-15
-1.21085e-18
0
0
0
0
0
-1.37839e-13
0
-3.49857e-14
0
0
0
0
0
0
0
0
-1.98219e-15
0
0
0
0
0
0
0
0
0
0
0
0
0
2.41218e-17
0
-6.54106e-17
0
0
0
-8.30101e-17
0
0
0
0
0
0
0
0
0
0
0
0
0
0
0
0
0
0
0
0
0
0
0
0
0
0
0
0
0
0
0
0
0
0
0
0
-1.69189e-15
3.43261e-16
-1.89218e-15
0
0
0
0
0
0
2.61267e-13
-7.61031e-13
0
0
0
0
1.55094e-14
0
0
-3.04093e-16
-7.53843e-16
2.69268e-19
0
0
0
0
0
0
0
0
0
0
0
0
0
0
0
0
0
0
0
0
0
0
0
0
0
0
0
0
0
0
0
1.91051e-15
0
0
0
0
0
0
0
0
1.6826e-16
3.2796e-16
3.20271e-16
1.17407e-14
-6.08362e-15
-2.74168e-17
1.91568e-17
0
0
0
0
0
0
0
0
0
0
-1.43103e-12
0
0
-1.82502e-15
0
0
2.35888e-17
9.80778e-16
-7.30638e-16
0
0
0
0
0
0
0
0
0
0
-2.03322e-15
-3.59551e-17
-1.78029e-15
0
0
0
0
0
0
0
0
0
0
-7.1614e-13
0
0
0
0
0
0
0
0
0
0
0
0
0
0
0
0
0
0
0
0
0
0
0
-6.41021e-17
0
0
0
0
0
0
0
0
0
0
0
-2.17014e-15
0
0
0
0
0
0
0
0
0
0
0
0
0
0
0
0
0
0
0
-1.44251e-16
2.36744e-16
0
0
0
0
0
-3.29598e-13
-1.59388e-16
3.81567e-16
0
0
0
0
0
0
0
0
0
0
0
0
0
0
0
0
0
0
0
4.31775e-16
0
0
1.89891e-18
4.58963e-17
0
2.95606e-16
0
0
0
0
0
0
0
0
0
0
0
0
-1.90815e-13
0
0
0
0
0
0
0
0
0
0
1.44992e-16
0
0
0
0
0
0
0
0
0
0
0
0
-6.871e-16
3.86123e-16
0
0
0
0
0
0
0
0
0
-3.33761e-16
0
0
0
0
3.75379e-16
0
0
0
0
0
5.87392e-17
1.1307e-14
-1.81205e-16
0
2.30505e-16
-9.24964e-16
0
0
0
0
0
0
0
0
5.10034e-16
0
0
0
0
0
0
0
0
0
0
0
0
9.85712e-15
0
0
0
0
0
0
0
0
0
0
0
0
0
0
0
0
0
0
0
0
0
0
0
0
-1.64278e-15
-7.07774e-18
0
0
0
0
0
0
0
0
0
0
0
0
0
0
0
0
0
0
0
0
0
0
0
0
0
6.77246e-17
0
0
0
0
0
0
0
0
0
0
3.89411e-13
-1.31387e-12
2.67578e-13
0
0
0
0
2.43881e-15
-9.63929e-16
0
0
-1.46205e-18
0
-2.68207e-16
0
0
0
0
0
0
0
0
0
0
0
0
0
0
0
0
4.44603e-15
0
6.07622e-16
0
-6.88033e-17
0
0
0
0
0
0
0
0
0
0
0
0
0
0
0
0
0
0
0
0
0
0
0
0
0
0
0
0
0
0
0
0
0
0
6.35223e-16
0
1.69475e-15
0
0
0
0
0
0
0
0
0
0
0
0
0
0
0
0
0
0
2.66642e-17
0
0
0
0
1.86107e-09
9.21497e-13
0
0
0
0
0
0
0
0
0
0
0
0
0
0
0
0
0
0
-1.04535e-16
-1.27814e-16
0
0
0
0
0
0
-2.78382e-17
-2.37135e-17
0
0
0
0
0
0
0
0
0
0
0
0
0
0
0
0
-3.11567e-17
0
9.35898e-17
0
0
0
0
0
0
0
0
0
0
0
0
0
0
0
0
0
0
0
0
0
0
0
0
1.25258e-16
-1.24763e-16
0
0
0
0
0
2.16653e-17
0
0
0
0
0
0
0
0
0
0
0
0
0
0
0
0
0
0
0
8.1289e-15
0
0
0
0
0
0
0
0
1.18244e-15
0
0
0
-7.56044e-17
2.23421e-15
0
0
0
0
0
7.86886e-17
0
0
0
0
0
0
0
0
0
0
0
0
0
0
-8.19057e-17
0
0
0
0
-7.39838e-17
2.24298e-15
-3.929e-15
0
0
0
0
0
0
0
0
0
0
0
0
0
0
0
0
0
0
0
0
0
0
0
0
0
0
0
0
0
0
0
0
0
0
0
0
0
0
0
0
0
0
0
0
0
0
0
-3.35626e-16
-6.08171e-17
3.44399e-17
3.64254e-16
0
0
0
0
0
0
0
0
0
0
0
0
0
0
0
0
0
0
-3.19082e-14
7.54381e-16
0
0
0
0
0
0
0
0
0
0
0
0
0
0
-2.92417e-16
0
0
0
0
0
0
0
0
0
0
0
0
0
0
0
0
0
-1.55056e-16
-8.55832e-19
0
0
0
0
0
0
0
0
0
0
0
0
0
0
0
0
0
0
0
-5.88241e-17
0
0
0
0
0
0
0
0
0
0
0
0
0
0
0
0
-2.77313e-16
0
3.76774e-17
0
0
0
0
0
0
7.40969e-17
2.22341e-15
0
0
0
0
0
0
0
0
0
-1.34219e-16
0
0
0
0
0
0
0
0
1.42184e-16
-3.60346e-16
-7.53162e-17
0
0
3.05565e-15
0
0
0
0
1.85154e-17
0
-3.72703e-17
1.54212e-16
0
0
0
0
0
0
0
0
0
4.96134e-17
0
0
0
0
0
0
0
0
0
0
0
0
0
0
0
0
0
0
0
0
-3.63731e-16
0
0
0
0
0
0
0
0
0
0
0
-9.5049e-17
0
0
0
0
0
0
0
-1.13455e-14
0
-1.98996e-14
0
0
0
0
0
0
-1.87729e-15
0
0
0
1.6364e-14
0
0
0
0
0
0
0
0
0
0
0
0
0
0
0
0
0
0
0
0
0
0
0
0
0
0
0
0
0
0
0
0
0
4.23895e-15
0
2.66502e-16
0
0
0
0
0
0
0
0
0
0
0
0
0
0
0
0
0
0
0
0
0
0
0
0
0
0
0
0
0
0
0
0
0
0
0
0
0
0
0
0
0
0
0
0
0
0
0
0
0
0
0
0
0
0
0
0
0
0
-4.58986e-15
-2.91577e-16
0
0
0
0
0
6.57287e-16
-4.02832e-16
0
0
0
0
0
0
0
0
0
0
0
0
0
0
0
0
0
0
0
0
0
0
0
0
0
0
0
0
0
0
0
0
0
0
-8.96176e-17
0
0
0
0
0
0
-8.68458e-16
0
0
0
0
0
0
0
0
0
0
0
0
0
0
0
0
0
0
0
0
0
0
0
0
-3.35823e-15
-1.55953e-15
0
0
0
0
0
0
0
0
0
0
0
0
0
0
0
0
0
0
0
0
0
0
-1.16381e-16
0
0
0
0
0
0
0
0
0
0
0
-7.5794e-16
1.47935e-16
0
0
8.02237e-15
0
0
0
0
0
0
0
0
0
0
0
0
0
0
1.4804e-15
0
0
0
-1.40388e-15
0
0
-2.41981e-16
-3.64602e-16
0
0
0
0
0
0
0
0
0
0
0
0
1.55333e-15
0
0
0
0
0
0
0
0
0
-2.76623e-16
0
0
0
0
0
0
0
0
0
0
0
0
2.74083e-16
0
0
0
0
0
0
0
0
0
4.14079e-16
2.85803e-16
0
0
0
0
0
0
2.19588e-16
2.3083e-15
0
0
0
7.34446e-16
0
0
0
0
0
0
2.19114e-30
0
0
0
0
0
0
0
0
0
0
0
0
0
0
0
0
0
0
0
-6.24187e-15
0
0
0
0
0
0
0
0
0
0
-3.02157e-16
0
-2.33278e-16
0
0
0
0
0
0
0
0
-1.28795e-16
0
0
0
0
0
0
0
0
0
0
0
0
0
0
0
0
0
0
0
0
0
0
0
-3.47692e-15
0
0
0
0
6.25906e-15
0
2.82259e-15
0
0
0
0
0
0
0
0
3.91366e-15
0
0
0
0
0
0
0
0
0
0
0
0
0
0
0
8.67497e-17
0
6.22762e-16
0
0
0
0
0
0
-1.91632e-18
0
-4.36088e-17
0
0
0
0
0
-9.8861e-17
0
0
0
0
0
0
0
0
0
0
-3.55373e-15
-7.84818e-15
0
0
0
0
0
0
0
0
0
0
0
0
0
0
0
0
0
-1.83522e-16
0
0
0
0
0
0
0
0
0
0
0
0
0
0
0
0
0
0
0
0
0
0
7.17244e-16
0
0
0
0
0
0
0
0
0
0
0
0
0
0
0
0
0
0
0
0
0
0
0
0
0
0
0
0
0
0
0
0
0
-7.98224e-16
0
0
0
0
0
0
0
0
1.46533e-16
-5.5236e-16
0
0
0
0
0
0
0
0
0
0
0
1.00059e-16
0
0
0
3.06387e-16
0
5.45688e-17
0
0
0
0
0
0
0
0
0
0
4.32554e-18
1.43203e-16
0
0
0
0
0
0
0
2.09072e-16
2.50428e-15
0
0
0
0
0
0
0
0
0
0
0
0
0
0
0
0
0
0
0
0
2.63567e-16
0
0
0
0
0
0
0
0
-5.44581e-31
2.44211e-15
0
1.58957e-16
-6.03449e-18
1.23553e-16
1.82807e-15
0
0
0
0
0
0
0
0
0
0
0
0
-7.94652e-18
0
0
0
0
0
0
0
0
0
0
0
0
0
0
0
0
0
0
0
0
0
0
0
0
0
0
0
0
0
0
0
0
0
0
0
5.86036e-18
-5.11102e-17
0
0
0
0
0
0
0
0
0
0
0
0
0
0
0
0
0
0
0
0
0
0
-7.53239e-16
-8.582e-16
-4.23736e-16
0
0
0
0
0
0
0
0
0
0
0
0
0
0
0
0
0
0
0
0
0
-9.6453e-16
0
0
0
0
0
0
0
0
0
0
0
0
-2.85914e-14
0
0
0
0
0
0
0
-4.81607e-16
0
0
0
0
0
0
0
0
0
0
0
0
0
0
0
0
0
0
0
0
0
0
0
0
0
0
0
0
0
0
0
0
0
0
0
0
0
0
0
1.51223e-16
1.77968e-16
0
0
0
0
0
0
0
0
0
0
0
0
0
0
0
0
0
0
0
0
0
0
0
0
0
0
0
0
0
0
0
0
0
0
0
0
0
0
0
0
0
0
0
0
0
0
0
0
0
0
0
0
-2.91427e-15
0
0
0
0
0
0
0
0
0
-6.57331e-17
0
0
0
0
0
0
0
0
0
0
0
0
0
0
0
0
6.48096e-17
1.2994e-16
0
0
-1.12449e-16
1.96815e-16
0
0
0
0
0
0
0
0
0
0
0
0
0
0
0
0
0
0
0
0
0
0
0
0
0
0
0
0
0
0
0
0
0
0
0
0
0
0
-2.66541e-16
0
-5.70649e-16
1.75185e-16
1.40634e-16
0
0
-1.00468e-16
6.24202e-17
0
0
0
0
4.79874e-16
0
0
0
0
0
0
0
0
0
0
0
0
0
0
0
0
0
0
0
0
0
0
0
0
0
0
0
0
0
0
0
0
0
0
0
0
0
0
0
0
0
0
0
0
0
0
0
0
0
0
0
0
3.77558e-13
-1.02419e-08
0
0
0
0
0
0
0
0
0
0
0
0
0
0
0
0
0
0
6.22659e-16
-1.2616e-16
0
0
0
0
0
0
0
0
0
0
0
0
-1.02687e-15
0
0
0
0
0
0
0
0
0
0
0
0
0
0
0
0
0
0
0
0
0
0
0
0
0
0
0
0
0
0
0
0
0
0
0
0
0
0
0
-3.99282e-17
-4.09057e-16
0
0
-1.07734e-16
-1.79045e-16
0
0
0
0
0
0
0
0
0
0
0
0
0
0
0
0
0
0
-2.66604e-16
0
0
0
0
0
0
0
0
0
0
0
0
0
0
0
0
0
0
0
0
0
0
0
0
0
0
0
0
0
0
0
0
0
0
0
0
1.732e-15
0
0
0
0
0
0
0
0
0
0
0
0
0
0
0
0
0
0
0
0
0
0
0
0
0
0
0
0
0
0
0
0
0
0
0
0
0
0
0
0
0
0
0
0
0
0
0
0
0
0
0
0
0
0
0
0
0
0
0
0
0
0
0
0
0
0
0
0
0
0
0
0
0
0
0
0
0
0
0
0
0
0
1.67441e-17
-1.03079e-18
1.63757e-17
0
0
0
0
0
1.42531e-16
0
-1.13714e-16
-4.09752e-18
0
0
0
0
0
0
0
2.44475e-15
0
0
0
0
0
0
0
0
0
-7.89077e-17
-8.96467e-16
0
0
0
0
0
0
-2.03263e-15
-2.51936e-16
0
0
0
0
0
0
0
0
0
0
0
0
0
0
0
0
0
0
0
0
0
0
0
0
0
0
0
0
0
0
0
0
0
0
0
0
0
0
0
0
0
0
0
3.20342e-33
0
0
0
-5.64856e-14
4.57856e-16
0
0
0
0
0
0
0
0
0
0
0
0
0
0
0
0
0
0
0
0
0
-2.35094e-16
0
0
0
0
0
0
0
0
0
0
0
0
0
0
0
0
0
0
0
0
0
0
0
0
0
0
-4.3662e-17
2.50186e-16
0
0
0
0
0
0
0
0
0
0
0
0
0
0
0
0
0
0
0
0
0
0
0
0
0
0
0
0
0
0
0
0
0
0
0
0
0
0
0
0
0
0
0
0
0
0
0
0
0
0
0
0
0
0
0
0
0
0
0
0
0
0
0
0
0
0
0
5.44581e-31
0
0
0
0
0
0
0
0
0
0
0
0
0
0
0
0
0
0
0
0
0
0
0
0
0
0
0
0
0
0
0
0
0
0
0
0
0
0
0
0
0
0
0
0
0
0
0
0
0
0
0
0
0
0
0
0
0
0
0
0
0
0
0
0
0
0
0
0
0
0
0
0
0
0
0
0
0
0
0
0
0
0
0
0
0
0
0
0
0
0
0
0
0
0
0
0
0
0
0
0
0
0
0
0
0
0
0
0
0
0
0
0
0
0
-2.83141e-17
0
0
0
0
0
0
0
0
0
0
0
0
0
0
0
-5.44581e-31
0
0
0
0
-8.7301e-17
0
0
0
0
0
0
0
0
0
0
0
0
0
0
0
1.62402e-15
9.0836e-16
0
0
0
0
0
-1.36201e-16
0
0
0
0
0
0
0
0
0
5.40873e-16
-8.97614e-15
0
0
0
0
0
0
-2.22377e-15
3.35454e-17
0
0
0
0
0
0
0
0
0
0
4.05813e-15
0
0
0
0
0
0
0
0
0
0
0
0
0
0
0
0
0
0
0
0
-2.92173e-16
0
0
0
0
0
0
0
-1.66903e-17
-1.47841e-16
1.73293e-16
0
0
0
0
0
0
0
0
-3.22536e-15
0
-6.89291e-16
-4.57796e-16
0
0
0
0
0
2.44429e-16
2.73027e-17
0
0
0
0
0
0
0
0
0
0
0
0
0
0
0
0
0
0
0
0
0
0
0
0
0
0
0
0
0
0
0
0
0
0
0
0
0
0
0
0
0
0
0
0
0
0
0
0
0
0
0
0
0
0
0
0
0
0
0
0
0
0
0
0
0
0
0
0
0
0
0
-1.54604e-16
0
0
0
0
0
0
0
0
0
0
0
0
0
0
0
0
0
0
0
0
0
0
0
0
0
0
0
0
0
0
0
0
0
0
0
0
0
0
0
0
0
0
0
0
0
0
0
0
0
0
-6.4021e-16
-7.05967e-18
0
0
0
0
0
0
0
0
0
0
0
0
1.1895e-15
-1.23206e-18
0
0
0
0
1.18121e-17
0
0
0
0
0
0
0
2.51355e-17
0
0
4.90463e-17
0
0
0
0
0
5.38688e-14
0
0
0
0
0
0
0
0
0
0
0
0
0
0
0
3.84976e-15
0
0
0
0
0
0
0
0
0
0
0
0
0
0
0
0
0
0
0
0
0
0
0
1.36055e-15
0
0
0
0
0
0
4.09106e-15
-1.01669e-16
0
0
0
0
0
0
0
0
0
0
0
0
0
0
0
0
0
0
0
0
0
0
0
0
0
0
0
0
0
0
0
0
0
0
0
0
0
0
0
0
0
0
0
0
0
3.28284e-15
1.56395e-16
0
0
0
0
0
0
0
0
0
0
0
0
0
0
0
0
0
0
0
0
0
0
0
0
0
0
0
0
0
0
0
0
0
0
0
0
0
0
0
0
0
0
0
0
0
0
0
0
0
0
0
0
0
0
0
0
0
0
0
0
0
0
0
0
0
0
-1.37161e-17
0
0
0
0
0
0
0
0
0
0
0
1.83973e-18
-2.17248e-16
0
0
0
0
-5.44581e-31
5.92214e-17
-3.02981e-15
0
0
0
0
0
0
0
0
0
0
0
0
0
0
0
0
0
0
0
0
0
0
0
0
0
0
0
1.49194e-16
-5.43596e-17
0
0
0
0
0
0
0
0
0
0
0
0
0
0
0
0
0
0
0
0
0
0
0
0
0
0
0
0
0
0
0
0
0
0
0
0
0
0
0
0
0
0
0
0
0
0
0
0
0
0
0
0
1.44732e-16
0
0
-8.21516e-16
7.21382e-16
0
0
0
0
0
-7.90361e-17
0
0
0
0
0
0
0
0
0
0
0
0
0
0
0
0
0
0
0
0
0
0
0
0
0
0
0
0
0
0
0
0
0
0
0
0
0
0
5.47784e-31
0
0
0
0
0
0
0
0
-2.60308e-14
-5.59211e-12
0
0
0
0
0
0
0
0
0
0
0
0
0
0
0
0
0
0
0
0
0
0
0
0
0
0
0
-1.62328e-15
0
-1.76714e-14
0
1.59549e-17
2.49318e-16
0
0
0
0
0
0
1.67776e-15
-5.89016e-17
0
0
-7.48657e-13
-2.3101e-12
0
0
0
0
0
2.48869e-17
0
0
0
0
0
0
0
0
0
0
0
0
0
0
0
0
0
0
7.26602e-15
0
0
0
0
0
0
0
0
0
0
0
0
0
0
0
0
-3.91735e-17
8.76488e-18
0
0
0
2.33187e-17
4.08555e-16
-7.15175e-16
0
0
0
0
0
0
0
0
0
0
0
-3.31366e-15
1.25035e-16
0
0
0
0
0
0
0
0
0
0
0
0
0
0
0
0
0
0
0
0
0
0
0
0
0
0
0
-1.29296e-16
9.27625e-17
0
0
0
0
-8.29662e-17
0
0
0
0
0
0
0
0
0
0
0
0
0
0
0
0
-8.07392e-15
0
0
0
0
0
0
0
0
0
0
0
0
0
0
0
0
0
0
0
0
0
0
0
0
0
0
0
0
0
0
0
0
0
-2.12466e-16
-1.81272e-16
1.87326e-16
0
2.14955e-16
0
-2.849e-15
0
0
0
0
0
0
0
-9.09687e-16
-9.91257e-16
0
0
0
0
0
0
0
0
0
0
0
0
0
0
0
0
0
0
0
0
0
0
0
-2.46907e-17
0
0
0
0
0
0
0
0
0
0
0
-6.9847e-17
7.06122e-17
0
0
0
0
0
0
0
0
0
0
0
0
0
0
0
0
0
0
0
0
0
0
0
0
0
0
0
0
0
0
0
0
0
0
0
0
0
0
0
0
0
-1.50151e-12
0
0
0
0
0
0
0
0
0
-1.25022e-18
0
0
0
0
0
0
0
0
0
0
0
0
0
0
0
0
0
0
0
0
0
0
0
0
0
0
0
0
0
0
0
0
0
0
0
0
0
0
0
0
0
0
0
-3.09293e-13
0
-1.80568e-13
0
0
0
0
0
0
0
0
0
0
0
0
0
0
2.17804e-16
-2.11295e-16
0
0
0
-4.8441e-16
4.17284e-16
0
0
0
0
0
0
0
0
0
0
0
0
0
0
0
0
0
0
0
0
0
0
0
0
0
0
1.01274e-16
-5.94574e-18
0
0
0
0
0
0
0
0
0
0
-4.54212e-16
2.78889e-16
0
0
0
0
0
0
0
0
0
0
0
0
0
0
0
0
0
0
0
0
0
0
0
0
0
0
0
0
0
0
0
-2.60894e-16
0
0
0
0
0
0
0
0
0
0
0
0
0
0
0
0
0
0
0
0
0
0
0
0
0
0
0
0
0
0
0
0
0
0
0
0
0
0
0
0
0
0
0
0
0
-2.01412e-16
0
0
0
0
0
0
0
0
0
0
0
0
0
0
0
0
0
6.65122e-16
2.44488e-16
0
0
0
0
0
6.27774e-16
0
0
0
2.17003e-17
0
0
0
0
0
0
0
0
0
0
0
0
0
0
0
0
0
0
1.24756e-15
0
0
0
0
0
0
0
0
0
0
0
0
0
0
0
0
0
-7.51782e-16
0
1.88759e-17
0
0
0
0
0
0
0
0
0
1.66963e-16
0
-6.1259e-17
0
8.98232e-17
0
0
0
0
0
0
0
0
0
0
4.10037e-31
-1.70563e-15
0
0
0
0
6.04608e-17
0
0
7.20818e-13
0
0
0
0
0
0
0
0
0
0
0
0
0
0
2.25649e-16
0
0
0
0
0
0
0
0
0
0
0
0
0
0
0
0
0
0
0
0
0
0
0
0
0
0
0
0
0
0
0
6.97697e-16
1.29778e-16
0
0
0
0
0
0
0
0
0
0
0
0
0
0
0
0
0
0
0
0
7.38439e-16
-5.7851e-16
0
0
0
0
0
0
0
0
0
0
0
0
0
0
0
0
0
0
0
0
0
0
0
0
0
0
0
0
0
0
0
0
0
0
0
0
0
-4.96134e-17
1.51367e-18
0
0
0
0
0
0
0
0
0
0
6.12987e-16
-3.85668e-16
0
0
0
0
0
0
0
0
0
0
0
-5.43706e-17
0
0
0
0
0
0
1.59665e-14
0
0
0
0
0
0
2.45802e-16
1.93073e-16
0
0
0
0
0
0
0
0
0
0
0
0
0
0
0
0
0
0
0
0
0
0
0
0
0
0
0
0
0
0
0
0
-5.66534e-14
0
0
0
0
0
0
0
0
0
0
0
0
0
0
0
0
0
0
0
0
0
0
0
0
0
0
0
0
0
0
0
0
0
0
0
0
0
0
0
0
0
0
0
-1.13805e-14
0
0
0
3.13297e-16
0
0
0
0
0
0
0
0
0
0
0
0
0
0
0
-1.23342e-16
0
0
0
0
0
0
0
0
0
0
0
0
0
0
1.98045e-16
8.44911e-17
0
0
0
0
0
0
0
0
0
0
0
0
0
-7.5779e-17
0
0
0
0
0
-2.34209e-15
0
0
0
0
0
0
0
-1.60797e-15
0
0
0
0
0
0
0
0
0
0
0
0
0
0
0
0
0
0
0
0
0
0
0
0
0
0
0
0
-5.1985e-17
0
0
0
0
0
0
0
0
0
0
0
0
0
0
0
0
0
0
0
0
0
0
0
0
0
0
0
0
0
0
0
0
0
0
0
0
0
0
0
0
0
0
0
0
0
0
0
0
0
0
0
0
0
0
0
0
0
0
0
0
0
0
0
0
0
0
0
0
0
0
0
0
0
0
0
0
0
0
0
0
0
0
0
0
0
0
0
-6.76207e-15
0
0
0
0
0
0
0
0
0
0
0
0
0
0
0
0
0
0
0
0
0
0
0
0
0
0
0
0
0
0
0
-6.41575e-16
2.27458e-16
0
0
0
0
0
0
0
0
0
0
0
0
0
0
0
0
0
0
0
1.4289e-16
0
0
0
0
0
0
0
0
0
0
0
0
0
0
0
0
0
0
0
0
-8.09936e-19
2.60201e-16
0
0
0
0
0
0
0
-3.71632e-16
0
0
0
0
0
0
0
0
3.88483e-17
0
0
0
0
0
0
0
0
0
0
0
0
0
0
0
0
0
0
0
0
0
0
0
0
0
0
0
0
0
0
0
0
0
0
0
0
0
0
0
0
0
0
0
0
0
-5.02247e-15
0
0
0
0
1.45471e-16
4.28684e-16
0
0
0
0
0
0
0
0
0
0
0
0
0
0
0
0
0
0
0
0
0
0
0
0
0
-8.08826e-16
-1.05906e-14
0
0
0
0
0
0
0
0
0
0
0
0
0
0
0
0
0
0
0
0
0
0
0
0
0
0
0
0
0
0
0
0
0
0
0
0
0
0
0
0
0
0
0
0
0
0
0
0
0
0
0
0
0
0
3.75899e-15
-2.59555e-15
0
0
0
0
0
0
0
0
0
0
0
0
0
0
0
0
0
0
0
0
0
0
0
0
0
0
0
0
0
0
0
0
0
0
0
0
0
0
0
0
0
0
0
0
0
0
0
0
0
0
0
0
0
0
0
0
0
0
0
0
0
0
0
0
0
0
0
0
0
0
0
-3.35277e-16
0
0
0
0
0
-2.73176e-17
2.89281e-17
0
0
0
0
0
0
0
0
0
-5.30781e-16
0
0
0
0
0
0
0
0
0
0
0
0
0
0
0
0
0
0
0
0
0
0
0
0
0
0
0
0
0
0
0
0
0
0
0
0
0
0
0
0
0
0
0
0
0
0
0
0
0
0
0
0
0
0
0
0
8.65685e-16
0
0
0
0
0
0
0
0
0
0
0
0
0
0
0
0
0
0
0
0
0
-2.49567e-16
0
0
0
0
0
0
0
0
0
0
0
0
0
0
0
0
0
0
0
0
0
0
0
0
-1.74018e-17
3.19871e-16
7.38838e-18
0
0
0
0
0
0
0
0
0
0
0
0
0
0
0
0
0
0
0
0
0
0
0
0
0
0
0
0
0
0
0
0
0
0
0
0
0
0
0
0
0
0
0
0
0
0
0
0
0
0
0
0
0
-1.14832e-16
0
0
0
0
0
0
0
0
0
5.94111e-18
0
0
0
0
0
0
0
0
0
0
0
-1.75875e-17
0
0
0
0
0
0
0
0
0
0
0
0
0
0
0
0
0
0
0
0
0
0
0
0
0
0
0
0
0
0
0
0
0
0
0
0
0
0
0
9.55009e-16
0
0
0
0
0
0
0
0
0
0
0
0
0
0
0
0
0
0
0
0
0
0
0
0
0
0
0
0
0
0
0
0
0
0
0
0
0
0
0
0
0
0
0
0
0
0
0
0
0
0
0
0
0
0
0
0
0
0
0
0
0
0
0
0
0
0
0
0
0
0
0
0
0
0
0
0
0
0
0
0
0
0
0
0
0
0
0
0
0
0
0
0
0
0
0
0
0
0
0
0
0
0
0
0
0
0
-8.67462e-16
-8.72997e-17
0
0
0
0
0
0
0
0
0
0
7.08158e-15
0
0
0
0
6.62254e-16
0
0
0
0
0
0
0
0
-4.31276e-16
0
0
0
0
0
1.00614e-15
8.13962e-16
0
0
0
0
0
0
0
0
0
0
0
-9.02107e-17
0
0
0
0
0
0
0
0
0
0
0
0
0
0
0
0
0
0
0
0
0
0
0
0
0
0
0
0
0
0
0
0
0
0
0
0
0
0
0
0
0
0
0
0
0
0
0
0
0
0
0
0
0
0
0
0
0
-4.01381e-16
0
0
0
0
0
0
0
0
0
2.51923e-16
4.36097e-17
0
0
0
0
0
0
0
0
0
0
0
0
2.48798e-15
0
0
0
0
3.48473e-16
0
0
0
2.06022e-13
-6.15185e-13
0
4.33066e-17
0
0
0
0
0
0
0
0
0
0
0
0
0
0
0
0
4.44348e-15
0
0
0
0
0
0
0
2.3322e-17
0
0
0
0
0
0
0
0
0
0
0
0
0
0
0
0
0
0
0
0
0
0
0
0
0
0
0
0
0
0
0
0
0
0
0
0
0
0
0
0
0
0
0
0
0
0
0
0
0
0
0
0
0
0
0
0
0
0
0
0
0
0
0
0
0
0
0
0
0
3.96226e-15
0
0
0
0
0
0
0
0
0
0
0
0
0
0
0
0
0
0
0
0
0
0
-2.02171e-14
0
0
0
0
0
0
0
0
0
0
0
0
0
0
0
0
0
0
0
0
0
0
0
0
0
1.06525e-15
-9.42792e-16
0
0
0
0
0
0
0
0
0
0
0
0
0
0
0
0
0
0
0
0
0
0
0
0
-2.85805e-16
0
0
0
-9.53834e-13
0
0
0
0
0
0
0
0
0
0
0
0
0
-6.80936e-15
0
0
0
0
0
0
0
0
1.21444e-16
0
0
0
0
0
0
0
0
0
2.57705e-15
0
0
0
0
0
0
0
0
0
0
7.57759e-17
-8.21731e-17
0
0
0
0
0
0
0
0
0
0
0
0
0
1.37215e-15
1.56978e-15
0
0
0
0
0
0
1.02011e-15
0
0
0
0
0
0
0
0
0
0
0
0
0
0
1.25997e-13
0
0
0
0
0
0
0
0
0
0
0
0
0
0
0
0
0
0
0
0
0
0
0
0
0
0
0
0
0
0
0
0
0
0
0
0
0
0
0
0
0
0
0
2.51414e-18
0
0
0
0
0
0
0
0
0
0
0
0
0
0
0
0
0
0
0
0
0
0
-2.19751e-16
2.20112e-16
0
0
0
0
0
4.55566e-15
0
0
0
0
0
0
0
0
0
0
0
0
0
0
0
0
0
0
0
0
0
0
0
0
0
0
0
0
0
0
0
0
2.33335e-15
0
0
0
0
0
0
0
0
0
0
0
0
0
0
0
0
0
0
0
0
0
0
0
0
0
0
0
0
0
0
0
0
0
5.79154e-16
8.53072e-16
0
0
0
0
0
0
0
0
0
-1.15188e-16
1.23306e-16
0
-3.44767e-15
0
0
0
0
0
0
0
0
0
0
0
0
0
0
0
0
0
0
0
0
0
0
0
0
0
0
0
0
0
0
0
0
0
0
0
0
0
0
-9.00771e-16
1.78868e-15
0
0
0
0
0
0
0
0
0
0
0
0
0
0
0
0
0
0
0
0
0
-2.47933e-15
0
0
0
0
0
0
0
0
0
0
0
0
0
0
0
0
0
0
0
0
0
0
0
0
0
0
0
0
0
0
0
0
0
0
0
0
0
0
0
0
0
0
0
0
0
0
0
0
0
0
0
0
0
0
0
0
0
0
9.46184e-16
0
0
0
0
0
0
0
0
0
0
0
0
0
0
0
0
0
0
0
0
0
0
0
0
0
0
0
0
0
0
0
0
0
1.86174e-15
0
0
0
0
0
0
0
0
0
0
0
0
0
0
0
0
0
-1.06794e-15
-3.44651e-16
0
0
0
0
0
0
0
0
0
0
0
0
2.74569e-16
0
0
0
0
0
0
0
0
0
0
0
0
0
0
0
0
0
0
0
0
0
0
0
0
0
0
0
0
0
0
0
0
0
0
0
0
0
0
0
0
0
0
0
0
0
0
0
0
0
0
0
0
0
0
0
0
0
0
0
0
0
5.06585e-18
-4.67391e-18
0
0
0
0
0
0
0
0
0
0
0
0
0
0
0
0
0
0
0
0
0
0
0
0
0
0
0
0
0
0
0
0
0
0
0
0
0
0
0
0
0
0
0
0
0
0
0
0
0
0
0
0
-5.11108e-17
7.16168e-17
0
0
0
0
0
0
0
0
0
0
0
0
0
0
0
0
0
0
0
0
0
0
0
0
0
0
0
0
0
0
0
0
0
0
0
0
-1.91783e-14
0
-8.31213e-14
0
1.5044e-17
-1.08916e-30
0
0
0
0
0
0
0
0
0
0
0
0
0
0
0
0
0
0
0
0
0
0
0
0
0
0
0
0
0
0
0
0
0
0
0
-6.22755e-16
0
0
0
0
0
0
0
0
0
0
0
0
0
0
0
0
0
4.19335e-16
0
0
0
0
0
0
0
0
0
0
0
0
0
0
0
0
0
0
0
0
0
0
0
0
0
0
0
0
0
0
0
0
0
0
0
0
0
0
0
0
0
0
0
0
0
0
0
0
0
0
0
0
0
0
0
0
0
0
0
0
0
0
0
0
1.03633e-14
0
0
0
0
0
0
8.7126e-18
0
0
0
0
0
0
0
0
0
0
0
0
0
0
0
0
0
0
0
0
0
0
0
-6.38935e-16
1.38979e-16
0
0
0
0
0
0
0
0
0
0
0
0
0
0
0
0
0
0
0
0
0
0
0
0
0
0
0
0
0
0
0
0
0
0
-1.46454e-16
0
0
0
0
0
0
0
0
0
0
0
0
0
0
0
0
0
0
0
0
0
0
0
0
0
0
0
0
0
0
0
0
0
0
0
0
0
0
0
0
0
0
0
0
0
0
0
0
0
-7.41682e-13
0
0
0
0
0
0
0
0
0
0
0
0
0
0
0
0
0
0
0
0
0
0
0
0
0
0
0
0
0
0
0
0
0
0
2.52847e-16
0
0
0
0
0
0
0
0
0
0
0
0
0
0
0
0
0
0
0
0
0
0
0
0
0
0
0
0
0
0
0
0
0
0
0
0
0
0
0
0
0
0
0
0
0
0
0
0
0
0
0
0
0
0
0
0
0
0
0
0
0
0
0
0
0
0
0
0
0
0
0
0
0
0
0
0
-1.57554e-13
3.56254e-16
0
0
0
0
0
0
0
0
0
0
0
0
0
0
0
0
0
0
0
0
0
0
0
0
0
0
0
0
0
0
0
0
0
0
0
0
0
0
0
0
0
0
0
1.95534e-17
8.82676e-17
0
0
0
-2.77583e-15
-2.17578e-14
0
0
0
0
0
0
0
0
0
0
0
0
0
0
0
0
0
0
0
0
0
0
0
0
3.42595e-17
0
0
0
0
0
0
0
0
0
0
0
0
-2.34889e-16
0
0
0
0
0
0
0
0
0
0
0
0
0
0
6.66204e-16
0
0
0
0
0
0
0
0
0
-2.09654e-16
0
0
0
0
0
0
0
0
0
0
0
0
0
0
0
0
0
0
0
0
0
0
1.16395e-17
0
0
0
0
0
0
0
0
0
0
0
0
0
0
0
0
0
0
0
0
0
0
0
0
0
0
0
0
0
0
0
0
0
-2.39144e-17
0
0
0
0
0
0
0
0
0
0
0
0
0
2.71144e-13
-9.81127e-13
0
0
0
0
0
0
0
0
0
0
0
0
0
0
0
0
0
0
0
0
0
0
0
0
0
0
0
0
0
0
0
0
0
0
0
0
0
0
0
0
0
0
0
0
0
0
0
0
-9.67142e-15
-3.53236e-16
1.07004e-17
0
0
0
0
0
0
0
0
0
0
0
0
0
0
0
0
0
0
0
0
0
0
-1.05345e-14
1.13016e-14
0
0
0
0
2.39865e-16
0
0
0
0
0
0
3.85512e-18
-1.27634e-17
0
0
0
0
0
0
0
0
0
0
0
0
0
4.54348e-16
-8.75173e-30
0
0
0
0
0
0
0
0
0
0
0
0
0
0
0
0
0
0
-8.71329e-30
0
-5.19672e-15
0
0
0
0
0
0
0
-1.60941e-15
0
0
0
0
2.19661e-16
0
0
0
0
0
0
0
0
0
0
0
0
0
0
0
0
0
0
0
0
0
0
0
0
0
0
0
0
0
0
0
0
0
0
0
0
0
0
0
0
0
0
0
0
0
0
0
-1.42776e-16
5.40892e-17
0
0
0
0
0
0
0
0
0
0
0
0
0
0
0
0
0
0
0
0
0
0
-2.09929e-16
2.2605e-17
0
0
0
0
0
0
0
0
0
0
0
0
0
0
0
0
0
0
0
0
0
0
0
0
0
0
0
0
0
0
0
0
0
0
0
0
0
0
0
0
0
0
0
0
0
0
0
0
0
0
0
0
0
0
0
0
0
0
0
0
0
0
-1.45488e-16
0
0
0
0
0
0
0
0
0
0
0
0
0
0
0
0
0
0
0
0
0
5.1237e-18
1.83169e-18
0
0
0
0
0
0
0
0
0
0
0
0
7.62003e-16
0
0
0
0
0
0
0
0
0
0
0
0
0
0
0
0
0
0
0
0
0
0
0
0
-2.41067e-18
0
0
0
0
0
0
0
0
0
0
0
0
0
0
0
0
0
0
0
0
-9.79392e-17
0
0
0
0
0
0
0
0
0
0
0
0
0
-1.58157e-16
4.52899e-17
0
0
0
0
0
0
0
0
0
0
0
0
0
0
0
0
0
0
0
0
0
0
0
0
0
0
0
0
0
0
0
0
0
0
0
0
-1.44604e-17
0
-2.852e-13
0
0
0
0
0
-5.08197e-17
1.06197e-16
0
0
0
0
0
0
0
0
0
0
0
0
0
0
0
0
0
0
0
-9.10698e-13
0
0
0
0
0
0
0
0
0
0
0
0
0
0
0
0
0
0
0
0
0
0
0
0
-4.10441e-15
0
0
0
0
0
0
0
0
0
0
0
0
0
0
0
0
0
0
0
0
0
0
0
0
0
0
0
0
0
0
0
0
0
0
0
0
0
0
0
0
-8.76455e-30
-6.5286e-15
0
0
0
0
0
0
0
0
0
0
0
0
0
0
0
0
0
0
0
0
0
0
0
0
0
0
0
0
0
0
0
0
0
0
0
0
0
0
0
0
0
0
0
0
0
0
0
0
0
0
0
0
0
0
0
0
0
0
0
0
0
0
0
0
0
0
0
0
0
0
0
0
0
0
0
0
0
0
0
0
0
0
0
0
0
0
0
0
0
0
0
0
0
0
0
0
0
0
1.14774e-16
0
0
0
0
0
-2.9647e-16
0
0
0
0
0
0
0
0
0
-1.30256e-16
0
0
0
0
2.08823e-16
1.01355e-18
0
0
0
0
0
0
0
0
0
0
0
0
0
0
0
0
0
0
0
0
0
0
0
0
0
0
0
0
0
0
0
0
0
0
0
0
0
0
0
0
0
0
0
0
0
0
0
0
0
0
0
0
0
0
0
0
0
0
0
0
0
0
0
0
0
0
0
0
0
0
0
0
0
0
0
0
0
0
0
0
0
0
0
0
0
0
0
0
0
0
0
0
0
0
0
0
0
0
0
0
0
0
0
0
0
0
0
0
0
0
0
0
0
0
0
0
0
0
0
0
0
0
0
0
0
0
0
0
0
-7.40482e-14
-6.63431e-13
0
0
0
0
0
0
0
0
0
0
0
0
0
0
0
0
0
0
0
0
2.52348e-16
0
0
0
0
0
0
0
0
0
0
-1.89786e-13
-3.69025e-16
-1.94595e-13
0
0
0
0
0
0
0
0
0
0
0
0
0
0
0
0
0
3.57197e-16
0
0
0
0
0
0
0
0
0
0
0
0
0
0
0
0
0
0
0
0
0
0
0
0
0
0
0
0
0
0
0
0
0
0
0
0
0
-1.83541e-16
-2.47658e-16
0
0
0
0
-1.57155e-13
-1.57527e-13
0
0
0
0
0
0
0
-1.12711e-16
0
0
0
0
0
0
0
0
0
0
0
0
0
0
0
0
0
1.21133e-15
0
-6.66243e-15
7.65567e-15
0
0
0
0
0
0
0
0
0
0
0
0
0
0
0
0
0
0
0
0
0
0
0
0
0
0
0
0
0
0
0
9.80234e-15
0
0
0
0
0
0
0
0
0
0
0
0
0
0
0
0
0
0
0
0
0
0
0
0
0
0
0
0
0
0
0
0
0
0
0
0
0
0
0
0
0
0
0
0
0
0
0
0
0
0
0
0
0
0
0
0
0
0
0
0
0
0
0
0
0
0
0
0
-7.89664e-17
0
0
0
0
0
0
0
0
0
-7.58742e-15
1.10259e-14
0
0
0
0
0
0
0
0
-2.99646e-18
0
0
0
0
0
0
0
0
0
0
0
0
0
0
0
0
0
0
0
0
0
0
0
0
0
0
0
0
0
0
0
0
0
0
0
0
0
0
0
0
0
0
0
0
0
0
0
0
0
0
0
0
0
0
3.90725e-18
0
0
0
0
0
0
0
0
0
0
0
0
0
0
0
0
0
0
0
0
0
0
0
0
0
0
0
0
0
0
0
6.93493e-17
-9.08838e-16
0
0
0
0
0
0
0
0
0
0
0
0
0
0
0
0
0
0
0
0
0
0
0
0
0
0
0
0
0
0
0
0
0
0
0
0
0
0
0
0
0
0
0
0
0
0
0
0
0
0
0
0
0
0
0
7.3125e-17
0
0
0
0
0
0
0
0
0
0
0
0
0
0
0
0
0
0
0
0
0
0
0
0
0
0
0
0
0
0
0
-4.7441e-13
0
-2.67933e-13
-1.10797e-16
2.89273e-17
-3.57011e-13
-1.43517e-13
0
0
0
0
0
0
0
0
0
0
0
0
0
0
0
0
0
0
1.92342e-16
-2.17611e-17
0
0
0
0
0
0
0
0
0
0
0
1.28515e-15
0
0
0
0
0
0
0
-4.02854e-16
0
0
0
0
0
0
0
0
0
0
0
0
0
0
0
0
0
0
0
0
0
0
0
0
0
0
0
0
0
0
0
0
0
0
0
0
0
0
0
0
0
0
0
0
0
0
0
0
0
0
0
0
0
0
0
0
0
0
0
0
0
1.90585e-14
0
0
0
0
0
0
0
0
0
-1.22202e-16
0
0
0
0
0
0
-2.6474e-15
0
0
0
0
0
0
0
0
0
0
0
0
0
0
0
0
0
0
0
0
0
0
2.32696e-14
0
0
0
0
0
0
0
-3.44428e-13
0
0
0
0
0
0
0
0
0
0
0
0
0
0
0
0
0
0
-3.44348e-15
0
0
0
0
0
0
0
0
0
0
-5.12547e-31
0
0
0
0
0
0
0
0
0
0
0
0
0
0
0
0
0
0
0
0
-3.06663e-13
0
0
2.43117e-17
0
1.62352e-15
0
0
0
0
0
0
0
0
0
0
2.17126e-15
0
0
0
0
-6.51947e-17
0
-1.3988e-16
0
0
0
0
0
0
0
0
0
0
0
0
0
0
0
0
0
0
0
0
0
0
0
0
0
0
0
0
0
0
0
0
0
0
-1.63728e-15
0
0
0
0
0
0
0
0
0
0
0
0
0
0
0
0
0
0
0
0
0
0
-1.00107e-34
0
0
0
0
0
0
0
0
0
0
0
0
0
0
0
1.55463e-16
3.76271e-17
0
0
0
0
0
0
0
0
0
2.23107e-16
0
0
0
0
0
0
0
0
0
0
0
0
0
0
0
0
0
0
-8.31292e-17
0
0
0
0
0
0
0
0
0
0
0
0
0
0
0
0
0
0
0
0
0
0
0
0
0
0
0
0
0
2.81028e-16
0
0
0
0
0
0
0
0
0
0
0
0
0
0
0
0
0
0
0
0
0
0
0
0
0
0
0
0
0
0
0
0
0
0
0
0
0
-4.16738e-16
0
0
0
0
0
0
0
0
0
0
0
0
0
0
0
0
0
0
0
0
0
0
0
1.96147e-16
3.18846e-17
0
0
6.54779e-16
0
-1.01771e-14
0
0
0
0
0
0
0
-1.65739e-15
0
0
0
0
0
0
0
0
0
0
-8.51365e-16
0
0
0
0
2.5615e-18
-5.20598e-15
0
0
0
0
0
0
0
0
-4.02805e-18
0
0
0
0
0
0
0
0
0
0
0
0
0
0
0
0
0
0
0
0
0
0
0
0
2.84689e-18
0
0
0
0
0
0
0
0
0
0
0
2.36066e-15
0
-2.42008e-16
8.41036e-17
-8.46593e-16
1.92273e-19
0
0
0
0
0
0
0
0
0
0
0
-1.86921e-16
-1.85368e-16
0
0
0
0
1.31071e-14
0
0
0
0
2.39681e-14
0
0
0
0
0
0
0
0
0
0
0
0
0
0
0
0
0
0
0
0
0
0
0
0
0
0
2.75594e-19
0
0
0
0
-2.59916e-15
0
0
0
0
0
0
0
0
0
0
0
0
0
0
0
9.64453e-17
2.29803e-15
0
0
0
0
0
4.53518e-16
0
0
0
0
0
0
0
0
0
0
0
0
0
0
0
0
0
0
0
0
0
0
0
0
0
0
0
0
0
0
0
0
0
0
0
0
0
0
0
0
0
0
0
0
0
0
0
0
-5.48852e-31
0
0
0
0
0
0
0
0
0
0
0
-3.52565e-18
0
0
0
0
0
0
0
0
0
0
0
0
0
0
0
0
0
0
0
0
0
0
0
0
0
0
0
0
0
0
0
-1.94666e-16
1.02101e-16
0
0
0
0
0
0
0
0
0
0
0
0
0
-3.76464e-16
0
0
0
0
0
0
0
0
0
-8.7262e-16
0
0
0
0
0
0
0
0
0
0
0
0
0
0
0
0
0
0
0
0
0
-1.64015e-30
0
-2.68832e-17
0
0
0
0
0
0
0
-1.67319e-16
1.16956e-16
0
0
0
0
0
0
0
0
0
0
-2.72052e-16
5.41882e-15
0
0
0
0
0
0
0
0
0
0
0
0
0
0
0
0
0
0
0
0
-1.6525e-17
5.09459e-15
0
0
0
0
0
0
0
0
0
0
0
0
0
0
0
0
0
-2.11753e-17
0
0
0
0
0
0
0
0
0
0
0
-1.51465e-12
0
0
0
0
0
0
0
0
0
0
0
0
0
0
0
0
0
0
0
0
0
0
0
-5.83129e-15
0
0
0
0
0
0
0
-8.20074e-31
0
0
0
0
0
0
-2.35437e-12
0
-8.87227e-17
5.97402e-17
0
0
0
0
0
-1.1932e-15
0
0
0
0
0
0
0
0
0
0
0
0
0
0
0
0
0
0
0
-7.41212e-17
0
0
0
0
0
0
0
0
0
0
0
0
0
0
0
0
0
0
0
0
0
0
0
0
0
0
-5.19893e-16
0
0
0
0
0
0
0
0
0
0
0
0
0
0
0
0
0
0
0
3.40842e-16
-7.49118e-16
0
0
0
0
0
0
0
0
0
0
0
0
0
0
0
0
0
0
0
0
0
0
0
0
0
0
0
0
0
0
0
0
0
0
0
0
0
0
0
0
0
0
0
0
0
8.18364e-17
2.12859e-16
4.36743e-17
0
5.70286e-17
0
-4.08195e-16
0
0
0
0
0
0
0
0
0
0
0
0
0
0
0
0
0
0
0
0
0
0
0
0
0
0
-9.05001e-15
0
0
0
0
0
3.62371e-17
0
-1.33979e-12
0
0
0
0
0
0
0
0
0
0
0
0
3.19301e-16
-3.21394e-17
0
0
0
-3.27883e-16
0
0
-3.36297e-14
1.2613e-15
5.20098e-16
-6.57447e-15
0
0
0
0
0
0
0
-9.61941e-19
0
0
0
0
0
0
0
0
0
0
0
0
5.63801e-31
0
0
0
0
0
0
0
0
0
0
3.59165e-16
0
1.03342e-08
2.65124e-08
-1.31195e-08
-4.05591e-09
-1.7287e-08
-3.63167e-09
-2.07594e-08
-3.88259e-09
-3.73006e-08
-1.77973e-08
-3.20883e-08
-2.68947e-08
1.66085e-08
3.53364e-09
1.77257e-08
-1.49118e-09
-3.44239e-09
9.86148e-09
8.70135e-09
-6.16544e-09
2.475e-08
9.05561e-09
2.31744e-08
7.58917e-09
2.08501e-08
6.11397e-09
2.12214e-08
1.83465e-09
1.3804e-08
-5.3964e-10
1.27019e-08
5.66962e-09
-6.18756e-09
-7.89617e-09
4.49458e-09
-1.0041e-08
2.82004e-09
-1.08974e-08
5.24311e-10
-1.29413e-09
-2.11889e-08
-6.52793e-09
-2.06486e-08
-1.01749e-08
-2.2149e-08
-1.24849e-08
-2.28772e-08
-1.48157e-08
-1.66077e-08
-2.48735e-08
-3.19548e-08
-1.32447e-08
-1.66123e-08
-3.16567e-08
-1.90201e-08
-3.30645e-08
-1.55137e-14
0
0
0
0
0
0
0
0
0
0
0
0
0
0
0
0
0
0
0
0
0
0
0
0
0
0
0
0
0
0
0
0
-6.23326e-12
0
0
0
0
0
0
0
0
0
0
0
0
0
0
0
0
0
0
0
0
0
0
0
0
0
0
0
0
-4.29989e-14
0
0
0
0
0
0
0
0
-8.83971e-16
0
0
0
0
0
0
0
0
0
0
0
0
0
0
0
0
0
0
0
0
0
0
0
0
0
0
0
0
0
0
0
0
0
0
0
0
0
0
0
0
0
0
0
0
0
0
0
0
1.45355e-15
0
0
0
0
0
0
0
0
0
0
0
0
0
0
0
0
0
0
0
0
0
0
0
0
5.39235e-09
-8.01475e-09
-6.8027e-09
5.55477e-09
3.17826e-09
-9.67825e-09
0
0
0
0
0
9.83439e-09
-2.61107e-09
0
-5.68982e-10
-9.08169e-09
1.07151e-17
0
0
0
0
0
0
0
0
-2.56007e-10
1.27761e-08
6.79996e-10
1.48749e-08
0
0
0
0
-2.70936e-16
1.80259e-15
0
0
0
0
0
0
0
0
0
0
2.98145e-09
1.63893e-08
0
0
0
1.54035e-15
8.89163e-15
0
0
-3.40538e-09
-1.30016e-08
-1.29295e-08
-1.95185e-09
0
0
0
0
8.72374e-10
2.14764e-08
0
0
0
0
0
0
0
0
0
0
0
0
0
0
0
0
0
0
0
0
0
0
0
0
0
0
-6.65699e-09
-1.35983e-08
0
0
0
0
0
0
0
0
7.45409e-09
2.25499e-08
0
0
0
0
0
0
0
9.03082e-09
2.40127e-08
2.40706e-08
7.42947e-09
0
0
0
-5.11083e-09
-1.88483e-08
0
0
0
0
-1.64286e-08
-1.42844e-09
0
0
-1.00947e-08
-1.70167e-08
0
-1.50923e-16
-3.05848e-14
0
2.13116e-16
0
0
0
0
0
0
0
0
0
2.524e-08
9.32052e-09
0
3.81999e-17
1.19931e-16
0
0
0
0
0
0
0
0
0
0
0
0
0
0
-9.49599e-09
-2.05664e-08
0
0
0
0
1.47147e-08
-7.00732e-10
0
-1.21008e-08
-2.17674e-08
1.60327e-15
0
0
0
0
0
0
0
-5.49483e-09
6.70773e-09
2.74579e-08
-2.19432e-08
-1.34659e-08
-1.37304e-08
-2.31848e-08
6.73695e-09
-8.64788e-09
3.2808e-09
-9.01821e-09
-2.35433e-08
-1.4893e-08
0
0
-1.40814e-18
0
0
0
0
0
0
0
0
0
0
0
0
0
0
0
0
1.07325e-08
-2.78207e-09
0
3.19384e-10
-9.08285e-09
-4.14885e-09
9.06613e-09
0
0
0
0
0
0
6.30519e-10
1.1168e-08
0
0
-1.0931e-08
-9.49122e-10
3.22938e-10
1.44714e-08
0
0
0
0
0
0
-2.51871e-08
-1.70577e-08
0
0
0
0
0
0
0
4.20465e-09
1.44474e-08
0
0
0
0
0
0
0
0
0
-3.65991e-17
0
-2.2243e-09
-1.33982e-08
0
0
4.23018e-09
1.74408e-08
0
0
0
0
0
0
0
0
0
9.01914e-09
1.65201e-08
0
0
0
-1.78775e-08
-2.6642e-08
0
6.52428e-09
2.19576e-08
0
-8.61262e-09
-1.39355e-08
0
0
9.80034e-15
0
0
-6.16537e-15
-2.20044e-15
-4.8526e-08
-4.53038e-08
4.50072e-08
4.8006e-08
-5.14577e-08
-5.25323e-08
5.82225e-08
5.89344e-08
-5.63231e-08
0
0
0
0
0
0
0
0
0
0
0
0
0
0
0
-1.56447e-16
0
0
0
0
0
0
0
0
-1.60399e-16
-5.48852e-31
0
0
-6.64862e-09
-1.28642e-08
0
0
0
0
0
0
0
0
0
0
0
0
0
0
0
6.87835e-09
2.23641e-08
0
0
0
0
0
0
0
0
0
0
0
7.77732e-09
2.44863e-08
-7.3732e-16
-9.03379e-15
0
0
0
0
0
0
-1.50804e-14
0
0
0
-7.9507e-09
-1.53205e-08
0
0
0
-1.33011e-08
-1.31068e-08
0
0
0
0
0
0
0
0
0
0
0
0
0
0
0
0
0
0
2.71539e-08
8.13447e-09
0
0
0
0
0
0
0
0
0
0
0
0
0
9.42836e-09
2.89211e-08
-1.2684e-08
-1.673e-08
0
0
0
0
-1.82121e-08
-2.55543e-08
0
0
0
-6.025e-17
0
-1.66479e-15
0
-3.22807e-08
-1.67487e-08
0
0
0
0
0
0
0
0
0
0
0
0
0
0
0
0
0
-1.05483e-08
-2.25412e-08
0
0
0
0
0
0
0
0
0
0
0
0
0
0
0
0
0
1.34895e-08
2.56518e-08
-2.26254e-08
-1.3528e-08
0
-2.44813e-08
-1.47096e-08
0
0
0
0
0
0
0
0
0
0
0
0
0
0
0
0
0
0
0
0
0
0
0
0
0
0
0
0
0
0
0
4.65063e-15
0
0
0
0
0
0
-9.01817e-13
0
0
0
0
0
0
0
0
0
0
0
0
0
0
0
0
0
0
0
0
0
0
0
0
0
0
0
0
0
0
0
0
0
0
0
0
0
0
0
0
0
-2.00038e-16
-2.78371e-13
0
0
0
0
0
0
0
0
0
0
0
0
0
0
0
0
0
0
0
0
0
0
-6.78105e-18
0
0
0
0
0
0
3.31269e-14
4.13638e-14
0
-6.85356e-13
0
0
0
-2.56479e-08
-1.73487e-08
0
0
0
0
0
0
0
0
0
0
0
0
0
0
0
0
-7.10449e-17
0
0
0
0
0
0
0
0
0
0
0
0
0
0
0
0
0
0
0
1.01693e-15
0
0
0
0
0
0
0
0
0
0
0
0
-1.38094e-16
0
0
0
0
-3.28326e-08
-2.00222e-08
-2.40454e-08
-3.0367e-08
0
0
0
0
0
8.62933e-16
-2.5856e-17
0
0
0
0
0
0
0
0
0
0
0
0
0
0
0
0
0
0
0
0
0
0
2.75494e-31
0
0
0
0
0
0
0
0
0
0
0
0
0
0
0
0
0
0
0
0
0
0
0
0
0
0
0
0
0
0
0
0
0
0
0
0
0
0
0
0
0
0
0
0
-7.98429e-16
0
0
0
2.1091e-15
0
0
-2.7741e-08
-3.04978e-08
0
0
0
0
0
0
0
0
0
0
0
0
0
0
0
0
0
0
0
0
0
0
0
0
0
0
-8.80684e-16
3.18817e-17
0
0
0
0
0
0
0
0
0
0
0
0
0
0
0
0
0
0
0
0
0
0
0
0
0
0
0
0
0
0
0
0
0
0
0
0
0
0
0
0
0
0
0
0
4.35432e-16
-2.99433e-15
0
0
0
0
0
0
0
0
0
0
0
0
0
0
0
0
0
0
0
0
0
0
0
0
0
0
0
0
-2.17529e-08
-2.50949e-08
4.15027e-17
-1.7366e-17
0
0
0
0
0
0
0
0
0
0
0
0
0
0
0
0
0
0
0
0
0
0
0
0
0
0
0
0
0
0
0
0
0
0
0
0
0
0
0
0
0
0
0
0
0
0
0
0
0
0
0
0
0
0
0
0
0
0
0
0
0
0
0
0
0
0
0
0
0
-3.10711e-15
0
0
0
0
0
0
0
0
0
0
0
0
0
0
0
0
0
0
0
0
0
0
0
-3.16582e-13
-7.75831e-14
0
0
0
0
0
0
0
-3.0174e-08
-2.04132e-08
0
0
0
1.83504e-16
0
0
0
0
0
0
0
0
2.67246e-13
2.41778e-13
0
0
0
8.6704e-15
0
0
0
0
0
0
0
0
0
-1.6548e-15
0
0
0
0
0
0
0
0
0
0
0
0
0
0
0
0
0
0
0
0
0
0
0
0
0
0
0
0
0
0
0
0
0
0
0
0
0
0
0
0
0
0
0
0
0
0
0
0
0
0
0
0
0
0
0
0
0
-3.31693e-14
0
0
0
4.91148e-16
0
0
0
0
-7.32545e-17
1.86281e-17
7.20214e-18
-9.57088e-15
0
0
0
0
0
0
0
0
0
0
0
0
0
0
0
0
0
0
0
0
0
0
0
0
0
0
0
0
0
0
0
0
0
0
0
0
0
0
0
0
0
0
-1.90868e-14
0
0
0
0
0
0
0
0
0
0
0
0
0
0
0
0
0
0
0
-5.35783e-08
4.93708e-08
-3.35448e-08
-2.61831e-08
0
0
0
0
0
0
0
0
0
0
0
0
-4.42464e-15
-6.10418e-17
0
0
0
-3.05232e-08
-1.92925e-08
-1.08916e-30
0
0
0
0
0
0
0
0
0
0
0
0
0
0
0
0
0
0
0
0
0
0
0
0
0
0
0
0
0
0
0
0
0
0
0
0
0
0
-6.52798e-15
3.05399e-16
0
0
7.13734e-16
-2.01017e-16
0
0
0
0
0
0
0
0
0
0
0
0
0
0
0
0
0
0
0
0
0
0
0
0
0
0
0
0
0
0
0
0
0
0
0
0
0
0
-1.85995e-14
0
1.76506e-16
-1.01094e-16
0
0
0
0
0
0
0
0
0
0
0
0
0
0
0
0
0
0
0
0
0
0
0
0
0
0
0
0
0
0
0
0
-6.06023e-17
0
0
0
0
0
0
0
0
0
0
0
-3.96042e-15
-1.2774e-15
0
0
0
0
0
0
0
-5.91718e-08
6.10747e-08
6.12142e-08
-6.07951e-08
0
0
0
0
4.87861e-08
-5.14941e-08
0
0
0
0
0
0
0
0
0
0
0
0
0
0
0
-9.18856e-15
0
0
0
0
0
0
0
0
0
0
0
0
2.66877e-16
0
0
0
0
0
0
0
-1.07517e-15
-1.62953e-15
0
0
0
0
0
1.84161e-17
-8.41493e-18
-1.75515e-15
0
0
0
0
0
0
0
0
0
0
0
0
0
0
0
0
0
0
0
0
0
0
0
0
0
0
0
-9.90617e-17
-1.07758e-17
0
0
0
0
0
0
0
5.69883e-08
-5.36488e-08
0
0
0
0
0
3.44367e-32
0
0
0
0
0
0
0
0
0
6.0372e-17
0
0
0
0
0
0
0
0
0
0
0
0
0
-2.7539e-08
-2.91807e-08
0
0
0
0
0
0
0
0
0
-9.98136e-15
0
0
0
0
0
0
0
0
0
0
0
0
0
0
0
0
-3.93809e-17
9.3146e-15
0
0
0
0
0
-2.96688e-17
0
0
0
-1.19513e-16
5.20734e-16
0
-4.11309e-13
9.21822e-14
-5.89779e-17
0
0
0
0
0
0
0
0
0
0
0
0
0
0
-2.26859e-15
-3.54929e-18
-5.47784e-31
0
0
0
0
0
0
0
0
0
0
0
0
0
0
0
0
0
0
0
0
0
0
0
0
0
0
0
0
0
0
0
-3.08297e-16
2.17832e-30
0
0
0
0
0
0
0
0
0
0
0
0
0
0
-3.0778e-08
-2.28669e-08
0
0
0
0
0
0
0
0
0
0
0
0
-1.07246e-15
0
0
6.81943e-14
-4.64769e-13
1.59564e-08
4.98883e-09
0
0
0
0
0
0
0
0
0
0
0
0
0
0
0
0
0
0
0
0
0
0
0
0
0
0
0
0
-1.85308e-14
0
0
0
0
0
0
0
0
0
0
0
0
1.78408e-16
0
0
0
0
2.95781e-15
0
0
0
5.52794e-16
0
0
0
0
0
-3.63092e-18
0
0
0
0
0
0
0
0
0
-1.81671e-13
0
-1.17393e-15
2.79765e-31
0
0
0
0
0
0
0
0
0
0
0
0
0
0
0
0
-9.96512e-15
0
0
0
-8.79532e-16
0
0
0
0
0
0
-5.54135e-16
0
0
0
0
0
-2.56788e-08
-3.17778e-08
0
0
1.15153e-17
0
0
0
2.38047e-08
1.38599e-08
0
0
0
0
-8.41856e-16
0
1.0138e-16
8.16005e-17
0
0
2.56384e-16
0
0
0
0
0
0
0
0
0
0
0
0
0
0
0
0
0
0
0
0
0
0
0
0
0
0
0
0
0
0
0
0
0
0
0
0
0
0
0
0
0
0
0
0
0
0
0
0
0
0
0
0
0
0
0
0
0
0
0
0
0
0
0
0
0
0
0
0
0
0
0
0
0
0
0
0
0
0
6.02199e-15
0
0
0
0
0
0
0
0
0
0
0
0
0
0
0
5.08467e-08
-5.57935e-08
0
0
0
0
0
0
0
0
-3.12062e-15
0
0
0
0
0
0
0
-4.30223e-16
0
0
0
0
0
0
0
0
0
0
3.06041e-16
-2.06402e-16
1.01611e-16
0
0
0
0
0
0
0
0
0
0
0
0
0
0
0
0
0
0
0
0
0
0
0
0
0
0
0
0
0
0
0
0
0
0
0
0
0
0
0
0
0
0
0
0
0
0
0
0
0
0
0
0
0
0
0
0
0
0
0
0
0
0
0
0
0
0
0
0
0
0
0
0
0
0
0
0
0
0
0
0
0
0
0
0
0
0
0
0
0
-9.1102e-16
6.64163e-16
0
0
0
0
0
0
0
0
0
0
0
0
0
0
0
0
0
0
0
0
0
0
0
0
2.07473e-17
0
1.33627e-16
-2.36077e-16
0
0
0
0
0
0
0
0
0
0
0
0
0
0
0
0
0
0
0
0
0
0
0
0
0
0
0
0
0
0
0
0
0
0
0
0
0
0
0
0
0
0
0
0
3.54984e-16
8.94007e-16
0
0
0
0
0
0
0
0
0
0
0
0
0
0
0
0
0
0
0
0
0
-4.11649e-16
0
0
0
0
-1.34148e-15
3.22127e-17
0
0
0
0
0
0
5.15186e-16
0
0
0
0
0
0
0
0
0
0
0
0
0
0
0
0
0
0
0
0
3.8538e-16
5.46182e-31
0
0
0
0
0
0
0
0
0
0
0
0
-3.27081e-17
0
0
0
0
0
0
0
0
8.57495e-16
0
0
0
0
0
-7.01023e-17
-1.34543e-31
0
0
0
0
0
0
0
0
0
0
0
0
0
2.01176e-16
9.17284e-17
0
1.38934e-16
0
0
0
0
0
0
0
0
0
0
0
0
0
0
0
0
0
0
0
0
0
0
0
0
0
0
0
0
0
1.22236e-15
-2.07374e-14
0
0
0
1.67475e-15
0
0
0
0
0
0
0
0
0
0
0
0
0
0
0
0
0
0
0
0
0
0
0
0
0
0
0
0
0
0
0
0
-2.02728e-15
0
0
0
0
0
0
0
7.33302e-13
7.38798e-13
1.15885e-12
0
0
0
0
0
0
0
0
0
7.76972e-13
0
0
0
0
0
-1.42061e-17
0
0
0
0
0
0
0
0
0
0
0
0
0
0
0
0
0
0
8.16884e-13
0
0
0
0
0
0
0
0
0
0
0
9.35871e-13
0
0
0
0
0
0
0
1.96352e-13
0
0
0
-1.27652e-16
8.24949e-16
0
0
0
0
-7.49585e-16
1.43602e-17
-3.65603e-16
0
0
0
0
0
0
0
0
0
0
0
0
0
5.71734e-16
0
-5.32554e-08
5.43822e-08
0
0
1.18217e-12
0
0
6.46928e-13
0
0
0
0
6.76555e-13
6.25564e-13
0
0
0
0
0
0
0
0
0
0
0
5.60549e-08
-5.80907e-08
0
2.33852e-16
0
8.33367e-13
0
0
0
0
0
0
0
0
0
-4.3684e-16
0
0
0
0
5.66038e-13
0
0
0
0
0
0
0
0
0
0
0
0
0
0
0
0
2.19843e-15
1.97994e-16
0
0
0
0
0
1.03317e-12
-3.31859e-08
-2.7313e-08
-7.87107e-17
2.29569e-14
1.88728e-14
0
0
0
0
0
0
0
0
0
0
0
0
1.08675e-12
0
0
0
4.48581e-16
-1.05318e-16
0
0
0
0
0
0
-1.28727e-15
-9.49197e-16
0
0
-3.47038e-18
2.64649e-18
0
0
0
0
0
0
0
0
0
0
0
0
0
0
7.70312e-14
-8.3208e-13
0
0
0
0
0
0
2.99254e-16
0
0
0
-1.98938e-17
0
0
0
0
0
-2.29867e-16
-7.8846e-16
0
0
0
0
0
0
0
-1.92108e-08
-3.21174e-08
0
0
0
0
0
0
0
0
0
0
0
0
0
0
0
0
0
0
0
0
0
0
0
0
0
0
0
0
0
0
0
0
0
0
0
0
0
0
0
0
0
0
0
0
0
0
0
0
0
0
5.13638e-08
-4.73285e-08
0
0
0
8.5586e-13
0
0
0
0
0
0
0
0
0
0
0
0
0
0
0
0
1.81904e-15
0
0
0
0
0
0
0
0
0
0
0
0
0
0
0
0
0
0
0
0
9.5572e-13
0
0
0
0
0
0
0
0
0
0
7.98753e-13
0
0
0
0
0
0
0
0
0
0
0
0
0
0
0
0
0
0
0
0
0
0
0
0
0
0
0
0
-2.04348e-14
-1.34282e-12
0
0
0
0
0
0
0
8.43838e-13
0
0
0
6.9804e-13
0
0
0
0
0
0
0
0
0
0
0
0
0
0
0
0
0
0
0
0
0
9.38106e-13
0
0
0
0
0
0
0
0
0
0
0
0
0
0
0
8.58891e-13
9.27819e-13
0
0
0
0
0
0
0
0
-3.21547e-16
0
1.09557e-30
0
0
0
0
-1.72998e-13
0
0
0
0
0
0
0
0
0
8.60535e-16
0
0
0
0
0
-4.49614e-16
-7.62576e-15
0
0
0
0
0
0
0
0
0
0
0
0
0
0
0
0
0
0
0
0
0
0
0
0
0
0
0
0
0
0
0
0
0
0
0
-8.78934e-17
0
0
0
0
0
0
0
3.36014e-15
0
0
0
0
0
0
0
0
0
0
0
0
0
0
0
0
0
0
0
0
0
0
4.04915e-13
0
0
0
0
-5.15396e-13
0
0
0
0
0
0
0
0
0
0
0
5.84202e-13
5.92354e-13
0
0
0
0
0
0
0
0
0
0
0
0
0
0
0
0
0
0
0
0
0
0
0
0
0
1.13789e-12
0
0
-2.03498e-16
0
0
0
0
0
0
0
0
0
0
0
0
0
0
0
0
0
0
0
0
0
0
0
0
0
0
0
0
2.04961e-16
8.03991e-13
0
0
0
0
0
0
0
0
0
0
0
3.50252e-13
0
0
0
0
0
0
0
0
0
0
0
0
0
0
0
0
0
0
0
0
1.18091e-15
0
0
0
0
0
0
0
0
0
0
1.54095e-12
0
0
3.04786e-16
0
0
0
0
0
0
0
2.73074e-12
1.00972e-15
0
0
0
0
0
0
0
8.15581e-13
0
0
0
0
0
0
0
-9.69718e-15
0
0
0
0
0
0
0
0
0
0
0
0
0
0
0
0
-5.72268e-09
7.63833e-09
0
1.10682e-12
1.03807e-12
9.88764e-13
0
1.07854e-15
1.49464e-12
0
0
0
0
0
0
0
0
9.23799e-13
0
2.97335e-16
0
0
0
0
0
0
0
0
0
0
0
0
0
0
0
0
0
0
4.07642e-16
0
0
0
0
0
0
0
0
0
0
0
0
0
0
0
0
0
0
0
0
0
0
0
0
0
0
0
6.17016e-16
0
-2.46283e-15
0
0
0
0
0
0
0
0
0
0
0
0
0
-1.12959e-12
-1.36411e-16
-1.6872e-12
9.00608e-15
1.72337e-15
-1.17501e-15
8.33844e-17
0
0
0
0
0
0
0
0
0
-2.25235e-16
0
0
0
0
0
0
0
0
0
0
0
0
4.83842e-13
0
0
0
0
0
3.09324e-17
1.0701e-12
0
0
0
0
0
0
0
1.40675e-16
7.63071e-16
0
0
0
0
-2.51076e-17
5.90563e-16
0
0
0
0
0
0
0
6.15383e-16
0
0
0
0
0
0
0
0
3.79538e-15
-6.43238e-15
0
0
0
0
0
0
0
0
0
0
0
0
0
0
0
9.17047e-15
0
0
0
0
0
0
0
0
-6.4424e-13
1.41202e-13
0
0
0
-5.33802e-16
-5.65032e-17
0
0
0
0
0
0
0
0
0
0
0
0
0
0
0
0
0
0
0
0
0
0
0
0
0
0
0
0
0
0
0
0
0
0
-4.76238e-17
1.12785e-12
0
0
0
0
0
0
0
0
0
0
0
0
0
0
0
-9.18509e-17
0
0
0
0
0
0
0
0
0
0
0
0
0
0
0
0
0
0
8.83344e-16
0
-2.81581e-15
0
0
0
0
0
0
0
0
0
0
0
0
0
0
0
1.86628e-13
1.80951e-13
0
0
0
0
0
0
0
0
0
0
-1.38171e-17
-2.96748e-16
0
-4.13695e-15
0
0
0
0
0
0
0
0
0
0
0
0
0
0
0
0
0
0
0
0
0
1.23985e-15
0
0
0
0
0
0
0
0
0
0
0
0
0
0
0
0
8.56556e-16
1.64181e-13
2.46274e-13
1.99394e-16
0
0
7.26096e-16
-2.69562e-16
0
0
0
0
0
0
6.31044e-12
0
0
0
0
0
0
0
0
0
1.05959e-16
0
-4.65425e-13
0
0
0
0
-1.05835e-08
-5.24057e-10
0
0
0
0
6.02078e-13
0
0
-2.18198e-15
0
0
0
0
0
0
0
0
0
0
0
0
0
0
0
0
0
0
0
0
0
0
0
0
1.56033e-15
0
0
0
-2.07154e-15
-3.10925e-16
0
0
2.50505e-16
-4.44717e-17
0
0
0
0
0
0
0
0
0
3.91765e-18
0
0
0
0
0
0
0
0
0
0
0
0
1.49634e-15
1.38866e-16
1.38861e-17
-9.01205e-18
0
0
0
0
0
0
0
8.80723e-16
-5.46983e-31
0
0
0
0
4.73457e-17
0
0
0
0
0
0
0
0
0
0
0
0
0
0
0
0
0
6.2523e-12
0
0
0
0
0
0
0
0
0
0
2.14121e-16
6.53401e-12
0
4.68661e-16
0
0
0
0
0
0
0
0
0
0
0
0
0
2.24708e-13
0
0
0
0
0
0
0
0
0
0
0
0
0
0
0
0
0
0
0
0
0
0
0
0
0
0
0
0
0
0
0
1.00322e-12
-4.39492e-15
-1.89592e-15
0
0
0
0
0
3.06689e-16
0
0
0
0
0
0
0
0
0
0
0
0
0
0
0
0
0
0
0
0
0
0
-1.87026e-18
0
0
0
0
0
0
-1.08133e-08
0
0
0
0
0
0
0
0
0
0
0
0
0
0
0
0
0
-8.0639e-16
0
0
0
0
0
0
0
-1.44103e-16
-5.57169e-16
0
0
0
0
0
0
0
0
-5.93628e-16
0
0
0
0
0
0
0
0
0
0
0
0
0
0
0
0
-1.00977e-16
0
0
0
0
0
0
0
0
0
0
0
0
0
0
0
0
0
0
0
4.00018e-17
0
0
0
2.76707e-15
0
0
0
0
0
0
0
0
0
0
0
0
0
0
0
0
0
0
0
0
0
0
0
0
0
9.51736e-13
0
0
-1.94526e-17
0
0
0
0
0
0
1.82793e-16
0
0
0
0
0
0
0
0
0
0
0
0
0
0
0
-6.08045e-17
0
0
0
0
0
0
0
-1.54771e-15
0
0
0
0
0
0
7.09335e-12
0
0
0
0
-6.9602e-18
3.0595e-16
0
0
0
0
-4.42234e-15
0
0
0
0
0
0
6.48038e-15
0
0
0
0
0
5.93164e-16
-6.48773e-16
0
0
0
0
0
0
0
0
0
0
0
0
0
0
7.07984e-16
-5.11696e-17
0
0
0
0
7.15896e-13
1.16989e-12
0
0
0
0
0
0
0
0
0
0
0
0
0
0
0
0
0
0
0
0
0
0
0
0
-3.84805e-13
0
0
0
0
0
0
0
0
0
0
0
0
1.50025e-16
0
0
0
0
0
0
0
0
0
0
0
0
0
0
1.52256e-15
2.53214e-16
1.54164e-15
-7.96657e-16
-7.13819e-17
0
0
0
0
0
0
0
0
0
0
0
0
0
-4.26487e-16
0
0
0
0
0
0
0
0
0
0
0
0
0
0
0
0
0
0
0
0
0
0
0
0
0
0
0
0
0
0
0
0
0
0
0
0
-8.72917e-18
0
0
0
0
4.62485e-16
0
0
0
5.87545e-08
0
0
0
0
0
0
0
0
0
0
0
0
0
0
0
0
0
0
0
0
3.09975e-17
0
0
0
0
1.23642e-16
0
0
0
0
0
0
0
0
0
0
-4.53391e-16
0
0
0
0
0
0
0
0
0
0
0
0
3.47217e-17
0
0
0
0
0
0
0
0
0
0
0
0
0
0
3.6268e-16
0
0
0
0
0
-1.3173e-15
0
0
0
0
0
0
0
0
0
0
0
0
0
0
0
0
0
0
0
0
0
0
0
0
0
0
0
0
0
0
0
0
0
-7.13776e-17
0
0
0
0
0
3.81614e-16
-6.94169e-16
0
0
0
0
0
0
0
0
0
0
-7.27294e-16
0
0
0
0
0
0
0
0
0
3.60652e-09
-1.62856e-17
0
0
0
0
4.50491e-16
0
0
0
0
0
0
0
0
0
0
6.66988e-17
0
2.51026e-13
1.17429e-13
0
4.77044e-16
0
0
0
0
0
0
0
0
0
0
0
1.05013e-15
0
0
0
0
0
0
-8.8797e-16
0
0
0
0
0
0
0
-1.62631e-15
0
0
0
0
0
0
0
0
0
0
0
0
0
0
1.92248e-12
0
1.32361e-17
0
-7.57313e-18
4.40807e-16
0
0
0
0
0
0
0
0
0
0
0
0
0
0
0
0
0
0
0
0
0
0
0
0
0
0
0
0
-1.22181e-08
0
0
-7.82553e-09
0
0
0
0
0
0
0
0
0
0
0
-1.76988e-16
1.29046e-16
0
9.94353e-16
0
0
0
0
0
0
0
0
0
-2.30252e-16
1.36004e-15
0
0
0
0
0
0
0
0
0
0
4.1795e-12
0
0
0
0
0
0
0
0
0
0
-1.7559e-18
0
0
0
0
0
0
0
0
-1.47345e-16
0
0
0
0
0
0
0
0
-1.39514e-16
-1.86116e-15
0
0
0
1.49466e-14
0
0
0
0
0
0
0
0
-4.43752e-15
6.44378e-12
0
0
0
0
0
-1.76859e-15
1.89858e-16
0
0
0
0
0
-2.22519e-08
0
0
0
0
0
0
0
0
0
6.94791e-12
0
0
0
0
0
-3.50105e-17
9.68532e-16
0
0
0
0
8.7958e-17
0
2.43488e-08
0
0
-7.20854e-13
1.11193e-13
2.4562e-13
0
0
-7.86987e-13
0
0
0
0
0
0
0
0
0
0
0
0
-1.91439e-16
0
0
0
0
0
0
0
0
-1.10198e-30
0
0
0
0
0
0
0
0
2.63815e-13
0
0
0
0
0
0
0
0
0
0
-1.84415e-08
0
0
0
0
-2.67847e-17
2.09945e-17
5.47784e-31
-9.22456e-17
0
0
0
-1.56067e-08
0
0
0
0
0
0
0
0
0
0
0
0
0
0
0
-9.77105e-16
0
0
0
0
0
5.11247e-16
1.97366e-16
0
0
-1.17007e-12
0
0
0
0
0
0
0
0
0
-1.34893e-15
0
-1.36779e-15
0
-5.45357e-09
-1.56269e-17
0
0
7.82157e-16
0
0
0
0
0
6.71067e-16
0
0
0
0
0
0
0
0
0
0
0
0
0
0
0
8.70093e-17
0
0
0
0
0
0
0
0
0
0
5.93728e-15
-9.95039e-17
0
0
0
0
0
0
0
0
0
0
0
0
0
0
0
0
0
0
0
0
0
0
0
0
0
0
0
0
0
0
0
0
0
0
0
-5.46983e-31
0
0
0
0
2.98993e-16
0
0
0
0
0
0
0
0
0
0
0
0
0
0
0
0
0
0
0
0
0
0
0
-1.34922e-12
7.8004e-14
0
0
0
0
0
0
0
0
0
0
3.87612e-12
0
0
0
0
0
0
0
0
0
0
0
0
0
0
0
0
0
0
0
7.44178e-13
3.30252e-09
0
0
-7.3883e-13
1.55689e-13
2.13304e-13
0
0
0
0
0
0
0
0
0
0
0
0
0
-4.54625e-17
0
-8.29307e-16
0
0
0
0
0
-8.9247e-16
0
0
0
-4.30959e-13
-1.87007e-16
-2.56248e-13
0
0
0
0
0
-1.19156e-16
0
-3.17471e-15
2.10017e-15
0
0
4.08747e-15
-6.68564e-17
0
0
0
0
0
0
0
0
0
0
0
0
0
0
0
0
0
0
0
0
0
3.08075e-13
-5.24753e-12
0
0
0
0
0
0
1.33095e-16
0
0
0
0
0
-8.97428e-09
0
0
0
0
0
0
0
0
0
0
-8.65476e-17
0
0
0
0
0
0
0
2.17519e-13
1.54526e-13
0
0
0
0
0
0
0
0
0
0
0
0
0
0
0
2.34617e-17
0
-1.43999e-13
0
0
0
0
0
0
0
0
0
0
0
0
0
0
0
0
0
0
0
0
0
0
0
0
-1.03854e-16
0
1.41794e-13
0
0
0
2.09266e-15
0
0
0
0
0
0
0
4.19946e-15
5.29203e-15
0
0
5.28864e-17
4.32707e-16
0
0
4.04366e-16
0
0
0
0
0
0
0
0
0
1.06073e-16
-2.15402e-16
0
0
-7.36722e-17
0
0
0
0
-4.24862e-14
-1.90896e-16
0
0
0
0
0
0
0
0
0
0
-2.9149e-13
-3.43835e-17
-1.80263e-15
0
0
1.04799e-08
0
0
-1.74323e-13
-5.76296e-12
0
0
0
-8.94544e-09
0
0
0
0
0
-5.85816e-16
0
0
0
0
0
0
0
0
0
0
1.93746e-16
0
0
0
-4.37841e-17
0
0
0
0
0
0
0
5.19633e-16
0
0
0
0
0
1.62718e-08
1.03202e-12
0
0
0
0
0
0
0
-1.71325e-15
2.1738e-16
0
9.32516e-16
0
0
0
0
0
0
0
0
0
-9.21587e-16
0
-2.54385e-09
5.47784e-31
0
0
0
1.42282e-08
0
0
0
0
0
0
0
0
0
0
0
1.53739e-08
0
0
0
0
0
1.39301e-16
0
0
0
0
0
0
0
0
0
0
0
0
0
0
0
7.97273e-09
0
0
0
0
0
0
-2.71121e-08
4.43078e-09
0
0
0
0
0
0
0
0
0
0
-1.86701e-15
0
0
0
0
0
0
0
0
5.44581e-31
0
0
0
0
0
0
0
0
0
0
0
0
0
0
5.45649e-31
0
0
0
0
0
0
0
0
0
6.3162e-09
0
0
0
0
0
0
0
0
0
0
0
0
0
0
0
1.11776e-16
0
9.19736e-17
4.64397e-17
0
0
0
0
0
0
-2.7229e-31
0
0
0
-7.393e-17
0
0
0
0
2.24373e-13
0
1.38073e-17
1.03996e-15
-7.09531e-17
0
0
4.14873e-16
0
0
0
0
0
0
-5.4009e-16
0
0
0
0
0
0
0
0
0
0
-9.16956e-17
0
0
0
0
0
-7.87162e-16
0
2.20473e-16
0
0
0
0
0
0
0
0
0
0
0
0
0
0
-2.93467e-17
5.19211e-17
0
0
0
0
-5.54063e-13
1.02269e-13
0
0
0
0
0
0
0
0
-8.38538e-16
0
0
0
0
0
0
3.15394e-16
0
-9.26136e-17
0
0
0
0
2.31284e-16
1.12306e-15
0
0
0
-3.73149e-17
0
0
0
0
0
0
0
0
0
0
-6.54575e-13
0
0
0
5.43734e-13
0
0
0
0
0
0
0
0
0
0
0
0
0
0
0
0
0
0
0
0
0
0
0
0
0
0
0
-5.50544e-12
0
0
0
0
0
0
0
0
0
0
0
0
0
0
0
0
0
0
0
0
0
0
0
0
0
0
8.54095e-16
0
0
0
0
0
0
0
0
1.93223e-13
0
0
0
0
0
0
0
0
0
0
0
3.16851e-15
0
0
0
0
0
0
0
0
0
0
0
0
0
1.96553e-13
0
-4.52795e-17
0
0
0
0
1.18709e-16
-5.13563e-17
0
0
-1.00213e-12
0
0
0
0
3.33644e-17
0
0
0
0
1.16893e-15
0
-1.66118e-15
0
0
0
0
0
0
3.54959e-17
0
0
0
0
0
0
0
0
0
0
0
0
0
0
0
0
0
-7.91473e-16
0
6.65126e-18
9.65608e-18
0
0
0
-1.40096e-13
0
0
0
0
0
0
0
0
0
4.72375e-13
1.82894e-08
0
0
0
0
0
-4.11904e-18
0
0
0
0
0
0
0
0
0
0
-9.09847e-17
0
0
0
0
0
0
0
0
0
0
0
-4.93404e-09
0
0
0
0
0
0
0
0
0
0
3.40269e-08
0
0
0
-4.41305e-17
0
0
0
0
0
0
0
-8.8827e-13
-4.97368e-16
0
0
0
0
0
0
0
1.64164e-08
0
0
0
0
0
0
0
0
0
0
0
0
0
-7.82329e-13
2.94833e-13
0
0
0
0
4.5711e-09
0
0
0
0
0
0
0
0
0
0
0
0
0
0
0
0
0
0
0
0
0
7.17328e-16
-1.21349e-16
0
0
0
0
0
0
0
0
0
0
0
0
0
-8.15101e-17
0
0
1.25677e-15
0
0
0
0
4.05305e-16
0
0
0
0
0
0
0
0
0
0
0
0
2.92434e-08
0
9.08695e-09
7.70581e-16
0
5.33779e-16
0
0
-5.53123e-31
0
0
0
0
0
0
0
0
0
0
0
0
0
0
0
0
0
0
0
0
0
0
0
2.44423e-08
9.58963e-13
0
0
3.52921e-16
0
0
0
0
1.02063e-15
-6.59235e-16
0
0
0
0
-3.74974e-14
0
0
0
0
0
0
0
0
0
0
0
0
0
0
-2.94096e-09
8.00976e-13
0
0
0
0
0
0
5.73867e-15
0
0
0
0
0
0
0
0
0
0
3.91258e-16
0
0
0
2.59429e-16
0
-8.44409e-17
0
0
0
1.9834e-16
0
0
0
0
0
0
0
0
0
0
0
0
0
0
2.18499e-08
0
0
0
0
0
0
0
-4.13146e-09
0
0
0
-5.22181e-12
0
0
0
0
9.3165e-13
1.56477e-08
0
0
0
0
0
0
0
0
0
0
0
0
0
0
0
0
3.10659e-15
0
0
0
0
0
-1.55465e-16
0
0
0
0
0
0
0
0
0
0
0
0
8.71921e-17
-6.26794e-17
-1.99581e-18
0
0
0
0
0
0
0
0
-5.90484e-16
-2.72681e-13
0
0
0
0
0
0
0
0
0
0
1.80925e-08
0
0
-1.00711e-08
0
0
0
0
0
0
0
0
0
-1.91536e-16
0
0
0
0
0
2.33932e-17
0
0
0
0
0
0
1.95414e-15
1.17243e-15
0
0
0
0
0
0
2.76207e-09
0
0
0
0
0
-6.90249e-16
-1.72324e-16
-3.30179e-13
0
0
0
0
0
2.20409e-13
0
0
1.53519e-16
-1.95501e-16
0
0
0
5.44581e-31
3.19221e-15
0
0
0
0
0
0
0
0
0
1.04497e-08
0
0
0
0
0
0
0
0
1.24773e-16
4.91978e-16
1.73442e-16
0
0
0
0
4.32333e-16
0
0
0
0
2.75912e-14
-2.5303e-15
2.17452e-15
0
0
0
0
0
0
0
0
0
0
-4.92372e-09
0
1.25544e-13
0
0
0
0
0
0
0
0
0
-1.66773e-08
0
0
0
0
0
0
0
0
0
0
0
0
0
0
-4.07411e-18
-4.48693e-08
3.80122e-09
0
0
0
0
0
0
0
0
0
-7.37217e-17
-1.32416e-08
0
0
-5.85271e-09
0
0
0
0
0
-1.7534e-13
0
0
0
0
0
0
0
0
0
0
0
0
0
0
0
0
0
0
-3.6092e-16
0
0
0
0
2.60182e-08
0
7.32608e-13
-7.6083e-10
0
0
0
0
3.03049e-17
0
0
0
0
0
0
0
0
0
0
-3.20826e-17
0
0
0
0
0
0
0
0
0
0
0
0
0
0
0
0
0
9.11106e-15
0
0
0
0
0
0
0
0
0
0
0
-1.97117e-13
0
0
0
0
0
0
0
0
0
0
0
0
0
0
0
0
0
0
0
0
0
0
0
0
0
0
0
0
0
0
0
0
0
0
0
0
0
0
-2.33913e-17
-4.10347e-16
2.00106e-08
0
0
0
0
0
0
0
0
0
0
0
0
0
0
0
3.28296e-16
0
3.64487e-08
0
-2.575e-13
0
0
0
0
-1.61332e-15
1.38126e-14
7.48535e-15
3.62514e-08
0
0
0
0
0
0
0
0
0
0
0
0
0
0
0
0
0
0
0
0
0
0
-1.96695e-13
0
0
0
1.9821e-13
0
0
0
0
0
0
0
0
0
0
0
0
4.30477e-16
0
0
0
0
0
0
-7.53434e-16
0
0
0
0
0
0
0
0
7.03724e-15
2.84801e-16
0
0
0
0
0
0
0
0
0
0
0
0
0
0
0
0
0
0
0
0
0
0
0
0
0
0
0
0
0
0
0
0
0
0
0
0
1.78821e-13
0
0
0
0
0
0
0
0
0
-6.61306e-15
-3.44905e-15
0
0
0
0
0
0
0
0
0
0
1.09557e-30
0
1.77277e-16
0
0
4.81757e-17
0
0
0
0
0
0
0
0
1.04257e-16
0
0
0
0
0
0
1.41026e-12
1.86508e-12
0
0
0
0
3.35423e-13
1.43003e-13
0
0
0
0
0
0
0
0
0
0
0
0
0
0
0
0
0
0
0
0
0
0
0
1.98702e-13
0
0
0
0
0
2.42423e-16
0
0
0
0
0
0
0
0
0
0
0
0
0
7.25967e-17
1.58711e-13
0
0
0
0
0
0
-3.52846e-08
0
0
0
0
0
0
0
0
-6.95266e-17
0
0
0
9.75392e-16
0
-4.03796e-16
1.42035e-13
4.57767e-17
-8.12533e-17
0
0
0
-4.11657e-08
0
0
0
8.20703e-16
0
0
2.6411e-13
2.04893e-13
0
0
2.14673e-16
0
0
0
0
0
0
0
0
0
0
0
0
0
0
0
0
0
-1.71789e-13
9.67341e-17
1.34364e-16
-4.24566e-16
0
0
0
0
0
0
-2.84862e-16
0
0
-2.03304e-13
0
0
-4.06698e-16
3.01365e-15
0
0
0
6.80826e-15
0
0
0
1.60192e-16
0
3.8411e-08
0
0
0
0
0
0
0
0
0
0
0
0
0
-1.5472e-16
-2.36885e-13
0
0
0
0
0
0
0
0
0
0
0
0
0
0
0
0
0
0
-5.35858e-16
0
0
0
0
0
0
-4.57753e-15
1.77745e-16
1.39402e-13
0
0
0
0
0
0
0
2.6175e-13
1.2193e-13
0
0
0
0
0
0
0
0
0
0
0
0
0
-5.71603e-14
1.87797e-13
0
0
0
0
0
0
0
0
0
0
0
0
0
0
0
0
0
0
0
-5.76117e-17
0
0
0
0
0
0
2.20163e-16
0
0
0
0
6.36719e-16
0
0
0
0
0
0
0
-2.92933e-13
0
0
0
0
0
1.61513e-16
4.33168e-16
0
0
0
0
0
0
0
0
0
0
0
0
1.21212e-13
1.63677e-13
0
0
0
0
0
0
0
0
0
0
0
0
0
0
0
0
0
0
0
7.906e-09
7.26315e-13
0
0
0
0
7.17475e-17
0
0
0
0
0
-2.16606e-15
0
0
7.70633e-17
0
0
0
0
0
0
0
0
0
0
8.83937e-18
0
0
-7.73459e-17
0
0
0
0
0
0
0
8.10473e-14
0
0
-5.34202e-16
0
0
0
0
0
0
0
0
0
0
0
0
0
0
0
-1.98073e-15
0
0
0
0
0
0
0
0
0
0
0
0
0
0
0
0
-1.82281e-13
0
0
0
0
0
0
-4.91786e-17
4.01501e-16
0
0
1.32566e-15
-5.78709e-16
0
0
0
0
1.12941e-13
1.63961e-16
8.87426e-17
0
0
0
0
0
0
0
0
0
0
-8.77391e-16
0
0
0
0
-2.28813e-13
0
0
0
0
0
0
1.01334e-16
-6.40683e-33
0
0
-3.01655e-15
0
0
5.48246e-17
-2.1395e-13
0
0
0
0
3.29978e-15
-2.06631e-15
0
0
0
0
0
0
0
0
0
0
1.376e-16
-9.28119e-17
9.93388e-16
0
0
0
0
0
0
0
0
2.87666e-17
-1.83439e-16
0
0
0
0
0
0
0
0
0
0
0
0
0
0
0
0
0
0
0
0
0
0
0
0
0
0
0
0
0
0
1.55678e-13
1.57263e-13
0
0
0
2.33347e-13
0
0
0
0
0
0
0
0
0
1.63282e-16
0
0
0
0
0
0
0
0
0
0
0
0
0
1.65273e-17
0
0
0
0
0
0
0
0
0
0
0
0
0
0
0
0
0
0
1.66409e-13
0
0
0
0
0
0
0
0
0
0
6.32206e-16
1.49858e-16
0
0
0
0
0
0
0
0
0
0
0
0
0
-6.55948e-17
0
0
0
0
0
0
0
0
0
0
0
0
0
0
0
0
0
0
0
0
0
0
0
0
-1.91904e-16
4.1191e-16
0
0
0
0
0
0
0
0
0
0
0
0
0
0
0
2.29349e-16
0
0
0
0
0
0
0
0
0
0
0
0
0
0
1.47385e-08
0
0
0
0
0
0
0
0
0
0
0
0
0
0
0
0
0
0
0
0
-1.77308e-15
0
0
0
0
0
0
0
0
0
0
0
-2.26302e-13
0
0
0
0
0
0
0
0
0
0
0
0
0
0
-1.21792e-16
0
0
0
2.33654e-17
0
0
0
0
0
0
0
-6.56098e-17
0
0
0
0
0
0
0
0
0
0
0
0
0
0
0
0
0
0
0
0
-5.43876e-13
0
0
0
0
0
0
0
0
0
6.95178e-09
0
0
0
0
0
0
0
0
0
1.5604e-13
0
0
0
0
0
0
0
-3.6138e-17
0
0
0
0
0
0
0
0
0
0
0
0
0
0
0
0
0
0
0
-2.36232e-13
0
0
0
0
0
0
-1.56039e-12
0
0
0
0
0
0
-1.30349e-16
0
1.29846e-08
0
-1.11533e-16
1.96612e-14
0
-1.44898e-13
0
0
0
0
0
-1.34066e-15
3.3218e-14
0
0
0
0
0
0
0
-5.80973e-18
-1.49291e-12
0
0
0
0
0
0
0
-7.26117e-09
-2.28402e-15
2.60815e-15
0
0
0
0
0
0
0
-4.50463e-16
0
0
0
0
0
0
0
0
0
0
0
0
0
0
0
0
0
0
0
0
0
0
0
0
0
0
-2.59013e-13
0
0
0
0
0
0
0
0
0
0
0
2.45253e-09
0
0
0
3.71297e-16
0
0
0
0
0
0
1.46629e-13
0
2.11179e-13
0
0
0
0
0
0
0
0
0
0
-4.49328e-16
0
0
0
-3.83913e-09
0
0
0
0
-5.76228e-16
0
0
0
1.95257e-13
0
0
0
0
0
0
0
0
0
0
0
0
0
0
0
0
0
0
0
0
0
0
0
0
0
0
0
0
0
0
-1.59032e-15
0
0
0
0
0
0
2.04116e-16
0
0
0
0
6.51255e-16
-6.6862e-17
0
0
0
0
0
0
1.81445e-13
0
0
0
0
0
0
0
1.70502e-13
1.52656e-13
0
0
0
4.08828e-16
0
0
0
0
0
0
0
0
0
4.74693e-17
0
0
0
0
0
0
0
1.53982e-14
0
0
0
0
0
0
0
0
0
0
0
0
0
0
0
0
0
0
0
0
0
0
0
0
0
0
0
-1.34535e-13
0
0
1.86297e-13
0
0
0
0
0
0
-2.22269e-13
0
0
0
0
0
-2.40106e-13
0
0
0
0
0
0
0
3.63693e-13
-1.00298e-16
-2.18793e-30
7.49235e-16
0
0
0
0
0
0
0
0
1.33837e-15
0
-5.91015e-16
0
0
0
0
0
0
0
0
0
0
0
0
9.89698e-17
0
-1.2391e-16
0
0
0
0
0
0
0
0
0
)
;

boundaryField
{
    frontback
    {
        type            empty;
        value           nonuniform List<scalar> 0();
    }
    topbottom
    {
        type            calculated;
        value           uniform 0;
    }
    outlet
    {
        type            calculated;
        value           nonuniform List<scalar> 0();
    }
    inlet
    {
        type            calculated;
        value           uniform 0;
    }
    walls
    {
        type            calculated;
        value           nonuniform List<scalar> 
151
(
-2.05318e-08
2.66153e-08
-7.37625e-08
3.42197e-08
4.18241e-08
4.94285e-08
1.10264e-07
1.17868e-07
-4.03032e-08
-3.26988e-08
-1.29274e-08
-5.32307e-09
-6.7679e-08
-6.15955e-08
-5.39911e-08
-4.63867e-08
-2.66153e-08
-1.90109e-08
7.60438e-10
6.84394e-09
1.44483e-08
2.05318e-08
2.81362e-08
5.5512e-08
6.15955e-08
6.91999e-08
7.52834e-08
8.28877e-08
9.04921e-08
9.65756e-08
1.0418e-07
5.32307e-09
2.28131e-09
1.29274e-08
-1.44483e-08
1.90109e-08
-2.50945e-08
-3.1178e-08
-3.87823e-08
3.26988e-08
2.96571e-08
-4.48658e-08
4.03032e-08
-6.00746e-08
-6.61581e-08
-6.31164e-08
4.79076e-08
3.57406e-08
5.39911e-08
-6.91999e-08
6.00746e-08
-2.81362e-08
6.7679e-08
-2.28131e-09
-7.9846e-08
7.07207e-08
7.37625e-08
3.80219e-09
1.14066e-08
7.68042e-08
-1.59692e-08
1.74901e-08
-9.88569e-09
-2.35736e-08
2.35736e-08
-2.96571e-08
8.44086e-08
-3.72615e-08
3.1178e-08
-4.3345e-08
-5.09493e-08
8.89712e-08
-5.70328e-08
4.48658e-08
1.14066e-08
7.60438e-10
6.84394e-09
-1.14066e-08
-5.32307e-09
3.87823e-08
-5.85537e-08
-6.46372e-08
4.63867e-08
5.24702e-08
-7.07207e-08
-7.68042e-08
5.85537e-08
8.74504e-08
9.80965e-08
6.61581e-08
-7.83251e-08
7.22416e-08
7.83251e-08
8.59295e-08
1.05701e-07
1.08743e-07
1.16347e-07
9.35339e-08
1.01138e-07
8.36482e-09
1.19389e-07
9.96174e-08
-3.80219e-09
-7.60437e-10
5.32307e-09
-6.84394e-09
1.13305e-07
1.07222e-07
-4.18241e-08
1.14826e-07
-7.52834e-08
9.88569e-09
-2.28131e-09
3.80219e-09
1.2091e-07
1.02659e-07
-8.36482e-09
-3.80219e-09
2.20527e-08
2.50945e-08
-1.44483e-08
7.9846e-08
-1.74901e-08
-5.24702e-08
-5.5512e-08
-1.14066e-08
-7.22416e-08
1.59692e-08
6.46372e-08
3.72615e-08
8.13669e-08
4.3345e-08
8.36482e-09
9.50547e-08
1.11784e-07
-7.60438e-10
5.09493e-08
9.88569e-09
-1.29274e-08
-4.94285e-08
6.31164e-08
5.70328e-08
-8.36482e-09
-3.57406e-08
-4.79076e-08
-2.20527e-08
-9.8857e-09
9.2013e-08
2.28131e-09
-6.84394e-09
-3.42197e-08
)
;
    }
    procBoundary2to0
    {
        type            processor;
        value           nonuniform List<scalar> 
83
(
0
0
0
-5.37774e-16
0
1.1759e-12
0
0
4.23192e-16
1.01335e-14
-7.60551e-16
0
0
0
1.67106e-15
0
0
0
0
-9.54395e-15
0
-5.12347e-16
0
0
0
0
0
0
0
0
0
-9.61442e-16
0
0
0
0
0
-1.52411e-16
0
1.37934e-16
-5.88603e-16
0
0
1.94701e-15
0
1.42291e-16
0
0
0
0
0
0
0
0
0
0
0
7.66099e-16
0
0
7.7711e-16
0
4.28734e-08
0
0
0
0
1.05055e-15
4.56779e-16
0
0
0
0
0
0
4.21489e-16
0
-2.21474e-16
4.36626e-16
0
0
1.244e-15
-6.98089e-16
)
;
    }
    procBoundary2to3
    {
        type            processor;
        value           nonuniform List<scalar> 
99
(
0
0
-3.51372e-13
0
0
0
0
0
0
0
0
0
0
0
0
0
0
0
0
0
0
0
0
0
0
0
0
0
0
0
0
0
0
0
0
-1.47194e-14
0
0
0
0
0
0
0
0
0
0
0
0
0
0
0
0
0
0
0
0
0
0
0
0
0
0
0
0
0
0
0
0
0
1.24614e-08
1.00232e-14
0
0
0
0
0
0
0
0
0
0
0
0
0
0
0
0
0
0
0
0
0
0
0
0
0
0
0
0
)
;
    }
}


// ************************************************************************* //
