/*--------------------------------*- C++ -*----------------------------------*\
| =========                 |                                                 |
| \\      /  F ield         | OpenFOAM: The Open Source CFD Toolbox           |
|  \\    /   O peration     | Version:  v2012                                 |
|   \\  /    A nd           | Website:  www.openfoam.com                      |
|    \\/     M anipulation  |                                                 |
\*---------------------------------------------------------------------------*/
FoamFile
{
    version     2.0;
    format      ascii;
    class       surfaceScalarField;
    location    "500";
    object      meshPhi;
}
// * * * * * * * * * * * * * * * * * * * * * * * * * * * * * * * * * * * * * //

dimensions      [0 3 -1 0 0 0 0];
oriented        oriented;


internalField   nonuniform List<scalar> 
20580
(
0
0
0
0
0
0
0
0
0
0
0
0
0
0
0
0
0
0
0
0
0
0
0
0
0
0
0
0
0
0
0
0
0
0
1.87922e-16
-5.13523e-16
0
9.87245e-13
-2.37382e-12
0
0
0
0
0
0
0
3.64238e-12
-4.28404e-12
-4.36015e-13
0
0
0
0
0
0
-1.33505e-16
-1.09468e-17
1.88128e-18
1.4496e-15
-3.83798e-17
0
0
0
0
0
0
0
0
0
0
0
0
0
0
0
0
0
0
-7.47714e-17
0
7.46494e-16
0
0
0
0
0
0
0
-3.6696e-16
-4.72717e-16
0
0
0
0
0
0
0
0
0
0
0
-6.85313e-16
-1.05821e-16
0
0
0
0
0
0
0
0
0
0
0
0
-1.27008e-17
2.19224e-19
8.90564e-18
0
0
5.10759e-08
8.29699e-08
0
0
0
0
0
0
0
0
0
0
0
0
0
0
0
0
0
0
9.31663e-15
9.47577e-13
3.91704e-13
-2.6757e-12
0
0
0
0
0
0
0
0
-8.2584e-13
0
-5.65825e-13
0
0
0
0
1.50402e-17
-1.23432e-16
0
0
0
-1.98492e-12
-9.58009e-14
0
0
0
0
0
0
0
0
0
0
0
0
0
0
0
-2.32831e-13
-3.04392e-12
0
0
0
0
0
0
0
0
0
0
0
0
0
0
0
0
0
1.83386e-12
-3.78207e-12
0
0
0
0
0
0
7.23684e-13
0
0
0
0
0
0
0
0
0
0
0
0
0
0
0
0
-1.15901e-12
-2.65857e-13
2.92106e-16
-3.09968e-13
0
7.40368e-16
0
-3.44551e-16
0
0
4.5173e-13
-2.74726e-12
9.10222e-13
0
0
0
0
0
0
0
0
0
5.95906e-09
5.78547e-08
1.29123e-15
0
0
0
0
0
0
0
0
0
0
0
0
0
6.91349e-13
5.15547e-13
-2.41705e-12
0
0
0
0
0
0
0
0
0
0
0
0
0
0
0
0
0
0
0
0
0
0
0
0
0
0
0
0
0
0
0
0
0
0
0
0
0
0
0
0
0
0
0
0
0
0
0
0
0
0
0
0
0
-8.63939e-16
1.81917e-15
0
0
0
0
0
0
0
0
0
0
-4.30855e-16
6.10561e-17
0
0
0
0
0
0
0
0
0
0
0
0
0
0
0
0
0
0
0
0
0
0
0
0
0
0
0
0
0
0
0
0
0
0
0
0
0
0
0
0
0
0
0
0
0
-2.17172e-15
0
1.31699e-15
0
0
0
0
0
0
0
0
0
0
0
0
0
0
0
0
0
0
0
0
0
0
0
0
0
0
0
0
0
0
0
0
0
0
0
0
0
0
0
0
0
0
0
-1.11026e-15
0
-4.87862e-16
0
0
0
0
0
-1.56359e-12
0
0
0
0
0
-5.86077e-13
0
0
0
0
0
0
0
0
0
0
0
0
0
0
0
0
0
0
-2.81269e-31
0
0
0
0
0
0
0
0
0
0
0
0
0
0
1.0017e-15
0
0
0
0
0
0
7.28098e-08
4.37754e-08
0
0
0
0
0
0
0
0
0
0
0
0
0
0
0
0
0
-1.63081e-13
-3.59224e-12
0
0
0
0
0
0
0
0
0
0
0
0
0
0
0
0
0
0
0
0
0
0
0
0
0
0
0
0
0
0
0
0
0
0
-9.43828e-15
-4.56828e-15
0
0
0
0
0
0
0
0
0
0
0
0
0
0
0
0
0
0
0
0
0
0
0
0
0
0
0
0
0
0
0
0
0
0
-8.04053e-12
0
0
2.54001e-16
0
1.08142e-15
3.18045e-13
-3.78813e-12
0
0
0
0
0
0
0
0
0
0
0
-9.64116e-16
0
0
0
0
0
-1.61559e-16
1.3492e-16
0
0
0
0
0
0
0
0
0
0
0
1.23571e-15
-2.46562e-15
0
0
0
0
0
0
0
0
0
0
-1.19371e-12
-1.34723e-13
0
0
0
0
0
0
0
0
0
0
0
0
0
0
0
0
0
0
0
0
-2.65146e-13
-4.97704e-13
0
0
0
0
0
0
0
0
0
0
-5.57632e-31
0
0
0
0
0
0
0
0
0
0
0
0
0
-2.77445e-16
2.58587e-16
5.12814e-16
0
0
0
0
0
0
0
0
0
0
0
0
0
0
2.00847e-16
2.17867e-16
0
0
0
0
0
0
0
0
0
0
2.61935e-13
-3.68946e-12
5.23725e-13
0
0
0
0
0
0
0
0
8.56333e-16
-9.37493e-16
0
0
0
0
0
0
0
8.33887e-13
4.30098e-13
-2.52989e-12
0
0
0
0
0
0
0
0
0
0
0
0
0
0
0
0
0
0
0
0
0
0
0
0
0
0
0
0
0
0
0
1.10955e-18
0
-4.23024e-17
0
0
0
-3.3983e-18
0
0
0
0
0
1.66067e-17
1.02109e-16
0
0
0
0
1.20503e-12
-2.83031e-12
2.52843e-13
0
0
0
0
-2.27011e-17
0
-6.31475e-13
-1.79416e-13
0
0
0
0
0
0
0
0
0
0
0
0
0
0
0
-3.90373e-13
0
0
0
0
0
0
0
0
0
0
0
3.20599e-16
0
1.25342e-16
0
0
0
0
4.03165e-16
6.17635e-16
0
0
0
0
0
0
-2.03474e-16
0
0
0
0
0
-7.29603e-08
-2.84583e-08
1.04099e-15
0
1.39581e-17
0
-1.56275e-16
-3.00345e-15
0
0
0
0
0
0
0
0
-8.25249e-13
0
0
0
0
0
0
0
0
0
0
0
0
-5.28869e-17
0
0
0
0
0
0
0
0
0
0
0
4.1792e-14
-2.04097e-12
-1.91794e-17
-1.01996e-15
0
0
0
0
0
0
0
0
0
0
8.73645e-16
0
0
-4.2374e-18
0
0
0
0
0
0
0
0
0
0
0
0
0
0
0
0
0
0
0
0
0
0
0
0
0
0
0
0
0
0
0
-7.44604e-13
0
0
0
0
0
0
0
0
0
0
0
0
0
-8.20624e-13
-9.73182e-13
6.85335e-17
0
0
0
0
0
3.94226e-12
-1.04092e-07
-6.77534e-17
2.22399e-30
0
0
0
0
0
0
0
0
0
0
0
0
0
0
0
0
0
0
0
0
0
8.7235e-16
0
3.87852e-15
0
0
0
0
0
0
0
0
0
0
0
0
0
0
0
-3.39334e-14
-1.51579e-14
0
0
0
0
0
0
0
1.18934e-15
0
-1.30771e-15
0
0
0
0
0
0
0
0
0
0
0
0
-2.69634e-14
-9.27719e-13
-3.50654e-12
0
0
0
0
0
0
0
0
0
0
0
0
0
0
9.80817e-08
2.81034e-08
0
0
0
0
0
0
0
0
0
0
0
0
-5.41715e-14
0
0
0
0
-8.74496e-14
-2.19759e-13
0
0
0
4.39758e-16
-1.80884e-16
1.70075e-16
0
0
0
0
0
0
0
0
0
0
-2.22352e-12
2.92125e-13
0
0
0
0
0
0
0
0
0
0
0
0
0
0
0
0
0
0
0
0
0
0
0
0
0
0
0
0
0
0
0
0
0
0
0
0
0
0
0
0
0
0
0
0
0
0
0
0
0
0
0
0
0
0
0
0
0
0
4.81365e-16
0
0
0
0
0
0
0
0
0
0
0
0
0
0
0
0
0
0
0
0
0
0
0
0
0
0
0
0
0
0
0
0
0
0
0
0
0
1.05617e-11
-1.62566e-07
1.4129e-07
0
0
0
0
0
0
0
0
0
0
0
2.45608e-15
6.19841e-15
0
0
0
0
0
0
0
0
0
0
0
0
0
0
0
0
0
0
0
0
0
0
0
0
0
0
0
0
0
0
-1.65405e-15
0
0
0
0
0
0
0
0
0
0
0
4.40167e-13
4.2872e-13
-1.74734e-12
0
0
0
0
-1.05463e-13
-4.74719e-14
3.41845e-14
0
0
0
0
-7.09089e-18
0
0
0
0
0
0
0
0
0
0
0
0
0
0
0
1.83298e-16
0
-3.20507e-16
0
0
0
0
0
0
0
0
0
0
0
0
0
0
0
0
0
0
0
0
0
0
0
0
0
0
0
0
2.76421e-17
-1.56042e-17
0
0
0
0
3.72927e-16
0
0
0
0
0
0
0
0
0
0
0
0
0
0
0
0
0
0
0
0
0
-8.51416e-13
0
-6.75507e-13
0
0
0
0
0
0
0
0
0
0
0
0
0
0
0
0
0
0
0
0
0
0
0
0
0
0
0
0
0
0
0
0
0
-2.86083e-13
0
7.37536e-13
0
0
0
0
0
0
0
0
0
0
0
0
0
0
0
0
0
0
0
0
0
0
0
0
0
0
0
0
0
0
0
0
0
0
0
0
0
0
0
0
0
-6.11454e-13
0
0
0
0
7.78391e-14
2.45276e-12
0
0
0
0
0
0
0
0
0
0
0
0
0
0
0
0
0
0
0
0
0
0
0
0
0
0
0
0
0
0
-6.89695e-16
0
0
0
2.4637e-15
-2.35849e-15
-2.95088e-16
0
0
0
0
0
0
0
0
0
0
0
0
0
0
0
0
0
0
-5.91281e-08
2.59692e-12
0
0
0
0
0
0
0
0
6.023e-12
2.65642e-12
0
0
0
0
0
0
0
0
0
0
0
0
0
0
0
0
0
0
0
0
0
0
0
0
0
0
0
0
0
0
0
0
0
0
0
0
5.09116e-13
0
0
0
0
0
0
0
0
0
0
0
0
0
0
0
0
0
0
0
0
0
0
0
0
0
0
0
0
-2.03297e-12
-1.19242e-12
0
0
0
0
0
0
-1.36895e-13
2.80196e-17
0
0
0
-9.6641e-16
0
0
0
0
0
0
0
0
0
0
0
0
0
0
0
-3.85533e-15
0
1.51497e-16
1.1652e-13
0
0
0
0
0
0
0
0
0
0
0
3.93871e-13
-2.27133e-12
7.62006e-13
0
0
0
0
0
0
0
0
0
0
0
0
0
0
9.75771e-13
-6.12142e-12
0
0
0
0
0
0
0
0
0
0
0
0
0
0
0
0
0
0
0
0
0
0
0
0
0
0
0
0
0
0
0
0
0
0
0
0
0
0
0
0
0
0
0
0
0
0
1.8545e-15
0
0
0
0
0
0
0
0
4.14736e-16
-1.06848e-15
0
0
0
-1.48733e-16
-1.79388e-16
0
0
0
0
0
0
0
0
0
0
0
0
0
0
0
0
0
0
0
0
0
0
0
0
-3.02607e-12
6.9007e-13
0
0
0
0
0
0
0
0
0
0
0
9.11599e-13
-2.71794e-12
0
0
0
0
0
0
0
-5.93865e-13
0
0
0
0
0
0
0
0
0
0
0
0
0
0
0
0
0
0
0
0
0
0
0
-3.76315e-16
0
0
0
0
0
0
0
0
0
0
0
0
0
0
0
0
-6.00154e-13
0
0
0
0
0
3.21258e-15
0
0
0
0
0
0
0
0
0
0
0
0
0
0
0
0
0
3.26789e-20
-2.8587e-18
0
0
0
0
0
0
0
0
0
0
0
0
0
0
0
0
0
0
0
0
0
0
0
0
0
0
0
0
0
0
0
0
0
0
0
0
0
0
0
0
0
0
0
0
0
0
0
0
0
0
0
0
-2.25916e-12
-1.16239e-12
-7.30753e-17
0
0
0
0
0
0
0
0
0
0
0
0
-1.89558e-15
0
3.84196e-15
-3.31057e-16
0
2.77824e-16
0
0
0
0
0
0
0
0
0
0
0
0
0
0
0
0
0
0
0
0
0
0
0
0
0
0
0
0
0
0
0
0
0
0
0
0
0
0
0
0
0
0
0
0
0
0
0
0
0
0
0
0
0
0
0
0
0
0
0
0
0
0
1.04658e-30
0
0
0
0
0
0
0
0
0
0
0
0
-1.39595e-16
0
4.87562e-16
0
0
0
0
0
0
-3.78046e-16
7.15614e-16
0
0
0
0
0
0
0
0
0
0
0
0
0
0
0
0
0
0
0
0
0
0
0
0
0
-1.49245e-15
6.98471e-16
0
0
0
0
0
0
6.78625e-13
-5.85114e-12
0
0
0
0
0
0
0
0
0
0
0
0
-1.04482e-12
0
-7.47244e-15
0
-4.30719e-16
0
0
0
0
0
0
-1.20264e-15
2.84327e-16
0
0
0
0
0
0
0
0
0
0
0
0
0
0
0
0
0
0
0
0
0
0
0
-1.77109e-16
0
2.78447e-16
0
0
0
0
0
0
0
0
0
0
0
0
0
0
0
0
0
0
6.51745e-13
-1.85658e-12
2.56465e-13
0
0
0
0
0
0
0
0
0
0
0
0
0
0
0
0
0
0
0
0
0
0
0
0
0
0
0
0
0
0
0
0
0
0
0
0
0
0
0
0
0
0
0
0
0
0
0
0
0
0
0
0
0
0
0
0
-2.3646e-16
0
0
0
0
0
0
0
8.81975e-18
-5.94378e-18
0
0
0
0
0
0
0
0
0
0
-6.30237e-13
0
0
-4.37348e-08
0
0
0
0
0
0
0
0
0
0
5.27895e-13
4.88117e-13
-2.05793e-12
2.356e-15
0
0
0
0
0
0
0
0
0
4.10873e-17
-1.09908e-15
-2.18038e-33
-1.57618e-17
0
0
0
0
0
0
0
0
0
0
0
0
0
0
0
0
0
0
2.31902e-16
1.96772e-17
2.79025e-16
0
0
0
0
0
0
0
0
0
0
0
0
0
0
0
0
-2.15849e-12
0
0
0
0
3.76025e-12
-9.62088e-08
0
0
0
0
0
0
0
0
0
0
0
0
0
0
0
0
0
-1.70947e-12
-1.51535e-12
0
0
0
0
0
0
0
1.85454e-16
0
5.95843e-16
0
0
0
0
2.23847e-15
0
0
-3.77018e-17
5.41198e-13
4.85241e-13
-2.06762e-12
-7.47567e-13
-8.14162e-13
0
0
0
0
0
0
0
0
0
0
0
0
0
0
0
0
0
0
0
0
0
0
0
0
0
0
0
0
0
0
0
0
0
1.07082e-17
0
0
0
0
0
0
0
0
0
0
0
0
-1.46646e-15
0
-2.77355e-15
1.47841e-16
8.65943e-20
0
0
0
0
0
0
0
0
0
0
0
0
0
0
0
0
0
0
0
0
0
0
0
0
0
0
0
0
-7.08716e-09
2.23967e-12
-5.75777e-08
2.07296e-17
-9.11424e-18
4.60223e-19
0
0
0
0
0
0
0
0
0
0
0
0
0
0
0
0
0
0
0
0
0
0
0
0
9.32096e-13
-3.95097e-12
0
0
0
0
0
0
0
0
0
0
0
0
0
0
0
0
0
0
0
0
0
0
-2.40833e-12
3.60548e-13
0
0
0
0
0
0
0
0
0
0
0
0
0
-3.28467e-12
0
0
0
0
0
0
0
0
0
0
-8.12732e-13
-7.17615e-13
-9.19305e-16
0
0
0
0
0
0
0
0
0
0
0
0
0
0
0
0
0
0
0
0
0
0
0
0
0
0
0
0
0
0
0
0
0
0
0
0
0
0
0
0
0
0
0
0
0
0
0
-4.09529e-13
0
0
0
0
0
-6.27961e-13
-7.53254e-13
0
0
0
0
0
1.28933e-14
0
0
0
0
0
0
0
0
0
0
0
0
0
0
0
0
0
0
0
0
0
0
3.89297e-12
-4.93225e-08
0
0
0
0
0
0
0
0
0
0
0
0
0
0
0
0
0
0
0
0
0
0
0
0
0
0
0
0
0
0
0
0
0
0
0
0
0
0
0
0
0
0
0
0
0
0
0
1.34375e-15
-6.34857e-16
0
0
-3.15082e-17
0
0
0
0
0
0
0
-1.8367e-15
0
0
0
0
0
0
0
0
0
0
0
0
0
0
0
0
0
0
6.0757e-16
-8.50172e-16
0
0
0
0
0
0
0
0
0
1.14711e-15
-1.16654e-15
0
0
0
0
0
0
0
0
0
0
0
-8.97999e-13
-1.64028e-12
0
0
0
0
0
0
0
0
0
0
3.1262e-08
0
0
0
0
0
0
0
0
0
0
0
0
0
0
0
0
0
0
0
0
0
0
0
0
0
0
0
0
0
0
0
-7.71106e-17
-3.4788e-12
0
0
0
0
0
0
3.87486e-18
0
-3.70545e-18
0
0
0
0
6.82426e-08
0
0
0
0
1.20387e-16
0
0
0
0
0
0
0
0
0
0
0
0
0
0
0
0
0
0
0
0
3.95057e-13
2.84705e-13
-1.36518e-12
-1.55792e-15
0
0
0
0
0
0
0
0
0
0
0
0
0
0
0
0
0
0
0
0
0
0
0
0
0
0
0
0
0
0
0
0
0
0
0
0
0
0
0
0
0
0
0
0
0
2.27031e-16
9.36479e-13
-3.8932e-12
0
0
0
0
0
0
0
0
0
0
0
0
0
0
-1.64251e-14
-1.04183e-14
0
0
0
0
0
0
0
0
-8.01615e-19
0
0
0
0
0
0
0
0
0
0
0
0
0
0
0
0
0
0
0
0
0
0
0
0
0
0
0
0
3.26945e-15
0
0
0
0
0
0
0
0
0
0
0
-5.44791e-13
0
0
0
0
0
0
0
0
0
0
0
0
0
0
0
0
0
0
0
0
0
0
0
0
0
0
0
0
0
0
0
0
0
0
0
0
0
0
0
0
-3.70448e-15
0
0
0
0
0
0
0
0
0
0
0
0
0
0
0
0
0
0
0
0
0
0
0
0
0
0
0
0
0
0
0
0
4.57045e-16
0
-1.1372e-17
0
0
0
0
0
0
0
0
0
0
0
0
0
0
0
0
-4.36523e-14
0
0
0
0
0
-3.52147e-08
2.30768e-12
0
0
0
0
0
0
0
0
0
0
-8.75361e-16
0
0
0
0
0
-4.38739e-13
0
0
0
0
0
0
0
0
0
0
0
0
0
0
0
0
0
0
0
3.05853e-16
0
0
0
0
0
0
0
0
0
0
0
0
0
0
0
0
0
0
0
0
0
0
0
0
0
0
0
0
0
0
0
0
0
0
0
0
0
0
0
0
-6.82045e-09
0
0
0
0
0
0
-1.24282e-16
8.0804e-16
0
0
0
0
0
0
0
0
0
0
0
0
0
0
0
0
0
0
0
0
0
0
0
0
0
0
0
0
2.08736e-12
-9.69019e-08
6.19196e-13
-2.43526e-12
0
0
0
0
0
0
0
-1.18928e-15
0
0
0
0
0
0
0
0
0
0
0
0
0
0
0
0
0
0
0
0
0
0
0
0
0
0
0
0
0
0
0
0
0
0
0
0
0
0
0
0
0
0
0
0
0
0
0
0
0
0
0
0
0
0
0
0
0
0
0
0
0
0
-4.27832e-17
3.40991e-16
0
0
0
0
0
0
0
2.02239e-16
0
0
0
0
0
0
0
0
0
0
0
0
0
0
0
0
0
0
0
0
0
0
0
0
0
0
0
4.77826e-16
0
0
0
0
0
0
0
0
0
0
0
0
0
0
0
0
0
0
0
0
0
0
0
0
0
0
0
0
0
0
0
0
0
0
0
0
0
0
0
0
0
0
0
0
0
0
0
0
0
0
0
0
0
0
0
0
0
0
0
0
0
0
0
0
0
0
0
4.17656e-13
-2.29036e-12
0
0
0
0
0
0
0
0
0
0
0
0
0
0
0
0
0
0
0
0
0
0
0
0
0
0
0
0
0
0
0
0
0
0
0
0
0
0
0
0
0
3.59287e-17
0
0
0
0
0
0
0
0
0
0
0
3.32758e-16
0
-6.59366e-13
-3.77164e-13
0
0
0
0
0
0
0
0
0
0
0
0
0
0
0
0
0
0
0
0
0
0
0
0
0
0
0
0
0
0
0
0
0
0
-1.57063e-12
0
0
0
0
0
0
0
0
0
0
0
0
0
0
0
0
0
0
0
0
0
0
0
0
0
0
0
0
-1.66517e-14
0
8.95318e-16
0
0
0
0
0
0
3.53044e-15
1.12936e-15
0
0
0
0
0
0
0
0
-5.49462e-18
4.74316e-17
0
0
0
0
0
-6.76189e-13
0
0
0
0
0
0
0
0
0
0
0
0
0
0
0
0
0
0
0
0
0
0
0
0
0
0
0
0
0
0
0
0
0
0
0
0
-2.89152e-19
0
0
0
0
0
0
1.73938e-15
0
0
0
0
-9.10136e-13
-6.09473e-13
0
0
0
0
0
0
0
0
0
0
0
0
0
0
0
0
0
0
0
0
0
0
-1.19415e-12
0
0
0
0
0
0
0
0
0
0
0
0
0
0
0
0
0
0
0
0
0
0
0
0
0
0
-1.44747e-15
-1.10197e-15
0
0
0
0
0
0
0
0
0
0
0
0
0
0
0
0
0
0
0
0
0
0
-5.44535e-15
7.84895e-14
0
0
0
0
0
0
0
0
0
0
0
0
0
0
0
0
0
0
0
0
0
0
0
0
0
0
0
0
0
7.82991e-17
0
0
0
0
0
0
0
0
0
0
0
0
0
0
0
0
0
1.08597e-15
6.79757e-15
0
0
0
0
0
0
-4.91735e-16
0
0
0
0
0
0
0
0
0
0
0
0
0
0
-1.17894e-14
0
-2.3471e-14
0
0
0
0
0
0
0
0
0
0
0
0
0
0
0
-3.80368e-16
1.22405e-15
0
0
0
0
0
0
0
0
0
0
0
0
0
0
0
0
0
0
0
0
0
0
0
0
0
0
0
0
2.6076e-16
0
0
0
0
0
0
0
0
0
-5.49859e-13
0
0
0
0
0
0
0
-1.04819e-15
2.07009e-15
0
0
0
0
0
0
0
0
0
0
0
0
0
0
0
0
0
0
0
0
0
0
0
0
0
0
0
0
0
0
0
0
0
0
0
0
0
0
0
0
0
-9.56628e-16
0
2.31942e-15
-1.98421e-15
0
0
0
0
0
0
0
0
0
0
0
0
0
0
0
0
0
0
0
0
0
0
0
0
0
0
0
0
0
0
0
0
0
0
-4.55817e-13
0
0
0
3.19244e-16
-1.71391e-16
0
0
0
0
0
0
0
0
0
0
0
0
0
0
0
0
0
0
0
0
0
0
0
0
0
0
0
0
0
0
0
0
0
0
0
0
0
0
0
0
0
0
0
0
0
0
0
0
0
0
0
0
0
0
0
0
-5.44477e-15
0
0
0
0
3.75203e-16
0
0
0
0
0
0
0
-1.23897e-16
0
3.01486e-16
0
0
0
0
0
0
0
0
0
0
0
0
0
0
0
0
0
0
0
0
0
0
3.18144e-16
0
0
0
0
0
0
0
0
0
0
0
0
0
0
0
0
0
1.12928e-16
-3.35694e-17
2.38178e-16
0
0
0
0
0
0
0
0
0
0
0
0
0
0
0
0
0
0
0
0
0
0
0
0
0
0
0
0
0
0
0
0
0
0
0
0
0
0
0
0
-2.73436e-12
0
0
0
0
0
0
0
0
0
0
0
-5.31024e-15
7.94035e-16
4.72096e-16
0
0
0
0
0
0
0
0
0
0
0
0
-1.56288e-16
-4.53494e-16
0
0
0
0
0
0
0
0
0
0
0
0
0
0
0
0
0
0
0
0
0
0
0
0
0
0
0
-4.95059e-16
0
0
0
0
0
0
0
0
0
0
0
0
0
0
0
0
0
0
0
0
0
0
0
0
0
0
0
-6.25871e-13
0
0
0
0
0
0
0
0
0
0
0
0
0
0
0
0
0
0
0
0
0
0
0
-3.90889e-16
0
0
-3.4375e-14
-9.24984e-14
0
0
0
0
0
0
0
0
0
0
0
0
0
0
0
0
0
0
0
0
0
0
-1.87471e-13
-3.30682e-13
0
0
0
0
0
0
0
0
0
0
0
0
0
0
0
0
0
0
0
0
0
0
0
0
0
0
0
0
5.67187e-16
0
0
0
0
0
0
0
0
0
0
0
0
0
0
0
0
0
0
0
0
0
0
0
0
0
0
0
0
0
0
0
0
0
0
0
0
0
0
0
0
0
0
0
0
0
0
0
0
0
0
0
0
0
0
0
0
0
0
0
0
0
0
0
0
0
0
0
0
0
0
0
0
0
-5.87379e-13
1.47489e-16
0
0
0
0
0
0
0
0
0
-1.05253e-12
0
0
0
0
0
0
0
0
0
0
0
0
0
0
0
0
0
0
0
0
0
0
0
0
0
0
0
0
0
1.14504e-16
-6.15675e-17
0
0
0
4.75299e-17
1.6114e-16
0
-3.94599e-13
0
0
0
0
0
0
0
0
0
0
0
0
0
0
0
0
0
0
6.70748e-13
4.57933e-13
0
0
0
0
0
0
0
0
0
0
0
0
0
0
0
0
0
0
0
0
0
0
0
0
0
0
0
0
2.05837e-16
-1.3893e-12
0
0
0
0
0
0
8.05121e-16
-2.83061e-16
0
0
0
0
0
0
1.39654e-15
0
0
0
0
-3.45911e-16
3.70126e-16
0
-9.94295e-16
-1.81963e-15
0
0
0
0
0
0
0
0
0
0
0
0
0
0
0
0
0
0
0
0
0
0
0
0
0
0
0
0
0
0
0
0
0
0
0
0
0
0
0
0
0
0
0
0
0
0
0
0
0
0
0
0
0
0
0
0
0
0
0
0
0
0
0
0
0
0
0
0
0
0
0
0
0
0
0
0
0
0
0
0
0
4.915e-16
-1.25408e-16
0
0
0
0
0
0
0
0
0
0
0
0
0
0
0
0
0
0
0
0
0
0
0
0
0
0
0
0
0
0
0
0
0
0
0
0
6.02612e-18
1.04991e-20
0
0
0
0
0
0
0
0
0
0
0
0
0
0
0
0
0
0
0
0
0
0
0
0
0
0
0
0
0
0
0
0
0
0
0
0
0
0
0
0
0
0
0
0
0
0
-6.64536e-17
0
0
0
0
0
0
0
0
0
0
0
0
0
0
0
0
0
0
0
0
0
0
0
0
0
0
0
0
0
0
0
0
0
0
0
0
0
0
0
0
0
0
0
0
0
0
0
0
-2.70861e-15
0
0
0
-1.2431e-12
-7.33899e-13
0
0
-2.02906e-16
3.42232e-16
0
0
0
0
0
0
0
-7.0556e-14
2.94519e-13
-1.27799e-12
-7.61138e-17
-2.03144e-18
0
0
0
0
0
0
0
0
0
7.53509e-13
-2.64091e-12
0
0
0
0
0
0
0
0
0
0
0
0
0
0
0
0
0
0
0
0
0
0
0
0
0
0
0
0
0
0
0
0
0
0
0
0
0
0
0
0
0
0
0
0
0
0
0
0
0
0
0
0
0
0
0
0
0
0
0
0
0
0
0
0
0
0
0
0
0
0
0
0
0
0
0
0
0
0
0
0
0
0
0
0
0
0
0
0
0
0
0
0
0
0
0
0
0
0
0
0
0
0
0
0
0
0
0
0
0
0
0
0
0
0
0
0
0
0
0
0
0
0
0
0
0
0
0
0
0
0
0
0
0
0
0
0
0
0
0
0
0
0
0
0
0
0
0
0
0
0
0
0
0
0
0
0
0
0
0
0
0
0
0
0
5.59046e-16
-1.80364e-15
0
0
0
0
0
0
0
0
0
0
0
0
0
0
0
0
0
0
0
0
0
0
0
0
0
0
0
0
0
0
0
0
0
0
0
5.55997e-31
0
0
0
0
0
0
0
0
0
0
0
0
0
0
0
0
0
0
0
0
0
0
0
0
0
0
0
0
0
0
0
0
0
0
0
0
0
0
0
0
0
0
0
0
0
0
0
0
0
-7.45681e-16
0
0
0
0
0
0
0
0
0
0
0
0
0
0
0
0
0
0
0
0
0
0
0
0
0
0
0
0
0
0
0
0
0
0
0
0
0
0
0
0
0
0
0
0
0
0
0
0
0
0
0
0
0
0
0
0
0
0
0
0
0
0
0
0
0
0
0
0
0
0
0
0
0
0
0
0
0
0
0
0
0
0
0
0
0
0
0
0
0
0
0
0
0
0
0
-1.56208e-16
-9.22994e-17
0
0
0
0
0
0
0
0
0
0
0
0
0
0
0
0
0
0
0
0
0
0
0
0
0
0
0
0
0
0
0
6.68049e-17
-4.17736e-16
0
0
0
0
0
0
0
0
0
0
0
0
-3.27693e-15
-3.50501e-15
0
0
0
0
0
0
0
0
0
0
0
0
0
0
0
0
0
0
0
0
0
0
0
0
0
0
0
0
0
0
0
0
0
0
0
0
0
0
0
0
0
0
0
0
0
0
0
-4.44798e-30
-1.15036e-14
0
0
0
0
0
0
0
0
0
0
0
0
0
0
0
0
0
0
0
0
0
0
0
0
0
0
0
0
0
0
0
0
0
0
0
0
0
0
0
0
0
4.79032e-16
-3.9077e-16
0
1.51546e-16
4.73967e-16
0
9.14603e-17
2.44297e-17
0
0
0
0
0
0
0
0
0
0
0
0
0
0
0
0
0
0
0
0
6.94455e-16
7.73347e-15
0
0
0
0
1.65532e-14
1.39645e-14
0
0
0
0
0
0
0
0
0
0
0
0
0
0
0
0
0
0
0
0
0
0
2.66006e-12
0
0
0
0
0
0
0
0
0
0
0
0
0
0
0
0
0
0
0
0
0
0
0
0
0
0
0
0
0
0
3.1048e-17
0
0
0
0
0
0
0
0
0
0
0
0
0
0
0
0
0
0
0
0
0
0
0
0
0
0
0
0
0
0
0
0
0
0
0
0
0
0
0
0
9.89466e-16
-4.80611e-16
0
0
3.63543e-16
0
0
0
0
0
0
0
0
0
0
0
0
0
0
0
0
0
0
0
0
-3.31594e-17
6.82902e-17
0
9.97682e-16
0
0
0
0
0
0
0
0
0
0
0
0
0
0
0
0
0
0
0
0
0
0
0
0
0
0
0
0
0
0
-3.08287e-16
-5.37325e-15
0
0
0
0
0
0
8.59649e-17
0
0
0
0
0
0
0
0
0
0
0
0
0
0
0
0
0
0
0
0
0
0
0
0
0
0
0
0
0
0
0
0
0
0
0
0
0
0
0
0
0
0
0
0
0
0
0
0
0
0
0
0
0
-2.48074e-12
0
0
0
0
0
0
0
0
0
0
0
0
0
0
0
0
0
0
0
0
0
0
0
0
0
0
0
0
0
0
-3.31203e-16
0
0
0
0
0
0
0
0
0
0
0
0
0
0
0
0
0
0
0
0
0
0
0
0
0
0
0
0
0
0
0
0
0
0
0
0
0
0
0
0
0
5.13423e-16
0
0
0
0
0
0
0
0
0
0
0
0
0
0
0
0
0
0
0
0
0
0
0
0
0
0
0
0
0
0
0
0
0
0
0
0
0
0
0
9.66959e-17
0
8.59337e-17
0
0
0
0
5.85496e-16
0
4.53127e-16
0
0
0
0
0
0
0
0
-8.46581e-13
0
0
0
0
0
0
0
0
0
0
0
0
0
0
0
0
0
0
0
0
0
0
0
0
0
0
0
0
0
0
0
0
0
0
0
0
0
0
0
0
0
0
0
0
0
0
0
0
0
0
0
0
0
0
0
0
0
0
0
0
0
0
0
0
0
0
0
0
0
0
0
-3.98345e-18
-5.48792e-19
0
0
0
0
0
0
0
0
0
0
0
0
0
0
0
0
0
0
0
0
0
0
0
0
0
0
0
0
0
0
0
0
0
0
0
0
0
0
0
0
0
0
0
0
0
0
0
0
1.67442e-16
0
0
0
0
0
0
0
0
0
0
0
0
0
0
0
0
0
0
0
0
0
0
0
0
7.46483e-08
3.42604e-08
0
0
0
0
0
0
0
0
0
0
0
0
0
0
0
0
0
0
0
0
0
0
-3.88158e-12
0
0
0
0
-3.73187e-16
0
-3.35232e-17
0
0
0
-2.45016e-12
1.54396e-12
0
0
0
0
0
0
0
0
0
0
-5.55997e-31
2.17489e-17
0
0
0
0
0
0
-2.72448e-15
1.71615e-15
0
0
0
0
0
0
0
0
0
0
0
0
0
0
0
4.85464e-16
0
-1.84235e-15
0
0
0
0
0
0
0
0
0
2.44109e-15
-2.47586e-15
0
0
0
0
0
0
0
0
0
0
0
0
0
0
0
0
0
5.50005e-16
2.23861e-16
0
0
0
0
0
0
0
0
0
0
0
0
0
0
0
0
0
0
0
0
0
0
0
0
0
0
0
0
0
0
0
0
0
0
0
0
0
0
0
0
0
0
0
0
0
0
0
0
0
-5.16814e-16
2.22399e-30
-2.45633e-16
0
0
0
0
0
0
0
0
0
0
0
2.77184e-15
0
0
0
0
0
0
0
0
0
0
0
0
0
0
0
0
0
0
0
0
0
0
0
0
0
0
-6.97364e-13
0
0
0
0
0
0
0
-5.63892e-16
-3.08534e-15
0
0
0
0
0
0
0
0
0
0
0
0
0
0
1.04015e-15
0
0
0
0
0
0
0
0
0
0
0
0
0
0
0
0
0
0
0
0
0
0
-1.42343e-12
1.47235e-13
0
4.35425e-16
0
-6.89404e-16
0
0
0
0
0
0
0
0
0
0
0
0
0
0
0
0
0
0
0
0
0
0
0
0
0
0
0
0
0
0
0
0
0
0
7.59358e-15
-3.20722e-15
0
0
0
0
0
0
0
0
0
0
0
0
0
0
0
0
0
-1.88527e-15
7.64944e-15
0
0
0
0
0
0
0
0
0
0
0
0
0
0
0
0
0
0
0
0
0
0
0
0
0
0
0
0
0
0
0
0
8.43604e-17
-1.62385e-17
4.36076e-33
2.86279e-17
0
0
0
0
0
0
0
0
0
0
0
0
0
0
2.05952e-13
-1.96903e-13
0
0
0
0
0
0
0
0
0
0
0
0
0
0
0
0
0
0
0
0
0
0
0
0
0
0
-5.79651e-13
0
0
0
0
-7.11483e-16
7.31033e-16
0
0
0
0
0
0
0
0
-5.88432e-13
0
0
0
0
0
0
4.51893e-16
0
3.69971e-16
0
0
0
0
0
0
0
0
0
0
0
0
0
5.88606e-17
-1.15757e-16
0
0
0
0
-1.42095e-16
0
0
0
0
0
5.31818e-15
-6.61521e-16
0
0
0
0
0
0
0
0
0
-9.04292e-17
1.19075e-16
0
0
0
0
0
0
0
0
0
0
0
0
0
0
0
0
0
0
0
0
0
0
0
0
0
0
0
0
0
0
0
0
0
0
2.91518e-16
0
0
0
0
0
0
0
0
0
0
0
0
0
0
0
0
0
0
0
0
0
0
0
0
0
0
0
0
0
0
0
0
0
0
0
0
0
0
0
0
0
0
0
0
0
0
0
0
0
0
0
0
0
0
0
0
0
0
0
0
0
0
0
0
0
0
0
0
0
0
0
0
0
0
0
2.00541e-16
4.07733e-17
0
0
0
0
0
0
-3.64066e-18
3.65309e-18
0
0
0
0
0
0
0
0
0
0
0
0
0
0
0
0
0
0
0
0
0
0
0
-4.17996e-15
0
0
0
0
0
0
0
0
0
0
7.95096e-16
7.18116e-16
0
0
0
0
0
0
1.82813e-15
0
0
0
0
0
0
0
0
0
0
0
0
0
-3.13158e-08
0
0
0
0
0
0
0
0
0
0
0
0
0
0
0
0
0
0
0
0
0
0
0
0
0
0
0
0
0
0
0
0
0
0
0
0
0
0
0
0
0
0
0
0
0
0
0
0
0
0
0
0
0
0
0
0
0
0
0
0
0
0
0
0
0
0
0
0
0
0
0
0
0
0
0
0
0
0
0
0
0
0
0
1.02907e-15
3.57128e-16
0
0
0
0
0
8.83836e-15
0
-1.00735e-14
0
0
0
0
0
0
0
0
0
0
0
0
2.5703e-16
-3.19495e-16
0
0
0
0
0
0
0
0
0
0
0
0
0
0
0
0
0
0
0
0
0
0
0
0
0
0
0
0
0
0
0
0
0
0
0
0
0
0
0
-3.34744e-17
0
2.81236e-17
0
0
0
0
0
0
0
0
0
0
0
0
0
0
0
0
0
0
0
0
0
0
0
0
0
0
0
0
0
0
0
0
0
0
0
0
0
0
0
2.8345e-16
0
0
0
0
0
0
0
0
0
0
0
0
0
0
0
0
0
0
0
0
0
0
0
0
0
0
0
0
0
0
0
0
0
0
0
0
0
0
0
0
0
0
0
4.68054e-17
0
0
0
0
0
0
0
0
0
0
0
0
0
0
0
0
0
0
0
0
-7.72521e-17
0
0
2.92754e-15
0
0
0
0
0
0
0
0
0
0
0
0
0
0
2.01079e-15
0
0
0
0
0
0
0
0
0
0
0
0
0
0
0
0
0
0
0
0
0
0
0
0
0
0
0
0
0
0
4.92287e-16
-1.81761e-15
0
0
0
-3.25927e-09
-3.83225e-08
0
0
-7.41616e-14
0
-2.46174e-14
0
0
0
0
0
0
0
0
0
0
0
0
0
0
0
0
0
0
0
0
0
0
0
0
0
0
0
0
0
-6.15366e-16
3.32113e-16
-7.31183e-16
0
0
0
0
0
0
0
0
0
0
0
0
0
0
0
0
0
0
0
0
0
9.16767e-16
-2.37493e-15
-1.3896e-16
0
0
0
0
0
0
0
0
0
0
0
0
0
0
0
0
0
0
0
0
0
0
0
0
0
-7.01766e-16
0
0
0
0
0
0
0
0
0
0
0
0
0
0
0
0
0
0
0
2.62467e-15
-2.29263e-15
0
0
0
0
0
0
0
0
0
0
0
0
-1.20135e-15
0
0
0
0
-1.42719e-16
-1.28242e-15
0
0
0
0
0
0
0
0
0
0
0
0
0
0
-1.17332e-12
0
0
-6.49573e-13
0
0
0
0
0
0
0
0
0
0
0
0
0
0
2.62925e-16
-4.53944e-16
0
0
0
0
0
0
0
0
0
0
0
0
0
0
0
0
0
0
0
0
0
0
2.67989e-16
0
0
0
0
0
0
0
0
0
0
0
0
0
0
0
0
0
0
0
0
0
0
0
0
0
0
0
0
0
0
0
0
0
0
0
0
0
0
0
0
0
0
0
0
0
0
0
0
-4.53374e-15
2.56214e-15
0
0
0
0
0
0
0
0
0
0
0
0
0
0
0
0
0
0
0
0
0
0
0
0
0
0
0
0
0
0
0
0
0
0
0
0
0
0
0
0
0
0
0
0
0
0
-3.21011e-15
0
-8.65428e-16
0
0
0
0
0
0
0
0
0
3.5561e-16
-2.58828e-15
0
0
0
0
0
0
0
0
0
0
0
0
0
0
0
0
0
0
0
4.48286e-30
2.07427e-15
0
0
0
0
0
0
0
0
0
0
0
2.00548e-16
0
0
0
0
0
0
0
0
0
0
0
0
0
0
0
0
0
0
0
0
0
0
0
0
0
0
0
0
0
0
0
0
0
0
0
0
0
0
1.47047e-16
0
0
0
0
0
0
0
0
0
0
2.1761e-14
0
0
0
0
0
0
0
0
0
0
0
0
0
0
0
0
0
0
0
0
0
0
0
0
0
0
0
0
0
0
0
0
0
0
0
0
0
0
0
0
0
0
0
0
0
0
0
0
0
0
0
0
0
0
0
0
0
0
0
6.64079e-18
0
0
0
0
0
0
0
0
0
0
0
0
0
0
0
-4.09646e-19
3.51586e-32
4.49974e-18
0
0
0
0
0
0
0
0
0
0
0
0
0
0
0
0
0
0
0
0
0
0
0
0
0
0
0
0
0
0
0
0
0
0
0
0
0
0
0
0
0
0
0
0
0
0
0
0
0
0
0
0
0
0
0
0
0
0
0
0
0
0
0
0
0
0
0
0
0
0
-1.88439e-16
2.61162e-16
-1.86494e-13
0
0
0
0
0
0
0
0
0
0
0
0
0
0
0
0
0
0
0
0
0
0
0
0
0
0
0
0
0
0
0
0
0
0
0
0
0
0
0
0
0
0
0
0
0
0
0
0
0
0
0
0
0
0
0
0
0
0
0
0
0
1.34332e-16
0
0
-3.4055e-14
-1.02953e-13
0
0
0
0
-8.33996e-31
0
-5.99612e-17
0
0
0
0
0
0
0
0
0
0
0
0
0
0
0
0
0
0
0
0
0
0
0
4.22741e-13
0
0
0
0
-7.31807e-13
0
-5.1282e-13
0
0
0
0
0
0
0
0
0
0
0
0
0
0
0
0
0
0
0
0
1.45014e-16
-2.93932e-16
0
0
0
0
0
0
0
0
0
0
0
0
0
-2.21116e-15
0
0
0
0
0
0
0
0
0
0
0
0
0
0
0
0
0
0
0
0
0
0
0
0
0
0
0
0
0
0
0
0
0
0
0
0
0
0
0
-3.80919e-15
0
1.89044e-14
0
0
0
0
0
0
2.42402e-16
0
0
0
0
0
0
0
0
0
0
0
0
0
0
0
0
-4.68624e-18
-5.86617e-19
0
0
0
2.61993e-15
-3.92078e-15
0
0
0
0
0
0
0
0
0
0
0
0
0
0
0
0
0
0
0
0
0
0
0
0
0
0
0
0
0
-1.44079e-15
0
0
0
0
0
0
0
0
0
0
0
0
0
0
0
0
0
1.39912e-15
0
0
0
0
0
0
0
0
0
0
0
0
0
0
0
0
0
0
0
0
0
0
0
0
0
0
0
0
0
0
0
0
0
0
0
0
0
0
0
0
0
0
0
0
0
0
0
0
0
0
0
0
0
0
0
0
0
0
0
0
0
0
0
0
0
0
1.12191e-14
0
8.3698e-15
0
0
0
0
0
0
0
0
0
0
0
0
0
0
0
0
0
0
0
0
0
0
0
0
0
0
0
0
0
0
0
0
0
0
0
0
0
0
0
0
0
0
0
0
0
0
0
0
0
0
0
0
0
0
0
0
0
0
0
0
-1.6391e-16
-4.59407e-16
0
0
0
0
-6.8682e-32
-6.9704e-32
0
0
0
0
0
0
0
0
0
6.38959e-17
0
0
0
0
0
0
0
0
0
0
0
0
0
0
0
0
0
3.50715e-16
0
0
0
0
0
0
0
0
0
0
0
0
0
0
0
0
0
0
0
0
0
0
0
0
0
0
0
0
0
3.9224e-18
0
0
0
0
0
0
0
0
0
0
0
0
0
0
0
0
1.03564e-16
-4.25676e-16
0
0
0
0
0
0
0
0
0
0
0
0
0
0
0
0
0
0
0
0
0
0
0
0
0
0
0
0
0
0
0
0
0
0
0
0
0
0
0
0
0
0
0
0
0
0
0
0
0
0
0
0
0
0
0
0
0
0
0
0
0
0
0
0
0
0
0
0
0
0
0
0
1.56244e-16
0
0
0
0
0
0
0
0
0
0
0
0
0
0
-8.65279e-16
0
0
0
0
0
0
0
0
0
0
0
0
0
0
0
0
0
0
0
0
0
0
0
0
0
0
0
0
0
6.06023e-18
0
0
0
0
0
0
0
0
0
-1.84083e-18
0
0
0
0
0
0
0
0
2.41221e-16
4.40523e-16
0
0
0
0
0
0
0
0
0
0
0
0
0
0
0
0
0
0
0
0
0
0
0
0
0
0
0
0
0
0
0
0
0
0
0
0
0
0
0
0
0
0
0
0
0
0
1.6076e-16
3.00311e-17
0
0
0
0
0
0
0
0
2.82356e-15
3.42725e-16
0
0
0
0
0
0
0
0
0
0
0
0
0
0
0
0
0
0
0
0
0
0
0
0
0
0
0
0
0
0
0
0
0
0
0
0
0
0
0
0
0
0
0
0
0
0
0
0
0
0
0
0
0
0
0
0
0
0
0
0
8.47848e-16
5.17634e-16
0
0
0
0
0
0
0
0
0
0
-3.46329e-15
0
0
0
0
0
-3.8775e-16
-8.97297e-16
0
0
0
0
0
0
0
0
0
0
0
0
0
0
0
0
0
0
0
0
4.50572e-17
8.47641e-16
0
0
0
0
0
0
0
0
0
0
0
0
0
0
0
0
0
0
0
0
0
0
0
0
0
0
0
0
0
0
0
0
0
0
0
0
0
0
0
0
0
0
0
0
0
0
0
0
0
0
0
0
0
0
0
0
0
0
0
0
0
0
0
0
0
4.48672e-16
0
0
0
0
0
0
0
0
0
-2.17594e-16
0
0
1.39029e-16
0
0
0
-1.8342e-17
-4.2472e-16
0
0
-3.38227e-16
0
0
0
0
0
0
0
0
0
0
0
0
0
0
0
0
0
0
0
0
0
0
0
0
0
0
0
0
0
0
0
0
0
0
0
0
0
0
0
0
3.49767e-15
0
0
0
0
0
0
0
0
0
0
0
0
0
0
0
0
0
0
0
0
0
0
0
0
0
0
0
0
0
0
0
0
0
0
0
0
4.45489e-16
5.23097e-16
0
0
0
0
-3.61976e-16
1.94606e-17
0
0
0
0
0
0
0
0
0
0
0
0
0
0
0
0
0
0
0
0
0
0
0
0
0
0
0
0
0
0
0
0
0
0
0
0
0
0
0
0
0
0
0
0
7.24018e-20
0
0
4.88983e-16
0
-8.80165e-16
0
0
0
0
0
0
0
0
0
0
0
0
0
0
4.1297e-20
0
0
-1.8202e-15
0
-7.9388e-15
0
0
0
0
0
0
0
0
0
0
0
0
0
0
0
0
0
0
0
0
0
0
0
0
0
0
0
0
0
0
0
0
0
0
0
0
0
0
0
0
0
0
0
0
0
0
0
0
0
0
0
0
0
0
0
0
0
0
0
0
0
0
0
0
0
0
0
0
0
0
0
0
0
0
0
0
0
0
0
0
0
0
0
0
0
0
0
0
0
0
0
0
0
0
0
0
0
0
0
0
0
0
0
0
0
0
0
2.29464e-17
0
0
0
0
0
0
0
0
0
0
0
0
0
0
0
0
-1.20041e-15
0
-8.2066e-16
0
0
0
0
0
0
0
0
0
0
0
0
0
0
0
6.54114e-33
0
0
0
0
0
0
0
0
0
0
0
1.18965e-14
-8.89595e-30
0
0
0
0
0
0
0
-1.71493e-15
0
-2.92274e-15
0
0
0
0
0
0
0
0
0
0
0
0
0
0
0
0
0
0
0
0
0
0
0
0
0
0
0
0
0
0
0
0
0
0
0
0
0
0
0
0
0
0
0
0
1.37575e-15
0
0
0
0
0
0
0
0
0
0
0
0
0
0
0
0
0
0
0
0
0
0
0
0
0
0
0
0
0
0
0
0
0
0
0
0
0
0
0
0
0
-7.67484e-16
2.2338e-30
0
0
0
0
-8.05883e-15
6.76369e-16
0
0
0
0
0
0
0
0
0
0
0
0
0
0
0
0
0
0
0
0
0
0
0
0
0
0
-7.03618e-18
5.14206e-18
0
0
0
0
0
0
0
0
0
0
0
0
0
0
0
0
0
0
0
0
6.3995e-19
0
0
0
0
0
0
0
0
0
0
0
0
0
0
0
6.40003e-16
0
0
0
0
0
4.07878e-15
-3.78299e-15
0
0
0
0
0
0
0
0
0
0
0
0
0
0
0
0
0
0
0
0
0
0
0
0
0
0
0
0
0
0
0
0
0
0
0
0
0
0
0
0
0
0
0
0
0
0
0
0
0
0
0
0
0
0
0
0
0
0
0
0
0
0
0
0
0
0
0
0
0
0
0
0
0
0
0
0
0
0
0
0
0
0
0
0
0
0
0
0
-4.59449e-16
4.57329e-16
0
0
0
0
0
0
0
0
0
0
0
0
0
0
0
0
0
0
0
0
0
0
0
0
0
0
0
0
0
0
0
0
0
0
0
0
0
0
0
0
0
0
0
0
0
0
0
0
0
0
0
0
0
0
0
0
0
0
0
0
0
0
0
0
0
0
0
0
0
0
0
0
0
0
0
0
0
0
0
2.71837e-18
0
0
0
0
0
0
0
0
0
0
0
0
0
0
0
0
0
0
0
0
0
0
0
0
0
0
0
0
0
0
0
0
0
0
0
0
0
0
0
-2.28687e-12
0
0
0
0
0
0
0
0
0
0
0
0
0
0
0
0
0
0
0
0
0
0
0
0
0
0
0
0
0
0
0
0
0
0
0
0
0
0
0
0
0
0
0
-1.67422e-16
0
0
0
0
0
0
0
0
0
0
0
0
0
0
0
0
0
0
0
0
0
0
0
0
0
0
0
0
0
0
0
0
0
0
0
0
0
0
0
0
-4.31881e-16
0
0
0
0
0
0
0
0
0
0
0
0
0
0
0
0
0
0
0
0
0
0
0
0
0
0
0
0
0
0
0
0
0
0
0
0
0
0
0
0
0
0
0
0
0
2.20675e-14
8.21338e-15
0
0
0
0
0
0
0
0
0
0
0
0
0
0
0
0
0
0
0
0
0
0
0
-8.35579e-17
2.84821e-16
0
0
0
0
0
0
0
0
0
0
0
0
0
0
0
0
0
0
0
0
0
0
0
0
0
0
0
0
0
0
0
0
0
0
0
0
0
0
0
0
0
0
4.60648e-08
-2.3255e-15
0
0
0
0
0
0
0
0
0
0
0
0
0
0
0
0
0
0
0
0
0
3.02083e-16
0
0
0
0
0
0
0
0
0
0
0
0
0
0
0
0
0
0
0
0
0
0
0
0
0
0
0
0
0
0
0
0
0
0
-2.72885e-12
0
0
0
0
0
0
0
-3.17841e-15
0
0
0
0
0
0
0
0
0
0
0
0
0
0
0
0
0
0
0
0
0
0
0
0
0
0
0
0
0
0
0
0
0
0
0
0
0
0
0
0
0
0
0
0
0
0
0
0
0
0
0
0
0
0
0
0
0
0
0
0
0
0
0
0
0
0
0
0
0
0
0
0
0
0
0
0
0
0
0
0
0
0
0
0
0
0
0
0
0
0
0
0
0
0
0
0
0
0
0
0
0
0
0
0
0
0
0
0
0
0
0
-3.478e-15
5.47111e-15
0
0
0
0
0
0
0
0
0
0
0
0
0
0
0
0
0
0
0
0
0
7.071e-13
-1.84328e-12
0
0
0
0
0
0
0
0
0
0
0
0
0
0
0
0
0
0
0
0
0
0
0
0
0
0
0
0
0
0
0
0
0
0
0
0
0
0
0
0
0
0
0
0
0
0
0
0
0
0
0
0
0
0
0
0
0
0
0
0
0
0
0
0
0
0
0
0
0
0
0
0
0
0
0
0
0
0
0
0
0
0
-6.36634e-17
0
-1.07626e-14
0
0
0
0
0
0
0
0
0
0
0
0
0
0
0
0
0
0
0
0
0
9.42715e-17
0
0
0
0
0
0
0
0
0
0
0
0
0
0
0
0
0
0
0
0
0
0
0
-2.74117e-15
0
0
0
0
0
0
0
0
0
0
0
0
0
-3.47048e-16
-8.45086e-16
0
0
0
0
0
0
0
0
0
-1.15105e-16
2.02355e-18
0
0
0
0
0
0
0
0
0
0
0
0
0
0
0
0
0
0
0
0
0
0
0
0
0
0
0
0
0
0
0
0
0
0
-1.28497e-16
6.94809e-17
0
0
0
0
0
0
0
-6.15009e-17
0
0
0
0
0
0
0
0
0
0
0
0
3.67951e-16
0
0
0
0
0
0
0
0
0
0
0
0
-3.15931e-14
0
0
0
-5.08471e-17
5.87714e-16
0
0
0
0
0
0
0
0
0
0
0
0
0
0
0
0
0
0
0
0
0
-1.17545e-15
-4.92739e-16
0
0
0
0
0
0
0
0
0
0
0
0
0
0
0
0
0
0
0
0
0
0
0
0
0
-1.13959e-16
0
0
1.80012e-29
6.39384e-16
4.44798e-30
0
0
0
0
0
0
0
0
9.25365e-17
0
0
0
0
0
0
0
0
0
0
0
0
0
0
0
0
0
0
0
0
0
0
0
0
0
0
0
0
0
0
0
0
0
0
0
0
0
0
0
0
0
0
0
0
0
0
0
0
0
0
0
0
0
0
0
0
0
0
0
0
0
0
0
0
0
0
0
0
0
0
0
0
0
0
0
0
0
0
0
0
0
0
0
0
0
0
0
0
0
0
0
0
0
0
0
0
0
0
0
0
0
0
0
0
0
0
0
0
0
0
0
0
0
0
0
0
0
0
0
0
0
0
0
0
0
0
0
0
0
0
0
0
0
0
0
0
0
0
0
0
0
0
0
0
0
0
0
0
0
0
0
0
0
0
0
0
0
-8.05371e-16
0
0
0
0
0
0
0
0
0
0
0
0
0
-7.38235e-13
0
-3.83035e-18
0
0
0
0
0
0
0
0
-9.96563e-16
1.9746e-15
0
0
0
0
0
0
0
0
0
0
0
0
0
0
0
0
0
0
0
-1.43887e-12
0
0
0
0
0
0
0
0
0
0
0
0
0
0
0
0
0
0
0
0
0
0
0
0
0
0
0
0
0
0
0
0
0
0
0
0
0
0
0
0
0
0
0
0
0
0
9.98487e-16
-1.50541e-15
0
0
0
0
0
0
0
0
0
0
0
0
0
0
0
0
0
0
0
0
0
0
0
0
0
0
0
0
0
0
0
0
0
0
0
0
0
0
0
0
0
0
0
0
0
0
0
0
0
0
0
0
0
0
0
0
0
0
0
0
0
0
0
0
0
0
0
0
0
0
0
0
0
0
0
0
0
0
0
0
2.1821e-16
-2.05666e-16
0
0
0
0
0
0
0
0
0
0
0
0
0
0
0
0
0
0
0
0
0
0
0
0
0
0
0
-2.27352e-12
-5.75739e-13
0
0
0
0
0
0
0
0
0
0
0
0
0
0
0
0
0
0
0
0
0
0
0
0
0
0
0
0
0
0
0
0
0
0
0
0
0
0
0
0
0
0
0
0
0
0
0
0
0
0
0
0
0
0
0
0
0
0
0
0
0
0
0
0
0
0
0
0
0
0
0
0
0
0
0
0
0
0
0
0
0
0
0
0
0
0
0
0
0
0
0
0
0
0
0
0
0
0
0
0
0
0
0
0
0
0
0
0
0
0
0
0
0
0
0
0
0
0
0
0
0
0
0
0
0
0
0
0
0
0
0
0
0
0
0
0
0
0
0
0
0
0
0
0
0
0
0
0
0
0
0
-2.12818e-16
0
0
0
0
0
0
0
0
0
0
0
0
0
0
0
0
0
0
0
0
0
0
0
0
0
0
0
0
0
0
0
0
0
0
0
0
0
0
0
0
3.30062e-16
0
0
0
0
0
0
0
0
0
0
0
0
-4.29282e-16
0
0
0
0
0
0
0
0
0
0
0
0
0
0
0
0
0
0
0
0
0
0
0
0
0
0
0
0
0
0
0
0
5.29168e-17
-1.12121e-16
0
0
0
0
0
0
0
0
-2.79819e-16
0
0
0
0
0
0
0
0
0
0
0
0
0
0
0
0
0
0
0
0
0
0
0
0
0
0
0
0
0
0
0
0
0
0
0
0
0
0
0
0
0
0
0
0
0
0
0
0
0
0
0
0
0
0
0
0
0
0
0
0
0
0
0
0
0
0
0
0
0
0
0
0
0
0
0
0
0
0
0
0
0
0
0
0
0
0
0
0
0
0
0
0
0
0
0
0
0
0
0
0
0
0
0
0
-3.9375e-16
-2.42786e-16
0
0
0
0
0
0
0
0
0
0
0
0
0
0
0
0
0
0
0
0
0
0
0
0
0
0
0
0
0
0
0
0
0
0
0
0
0
0
0
0
0
0
0
0
0
0
0
0
0
0
0
0
0
0
0
0
0
0
0
0
0
0
0
0
0
0
0
0
0
0
0
0
0
0
0
0
0
0
0
0
0
0
0
0
0
0
0
0
0
0
0
0
0
0
0
0
0
0
0
0
0
0
0
0
0
0
0
0
0
0
0
0
0
0
0
0
0
0
0
0
0
0
0
0
0
0
0
0
0
0
0
0
0
0
0
0
0
0
0
0
0
0
0
0
0
0
0
0
0
0
0
0
0
0
0
0
0
0
0
0
0
0
0
0
0
0
0
0
0
0
0
0
0
0
0
0
0
0
0
0
0
0
0
0
-8.74724e-18
0
0
0
-1.46264e-16
1.45274e-16
0
0
0
0
0
0
0
0
0
0
0
0
0
0
0
0
0
0
0
0
0
0
0
0
0
0
0
0
0
0
0
0
0
0
0
0
0
-3.60089e-13
0
0
0
0
0
-8.25224e-17
-7.49505e-17
0
0
0
0
0
0
0
0
0
0
0
0
0
0
0
0
0
0
0
0
0
0
0
0
0
0
0
0
0
0
0
0
0
0
0
0
0
0
0
0
4.2435e-18
0
0
0
0
0
0
0
0
0
0
0
0
0
0
0
0
0
0
0
0
0
0
0
0
0
0
0
0
0
0
0
0
0
0
0
0
0
0
0
0
0
0
2.67161e-16
2.02352e-16
0
0
0
0
0
0
0
3.43996e-15
0
0
0
0
0
0
0
0
0
0
0
0
0
0
0
0
1.32654e-16
0
0
0
0
0
0
0
0
0
1.96217e-16
6.67019e-18
0
0
0
0
0
0
0
0
0
0
0
0
0
0
0
0
0
0
0
0
0
0
0
0
0
0
0
0
0
0
1.04924e-16
0
0
0
0
0
0
0
0
0
0
0
0
0
0
0
0
0
0
0
-1.8033e-17
0
0
0
0
0
0
0
0
0
0
0
0
0
0
0
0
0
0
0
0
0
0
-2.22399e-30
0
0
0
0
0
0
0
0
5.66129e-17
0
0
0
0
0
-3.04291e-16
0
0
0
0
0
0
0
0
0
0
0
0
0
0
0
0
0
0
0
0
0
-1.22742e-14
0
1.11199e-30
0
0
0
0
0
0
0
0
0
0
0
0
0
0
0
0
0
0
0
0
0
0
0
0
0
0
0
0
0
0
0
0
0
0
0
0
0
0
0
0
0
0
0
0
0
0
0
0
0
0
0
0
0
0
0
0
0
0
0
0
0
1.15469e-15
0
0
0
0
0
0
0
0
0
0
0
0
0
0
0
0
0
0
0
0
0
0
0
0
0
0
0
0
0
0
0
-5.34137e-16
0
0
0
0
0
0
1.95096e-16
0
0
0
0
0
0
0
0
0
0
0
0
0
0
0
0
0
0
0
0
-1.24849e-15
0
0
0
0
0
0
0
0
0
0
0
0
0
0
0
0
0
0
0
0
0
0
0
0
0
0
0
0
0
0
0
0
0
0
0
0
0
0
-1.19085e-15
0
0
0
0
0
0
0
0
0
0
0
0
0
0
0
0
0
0
0
0
0
0
0
0
0
0
0
0
0
0
0
0
0
0
0
0
0
0
0
0
0
0
-1.33487e-16
-6.55682e-16
0
0
0
0
0
0
0
0
0
0
0
0
0
0
0
0
0
0
0
0
0
0
-4.29899e-16
-1.04695e-15
0
0
0
0
0
0
0
0
0
0
0
0
0
0
0
0
0
0
0
-1.18864e-15
3.54732e-16
0
0
0
0
0
0
0
0
0
0
0
0
0
0
0
0
0
0
0
0
0
0
0
0
0
0
0
0
0
0
0
4.61422e-16
1.26594e-15
0
0
0
0
0
0
0
-2.65859e-16
0
0
0
0
0
0
0
0
0
0
0
0
0
0
0
0
0
0
0
0
0
0
0
0
0
0
0
0
0
0
0
0
0
0
0
0
0
0
0
1.68499e-16
0
0
0
0
0
0
0
0
0
0
0
0
0
0
0
-3.85159e-16
-8.40145e-16
-1.72982e-16
0
0
0
0
-1.03536e-15
0
1.42072e-15
0
0
0
0
0
0
0
0
0
0
0
0
0
0
2.53386e-16
0
0
0
0
0
0
0
0
0
0
0
0
0
0
0
0
0
0
0
0
0
0
0
0
0
0
0
0
0
0
0
0
0
-8.10235e-17
0
-3.60926e-16
-9.48755e-17
1.84717e-16
0
0
0
0
0
0
0
0
0
0
-1.63621e-16
0
0
0
0
0
-3.1878e-16
0
0
0
0
0
0
0
0
0
0
0
0
0
0
0
0
0
1.12857e-16
0
0
1.21004e-15
0
0
0
0
0
0
0
8.34997e-16
-2.61863e-16
0
0
0
0
0
0
0
0
0
0
0
1.67191e-17
7.66784e-19
0
0
0
0
0
0
0
0
0
0
0
0
0
0
0
0
0
0
-2.66134e-17
0
0
0
0
0
-4.79916e-16
0
0
0
-8.83969e-18
0
0
0
0
0
0
0
0
0
0
9.69461e-17
0
0
0
0
0
0
0
0
0
0
5.11204e-16
0
-7.22592e-16
0
0
0
0
0
0
8.97399e-16
-1.38244e-15
0
0
0
-5.27176e-16
0
0
0
0
0
0
0
0
0
0
0
0
0
0
0
0
0
0
0
0
0
0
0
0
0
0
0
0
0
2.30881e-15
0
-1.97807e-15
0
0
0
0
0
0
0
0
0
0
0
0
0
0
0
0
0
0
0
0
0
0
0
0
0
0
0
0
0
0
0
0
0
-3.29792e-16
0
0
0
0
0
0
0
0
0
0
0
0
0
0
0
0
0
0
0
0
0
0
0
0
0
0
0
0
0
0
0
0
0
0
0
0
0
0
0
0
0
0
0
0
1.2365e-16
0
0
0
0
0
0
0
0
0
0
0
0
0
0
0
0
0
0
-4.05627e-16
-5.809e-17
0
0
0
0
0
0
0
0
0
0
0
0
0
0
0
0
0
0
0
0
0
0
0
0
0
0
3.25798e-17
0
0
0
0
-1.44511e-17
5.12317e-16
0
0
0
0
0
0
0
0
0
0
0
0
0
0
0
0
0
0
0
0
0
0
0
0
0
0
0
0
-4.27981e-14
0
0
0
0
0
0
0
0
0
0
0
0
2.01764e-16
-1.03011e-16
0
0
0
0
0
0
0
0
0
0
0
0
0
0
0
0
0
0
0
0
0
0
0
0
0
0
0
0
0
0
0
0
0
0
0
0
0
0
0
0
0
0
0
0
0
0
0
0
0
0
0
0
0
0
0
0
0
0
0
0
1.94596e-16
1.43205e-15
0
0
0
0
0
0
0
0
0
0
0
0
0
0
0
0
0
0
0
0
-3.80763e-16
0
0
0
0
0
0
0
0
0
0
0
0
0
0
0
0
0
0
0
0
0
0
0
0
0
0
0
0
0
0
0
0
0
0
0
0
0
0
0
0
0
0
0
0
0
0
0
0
0
0
0
0
0
-4.64678e-12
0
0
0
0
0
0
0
0
0
0
0
0
0
0
0
0
0
0
0
0
0
0
0
0
0
0
0
0
0
0
0
0
0
0
0
0
0
0
0
0
0
0
0
0
0
-3.57349e-17
0
0
0
0
0
0
0
0
0
0
0
0
0
0
0
2.35693e-16
0
0
0
0
0
0
4.10421e-17
0
0
0
0
0
0
0
0
0
0
0
0
0
0
0
0
0
0
0
0
0
-4.5226e-16
0
0
0
0
0
0
0
0
-3.13845e-17
0
-1.20244e-15
0
0
0
0
0
0
0
0
0
0
0
0
0
0
0
0
0
0
0
0
0
0
0
0
0
0
0
0
0
0
0
0
0
0
0
0
0
0
0
0
0
0
0
0
0
0
0
0
0
0
0
0
0
0
0
0
0
0
0
0
0
0
0
0
0
0
0
0
0
0
0
0
0
0
0
-4.79869e-16
0
0
0
0
0
0
0
0
0
0
0
-1.91425e-15
-1.40491e-15
0
0
0
0
0
0
0
0
0
0
0
0
0
0
0
0
0
0
0
0
0
0
0
0
0
0
0
0
0
0
0
0
0
0
0
0
0
0
0
0
0
0
0
0
0
0
-1.66446e-15
0
0
0
0
0
0
0
0
0
0
2.2609e-15
-1.14451e-15
0
0
0
0
0
0
0
0
0
0
0
0
0
0
0
0
0
0
0
0
0
0
0
0
0
1.59023e-15
0
0
0
0
0
0
0
0
0
0
0
0
0
0
0
0
0
-1.1187e-15
0
0
0
0
0
0
0
0
0
0
0
0
0
0
0
0
0
0
0
0
0
0
0
0
0
0
0
0
0
0
0
0
0
0
0
0
0
0
0
0
0
0
0
0
0
0
0
0
0
0
0
0
0
0
0
0
0
0
0
0
0
0
0
0
0
0
0
0
0
0
0
0
0
0
0
0
0
0
0
0
0
0
0
0
0
0
0
0
0
0
0
0
0
0
0
0
0
0
0
0
0
0
0
0
0
0
0
0
0
0
0
0
0
0
0
0
0
0
0
0
0
0
0
0
0
0
0
0
0
0
0
0
0
0
0
0
0
0
0
0
0
0
0
0
0
0
0
0
0
0
0
0
0
0
0
0
0
0
0
0
0
0
0
0
0
0
0
0
0
0
0
0
0
0
0
0
0
0
0
0
0
0
0
0
0
0
0
0
0
0
0
0
0
0
0
0
0
0
0
0
0
0
0
0
0
0
0
0
0
0
0
0
0
0
0
0
0
0
0
0
0
0
0
0
6.44525e-16
0
0
0
0
0
0
0
0
0
0
0
0
0
-2.10294e-15
-4.67358e-15
0
0
0
0
0
0
0
-4.38013e-15
1.34843e-15
0
0
0
0
0
0
0
0
0
0
0
0
0
0
0
0
0
0
0
0
0
0
0
0
0
0
0
0
0
0
5.7934e-16
-7.92611e-16
0
0
0
0
0
0
0
0
0
0
0
0
0
1.23304e-15
1.83293e-16
0
0
0
0
0
0
0
0
0
0
0
0
0
0
0
0
0
0
0
0
0
0
0
0
0
0
0
0
0
0
0
0
0
0
0
0
-1.45675e-12
0
0
0
0
0
0
0
0
0
0
0
0
0
0
0
0
0
0
0
0
0
0
0
0
0
0
0
0
0
0
0
0
0
0
0
0
0
0
0
0
0
0
0
0
0
0
0
0
0
0
0
0
0
0
0
0
0
0
0
0
0
0
0
0
0
0
0
0
0
0
0
0
0
0
0
0
0
0
0
0
0
0
0
0
0
0
0
0
0
0
0
0
0
0
0
0
0
0
0
0
0
0
0
0
0
0
0
0
0
0
0
0
0
0
0
0
-3.91792e-16
1.13025e-16
0
0
0
0
0
0
0
0
0
0
0
0
0
0
0
0
0
0
0
0
0
0
0
0
0
0
0
0
0
0
0
0
0
0
0
0
0
0
0
0
0
0
0
0
0
0
0
0
0
0
0
0
0
0
0
0
0
0
0
0
0
0
0
0
0
0
0
0
0
0
0
0
0
0
0
3.33639e-15
0
0
0
0
0
0
0
0
0
0
0
0
0
0
0
0
0
0
0
0
0
0
0
0
0
0
0
0
0
0
0
0
0
0
0
0
0
0
0
0
0
0
0
0
0
0
0
0
0
0
0
0
0
0
0
0
0
0
0
0
0
0
0
0
0
0
0
0
0
0
0
0
0
0
0
0
0
0
0
0
0
0
0
0
0
0
0
0
0
0
0
0
0
0
0
0
0
0
0
0
0
0
0
0
0
0
0
0
0
0
0
0
0
0
0
0
0
0
0
0
0
0
0
0
0
0
0
0
0
0
0
0
0
0
0
0
0
0
0
0
0
0
0
0
0
0
0
0
0
0
0
0
0
0
0
0
0
0
0
0
0
0
0
0
0
0
0
0
0
0
0
0
0
0
0
0
0
0
0
0
0
0
0
0
0
0
0
0
0
0
0
0
0
0
0
0
0
0
0
0
-2.49055e-16
-2.49211e-16
0
0
0
0
0
0
0
0
0
0
0
0
0
0
0
0
0
0
0
0
0
0
0
0
0
0
0
0
0
0
0
0
0
0
0
0
0
0
-8.92212e-30
4.97494e-15
0
0
0
0
-3.80781e-15
0
-1.59112e-14
0
5.05212e-16
0
0
0
0
0
0
0
0
0
0
0
0
0
0
2.46372e-16
0
0
0
0
0
0
0
0
0
0
0
0
0
0
0
0
0
0
0
0
0
0
0
0
0
0
0
0
0
0
0
0
0
0
0
0
0
0
0
0
0
0
0
0
0
-9.26476e-16
0
0
0
0
0
0
0
0
0
0
0
0
0
3.19416e-15
0
1.06407e-16
0
0
0
0
0
0
9.00061e-30
0
0
0
0
0
0
0
0
0
0
0
0
3.39283e-15
0
0
0
0
0
0
0
0
0
0
0
0
0
0
0
0
0
0
0
0
0
0
0
0
0
0
0
0
0
0
0
0
0
0
0
0
0
0
0
0
0
0
0
0
0
0
0
0
0
0
0
0
0
0
0
0
0
0
0
0
0
0
0
0
0
0
0
0
0
0
0
0
0
0
0
1.40569e-13
-4.14444e-12
0
0
0
0
0
0
0
0
0
0
0
0
0
0
0
0
0
0
0
0
0
0
0
0
0
0
0
0
0
0
0
0
0
0
0
0
0
0
0
0
0
0
0
0
0
0
0
0
0
0
0
0
0
0
0
0
0
0
0
0
0
0
0
0
0
0
0
0
-1.40443e-16
-2.82125e-16
0
0
0
0
0
0
0
0
0
0
3.14404e-16
0
0
0
0
0
0
0
0
0
0
0
0
0
0
2.30746e-16
0
0
0
0
0
0
0
0
0
0
0
0
0
0
0
0
0
0
0
0
0
0
0
0
0
0
0
0
0
0
0
0
0
0
0
0
9.46733e-17
0
0
0
0
0
0
0
-3.71711e-16
0
0
0
0
0
0
0
0
0
0
0
0
0
0
0
0
0
0
0
0
0
0
0
0
0
0
0
0
0
0
0
2.09311e-18
0
0
0
0
0
0
0
0
0
0
0
0
0
0
0
0
0
0
0
0
0
0
0
0
0
0
0
0
0
0
0
-5.64776e-13
0
0
0
0
0
0
0
0
-1.3409e-16
0
0
0
0
0
0
0
0
0
0
0
0
0
0
0
0
0
0
0
0
0
0
0
0
0
-1.37042e-15
4.06124e-16
0
0
0
0
0
0
0
0
0
0
0
0
0
0
0
0
0
0
0
0
0
0
0
0
0
0
0
0
0
0
0
0
0
0
0
0
0
0
0
0
0
0
0
0
0
0
0
0
0
0
0
0
0
0
0
0
0
0
0
0
1.71392e-16
0
0
0
0
0
0
0
0
0
0
0
0
0
0
0
0
0
0
0
0
0
0
0
0
0
0
0
5.98749e-16
0
0
0
0
0
0
0
0
0
1.47848e-16
0
0
0
-1.68444e-16
0
0
-5.60397e-18
1.49371e-18
0
0
0
0
0
0
0
0
0
0
0
0
0
0
0
0
0
0
0
0
0
0
0
0
0
1.60862e-16
0
0
0
0
0
0
0
0
3.21853e-16
0
0
0
0
0
0
0
0
0
0
0
0
1.23212e-15
-4.16758e-16
0
0
0
0
0
0
0
0
0
0
0
0
0
0
0
0
0
0
0
0
0
0
0
0
0
0
0
0
0
0
0
0
0
0
0
0
0
0
0
0
0
0
0
0
0
0
0
0
0
0
0
0
0
0
0
0
0
0
0
0
0
0
0
0
0
0
0
0
0
0
0
0
0
0
0
0
0
0
0
0
0
0
0
0
0
-1.23503e-17
0
0
0
0
0
0
0
-2.12324e-15
0
0
0
0
0
0
0
-1.13116e-15
0
0
0
0
0
0
0
0
0
0
0
0
0
0
0
0
0
0
0
0
0
1.01788e-13
-1.86785e-12
0
0
0
0
-3.3749e-16
0
0
0
0
0
0
0
0
0
0
0
0
0
0
0
0
0
0
-1.33468e-15
1.78652e-15
0
0
0
0
0
0
0
0
0
0
0
0
0
0
-3.08945e-16
0
0
0
0
-1.69646e-17
0
0
0
0
0
0
0
0
0
0
0
0
0
0
0
0
0
0
0
0
0
0
0
0
0
0
-5.62519e-16
1.1444e-15
0
0
0
0
0
0
0
0
0
0
0
0
0
0
0
0
0
0
0
0
0
0
0
0
0
0
0
0
0
0
0
0
0
0
0
0
0
0
0
0
0
0
0
0
0
0
0
0
0
0
0
0
0
0
0
0
0
0
0
0
0
0
0
0
0
0
0
0
0
0
0
0
0
0
0
0
0
0
0
0
0
0
0
0
0
0
0
0
0
0
0
0
0
0
0
0
0
0
0
0
0
0
0
0
0
0
0
0
0
0
0
0
0
0
0
0
0
0
0
0
0
0
0
0
0
0
0
0
0
0
0
0
0
0
0
0
0
-6.73033e-17
-2.39199e-12
0
0
0
0
0
0
0
0
0
0
0
0
0
0
0
0
0
0
0
0
0
0
0
0
0
0
0
0
0
0
0
0
0
0
0
0
0
0
0
0
0
0
0
0
0
0
0
0
0
0
0
0
2.6234e-18
0
0
0
-1.66367e-19
0
0
0
0
0
0
-2.61002e-20
0
-2.17511e-12
0
0
-4.77357e-16
0
-3.39494e-19
0
0
0
0
0
0
0
0
0
0
0
0
0
0
0
0
0
0
0
0
0
0
0
2.82772e-14
-2.02272e-14
0
0
0
0
0
0
0
0
0
0
0
0
0
0
0
0
0
0
0
0
-1.43008e-15
0
0
0
-1.27655e-17
0
0
0
0
0
0
0
0
0
0
0
0
0
0
4.87169e-16
0
9.55788e-16
0
0
0
0
0
0
0
0
0
0
0
0
0
0
0
0
0
0
0
0
0
0
0
0
0
0
0
0
0
0
0
0
0
0
0
0
0
0
0
0
0
0
0
0
0
7.28302e-15
2.33286e-15
0
0
0
0
0
0
0
0
0
0
-1.64225e-12
2.94833e-13
0
0
0
0
0
0
0
0
0
-9.96631e-19
0
0
0
0
0
0
0
0
0
0
0
0
0
0
0
0
0
0
0
0
0
0
0
0
0
0
0
0
0
0
-1.36867e-15
0
0
0
-4.08344e-15
0
0
6.26195e-14
0
0
0
0
0
0
0
0
-8.37883e-16
0
0
0
0
0
0
0
0
0
0
0
0
0
0
0
0
0
0
0
0
0
0
0
0
0
0
0
0
0
0
0
0
0
0
0
0
0
0
0
0
0
0
0
0
0
0
0
0
0
0
0
0
0
0
0
0
0
0
0
0
0
0
0
0
0
0
0
0
0
7.14245e-16
3.40036e-16
0
4.02698e-16
0
0
0
0
0
0
0
0
0
0
0
0
0
0
0
0
0
0
0
0
0
0
0
0
1.28829e-15
0
0
0
0
0
0
0
0
0
0
0
0
0
0
0
0
0
0
0
0
0
0
0
0
2.88087e-15
0
0
0
0
0
0
0
0
0
0
0
0
0
0
0
0
0
0
0
0
0
0
0
0
0
0
0
0
0
0
0
0
0
0
0
0
0
0
0
0
0
0
0
0
0
0
0
-4.15618e-16
0
0
0
0
0
0
0
0
0
0
0
0
0
0
0
0
0
0
0
0
-1.477e-16
-2.70782e-12
0
0
0
0
0
0
0
0
0
0
0
0
0
0
0
0
0
0
0
0
0
-2.77194e-12
0
0
0
0
0
0
0
0
0
0
0
0
0
0
0
0
0
0
0
0
0
0
0
0
0
0
0
0
0
0
0
0
0
0
0
0
0
0
-3.29502e-17
0
0
0
0
0
0
0
0
0
0
0
0
0
0
0
0
0
0
0
0
0
0
0
0
0
0
0
0
0
0
0
0
0
0
0
0
0
0
0
0
0
0
0
0
0
0
0
0
0
0
0
0
0
0
0
0
0
0
0
0
0
0
0
0
0
0
0
0
0
0
0
0
0
0
0
0
0
0
0
0
0
0
0
0
0
0
0
0
0
0
0
0
0
0
0
0
0
0
0
-9.18996e-12
0
0
0
0
0
0
0
0
0
0
0
0
0
0
0
0
0
0
0
0
0
0
0
0
0
0
0
0
0
0
0
0
0
0
0
0
0
8.29571e-16
0
0
0
0
0
0
1.05931e-17
0
0
0
0
0
0
0
0
0
0
-4.61484e-13
-6.24065e-13
0
0
0
0
0
0
0
0
0
0
0
0
0
0
0
0
0
0
0
0
0
0
0
0
0
0
0
0
0
0
0
0
0
0
0
0
0
0
0
0
0
0
0
0
0
0
0
0
0
0
0
0
0
0
0
0
0
0
0
0
0
0
0
0
0
0
0
0
0
0
0
0
0
0
0
0
0
0
0
0
0
0
0
0
0
0
0
0
0
0
0
0
0
0
0
0
0
0
0
0
0
0
0
0
0
0
0
0
0
0
0
0
0
0
0
0
0
0
0
8.54225e-16
0
0
0
0
0
0
0
0
0
0
0
0
0
0
0
0
3.41854e-15
1.24442e-14
0
0
0
0
0
0
0
0
0
0
0
0
0
0
0
0
0
0
0
0
0
0
0
0
0
0
0
0
0
0
0
0
0
0
0
0
0
0
0
1.74236e-15
0
0
0
0
0
0
0
0
0
0
0
0
0
0
0
0
0
0
0
0
0
0
0
-1.99107e-12
3.3215e-13
0
0
0
0
0
0
0
0
0
0
0
0
0
0
0
0
0
0
0
0
1.01246e-07
5.75689e-08
1.21757e-07
4.94051e-08
-3.67805e-08
5.55046e-09
2.17712e-09
1.52948e-09
4.46493e-08
-4.92176e-09
3.8557e-08
6.93362e-08
2.18663e-08
3.20316e-08
1.02896e-07
4.58117e-08
8.85019e-08
7.01815e-08
5.58035e-09
5.06313e-08
1.25175e-07
6.86073e-08
1.22951e-07
5.82686e-08
7.55397e-08
2.56556e-08
1.11614e-08
-1.00602e-08
3.3716e-08
6.92888e-08
1.17485e-08
2.70895e-08
-1.59445e-08
2.24925e-08
-2.12604e-08
-2.46601e-08
1.57944e-08
-3.28192e-08
1.15029e-08
-9.01705e-09
-4.48757e-08
-1.52126e-08
-5.11923e-08
-5.54958e-08
-2.09135e-08
-4.28053e-08
-4.64525e-08
-6.76666e-08
-3.73295e-08
-7.40372e-08
-8.57879e-08
-3.54629e-08
0
0
0
0
0
0
0
0
0
0
0
0
0
0
8.95978e-16
0
0
0
0
0
0
0
0
0
0
0
0
0
1.20867e-15
8.05951e-16
0
0
0
0
0
0
0
0
0
0
0
0
0
6.7727e-16
9.67085e-15
0
0
0
0
0
0
0
0
0
0
0
0
0
0
0
0
0
0
0
0
0
0
0
0
0
0
0
0
0
4.90118e-09
-3.37151e-08
0
0
-3.32593e-08
-6.32395e-08
-4.52842e-08
-1.11054e-08
-1.99795e-08
-5.39255e-08
-5.23291e-08
-1.65774e-08
0
0
0
0
0
0
-4.38561e-08
-7.50707e-08
-5.69012e-08
-2.19585e-08
-8.83163e-09
-4.26319e-08
-3.82649e-08
-8.2236e-09
-4.06854e-08
7.09883e-09
0
0
9.88515e-09
-2.89764e-08
1.63725e-08
-2.27324e-08
-2.16214e-08
2.02584e-08
0
0
-1.3392e-08
-5.0523e-08
0
0
3.70225e-08
-1.09008e-08
-1.61696e-08
2.48178e-08
2.30399e-08
-1.93998e-08
0
0
0
0
0
0
0
0
0
-2.50447e-08
1.38157e-08
-1.78248e-17
0
4.75442e-08
1.12502e-09
0
0
0
2.84633e-08
-1.48167e-08
0
0
0
0
0
0
0
0
0
0
0
0
4.0716e-08
-4.55479e-09
0
5.17197e-08
6.96731e-09
-1.41711e-15
0
0
0
0
0
0
0
0
0
0
0
0
0
0
0
0
0
5.84504e-08
1.2748e-08
0
0
0
4.63368e-09
-3.12339e-08
0
-3.58961e-08
-5.81634e-08
0
0
0
-4.72118e-08
-1.16822e-08
-1.83377e-08
-5.30675e-08
0
-6.62574e-08
-1.73366e-08
0
0
0
0
0
0
0
0
0
0
0
0
0
0
2.11239e-08
6.75775e-08
0
0
0
0
0
0
0
0
-3.56861e-08
0
0
-4.24956e-08
-7.39416e-08
0
0
0
0
-1.08267e-08
-3.85083e-08
0
0
0
2.14966e-08
7.71481e-08
7.21208e-08
2.15771e-08
0
0
-4.03634e-08
4.15966e-09
0
0
0
0
0
0
0
0
0
0
0
0
0
-7.0072e-08
-5.92184e-08
0
0
0
0
1.00904e-08
-2.6729e-08
1.81292e-08
-2.19896e-08
0
0
0
0
0
0
0
0
0
0
3.85241e-08
-9.98971e-09
0
0
0
-1.75042e-08
2.36498e-08
0
0
0
0
0
1.2592e-08
6.60493e-08
0
0
0
0
9.54665e-08
7.86444e-09
0
0
0
0
0
0
0
0
0
4.89079e-08
2.26288e-09
0
0
2.98744e-08
-1.37263e-08
0
0
0
0
0
0
0
0
0
0
0
0
0
0
0
0
0
0
0
0
0
0
0
0
0
0
0
0
0
0
0
0
0
0
0
1.50337e-08
6.1173e-08
0
0
0
0
0
0
0
0
0
0
0
0
0
0
0
0
0
0
0
0
0
4.20736e-08
-3.41061e-09
6.1136e-16
5.43566e-08
0
-8.65758e-15
0
-7.39923e-15
0
0
0
0
0
0
0
0
0
0
0
0
0
0
0
0
0
0
0
0
0
0
0
0
0
0
0
0
0
0
0
0
6.03836e-08
1.3305e-08
0
0
0
0
0
0
0
0
0
0
0
0
0
0
0
0
0
0
0
0
0
0
0
4.29991e-08
1.03195e-07
1.86062e-08
6.75807e-08
0
0
0
0
0
0
0
0
0
0
0
0
0
0
0
0
0
0
0
0
0
0
0
0
0
0
1.98866e-08
7.62724e-08
0
0
0
0
0
0
0
0
0
0
0
0
0
0
0
1.97163e-16
0
0
0
0
0
0
0
0
0
0
0
0
0
0
0
0
0
0
0
0
0
4.99232e-08
1.06302e-07
1.03507e-07
4.77276e-08
0
0
0
0
0
0
0
0
0
0
0
0
0
0
0
0
0
0
0
0
0
0
0
0
0
0
0
0
0
0
0
0
0
0
0
0
0
0
0
0
0
0
0
0
0
0
0
0
0
0
0
0
0
0
0
0
0
0
0
7.48795e-08
0
0
0
0
0
0
0
9.13171e-08
7.01986e-08
0
0
0
0
0
0
0
0
0
0
0
0
0
0
0
0
0
0
0
0
0
0
0
0
0
0
0
0
0
0
0
0
0
0
0
0
0
0
0
0
0
0
0
0
0
0
0
0
0
0
0
0
0
0
0
2.23265e-08
0
0
0
0
0
0
0
0
0
0
0
0
0
-8.94313e-16
0
0
0
0
0
0
0
0
0
0
0
0
0
0
0
0
0
0
0
0
0
0
0
0
0
0
0
0
0
0
0
0
0
0
0
0
0
0
0
0
0
0
0
0
6.3595e-08
1.152e-07
0
0
0
0
0
0
0
0
0
0
0
0
0
0
0
0
0
0
0
0
0
0
0
0
0
0
0
0
0
0
3.1711e-08
0
0
0
6.1186e-15
0
0
0
0
0
0
0
0
0
0
0
0
0
0
0
0
2.03225e-18
-2.4389e-19
0
0
0
0
0
0
0
0
0
0
0
0
0
0
0
0
0
0
0
0
0
0
0
0
0
0
0
0
0
0
0
1.3026e-07
5.33934e-08
0
0
0
0
0
0
0
0
0
0
0
0
0
0
0
0
0
0
0
0
0
0
0
0
0
0
0
0
0
0
0
0
0
0
-4.56893e-16
0
0
0
0
0
5.96712e-15
0
0
0
0
0
0
0
0
0
0
3.16965e-16
0
0
5.62786e-16
0
0
0
0
0
0
0
0
0
0
0
0
0
0
0
-1.25314e-08
-4.88694e-08
4.22505e-08
1.01428e-07
0
0
0
0
0
0
0
0
0
0
0
0
0
0
0
0
0
0
0
0
0
6.36544e-08
1.27575e-07
0
0
0
0
0
0
0
0
0
0
0
0
0
0
0
0
0
0
0
0
0
0
0
0
0
0
0
0
0
0
0
0
0
0
0
0
0
0
0
0
0
0
1.22012e-14
9.36463e-15
0
0
0
0
0
0
0
0
0
0
0
0
0
0
0
0
0
0
0
0
0
0
0
0
4.51657e-17
0
0
0
0
0
0
0
0
0
0
0
0
0
0
0
0
0
0
0
0
0
0
0
0
0
0
0
0
0
0
0
-8.35863e-16
0
0
0
0
0
0
0
0
0
0
0
1.35687e-15
0
0
0
0
0
0
0
0
0
0
0
0
0
-6.07735e-16
1.56786e-16
0
0
0
0
0
0
0
0
0
0
0
0
0
0
0
0
0
0
0
0
0
0
5.50633e-16
0
0
0
0
0
0
0
0
0
0
0
0
0
0
0
0
2.31072e-15
-6.21223e-16
0
0
0
0
0
0
0
0
0
0
0
0
0
0
0
0
0
4.41757e-08
1.09509e-07
0
0
0
0
-6.0163e-16
0
0
0
0
0
0
0
0
0
0
0
0
0
0
0
0
0
0
0
0
0
0
0
0
0
0
0
0
0
0
0
0
0
0
0
0
0
0
0
0
0
0
0
0
0
0
0
0
0
-5.76366e-12
0
0
0
0
0
0
0
0
0
0
0
0
0
0
0
0
0
0
0
0
0
0
0
0
0
0
0
0
0
0
0
0
0
0
0
0
0
0
0
0
0
0
0
-1.64994e-14
0
-6.22462e-15
0
0
0
0
0
0
0
0
0
0
0
0
0
0
0
0
0
0
0
0
0
0
0
0
0
0
0
0
0
0
0
0
0
0
0
0
0
0
0
-3.51458e-16
0
0
0
0
0
0
0
0
0
0
0
0
0
0
0
0
3.50866e-16
1.38703e-15
0
0
0
0
0
0
0
0
-1.51591e-14
0
0
0
0
0
0
0
0
0
0
0
0
0
0
0
0
0
0
0
0
0
0
0
0
0
0
0
0
0
0
0
1.104e-07
5.33414e-08
0
0
0
2.39545e-16
-1.2078e-16
0
0
0
0
0
0
0
0
0
0
0
0
0
0
0
0
0
0
0
0
0
0
0
0
0
0
0
0
0
0
0
0
0
0
0
0
0
0
0
0
3.04595e-16
4.42666e-16
0
0
0
0
0
0
6.34589e-08
1.25266e-07
0
0
0
0
0
0
0
0
0
0
0
0
0
0
0
0
0
0
0
0
0
0
0
0
0
0
0
0
0
0
0
0
0
0
0
0
0
0
0
0
0
0
0
0
0
0
0
0
0
0
0
0
0
0
0
0
0
0
0
0
0
0
0
0
0
0
0
0
0
0
0
0
0
0
0
0
0
0
0
0
0
0
0
0
0
0
0
0
0
0
0
0
0
0
0
0
0
-1.56917e-12
3.29686e-13
0
0
0
0
0
0
0
0
0
0
0
0
0
0
0
0
0
0
0
0
0
0
0
0
0
0
0
0
0
0
0
0
0
0
0
0
0
0
0
0
0
0
0
0
0
0
0
0
0
0
0
0
0
0
0
0
0
5.81025e-18
0
0
0
0
0
0
0
0
0
0
0
0
0
0
0
0
0
0
0
0
0
0
0
0
0
0
0
0
0
7.94066e-08
9.71267e-08
0
0
0
0
0
0
-2.62993e-16
0
0
0
0
0
0
0
0
0
0
0
0
0
0
0
0
0
0
0
0
0
0
0
0
0
0
0
0
0
0
0
0
0
0
0
0
0
0
0
1.24733e-07
7.15773e-08
0
0
0
0
0
0
0
0
0
0
0
0
0
0
0
0
0
0
0
0
0
0
0
0
0
0
0
0
0
0
0
0
0
0
0
0
0
0
0
0
0
0
0
0
0
0
7.22516e-16
-2.96577e-18
0
0
0
0
0
0
0
0
0
0
0
0
0
0
0
0
0
0
0
0
-1.16602e-14
-3.72374e-15
0
0
0
0
0
0
0
0
0
0
0
0
0
0
0
0
0
0
0
0
0
0
0
0
0
0
0
0
0
0
0
0
0
0
0
0
0
0
0
0
0
0
0
0
0
0
0
0
0
0
0
0
0
0
0
0
0
0
0
0
0
0
0
0
-5.49223e-13
0
0
0
3.83083e-15
-1.96615e-15
0
0
0
0
1.22677e-07
6.35787e-08
0
0
0
0
0
0
0
0
0
0
0
0
0
0
0
0
0
0
0
0
0
0
0
0
0
0
0
0
0
0
0
0
0
0
0
0
0
0
0
0
0
0
0
0
0
0
0
0
0
0
0
0
0
0
0
0
0
0
0
0
0
0
0
0
0
0
0
0
0
0
0
0
0
0
0
0
0
0
0
0
0
0
0
0
0
0
0
0
0
0
0
0
0
0
-3.10823e-16
0
0
0
0
0
0
0
7.5452e-16
-9.8077e-16
0
0
0
0
0
0
0
0
0
0
0
0
0
-6.58982e-16
0
-5.42383e-16
0
0
0
0
0
0
0
0
0
0
0
0
0
0
0
0
0
0
0
0
0
0
0
0
0
0
0
0
0
0
0
0
0
0
0
0
0
0
0
0
0
-7.41071e-16
0
0
0
0
0
0
0
0
0
0
0
0
0
0
0
0
-1.50412e-17
1.02806e-16
0
0
0
0
0
0
0
0
0
0
0
0
0
0
0
0
0
0
-1.81855e-18
-2.47942e-18
-1.3223e-16
0
0
0
0
1.80094e-18
0
0
0
0
0
0
0
0
0
0
0
0
0
0
0
0
0
0
0
0
0
0
0
0
0
0
0
0
0
0
0
0
0
0
0
0
0
0
0
0
0
0
0
0
0
0
0
0
0
0
0
0
0
0
0
0
0
0
0
0
0
0
0
0
0
0
0
0
0
0
0
0
0
0
0
0
-1.03514e-15
0
0
0
0
0
0
0
0
0
0
0
0
0
0
0
0
0
0
0
0
0
0
0
0
-2.08984e-18
0
0
0
0
0
0
0
0
0
0
0
0
4.75866e-16
0
0
0
0
0
0
0
0
0
0
3.62237e-16
0
0
0
0
0
0
4.27702e-17
0
0
0
0
0
0
0
0
5.82182e-17
0
0
0
0
0
0
0
0
0
0
0
0
0
0
0
0
0
0
0
0
0
0
0
0
0
0
0
0
0
0
0
0
0
0
0
0
0
0
0
0
0
0
0
0
0
0
0
0
0
0
0
0
0
0
0
0
0
0
0
0
0
0
0
0
0
0
0
0
0
0
0
0
0
0
0
0
0
0
0
0
0
0
0
0
0
0
0
0
0
0
0
0
0
0
0
0
0
0
-6.86838e-16
3.11861e-17
0
0
0
0
0
0
0
0
0
0
0
0
0
0
0
0
0
0
0
0
0
0
0
0
0
0
0
0
0
0
0
0
0
0
0
2.55651e-12
0
2.88976e-12
3.00545e-12
0
0
2.77512e-12
2.98902e-12
3.01414e-12
0
0
0
0
0
0
0
0
0
0
0
0
0
0
0
0
0
0
0
0
0
2.60144e-12
0
0
8.01739e-17
0
-1.54736e-16
0
0
0
0
0
2.49851e-12
2.64704e-12
0
0
0
0
0
0
0
0
0
0
0
0
0
0
0
0
0
0
0
0
0
0
0
0
0
0
2.68347e-12
0
1.967e-16
2.4686e-12
0
3.06245e-15
0
0
0
0
0
0
0
0
0
0
0
0
0
0
0
0
0
0
0
0
0
0
0
0
0
0
0
1.69492e-16
2.37521e-12
2.17954e-12
-5.7763e-16
0
0
0
0
8.85343e-16
0
1.94291e-12
0
0
0
6.83678e-16
0
0
0
0
0
4.98742e-10
4.31973e-08
0
0
0
0
0
0
5.82028e-16
0
0
0
2.26618e-12
0
0
0
0
0
0
0
0
0
0
0
0
0
0
0
0
0
0
0
0
0
0
0
0
0
0
0
0
0
0
0
0
-1.41017e-16
1.52961e-12
2.2555e-12
4.47928e-16
0
0
0
0
0
0
0
0
0
0
0
0
0
0
0
0
0
0
0
0
0
0
0
0
0
0
0
0
0
0
0
0
-1.96695e-15
0
0
0
0
2.90084e-14
0
0
0
0
0
0
1.0215e-14
3.20383e-12
0
0
0
0
3.12663e-12
2.96844e-12
2.55819e-12
0
0
0
0
0
0
0
0
1.29892e-16
0
0
0
0
0
0
0
0
0
0
0
0
0
0
0
0
0
0
0
0
0
0
0
0
0
0
0
2.65196e-12
0
0
0
0
0
4.58316e-12
0
0
0
0
0
0
0
0
0
0
0
0
0
0
0
0
0
0
0
0
0
0
0
0
0
0
0
0
0
2.55515e-12
2.50462e-12
0
0
0
0
0
0
0
0
0
0
0
0
0
0
2.45794e-12
2.50502e-12
0
0
0
1.17723e-12
0
0
-8.27238e-16
0
0
0
0
0
5.95719e-16
0
0
0
0
0
0
0
0
0
0
0
0
0
0
0
7.99716e-08
8.91281e-08
0
0
0
0
0
0
0
0
0
0
0
0
0
0
0
-1.06844e-15
0
0
0
0
0
0
0
0
-5.57668e-13
-6.05704e-13
2.05803e-12
1.52518e-12
0
0
-4.9148e-16
0
0
0
0
0
0
0
0
0
-2.51219e-12
-5.60358e-12
0
0
0
0
0
0
0
3.32493e-09
5.03793e-08
0
0
0
0
0
0
2.24396e-12
0
0
0
0
0
0
0
0
0
0
0
0
0
0
0
0
0
5.62538e-31
-3.47726e-16
0
0
0
0
0
0
0
0
-1.12952e-16
4.02874e-12
0
0
0
3.28128e-15
0
0
0
1.79239e-12
0
0
0
0
0
0
0
0
0
0
0
0
0
0
0
0
0
0
0
0
0
0
0
0
0
0
0
1.91863e-12
0
0
0
0
0
0
0
0
0
0
3.05924e-12
0
0
0
0
0
0
0
0
0
0
0
0
0
0
0
0
0
0
0
-2.16641e-12
0
0
0
0
0
0
1.30897e-12
0
0
0
0
0
0
0
0
0
0
0
0
0
0
0
0
0
0
0
0
0
0
0
0
3.19212e-12
0
0
2.05233e-12
0
0
0
0
1.06093e-07
3.24575e-08
0
0
0
0
0
0
0
0
0
0
0
0
0
0
0
0
0
0
0
0
0
0
0
0
0
0
0
0
0
0
0
0
0
0
0
0
0
0
0
0
0
0
0
0
0
0
0
0
8.04915e-16
0
0
0
0
0
0
0
0
0
0
0
0
0
2.39359e-12
0
0
0
0
0
0
0
0
0
0
0
9.25167e-17
5.2315e-17
0
0
0
2.48761e-16
0
-2.99475e-16
0
0
0
0
0
0
0
0
0
0
0
0
0
0
0
0
0
0
0
0
0
0
0
0
0
0
0
-2.79794e-16
0
0
0
0
0
0
0
0
0
0
0
0
0
0
0
0
0
0
0
0
0
0
0
0
0
0
0
0
0
1.28164e-07
7.06277e-08
0
0
0
0
0
0
0
0
0
0
0
0
0
0
0
2.10781e-16
0
0
0
0
0
0
1.2133e-15
3.76133e-16
0
0
8.36876e-18
0
0
0
0
0
0
0
0
0
0
0
0
0
0
0
2.23097e-12
0
0
-2.28581e-16
0
0
0
0
0
0
0
0
0
0
0
0
0
0
0
0
0
0
0
0
-1.39141e-13
0
0
0
0
0
0
0
0
0
0
0
0
0
7.25305e-13
7.80887e-13
0
0
0
0
0
0
0
0
0
0
0
0
0
0
0
0
0
0
0
0
0
0
0
0
0
0
0
0
0
0
0
0
0
0
0
0
0
0
0
4.44304e-16
0
0
0
0
0
0
0
-9.44622e-17
0
0
0
0
0
0
0
0
0
0
0
0
0
0
0
0
0
0
0
0
0
0
0
2.38303e-15
-9.57586e-16
0
0
0
0
0
0
0
0
1.04895e-15
0
0
-4.5746e-16
0
1.87595e-15
0
0
0
0
0
0
0
0
0
0
0
0
0
0
0
0
0
0
0
0
0
0
0
0
-1.1331e-16
0
0
0
0
0
0
0
0
0
0
0
0
0
0
0
0
0
0
0
0
0
0
0
0
4.16112e-12
0
0
0
0
0
0
0
0
0
0
0
0
0
0
0
0
0
0
0
0
0
0
0
0
0
0
0
0
0
0
0
0
0
0
0
0
0
0
0
0
0
0
0
0
0
0
0
0
0
0
-2.78919e-15
0
0
0
0
0
0
0
0
-8.23365e-16
0
0
0
0
0
0
0
0
0
0
0
0
0
0
0
0
0
0
-4.8721e-17
0
0
-3.73334e-16
0
0
0
0
0
0
0
0
0
0
0
0
0
0
0
0
0
0
0
0
0
0
0
0
0
0
0
0
0
0
0
0
0
0
0
0
0
0
0
0
0
0
2.52055e-17
0
0
0
0
0
0
0
0
5.8245e-17
0
0
0
0
-2.23605e-17
4.10409e-17
-5.54914e-16
0
0
1.97003e-16
-1.09336e-16
0
0
0
0
0
0
0
0
0
0
0
0
0
0
0
0
0
0
0
0
0
0
0
0
0
0
0
0
0
0
0
0
0
0
0
0
0
0
0
8.83597e-10
0
0
0
0
0
0
0
0
0
0
0
0
0
0
0
0
0
0
0
0
0
0
0
0
0
0
0
0
0
0
0
0
2.32015e-15
0
0
0
4.25689e-16
-6.28975e-16
0
0
0
5.66243e-16
0
0
0
0
0
0
0
0
0
0
0
0
0
6.7906e-13
0
0
3.435e-16
0
0
0
0
0
0
0
0
0
0
0
0
0
0
0
0
0
0
0
0
0
0
0
0
0
0
0
0
0
0
0
0
0
0
0
0
0
7.22247e-08
0
0
0
0
0
0
0
0
0
0
0
0
0
0
0
0
0
0
3.53889e-12
0
0
0
0
0
0
1.66604e-12
0
0
0
0
0
0
0
0
0
0
0
0
0
0
0
0
0
0
0
0
0
0
0
0
0
0
0
0
0
0
0
0
-2.28546e-14
0
0
0
0
0
0
0
0
0
0
0
0
0
0
0
0
0
0
0
0
0
0
0
-4.17069e-08
0
0
0
1.8583e-14
0
6.48046e-13
-9.07414e-16
0
0
0
0
0
0
0
0
0
0
0
7.60009e-16
0
1.87461e-14
0
0
0
0
0
0
-5.12724e-16
2.33473e-16
0
0
0
0
0
0
0
0
0
0
0
-7.83064e-16
-2.30737e-15
0
0
0
0
0
3.79992e-08
0
0
0
0
0
0
0
0
0
0
0
0
-3.61604e-17
0
0
0
0
0
0
7.50221e-16
0
0
0
0
0
0
0
0
0
0
0
0
0
5.2184e-16
0
0
0
0
0
0
0
0
0
0
0
0
0
0
0
0
0
0
0
0
0
0
0
0
0
0
0
0
0
0
0
0
0
0
0
0
0
0
0
0
0
0
0
0
-4.46761e-17
0
1.63387e-14
0
0
0
0
0
0
0
0
0
0
0
0
0
0
0
4.15048e-16
0
0
0
0
0
4.1067e-16
0
0
0
0
-1.89212e-16
-4.65214e-16
0
0
0
0
0
0
0
0
0
0
0
0
0
0
0
0
0
0
0
0
0
0
0
0
0
0
-1.34672e-16
-7.25007e-18
0
-7.56254e-16
0
3.42129e-15
0
0
0
0
0
0
0
0
0
0
0
0
0
0
0
0
0
0
0
0
0
0
0
0
0
9.6878e-13
0
0
0
0
4.11027e-15
0
0
0
0
0
0
0
0
8.89521e-15
0
0
0
0
0
0
0
0
0
0
0
0
0
0
4.21275e-16
-1.4672e-13
0
0
0
0
0
0
0
0
0
5.91955e-13
5.40836e-13
0
0
0
0
0
0
0
9.03379e-15
-4.0307e-14
-2.68182e-12
0
0
0
0
0
0
-1.12327e-14
0
0
0
-4.58102e-16
0
0
0
0
0
2.18691e-13
0
0
0
0
0
0
0
0
0
0
0
0
0
0
0
0
0
0
0
0
0
1.74033e-16
-1.52391e-15
2.23707e-30
-6.33216e-16
0
0
0
0
0
0
0
0
0
0
0
0
0
0
0
0
0
0
0
-6.14458e-18
0
0
0
0
0
0
0
0
0
0
0
3.39451e-16
0
0
4.55925e-13
0
0
0
0
1.15728e-16
8.5196e-09
1.90823e-12
0
0
0
0
0
0
0
0
0
0
0
0
0
0
0
0
0
0
0
0
0
0
0
0
0
0
0
0
0
0
0
0
0
0
0
0
0
0
0
0
0
0
0
0
0
0
0
0
0
0
0
0
0
0
0
0
0
0
0
0
0
0
0
0
0
0
7.60605e-16
0
0
0
0
0
-3.95353e-08
0
-1.86464e-07
0
0
0
0
0
0
0
0
0
0
0
0
0
0
0
-2.61074e-08
4.60567e-13
0
0
-3.14868e-12
7.5486e-13
-3.28781e-15
-3.09499e-15
0
0
3.75188e-15
0
0
0
0
0
0
0
0
0
0
0
0
0
0
0
0
0
0
-5.50702e-16
0
0
0
0
0
0
-8.07833e-15
5.80735e-16
0
0
0
0
0
0
0
2.75074e-15
0
0
0
0
0
0
0
0
0
0
0
0
0
0
0
0
0
0
-4.97845e-16
0
0
0
0
0
0
0
0
0
0
0
0
0
0
0
0
0
0
0
0
0
0
0
-8.28308e-15
0
0
0
0
0
0
0
0
0
0
0
0
0
0
0
0
0
0
0
0
0
0
0
0
0
0
0
0
0
0
0
0
0
0
0
0
0
0
0
0
0
0
0
0
5.62832e-13
5.52327e-13
0
0
0
0
0
0
-1.7094e-16
0
0
0
0
0
0
0
0
0
0
0
0
0
0
0
0
0
0
0
-9.49483e-08
0
0
9.99681e-12
0
0
0
0
0
0
0
-4.95201e-16
-1.05908e-14
0
0
0
0
0
0
0
0
0
0
0
0
0
0
0
0
0
0
0
0
0
0
0
0
0
0
0
0
0
2.46585e-12
-3.03573e-08
1.70497e-12
0
0
0
0
0
0
0
0
0
0
0
0
5.40866e-16
0
-9.64443e-17
0
0
0
0
0
0
0
0
0
0
0
0
0
0
0
0
0
0
0
0
0
0
0
0
0
0
0
0
0
0
0
0
0
0
0
0
0
0
0
0
0
0
0
0
0
0
0
0
0
0
0
0
0
0
0
0
0
0
0
0
0
0
0
0
0
0
0
0
-2.67944e-17
0
0
0
0
0
0
0
0
-1.26123e-12
0
0
0
-5.74866e-12
0
0
0
0
0
0
1.94678e-12
-2.80794e-08
0
0
0
0
0
0
0
0
0
-2.69802e-12
0
0
0
0
0
0
0
0
0
0
0
0
0
0
0
0
0
-8.30791e-08
2.58376e-12
0
0
0
0
0
0
0
0
0
0
0
0
0
0
0
0
0
0
0
0
0
4.85351e-13
0
0
0
0
0
0
0
0
0
0
-2.41262e-12
0
0
0
0
0
0
-9.04756e-16
0
0
0
0
0
0
0
0
0
0
0
0
0
0
0
0
0
0
0
0
0
0
0
0
2.14874e-16
0
0
0
2.04883e-17
0
0
0
0
0
-6.4243e-13
0
0
0
0
0
0
0
6.38072e-08
4.00662e-08
1.30632e-15
0
0
0
0
0
0
0
0
0
0
0
-2.55576e-14
-1.2541e-12
0
0
4.9748e-08
0
0
0
0
-8.20981e-16
0
0
0
0
0
1.98379e-15
0
0
0
0
0
0
0
0
0
0
0
0
0
0
0
0
0
4.20108e-08
0
0
-8.82818e-13
1.28422e-13
0
0
0
0
0
0
0
0
0
0
0
0
0
0
0
1.5875e-16
0
0
0
0
4.23935e-16
0
0
0
0
0
0
0
-4.07664e-08
0
0
0
0
0
0
0
-2.62548e-12
0
0
0
0
0
0
0
0
0
0
0
0
0
0
0
0
0
-2.27632e-30
0
0
0
0
0
0
0
1.01977e-11
0
0
0
0
0
0
0
0
8.5173e-15
0
0
0
0
0
-3.2732e-15
4.83885e-17
1.87723e-16
0
0
3.1673e-16
-3.26343e-16
0
0
0
0
0
0
0
0
0
0
0
0
0
0
0
0
0
0
0
0
0
0
0
0
0
0
0
0
0
0
0
0
0
0
0
0
0
0
0
0
0
0
0
0
0
0
0
0
0
0
0
6.77091e-08
2.95911e-12
0
0
0
0
0
-1.22395e-15
0
0
0
0
0
0
0
0
0
0
0
0
0
0
0
0
0
0
0
0
0
5.83512e-13
3.55447e-13
0
0
0
0
0
0
0
0
0
0
0
0
0
0
0
0
-3.85128e-12
0
3.71118e-16
0
0
0
0
0
0
-3.22725e-12
2.04345e-12
0
0
0
0
2.13808e-08
0
0
-1.17962e-08
0
-4.10949e-10
2.30849e-12
0
0
0
0
0
0
0
0
0
0
0
0
0
0
-7.41914e-09
0
0
-5.91958e-16
0
0
0
0
0
0
0
0
0
0
0
0
0
0
0
-7.003e-08
0
0
1.12777e-16
0
0
0
0
0
0
0
0
-2.62171e-12
0
0
0
0
0
0
0
0
0
0
0
0
0
0
0
0
0
0
0
0
0
0
0
0
0
0
0
0
0
0
0
0
0
-3.70086e-16
-5.86247e-17
0
0
0
0
-6.36852e-15
0
0
0
0
0
0
0
0
0
-7.13798e-13
0
0
0
0
0
0
0
1.12479e-12
-1.35171e-08
0
0
0
0
0
0
0
0
0
0
0
0
0
0
0
0
0
6.24837e-08
0
0
0
0
-4.10413e-15
0
0
0
0
0
0
0
0
0
0
0
1.87463e-08
0
0
0
0
0
0
0
0
0
0
0
0
0
0
0
0
0
0
0
0
0
1.86225e-17
0
0
0
0
0
0
0
0
0
0
0
0
0
0
0
0
0
0
0
0
0
0
0
0
0
0
0
0
0
0
3.55729e-13
0
0
0
0
0
0
-2.91276e-15
0
0
0
0
0
0
0
0
0
0
2.22835e-30
3.99412e-15
0
0
0
0
0
0
0
0
2.27632e-12
9.98117e-09
0
0
0
0
0
0
0
4.43255e-15
0
0
0
0
0
0
0
0
0
0
0
0
0
0
0
0
0
0
0
0
0
0
0
0
0
0
0
0
0
0
0
0
0
0
0
0
0
0
0
0
0
0
0
-4.1837e-16
-1.85754e-15
0
0
0
0
0
0
0
0
0
0
0
0
0
0
0
0
0
0
0
2.82179e-16
0
0
0
0
0
0
-2.57605e-20
3.67601e-18
0
0
0
0
0
0
0
0
0
0
0
0
0
0
0
0
0
0
0
0
2.04651e-15
0
0
0
0
0
0
0
0
0
0
0
0
0
0
0
0
0
0
0
0
0
0
0
0
0
0
0
0
0
1.01242e-17
-1.00936e-07
0
0
0
0
0
0
0
0
0
0
-1.81032e-15
0
0
0
0
0
0
0
0
0
0
0
0
0
0
0
0
0
0
0
0
5.41236e-13
0
0
0
0
0
-2.49235e-17
0
5.60237e-16
0
0
0
0
0
0
0
0
0
0
0
0
1.59277e-13
0
0
0
0
0
-3.81888e-08
1.17126e-12
-8.2024e-08
0
0
0
1.11199e-30
0
0
0
0
0
0
0
0
0
0
0
0
-6.53956e-08
0
0
0
0
0
0
0
0
0
0
0
0
0
0
0
0
0
-9.27074e-16
0
0
0
0
0
0
0
0
0
0
0
0
7.15223e-08
0
0
0
-8.40475e-16
0
-7.14504e-13
3.331e-08
-2.15896e-16
2.17594e-18
-9.53656e-18
0
0
6.57838e-08
0
0
0
0
2.51467e-08
0
0
0
0
4.23607e-13
3.26906e-13
5.31105e-08
0
0
0
0
0
0
0
0
-3.72704e-14
1.91439e-13
0
0
0
-1.29242e-09
0
0
1.60554e-16
0
0
0
0
0
0
0
0
0
0
0
0
0
0
0
0
0
0
0
2.84305e-13
-1.02921e-07
0
0
0
0
-6.88617e-08
0
0
0
0
0
0
0
0
0
0
0
0
-1.05702e-07
0
0
0
-1.84981e-11
1.52588e-12
0
0
0
0
0
0
0
0
0
0
0
0
0
0
0
0
0
0
0
0
0
0
0
0
0
0
0
0
0
9.05816e-13
6.85742e-13
0
0
0
0
0
0
0
0
0
0
0
0
0
0
0
0
3.49212e-13
0
0
0
0
0
0
0
0
0
0
0
0
0
0
0
0
0
0
0
0
0
0
0
0
0
0
0
0
0
0
0
0
0
0
0
0
0
0
0
-1.06781e-16
0
0
0
0
4.59711e-13
0
0
0
-7.78823e-13
0
-6.65075e-13
0
0
0
0
0
0
0
0
0
0
0
0
0
0
0
-9.04274e-13
0
0
0
0
0
0
0
0
0
0
0
-7.44577e-16
0
0
0
0
0
0
0
0
0
8.77698e-13
9.7596e-13
0
0
0
0
-3.38556e-16
0
0
0
0
0
0
0
0
0
0
0
0
0
0
0
0
0
0
0
0
0
0
0
0
0
0
0
0
0
0
-6.80867e-08
0
0
0
0
0
0
0
0
0
0
0
0
0
0
0
0
0
0
0
0
0
0
0
0
0
1.20459e-07
0
0
0
0
0
0
0
0
0
0
0
0
0
0
0
0
0
0
0
0
0
0
0
0
0
0
0
0
0
0
0
0
0
0
0
0
0
-6.42015e-13
0
0
0
0
-6.07019e-16
0
0
0
0
0
0
0
0
0
0
0
0
0
0
0
0
0
-3.8702e-08
0
0
0
0
0
4.52815e-15
0
0
0
0
0
0
0
0
0
0
0
0
0
0
0
0
0
0
0
0
0
0
0
2.24143e-17
-4.50871e-13
-2.62182e-16
-3.10138e-13
0
0
0
0
0
0
3.31634e-13
0
0
0
0
0
0
0
-7.85233e-13
0
0
0
-3.35804e-16
0
0
0
0
0
0
0
0
0
0
0
7.74514e-17
0
0
0
0
0
3.11269e-12
0
0
0
0
0
0
0
0
0
0
0
0
0
0
0
0
0
0
0
0
0
0
0
0
0
0
0
0
0
0
0
0
0
0
0
0
0
0
0
0
0
4.65543e-16
0
0
0
2.26033e-12
-3.10772e-08
0
0
0
0
-4.3664e-13
0
0
0
0
0
0
0
0
0
-1.88002e-16
0
0
0
0
0
0
2.34074e-13
2.76405e-13
0
0
0
1.11854e-30
0
0
8.72152e-33
0
0
0
0
0
0
0
0
0
0
0
0
0
0
0
0
0
0
0
0
0
0
0
0
0
0
-6.39852e-16
0
0
0
0
0
0
0
0
0
0
0
0
0
0
0
0
0
0
0
0
0
0
0
1.31427e-13
0
0
0
0
0
0
0
0
0
0
0
0
0
0
0
0
0
0
0
0
0
0
0
0
-5.47333e-13
-1.66679e-11
0
0
0
0
0
0
0
0
0
0
0
0
0
0
0
-5.45326e-13
0
0
0
0
0
0
0
0
0
0
0
0
0
0
0
0
0
0
0
0
0
5.07955e-13
0
-5.3191e-13
0
9.69558e-16
0
0
0
0
4.91968e-17
0
0
0
0
0
0
0
-1.06057e-12
0
0
-2.36889e-15
0
0
0
0
0
0
0
0
0
0
0
7.98679e-18
0
-7.26664e-13
4.19263e-13
0
0
0
0
0
0
0
0
0
0
0
0
0
0
0
0
0
0
0
0
0
0
0
6.57082e-13
0
0
0
0
0
0
0
2.29792e-16
0
0
0
0
0
0
0
0
0
0
0
0
-9.91317e-08
0
0
0
0
0
0
0
0
0
0
0
0
0
0
0
0
0
0
0
0
0
0
0
0
0
2.33933e-17
-8.80969e-18
0
0
0
0
0
0
0
0
0
0
0
0
0
0
0
0
0
0
0
0
0
0
0
0
0
0
0
0
0
0
0
7.35049e-13
0
0
0
0
-6.63322e-13
0
0
0
0
0
0
0
8.096e-15
0
0
0
0
-7.38905e-16
0
0
0
0
0
0
0
0
0
-7.53981e-17
-1.47447e-16
0
0
0
0
0
0
0
0
8.21183e-15
0
0
0
0
0
0
0
0
0
0
0
0
0
0
-4.11498e-13
0
0
0
7.60467e-15
0
0
0
0
0
0
0
5.38656e-13
0
0
0
0
4.82888e-15
0
0
0
0
0
0
0
0
0
0
5.22202e-13
0
0
0
0
0
0
0
0
0
0
0
0
0
0
0
0
0
0
0
0
0
0
-5.47759e-13
0
3.61301e-16
0
0
0
0
0
-6.2006e-17
3.4502e-13
0
-4.91971e-13
0
0
0
0
-8.74625e-15
0
0
0
0
0
0
0
0
0
0
0
0
0
0
0
0
0
0
0
0
6.47158e-13
0
0
0
0
1.46283e-16
0
0
0
7.7751e-13
0
0
0
0
0
0
0
0
0
0
0
0
0
0
0
0
0
0
0
0
0
0
0
0
0
0
0
1.4094e-12
0
0
0
0
0
0
0
0
0
0
0
0
0
0
0
0
0
0
0
3.35947e-17
0
0
0
0
0
0
0
0
0
0
0
0
0
0
0
0
0
0
0
0
0
5.02557e-13
0
0
0
0
0
2.90708e-16
0
0
-1.79729e-12
0
0
0
0
0
-6.93915e-13
0
-5.41556e-13
0
-4.55249e-16
0
0
0
0
0
0
0
-2.61863e-18
0
0
0
0
0
0
0
0
0
0
0
0
0
0
0
0
0
-9.47557e-13
0
1.89189e-13
0
0
0
0
0
0
4.39763e-13
-4.71844e-13
0
0
0
0
6.07663e-13
0
-6.90031e-13
0
0
0
0
0
0
0
0
0
0
0
0
0
1.637e-16
0
0
0
-4.39727e-13
0
0
0
0
0
0
0
0
0
0
0
0
0
0
0
0
0
0
0
0
0
0
0
0
0
0
0
0
0
-7.76854e-13
0
0
0
0
0
0
0
0
7.25113e-13
0
0
0
0
0
0
0
0
0
0
0
-3.18663e-13
4.02927e-16
0
4.42988e-16
0
0
0
0
0
0
0
0
0
0
0
0
-8.06931e-13
0
0
0
0
0
0
0
0
0
0
0
0
0
0
0
0
0
0
0
0
0
0
0
-3.82419e-16
0
0
0
0
0
0
0
0
0
0
0
0
0
0
0
0
-1.16717e-16
0
-6.09083e-08
0
0
0
0
0
0
0
0
-2.75918e-16
0
0
0
0
0
0
0
0
0
0
0
3.37752e-13
0
0
0
0
0
0
0
0
9.95475e-16
0
0
0
0
0
0
0
-8.61388e-17
0
0
0
0
0
0
0
8.16371e-13
6.69758e-13
0
-7.22829e-13
0
0
0
0
0
0
0
0
0
0
0
0
0
0
0
0
0
0
0
0
0
0
0
0
0
0
0
0
-6.00176e-13
0
0
0
0
5.55531e-13
0
0
0
0
0
0
0
3.4055e-16
0
0
0
0
0
0
0
0
0
0
0
0
0
5.23663e-08
0
0
0
0
0
0
0
0
0
0
0
0
0
0
0
0
0
1.84335e-13
0
0
0
0
0
0
0
0
0
0
0
0
0
5.99847e-13
0
0
0
0
0
0
0
0
0
0
0
0
0
-9.82459e-16
-7.52718e-13
0
0
0
0
0
0
0
0
0
0
7.21001e-13
0
0
0
0
0
0
0
0
0
0
0
0
-4.7383e-13
0
0
0
0
0
0
0
0
0
0
0
0
-5.87496e-13
0
0
5.02665e-13
0
0
0
0
-8.84987e-16
-8.66515e-13
-1.19504e-16
0
0
0
0
0
0
0
0
0
0
0
4.09306e-13
0
0
0
0
0
-3.21205e-15
0
0
0
0
0
0
0
0
0
0
0
0
0
0
0
0
0
0
0
0
0
0
0
0
0
0
0
0
0
0
0
0
0
0
)
;

boundaryField
{
    frontback
    {
        type            empty;
        value           nonuniform List<scalar> 0();
    }
    topbottom
    {
        type            calculated;
        value           uniform 0;
    }
    outlet
    {
        type            calculated;
        value           nonuniform List<scalar> 0();
    }
    inlet
    {
        type            calculated;
        value           uniform 0;
    }
    walls
    {
        type            calculated;
        value           nonuniform List<scalar> 
135
(
-2.67672e-07
-1.27582e-07
-2.32649e-07
2.0263e-07
-2.52662e-07
-1.32585e-07
-2.1764e-07
8.2553e-08
-3.17704e-07
-3.4272e-07
6.25402e-08
8.75562e-08
-9.25594e-08
-6.75434e-08
-1.82617e-07
-2.72675e-07
-2.97691e-07
-2.47659e-07
-2.27646e-07
-1.12572e-07
-3.87749e-07
-3.62733e-07
-2.0263e-07
-1.37588e-07
-4.75305e-08
-1.62604e-07
-2.25145e-08
-2.50161e-09
1.75112e-08
4.25273e-08
1.07569e-07
1.32585e-07
1.52598e-07
1.77614e-07
1.97627e-07
2.22643e-07
2.42656e-07
5.75369e-08
1.92624e-07
1.12572e-07
1.47595e-07
1.37588e-07
2.37653e-07
1.57601e-07
1.02566e-07
9.25594e-08
6.75434e-08
3.75241e-08
1.2508e-08
2.50161e-09
1.27582e-07
-5.25337e-08
-1.75112e-08
-7.50482e-09
2.25145e-08
-9.75626e-08
-2.75177e-08
-7.25466e-08
-1.17575e-07
-1.42592e-07
5.25337e-08
1.8762e-07
1.17575e-07
1.42592e-07
1.67608e-07
-1.77614e-07
2.07633e-07
2.32649e-07
9.75626e-08
-1.97627e-07
-1.8762e-07
7.25466e-08
2.57665e-07
3.25209e-08
7.50482e-09
-5.75369e-08
-1.2508e-08
-1.57601e-07
-2.07633e-07
-1.02566e-07
-3.25209e-08
-1.52598e-07
-7.75498e-08
-1.22579e-07
-1.47595e-07
-2.92688e-07
-1.72611e-07
-1.92624e-07
-3.12701e-07
-3.02694e-07
-2.12637e-07
-3.22707e-07
-2.37653e-07
-3.5773e-07
-2.57665e-07
-3.67736e-07
1.22579e-07
-2.87685e-07
-3.82746e-07
-3.07698e-07
-3.2771e-07
-3.77743e-07
-3.52726e-07
-3.92752e-07
-3.72739e-07
-8.75562e-08
-3.37717e-07
-1.07569e-07
-2.77678e-07
-3.97755e-07
2.27646e-07
7.75498e-08
4.75305e-08
-6.25402e-08
-2.42656e-07
-3.75241e-08
-2.22643e-07
2.62669e-07
2.1764e-07
-8.2553e-08
1.82617e-07
2.12637e-07
2.75177e-08
-1.67608e-07
-3.32714e-07
1.62604e-07
-4.25273e-08
-2.82681e-07
-2.62669e-07
2.52662e-07
1.72611e-07
4.75305e-08
-3.47723e-07
2.47659e-07
4.25273e-08
)
;
    }
    procBoundary0to1
    {
        type            processor;
        value           nonuniform List<scalar> 
104
(
0
0
0
0
0
0
0
0
1.1643e-12
0
0
0
0
0
0
0
0
0
0
-1.40475e-15
0
0
0
0
0
0
0
0
0
-1.5538e-15
0
0
0
0
0
0
0
0
0
0
0
0
0
0
0
0
0
0
0
0
0
0
0
0
0
0
0
0
0
0
0
0
0
0
0
0
0
-5.0638e-12
0
0
0
0
0
0
0
0
0
0
0
0
0
0
0
0
0
0
0
0
0
0
0
0
0
0
0
0
0
0
0
-6.79584e-08
0
0
0
0
)
;
    }
    procBoundary0to2
    {
        type            processor;
        value           nonuniform List<scalar> 
83
(
0
0
0
0
0
-3.77207e-12
0
0
-4.32063e-16
0
0
-2.72616e-15
0
0
0
0
4.07136e-15
1.74773e-15
2.13802e-16
0
0
0
0
9.56675e-16
0
0
0
0
0
0
0
-2.33741e-16
0
1.13837e-15
0
0
0
0
0
0
0
0
-2.15857e-15
-2.4333e-16
-2.13638e-15
0
0
0
5.6202e-16
5.58542e-16
0
5.12134e-15
4.47049e-15
-4.11505e-16
-7.9182e-16
0
0
0
0
-2.2349e-15
0
0
-1.41041e-07
0
0
-1.08949e-14
1.96199e-16
0
-2.33178e-16
0
0
-1.15566e-15
0
0
0
4.30325e-16
0
0
0
0
7.04904e-16
0
-2.86233e-15
)
;
    }
}


// ************************************************************************* //
