/*--------------------------------*- C++ -*----------------------------------*\
| =========                 |                                                 |
| \\      /  F ield         | OpenFOAM: The Open Source CFD Toolbox           |
|  \\    /   O peration     | Version:  v2012                                 |
|   \\  /    A nd           | Website:  www.openfoam.com                      |
|    \\/     M anipulation  |                                                 |
\*---------------------------------------------------------------------------*/
FoamFile
{
    version     2.0;
    format      ascii;
    class       surfaceScalarField;
    location    "300";
    object      meshPhi;
}
// * * * * * * * * * * * * * * * * * * * * * * * * * * * * * * * * * * * * * //

dimensions      [0 3 -1 0 0 0 0];
oriented        oriented;


internalField   nonuniform List<scalar> 
20537
(
0
0
0
1.5209e-16
-4.08921e-16
-1.11073e-14
0
0
0
0
0
0
0
0
0
0
0
0
0
0
0
0
0
0
0
0
0
0
0
0
0
0
0
0
-1.81846e-17
1.03079e-16
0
0
0
0
0
0
0
0
0
0
0
0
0
0
0
0
0
0
0
0
0
0
0
0
0
0
0
0
0
0
0
0
0
0
0
0
0
0
0
0
-1.77103e-07
7.96715e-12
0
0
0
0
0
0
0
0
0
0
0
-3.69414e-14
-1.1498e-13
0
0
0
0
0
0
0
0
0
0
0
0
0
0
2.64667e-15
0
0
0
0
0
0
0
-7.12403e-12
-3.49619e-17
-6.5446e-12
0
0
0
0
0
0
-2.89345e-17
1.34655e-15
0
0
0
0
0
0
0
0
0
0
0
0
0
0
0
0
0
1.20819e-15
-3.85028e-12
-9.44868e-12
0
0
0
0
0
0
0
0
0
0
0
0
0
0
0
0
0
0
0
0
0
0
0
0
0
0
0
0
0
0
0
0
0
0
0
0
0
0
0
0
0
0
0
0
0
3.19634e-12
-1.13879e-13
-5.32189e-12
0
0
0
0
4.22827e-17
0
0
0
0
0
0
0
0
0
0
-4.26075e-12
-2.99921e-16
-1.71249e-12
0
0
0
2.01555e-13
-3.87352e-12
0
0
0
0
0
0
0
0
0
0
-4.82732e-17
1.16028e-15
1.92837e-15
3.208e-15
3.40176e-17
-4.22086e-16
0
0
0
0
0
0
0
0
0
0
0
0
0
0
0
0
0
0
0
0
0
0
0
0
0
0
0
0
0
0
0
0
0
0
0
0
0
0
0
0
0
0
0
0
0
0
0
0
0
0
0
0
0
0
0
0
0
0
0
0
0
0
0
0
0
0
0
0
0
0
0
0
0
0
0
0
0
0
0
0
0
0
0
0
0
0
4.41636e-12
-2.29985e-11
0
0
0
0
0
0
0
0
0
0
0
0
0
0
0
0
0
0
0
0
0
0
0
0
0
4.80823e-14
-1.3098e-16
0
0
-1.1528e-15
0
0
0
0
0
0
0
0
-1.78318e-16
-7.22527e-17
3.10841e-17
0
0
0
1.70245e-15
3.0434e-16
0
0
0
0
0
0
0
0
0
0
0
0
0
0
0
0
0
0
0
0
0
0
0
0
0
0
0
0
0
0
0
0
0
0
0
0
0
0
0
0
0
0
0
0
0
0
0
0
0
0
0
0
0
0
0
0
0
0
0
0
0
0
0
0
0
0
0
0
-1.39338e-15
-9.34838e-17
1.47495e-15
-8.50504e-12
3.04547e-13
0
0
0
0
0
0
0
0
0
0
0
0
0
0
0
0
0
0
0
0
0
0
0
0
0
0
0
0
0
0
0
0
0
0
0
0
0
0
0
0
0
0
0
0
0
0
0
1.24202e-16
0
0
0
0
0
0
0
0
0
0
0
0
0
0
0
0
0
0
0
0
0
0
0
1.17675e-16
3.13857e-15
6.19822e-17
0
0
0
0
0
0
6.03449e-16
0
4.67123e-15
0
0
0
2.97012e-15
-6.1272e-17
0
0
0
0
0
0
0
0
0
0
-5.21056e-16
-9.29044e-17
0
0
1.1198e-16
-4.08663e-16
5.37377e-17
0
0
0
0
0
0
0
0
0
-1.32683e-14
1.62282e-32
0
0
0
0
0
0
0
0
6.34664e-15
1.05127e-14
0
0
0
0
0
0
0
0
-9.41362e-17
5.84537e-16
0
0
0
0
0
0
0
0
0
0
0
7.39195e-18
0
0
0
0
-1.35861e-15
-1.68717e-15
0
0
0
0
0
0
0
0
0
0
0
0
0
0
0
0
0
0
0
0
0
0
0
0
0
0
-9.65369e-16
0
0
0
-4.06429e-16
0
1.53826e-15
0
0
0
0
0
0
0
0
0
0
0
0
0
0
0
0
0
0
0
0
6.23162e-30
-6.84646e-15
0
0
0
0
0
0
0
0
1.25343e-11
1.02534e-07
2.02599e-07
0
0
0
0
0
0
0
0
0
0
0
0
0
0
0
0
0
0
0
0
0
0
0
0
0
0
0
0
0
0
0
0
0
0
0
0
0
0
0
0
0
0
0
0
0
0
0
0
0
0
0
0
0
0
0
0
0
2.97955e-15
0
0
0
0
-2.05679e-14
1.39751e-14
0
0
0
0
0
0
0
0
0
0
0
0
0
0
0
0
0
0
0
0
0
0
0
0
0
0
0
4.23772e-15
-2.17205e-16
0
0
0
0
1.46898e-16
0
0
0
0
0
0
0
0
0
0
0
0
0
0
0
0
0
0
0
0
0
0
0
0
-6.89856e-17
2.18109e-17
0
0
0
0
0
0
0
0
0
0
0
0
0
0
0
0
0
0
0
0
0
0
0
0
0
0
0
0
0
9.94267e-13
9.3178e-12
0
0
0
0
0
0
0
0
0
0
0
0
0
0
0
0
0
0
0
0
0
0
0
0
0
-1.13546e-16
1.07965e-16
0
0
0
0
0
0
0
0
0
0
0
0
0
0
0
0
0
0
0
0
0
0
0
0
0
0
0
0
0
0
0
0
0
0
0
0
0
0
0
0
0
-1.2382e-15
6.6928e-16
0
0
0
0
0
0
0
0
0
0
0
0
0
0
0
0
0
0
0
0
0
0
0
0
0
0
0
0
0
0
0
0
0
0
-3.50247e-17
1.72517e-15
8.30072e-30
-2.03723e-15
-1.22398e-14
4.22481e-16
-1.36253e-17
-9.76533e-17
2.12964e-16
0
0
0
-8.57442e-15
0
0
0
1.90065e-14
0
0
0
0
0
0
0
0
0
0
0
0
0
0
4.4393e-15
0
0
0
1.48381e-15
0
0
0
0
0
0
0
0
0
0
0
0
0
0
0
0
0
-1.36243e-15
7.72997e-16
0
0
0
0
0
0
3.73021e-16
0
0
0
0
0
0
0
0
-1.80528e-16
-2.19864e-13
-1.19498e-12
4.13819e-30
0
0
0
0
0
0
0
0
0
0
0
0
0
0
0
0
0
0
0
0
0
0
0
0
0
0
0
0
0
0
0
0
1.44242e-16
-1.52724e-16
1.27227e-17
0
0
0
0
0
0
0
0
0
0
0
0
0
0
0
0
0
0
0
0
0
0
0
0
0
0
0
1.54552e-16
0
-1.03526e-16
0
0
0
0
0
-1.40951e-12
0
-1.81897e-14
0
0
0
0
0
0
0
0
0
0
0
0
0
0
0
0
0
0
0
0
0
0
0
0
0
0
0
0
0
0
0
0
0
0
0
0
0
0
0
0
0
0
0
0
0
0
0
0
0
0
0
0
-7.4439e-15
-6.17474e-15
0
0
0
0
0
-1.0442e-15
-1.00923e-15
8.87138e-17
0
0
0
0
0
0
0
0
0
0
0
0
0
0
0
0
0
0
0
0
0
0
0
0
0
0
0
0
0
0
0
0
0
0
0
0
0
0
0
0
0
0
0
0
0
0
0
0
0
0
0
0
0
0
0
0
0
0
0
0
0
0
0
0
0
0
0
0
0
0
0
0
0
0
0
0
0
0
0
0
0
0
0
0
-1.44769e-15
-5.415e-16
-8.81406e-18
0
0
0
6.74233e-12
-2.10944e-11
0
0
0
0
0
0
0
-6.36653e-17
0
-1.34425e-16
0
0
0
4.09256e-17
-4.79179e-16
0
0
-4.48019e-17
-2.3878e-17
0
0
0
0
0
0
0
0
0
0
0
0
-5.71978e-17
0
0
0
0
0
0
0
0
0
0
0
0
0
0
0
0
5.10439e-17
0
0
0
0
0
0
0
1.88617e-16
-3.84743e-14
0
0
0
0
0
3.06049e-17
0
4.66769e-17
3.60483e-17
0
0
0
0
0
3.83738e-16
0
0
0
0
2.26793e-16
4.31713e-16
0
0
0
0
0
0
0
0
0
0
0
0
0
0
0
0
0
0
0
0
0
0
0
0
0
0
0
0
0
0
0
0
0
0
0
2.14682e-16
0
0
0
0
5.80703e-17
4.54308e-16
-1.46251e-16
0
0
0
0
0
-5.56269e-14
0
0
0
0
0
0
0
0
0
0
0
0
0
0
0
0
0
0
0
0
0
0
0
-4.14806e-16
3.68185e-14
1.93865e-16
3.46849e-15
0
0
0
0
0
1.04592e-15
0
0
0
0
0
0
0
-8.77528e-17
7.15429e-17
0
0
0
0
0
0
0
0
0
0
0
0
0
0
0
0
0
0
0
0
0
0
0
0
0
0
0
0
0
-6.96718e-17
-6.27083e-17
0
0
0
0
0
0
0
0
0
0
0
0
0
3.55738e-16
-8.4883e-16
0
1.12443e-15
-3.33802e-15
0
-6.96371e-17
0
0
0
-2.4396e-12
-1.37465e-12
-6.03656e-17
1.65214e-16
0
0
0
0
0
0
0
0
0
0
0
0
0
0
0
0
0
0
0
0
0
0
0
0
0
0
0
0
0
0
0
0
0
0
0
0
0
0
0
0
0
0
0
0
0
0
0
0
0
-2.2096e-15
-3.7225e-15
0
0
0
0
0
0
0
0
0
0
0
0
0
0
0
-4.5526e-15
1.26011e-14
0
0
-8.6477e-16
0
0
0
0
0
0
0
0
0
0
0
0
6.20694e-17
0
0
0
4.80238e-17
1.25055e-15
9.82858e-18
0
0
0
0
0
0
0
0
0
0
0
0
0
0
0
0
0
0
0
0
0
0
0
-2.44409e-15
-1.08844e-15
0
0
0
2.24732e-15
0
0
0
0
0
0
0
0
0
0
0
0
2.29696e-16
1.29304e-16
0
0
0
0
0
0
0
0
0
0
0
0
0
0
0
0
0
-5.17756e-17
0
-4.68148e-16
0
0
0
0
0
0
0
0
0
0
0
-3.18889e-17
6.35827e-17
0
0
0
0
0
-2.82135e-14
-2.94304e-16
0
0
0
0
0
0
1.70931e-16
0
0
0
0
0
0
0
-2.50344e-17
0
0
0
0
0
0
0
0
0
0
0
0
0
0
0
0
0
0
0
0
0
0
0
0
0
0
0
0
0
0
0
0
0
-3.47698e-15
7.80101e-17
0
0
0
0
0
0
0
0
0
0
0
0
0
0
0
0
0
0
0
0
0
0
0
0
0
0
0
0
0
0
0
-5.785e-17
-2.15964e-16
-4.27846e-17
1.02552e-15
1.05555e-14
0
0
0
0
0
0
0
-9.32369e-13
-9.25761e-13
7.06659e-12
-2.22558e-11
4.16791e-12
0
0
0
0
0
0
0
0
0
0
0
0
0
0
0
0
0
0
2.69708e-17
0
0
0
0
0
0
0
0
0
0
0
0
0
0
0
-3.74038e-17
-1.13905e-15
0
0
0
0
0
0
0
0
0
0
0
0
0
0
0
0
0
0
0
0
0
0
0
0
0
0
0
0
0
0
0
0
0
8.15019e-16
-9.28506e-17
0
0
0
0
0
0
0
0
0
0
0
0
0
0
0
0
0
0
0
0
0
0
0
0
0
0
0
0
0
0
0
0
2.05422e-16
9.03753e-16
0
0
0
0
0
0
0
0
0
0
0
0
0
0
0
0
0
0
0
0
0
0
0
0
0
0
0
0
0
0
0
0
0
0
0
0
0
0
0
0
1.12327e-16
2.15024e-15
0
0
0
0
0
0
0
0
1.10462e-14
0
0
0
0
0
0
0
0
0
0
0
0
0
0
0
0
0
0
0
1.06719e-15
0
0
0
0
0
0
0
0
0
0
0
0
0
0
-3.02121e-17
-1.08368e-11
1.31139e-12
0
0
0
0
0
2.97742e-17
1.25545e-14
0
3.08969e-14
0
0
0
0
0
0
0
-4.96936e-12
0
0
0
0
0
0
0
1.02561e-16
0
0
-4.91727e-15
0
0
0
0
0
0
0
0
0
3.23364e-16
1.14282e-14
0
0
0
0
-8.92884e-13
0
0
0
2.23331e-15
7.77812e-17
0
0
8.06831e-16
1.00397e-15
0
0
0
0
0
0
0
0
0
0
0
-3.7582e-15
0
2.09692e-16
0
0
0
0
0
0
0
0
0
0
0
0
0
0
0
0
0
0
0
0
0
0
0
0
0
0
0
0
1.04635e-15
0
3.98328e-15
0
0
0
-6.72556e-13
1.20301e-13
0
0
0
0
0
0
0
0
-1.51566e-16
0
-2.08315e-16
0
0
0
0
0
0
0
0
0
0
0
0
0
0
0
0
0
0
0
0
0
0
0
0
0
0
-1.10607e-16
0
2.65012e-15
0
0
0
0
0
-1.52027e-16
0
8.10192e-15
0
0
0
0
0
0
0
0
0
0
0
1.10692e-15
-1.07134e-15
-7.98603e-17
0
0
0
0
0
0
0
0
0
0
0
0
0
0
0
0
0
0
0
0
-3.26946e-15
-4.17187e-15
0
0
0
2.28124e-13
5.78415e-13
0
1.19396e-16
-3.66123e-16
0
0
0
0
0
0
0
0
0
0
0
0
0
0
0
7.78953e-31
0
-3.84807e-16
2.02846e-16
-4.19639e-16
0
0
-1.43775e-15
2.01058e-15
0
0
0
0
-6.60643e-12
0
-4.9977e-12
0
0
-2.81061e-16
1.18382e-16
0
0
0
0
0
0
0
0
0
0
-3.47402e-12
0
0
0
0
2.66367e-16
-4.5791e-16
1.02346e-16
0
-2.5602e-15
-9.77379e-12
8.19521e-13
0
0
0
0
0
0
0
0
0
-2.19255e-15
0
0
-2.80817e-15
1.59694e-16
0
0
0
0
0
0
0
0
0
0
0
0
0
0
0
0
0
0
0
0
0
0
0
0
0
0
4.68664e-17
-7.22827e-17
1.60751e-17
-1.15144e-16
0
0
0
1.55791e-30
-7.60069e-17
0
0
0
0
0
0
0
0
0
0
0
0
0
0
0
0
0
0
0
0
0
0
-5.68895e-15
-3.86336e-16
0
0
0
0
0
0
0
0
0
0
0
0
0
0
0
0
0
0
0
0
0
0
0
0
0
0
0
0
0
0
-3.97916e-17
2.59397e-31
0
0
0
0
0
0
0
0
0
0
0
0
0
0
0
0
0
0
0
3.30286e-14
0
0
0
0
0
0
0
0
0
0
0
0
0
0
0
0
0
0
0
0
0
0
0
0
0
0
0
0
0
0
0
0
0
0
0
0
0
0
0
0
0
2.11058e-16
-2.73796e-15
2.23726e-16
0
0
-7.35091e-17
3.96073e-17
0
0
0
3.13185e-16
-7.99359e-18
0
0
0
0
0
0
0
0
0
0
0
0
0
0
0
0
0
0
0
0
0
0
0
0
0
0
0
0
0
0
0
0
0
0
0
0
0
0
0
0
0
0
0
0
0
0
0
0
0
0
0
0
0
0
0
0
0
0
0
0
0
0
0
0
0
0
0
-1.7785e-12
-2.07459e-12
-1.29898e-16
0
0
0
0
0
0
0
0
0
0
0
0
0
0
1.60469e-15
-3.16889e-14
4.59654e-16
-3.69055e-15
0
0
0
0
0
0
0
0
0
0
0
0
0
0
0
0
0
5.63767e-15
-5.65003e-17
0
0
0
0
0
0
0
0
0
0
0
0
0
0
7.49646e-17
0
0
2.20107e-16
8.15406e-17
0
0
0
0
0
0
0
0
0
0
0
0
0
1.00848e-15
2.83719e-16
-4.69805e-16
0
0
0
0
0
0
0
0
0
0
0
0
0
0
0
0
0
0
0
0
0
0
7.44305e-17
0
0
-7.15813e-16
1.58839e-16
0
0
0
0
0
0
0
0
-1.42871e-16
0
0
0
0
0
0
0
0
1.20235e-17
3.33376e-17
0
0
2.15494e-16
0
-9.73769e-17
-2.91471e-16
2.7495e-16
0
0
0
0
0
0
0
0
0
0
0
0
0
0
0
0
0
0
0
0
0
5.81648e-16
-2.5105e-15
0
0
0
0
0
0
0
0
-7.99971e-18
-8.29205e-12
-2.85559e-13
0
0
0
0
0
0
0
0
0
0
0
0
0
0
0
0
-7.87062e-16
0
0
0
0
0
0
0
0
0
0
0
0
0
0
0
0
0
0
-1.62182e-12
1.49429e-16
-1.24352e-12
-5.65435e-16
2.05217e-15
-9.66698e-17
4.73256e-17
5.00778e-17
0
0
0
0
0
2.17529e-14
1.4516e-16
3.2511e-16
0
0
0
0
0
0
0
0
-1.30126e-16
-1.82824e-15
4.76122e-17
0
0
0
-3.35684e-14
0
0
0
0
0
0
0
0
0
0
0
0
4.08132e-16
0
0
0
0
0
-1.56375e-11
1.40456e-12
0
0
0
0
0
0
0
5.09774e-17
0
0
0
0
0
0
0
0
0
0
1.12969e-15
0
-4.11958e-16
0
0
0
0
0
0
1.03224e-15
-1.49814e-16
0
0
0
0
0
0
0
-2.2606e-16
0
0
0
0
0
0
0
0
0
0
0
0
0
0
0
4.54685e-16
-4.16021e-16
0
0
0
-4.02848e-16
-1.79344e-12
0
0
0
0
0
0
0
0
0
0
0
0
0
0
0
0
0
0
0
0
0
0
0
0
0
0
0
0
0
0
0
0
0
0
0
0
0
1.69305e-14
0
0
0
0
0
0
0
0
0
0
0
0
0
0
0
0
0
0
0
0
0
-3.21503e-15
1.70245e-16
2.67001e-15
0
5.61322e-16
0
0
0
0
0
0
0
0
-1.1258e-15
-8.70523e-17
0
0
0
0
0
0
0
0
0
0
0
0
0
0
0
0
0
0
0
0
0
0
0
0
0
0
0
0
0
0
0
0
0
0
0
0
0
0
0
0
0
0
0
0
0
0
0
0
0
0
0
0
0
0
0
0
1.21643e-15
2.90141e-16
0
0
0
0
0
0
0
0
0
0
0
0
0
0
0
0
0
0
-4.63706e-16
-5.28139e-16
8.85454e-15
0
0
0
0
0
0
0
0
-4.0895e-30
0
0
0
0
0
0
0
0
0
0
0
0
0
0
0
0
0
0
0
0
0
0
0
0
0
7.30418e-14
5.20585e-14
-2.61679e-31
0
0
0
0
0
0
0
0
0
0
0
0
0
-1.76331e-15
0
0
0
0
0
0
0
0
0
0
0
0
0
0
0
0
0
0
0
0
0
0
0
0
0
0
0
0
0
0
0
0
0
0
0
0
0
0
0
0
0
0
0
0
0
0
0
0
0
0
0
0
0
-4.13819e-30
-6.7915e-16
3.24117e-15
0
0
0
0
0
0
0
-5.45132e-16
4.05075e-16
0
0
0
0
0
0
0
0
0
0
0
0
0
-5.99821e-16
-1.10965e-16
5.10808e-16
1.12167e-15
0
0
0
0
0
-9.04927e-17
4.9393e-17
0
0
0
0
0
0
0
-3.99254e-16
0
0
0
0
0
0
0
0
0
0
0
0
0
0
0
0
0
0
0
0
0
0
0
0
0
0
0
0
0
0
0
0
0
0
0
0
0
0
0
0
1.11635e-15
0
0
7.68185e-17
2.85063e-17
-8.70675e-16
0
0
0
0
0
0
0
0
0
0
0
0
0
0
0
0
1.52089e-16
0
0
0
0
0
0
0
0
0
0
0
0
0
0
0
0
0
0
0
0
0
0
0
0
0
0
0
0
0
0
0
0
0
0
0
0
0
0
0
0
0
0
0
8.63052e-17
-2.05015e-16
1.43624e-15
1.72291e-16
-5.64432e-17
0
0
0
0
-2.64252e-16
-6.79548e-17
0
0
0
0
0
0
0
0
0
0
0
0
0
0
-4.38321e-16
-2.35698e-16
0
0
0
0
0
1.60517e-12
-6.94718e-12
0
0
0
0
0
-2.0825e-15
-2.00076e-16
5.14389e-17
-1.20742e-16
1.02686e-15
0
0
0
0
0
0
0
0
0
0
0
0
0
0
-3.3461e-15
0
0
0
0
0
0
0
0
0
0
0
0
0
0
0
0
0
0
0
0
0
0
0
0
0
0
0
0
0
0
0
0
0
-2.26928e-16
0
0
0
0
0
0
0
0
0
0
0
0
0
0
0
0
0
0
0
0
0
0
0
0
0
0
0
0
0
-7.95136e-16
0
0
-3.51049e-12
-1.40905e-16
-1.52058e-12
4.4267e-16
1.758e-14
0
0
0
0
0
0
0
0
0
0
0
0
0
0
0
0
0
0
0
0
0
0
0
0
0
0
0
0
0
0
0
0
0
0
0
0
0
0
0
0
0
0
0
0
0
0
0
0
0
0
0
0
0
0
0
0
0
0
0
0
0
0
0
0
1.53323e-14
0
0
0
0
0
0
0
0
0
0
0
0
0
0
0
9.25158e-16
-1.11467e-14
-1.11849e-14
0
0
0
0
0
0
0
0
0
0
0
0
0
0
0
0
0
0
-7.63418e-17
8.70036e-17
-9.4461e-17
-5.12519e-17
0
0
0
0
0
0
0
1.71193e-14
-5.01041e-12
0
0
0
6.02919e-16
7.05773e-16
0
0
0
0
0
0
0
0
0
0
0
0
0
0
0
0
0
0
0
0
0
0
0
0
0
0
-1.86643e-16
0
0
0
-1.23854e-15
0
0
0
0
0
0
0
0
0
0
0
0
2.04935e-16
0
0
0
0
0
0
0
-2.64801e-15
0
0
0
-1.47413e-12
-2.04325e-11
0
0
0
0
0
0
0
0
0
0
0
0
0
0
0
0
0
0
0
0
0
2.91831e-17
0
-6.51417e-17
0
0
4.6017e-15
-8.83209e-15
0
0
0
0
0
2.11661e-16
-6.26779e-17
-4.69093e-17
0
0
0
0
0
0
0
0
0
0
-1.633e-12
-6.48464e-12
1.86502e-17
0
0
-3.27056e-12
0
0
0
-2.77839e-16
1.83031e-15
-2.57015e-15
3.79466e-15
-4.49242e-16
0
1.13541e-15
0
0
0
0
-9.63974e-18
0
0
0
0
0
0
0
0
0
0
0
0
0
0
0
0
-4.7774e-16
0
0
0
0
0
0
0
0
0
0
0
0
0
2.48812e-15
-1.67711e-16
0
0
-7.20982e-15
0
0
0
0
0
0
0
0
0
0
0
0
0
0
0
0
0
0
0
0
0
0
0
0
0
0
0
0
0
0
0
0
0
0
0
0
0
1.47528e-16
0
0
0
0
0
0
0
0
0
0
0
0
-2.08333e-16
6.58054e-16
0
0
0
0
4.88718e-17
9.04001e-17
0
0
-6.37163e-17
1.63657e-15
0
0
-1.53126e-16
-5.22095e-18
0
0
0
0
0
0
-1.40483e-17
-5.34227e-12
0
0
0
0
-1.88546e-16
0
0
0
0
0
0
0
0
0
0
0
0
0
0
0
0
0
0
0
0
0
0
0
0
0
-2.04817e-16
0
0
0
0
0
0
0
0
7.18508e-17
-1.35567e-15
0
0
0
0
0
0
0
0
0
7.90543e-13
0
0
0
-1.5198e-16
0
0
0
0
0
0
0
0
0
0
0
0
0
0
0
0
0
0
-1.46419e-15
-9.20356e-17
0
0
0
0
0
0
0
0
0
0
0
4.13245e-15
-4.53106e-16
0
0
0
0
0
0
0
0
0
1.65086e-15
-6.10599e-15
0
0
0
0
0
0
0
0
0
0
0
0
0
0
0
0
0
1.13346e-14
0
0
0
0
0
0
0
0
0
0
0
0
0
0
0
0
0
0
0
0
0
0
0
0
0
0
0
0
0
0
0
0
0
0
0
0
0
0
0
3.72222e-16
4.05982e-17
0
0
0
0
0
0
0
0
0
0
0
0
0
0
0
0
0
0
0
0
0
0
0
0
0
0
0
0
1.11236e-15
5.50322e-18
0
0
0
0
0
0
0
0
0
0
0
0
0
0
0
0
0
0
1.23977e-15
1.31063e-15
4.79512e-17
-5.64452e-14
3.44618e-14
0
0
0
0
0
0
0
0
0
0
0
0
0
0
0
1.88073e-16
-9.81625e-16
0
0
0
0
0
0
-3.88726e-17
-1.48952e-15
0
0
0
-5.05382e-17
-6.13978e-17
4.5735e-17
0
0
0
0
9.31283e-15
0
0
0
0
0
0
0
-2.28361e-15
0
0
0
0
0
0
0
0
0
0
0
0
-9.67448e-16
-2.35402e-17
4.07328e-17
2.93457e-17
0
8.52064e-17
0
0
0
-1.42232e-15
0
-5.6143e-16
0
0
0
0
0
0
0
0
0
0
-1.45201e-15
-5.07819e-17
0
-1.52825e-16
3.0646e-15
3.37674e-16
0
-8.7988e-17
0
0
0
0
0
-2.60158e-31
0
0
0
0
6.55637e-16
0
0
0
0
0
0
0
0
0
0
0
0
2.23756e-17
-1.63715e-17
0
0
0
0
0
0
0
0
0
6.52936e-16
0
0
0
0
0
0
4.95951e-17
0
0
0
0
0
0
0
0
0
0
0
0
0
0
0
0
0
0
0
0
0
0
0
0
0
0
0
0
0
0
0
0
0
0
0
0
3.89326e-17
0
2.34275e-15
0
0
0
0
0
0
0
0
0
0
0
0
0
0
0
0
0
0
0
0
0
0
0
0
0
0
0
0
0
0
0
0
0
0
0
1.03167e-16
0
0
0
0
0
-1.069e-15
-6.93596e-16
0
0
0
0
0
0
0
0
0
0
0
0
0
0
0
0
0
0
0
0
0
-2.95456e-16
0
0
0
0
0
0
0
0
7.78953e-31
1.12175e-16
0
0
0
0
0
0
0
8.35434e-15
2.9515e-15
0
0
0
0
0
0
0
0
0
0
0
0
0
0
0
7.20738e-17
-1.48202e-15
0
0
0
0
0
0
0
0
0
0
0
0
0
0
0
0
0
0
0
0
0
0
0
0
0
0
0
0
0
0
0
0
0
0
0
0
-2.0639e-15
0
0
0
0
0
0
0
0
0
0
0
0
0
0
0
0
0
0
0
0
0
-8.45812e-17
0
0
0
0
-9.12556e-13
0
0
0
0
0
0
0
0
0
1.60019e-15
6.61035e-15
-2.05311e-16
5.05386e-16
0
0
0
0
0
0
0
0
4.00714e-15
-1.68437e-15
-5.82336e-17
0
0
0
0
0
0
0
0
0
0
0
0
0
0
0
4.13819e-30
3.39682e-15
-3.7126e-17
4.20951e-15
1.44818e-16
0
0
0
0
0
0
0
0
0
0
0
0
0
0
0
0
0
0
0
0
0
0
0
0
0
0
0
0
0
0
0
0
0
0
0
0
0
0
0
0
0
-2.86391e-16
0
0
0
0
0
0
0
0
0
0
0
0
0
0
0
0
0
0
0
0
0
0
0
0
0
0
0
0
0
0
0
0
0
0
0
0
0
0
0
0
0
4.05514e-18
-1.35921e-16
0
0
0
0
0
0
0
0
0
0
0
0
0
0
0
0
0
-1.16019e-16
0
0
0
0
0
0
0
0
0
0
0
0
0
2.03625e-15
8.42091e-17
0
0
0
0
-9.39032e-16
0
0
0
0
0
-7.97822e-12
0
0
0
0
0
0
0
0
0
0
0
0
0
0
0
0
0
0
0
0
0
0
0
0
0
0
0
0
0
0
0
0
0
3.43931e-17
-1.15684e-16
6.95911e-16
-9.29317e-16
0
0
0
0
0
0
0
0
0
0
0
0
0
0
-1.21296e-16
-6.92055e-15
0
0
0
0
0
0
0
-8.62151e-17
0
0
2.55082e-16
-3.44586e-15
-6.71087e-15
0
0
0
0
0
0
0
0
0
0
0
0
0
0
0
0
0
2.22951e-16
-6.87445e-17
0
-1.03455e-30
0
0
0
0
0
0
0
0
0
0
1.04498e-16
0
0
0
0
0
0
0
0
0
0
0
0
0
0
0
0
0
0
0
0
0
0
0
0
0
0
0
0
0
0
0
0
0
0
0
0
0
0
0
0
0
0
0
0
0
0
0
0
0
0
0
0
-3.4737e-17
-8.91508e-17
3.58659e-16
-8.32644e-16
6.32494e-15
0
0
0
-2.03286e-15
0
0
-1.93714e-16
4.74094e-16
0
0
0
0
0
0
0
0
0
0
0
-2.8808e-16
0
0
0
0
0
0
0
0
0
0
0
0
0
0
0
0
0
0
0
0
0
0
0
0
0
5.87924e-17
-2.08495e-14
0
0
4.45048e-17
-1.92558e-16
0
0
0
-3.85232e-16
0
0
0
0
0
0
0
0
0
0
0
0
0
-1.08676e-16
1.60221e-15
0
0
0
0
0
0
0
0
0
0
0
0
0
0
0
0
0
0
0
0
-3.48761e-14
-5.61553e-16
0
0
0
0
0
4.65264e-17
-7.74917e-17
0
0
0
0
0
0
0
0
0
0
0
0
0
0
0
0
0
0
0
0
0
0
0
0
0
0
0
0
0
0
0
0
0
0
0
0
0
0
0
0
0
0
0
0
0
0
0
0
0
0
0
0
0
0
0
0
0
0
0
0
0
-8.19317e-16
0
0
0
0
0
-2.30007e-15
0
0
0
0
0
0
0
0
0
0
0
-2.0954e-15
0
0
0
0
0
1.20018e-15
-8.04136e-17
0
0
0
0
0
0
0
-1.01255e-16
-1.88725e-12
-5.37453e-16
0
0
0
4.27264e-16
0
0
0
-5.72475e-16
1.61193e-15
-1.84906e-15
2.13742e-15
0
0
0
0
0
0
0
0
6.683e-17
-4.83343e-16
0
0
0
0
0
0
0
0
0
0
0
0
0
0
0
0
0
0
0
0
0
7.67425e-17
0
0
0
2.85746e-16
0
0
0
0
0
0
0
0
0
0
0
0
0
0
0
-7.83211e-15
0
0
0
0
0
0
0
0
0
0
0
0
0
0
0
0
0
0
0
0
0
0
0
0
0
0
0
0
0
0
0
0
0
0
0
0
0
0
0
0
0
0
0
0
0
0
0
0
-2.06909e-30
0
0
5.2591e-16
0
0
0
0
0
0
0
0
0
0
0
0
0
0
0
0
0
0
0
0
0
0
0
4.61423e-16
0
0
0
0
0
0
0
0
0
0
0
0
0
1.80854e-16
1.31079e-16
-7.31339e-13
-5.88945e-13
1.65806e-15
0
0
0
0
0
0
0
0
0
0
0
0
-7.48403e-14
0
0
7.43942e-15
1.16621e-15
0
0
0
0
0
0
0
0
0
0
0
0
-3.57307e-16
-1.07039e-14
0
0
-2.08635e-16
0
0
0
0
0
0
0
0
0
0
-1.53823e-12
-2.37238e-12
1.20939e-17
-4.28249e-17
0
0
0
0
0
0
0
1.54165e-15
0
0
0
0
0
0
-3.76806e-15
0
-2.53418e-15
0
0
0
0
0
0
0
1.23846e-15
-1.31535e-16
0
0
0
0
0
0
0
0
0
0
0
0
0
0
0
0
0
0
0
0
0
0
0
0
0
1.85108e-15
7.58657e-18
0
0
0
1.35721e-16
-4.49386e-17
0
0
0
0
0
0
0
0
-1.2884e-15
0
0
0
0
0
0
0
0
0
0
0
0
0
0
0
0
0
0
0
0
0
0
0
0
-2.51959e-15
4.20705e-16
0
0
1.39858e-15
1.24388e-15
0
0
0
0
0
0
0
0
0
0
0
0
0
0
0
0
0
0
0
0
0
0
0
0
0
0
5.43481e-17
3.02271e-15
-2.90019e-15
-1.03754e-15
0
0
0
0
0
0
0
0
0
0
0
0
0
0
0
0
0
0
0
0
0
0
0
0
0
0
0
0
0
0
0
-1.68908e-12
5.80858e-16
-1.15651e-15
1.30003e-16
0
0
0
0
0
0
0
0
0
0
0
0
0
0
0
0
0
0
0
0
0
0
0
0
0
0
0
0
0
0
0
0
0
0
0
0
0
0
-7.46264e-12
1.00885e-15
0
5.60907e-17
-9.50757e-17
5.537e-16
7.08338e-16
0
0
0
0
0
0
0
0
0
0
5.18795e-31
-9.35177e-17
0
0
0
-1.15065e-16
-5.95939e-17
1.17126e-16
0
-3.90228e-15
-4.33803e-16
0
0
0
0
0
0
0
0
0
0
0
0
0
0
0
7.88099e-17
9.1074e-16
2.28457e-15
0
4.64973e-16
0
0
0
0
0
0
-2.36885e-15
-9.32381e-16
0
1.43338e-15
5.50546e-15
0
0
0
-6.20958e-17
7.39784e-17
0
0
0
0
0
0
0
0
0
0
0
0
0
0
0
-1.3841e-16
0
0
0
0
0
0
5.29065e-17
-8.42957e-16
6.22888e-15
0
0
0
0
0
0
1.47767e-15
0
0
0
0
0
0
0
0
9.17909e-16
0
0
0
0
0
0
0
0
0
0
0
0
0
0
0
0
0
0
0
-1.43383e-15
0
0
0
1.00042e-14
9.76249e-16
0
0
0
0
4.77529e-15
0
0
0
0
0
0
0
-7.58279e-15
1.3806e-16
0
0
0
0
0
0
0
0
0
0
0
0
0
0
0
0
0
0
-6.29478e-16
2.089e-15
0
0
0
0
5.10951e-16
0
0
0
-2.93145e-16
0
0
0
-1.1901e-15
-4.07447e-17
0
0
1.76197e-15
0
0
0
0
0
0
0
0
0
0
0
0
0
0
0
0
0
0
0
0
0
3.10096e-15
0
0
0
0
0
0
0
0
0
0
0
0
0
0
0
0
0
0
0
0
0
0
0
0
0
0
0
0
0
0
0
0
0
0
0
0
0
-1.90246e-16
0
0
0
0
0
0
0
0
0
0
0
0
0
0
0
0
0
0
0
0
0
0
0
0
0
0
0
0
0
0
0
0
-6.71701e-16
2.16964e-14
0
0
0
0
0
5.22317e-15
0
0
0
0
0
0
0
-2.99188e-15
7.93082e-17
3.15688e-15
7.53988e-16
3.43449e-15
6.9038e-17
0
0
0
0
0
0
0
0
0
0
0
0
4.50266e-16
0
0
0
0
0
0
0
0
0
0
0
0
0
0
0
-6.64757e-18
2.98333e-15
0
0
0
0
0
0
0
9.01279e-17
-2.4973e-16
7.2088e-15
2.59106e-16
0
0
0
0
0
0
0
0
0
0
0
0
0
0
0
0
0
0
0
-1.08743e-15
0
-2.21422e-17
0
-5.1122e-16
0
0
0
0
0
0
0
0
0
0
0
0
0
0
0
0
0
0
4.37068e-16
0
0
0
0
0
0
0
0
0
0
0
-1.75703e-15
0
-1.31581e-15
0
0
2.98949e-14
0
0
0
0
0
0
0
0
0
0
0
0
0
0
0
0
0
0
0
0
0
0
0
0
0
0
0
0
0
0
0
0
0
0
0
0
0
0
0
0
0
0
0
0
0
0
0
0
0
0
0
0
0
2.9245e-16
-2.44326e-16
0
1.42052e-15
3.70366e-16
0
0
0
0
-1.10146e-15
-1.52315e-15
0
0
0
0
0
0
0
0
-9.79247e-17
0
0
0
0
0
0
0
0
0
0
0
0
0
0
0
0
0
0
0
0
0
0
0
0
0
1.98507e-15
0
0
0
0
0
0
0
0
0
0
0
0
0
0
0
0
0
0
0
0
0
0
0
2.75559e-15
0
0
0
0
3.10182e-15
6.88166e-17
0
0
-1.65366e-15
-1.02589e-14
0
0
0
0
0
0
0
0
0
0
0
0
0
0
0
0
0
0
0
0
0
0
0
0
0
0
0
0
0
0
0
0
0
0
0
0
0
0
0
0
0
0
0
0
0
0
0
0
0
0
0
-1.48909e-15
0
0
1.66038e-15
-9.7614e-17
0
0
0
0
0
0
0
0
0
-7.49894e-15
0
0
0
0
0
0
0
0
0
0
0
0
0
0
0
0
0
0
0
0
6.85969e-16
1.08654e-14
0
0
0
0
0
0
0
0
0
0
0
0
0
0
-4.46719e-15
-9.18643e-15
0
0
0
0
0
0
0
0
0
0
0
0
0
0
0
0
0
0
0
0
0
0
0
0
0
0
0
0
0
0
0
0
0
0
0
0
0
0
0
0
0
0
0
0
0
0
0
0
0
0
0
0
0
0
0
0
0
0
-9.9437e-16
0
0
0
0
0
0
0
0
0
0
0
0
0
0
0
0
0
0
0
0
0
0
0
0
-1.20479e-15
0
0
0
0
0
0
0
0
1.10839e-15
-2.74347e-15
-1.11404e-16
0
0
0
0
0
0
0
0
0
0
0
0
0
0
0
0
0
0
0
0
0
0
0
1.1798e-15
0
9.1058e-16
0
0
0
0
0
0
0
0
0
0
0
0
0
0
0
0
0
0
0
0
0
0
0
0
0
0
0
0
0
0
0
0
0
0
0
0
0
6.66962e-16
0
-3.0808e-16
0
0
0
0
0
0
0
0
0
0
0
0
0
0
0
0
0
0
0
0
0
0
1.34863e-16
-3.85664e-15
0
0
0
0
3.59309e-15
0
0
0
0
0
0
0
0
0
0
0
0
0
0
0
0
0
0
2.56558e-15
0
0
0
0
0
0
0
0
0
0
0
0
0
0
0
0
0
0
-1.05159e-14
0
0
0
0
4.47465e-17
5.75679e-17
0
0
0
0
0
0
0
0
0
0
0
0
0
0
0
0
0
0
0
-8.3208e-16
0
0
0
0
0
0
0
6.36273e-16
1.21987e-15
0
0
0
0
0
0
0
0
0
0
0
0
0
0
0
0
0
0
0
0
0
2.85986e-17
0
0
0
0
0
0
0
-1.16494e-14
6.67504e-15
0
0
0
0
0
0
0
0
0
0
0
0
0
0
0
0
0
0
0
0
0
0
0
0
0
0
0
0
0
0
0
0
0
0
0
0
0
0
0
0
0
0
0
0
0
0
0
0
0
0
0
0
0
0
0
0
0
9.55162e-16
3.64122e-16
-2.35838e-14
-9.15443e-15
0
0
0
0
0
0
0
0
0
0
0
0
0
0
0
9.38303e-15
0
5.35472e-17
0
0
0
0
0
0
0
-2.56797e-16
0
0
5.50535e-16
-2.49776e-16
3.23265e-15
0
0
0
0
0
0
0
0
0
0
0
0
0
0
0
0
0
0
1.7978e-16
5.48785e-15
0
0
0
0
0
0
0
0
0
0
0
0
0
0
0
0
0
0
0
0
0
-1.23445e-14
1.40537e-15
0
5.80735e-17
0
0
0
0
-1.21548e-16
-1.39354e-16
0
9.09121e-16
-1.44978e-16
0
0
0
0
0
0
0
0
0
0
0
0
0
2.21561e-16
-8.53488e-17
0
0
0
0
0
0
0
0
0
0
0
0
0
0
0
0
0
0
0
0
0
0
0
0
0
0
0
0
0
0
0
0
-7.00641e-16
0
0
0
0
0
0
0
0
0
0
0
0
0
0
0
0
0
0
0
0
0
0
0
2.29857e-15
1.82366e-16
0
0
0
0
0
0
0
0
0
0
0
0
0
0
0
-1.81933e-16
-3.61388e-16
-4.54662e-15
0
0
0
0
0
0
0
0
0
0
0
0
0
0
0
0
0
0
0
8.32531e-15
0
0
0
0
0
0
0
0
0
0
0
0
0
0
0
0
0
0
0
0
0
0
0
0
0
0
0
0
0
0
0
0
0
0
0
0
0
0
0
0
0
0
0
0
0
0
0
0
0
0
0
0
0
0
0
0
0
0
0
0
0
0
0
0
0
0
0
0
2.33118e-16
0
0
0
0
0
0
0
0
0
0
0
0
0
0
0
0
0
2.91321e-16
0
0
0
0
0
0
0
0
0
0
0
0
0
0
0
0
0
0
0
-1.84072e-16
4.45148e-16
0
0
0
0
0
0
0
0
0
0
0
0
0
0
0
0
0
0
0
0
0
3.24301e-15
0
0
0
0
0
0
-1.17233e-14
8.85146e-17
0
0
0
0
0
0
0
0
0
0
0
0
0
1.09159e-15
-2.06321e-16
0
0
0
0
0
0
0
0
0
0
0
0
1.46481e-15
0
0
0
0
0
0
0
0
0
0
0
0
0
0
0
0
0
0
0
0
0
0
0
0
0
0
0
0
0
0
0
0
0
0
0
0
0
0
0
0
0
0
0
0
0
0
0
0
0
0
0
0
0
0
0
0
0
0
0
0
-1.26956e-16
1.38515e-16
0
0
0
0
0
0
0
0
0
0
0
0
0
0
0
0
0
0
0
0
0
0
0
0
0
0
0
0
0
0
0
0
0
0
0
0
0
0
2.14749e-17
-5.81104e-17
7.61557e-17
0
0
0
0
0
0
0
-3.86196e-16
9.40139e-16
0
0
0
0
0
0
0
0
0
0
0
0
0
0
0
0
0
0
0
0
0
0
0
0
0
0
0
0
0
0
0
0
0
0
0
0
0
0
0
0
0
-5.12335e-13
-2.03859e-11
0
0
0
0
0
0
0
0
0
0
0
0
0
0
0
0
0
0
0
0
0
0
0
0
0
0
0
0
0
2.89041e-16
0
0
0
0
0
0
0
0
0
0
-2.71379e-17
9.05256e-17
0
0
0
0
0
0
0
0
0
0
0
0
0
0
0
0
1.2109e-16
0
0
0
0
0
0
0
0
0
0
0
0
0
0
0
0
0
1.4862e-16
0
0
0
0
0
0
0
0
0
0
0
0
0
-4.96368e-17
0
0
0
0
0
0
0
0
0
0
0
0
0
0
0
0
0
0
0
0
2.42279e-15
5.62796e-14
0
0
0
0
0
0
0
0
0
0
0
0
0
0
1.03694e-14
0
0
0
0
0
0
0
0
0
8.81584e-15
0
0
0
0
0
0
0
0
0
1.38921e-16
0
0
0
2.90614e-16
0
0
0
0
0
0
0
0
0
0
0
0
0
0
0
0
0
0
0
0
0
-2.18019e-15
0
0
0
0
0
0
0
0
0
0
0
0
0
0
0
0
0
0
0
0
0
0
0
0
0
0
0
0
0
0
0
0
0
0
0
0
0
0
0
0
0
0
0
0
0
0
0
0
0
0
-1.41398e-16
0
0
0
0
0
0
0
3.24564e-32
3.91789e-16
0
0
0
0
0
0
0
0
0
0
-2.21974e-16
1.18794e-14
0
0
0
0
0
0
0
0
0
0
0
0
0
0
0
0
0
0
0
0
0
0
0
0
0
0
0
0
0
0
0
0
0
0
0
0
0
0
0
0
0
-6.68859e-17
2.4901e-14
0
0
0
0
0
0
0
0
0
4.40765e-17
2.55321e-15
5.4692e-15
0
0
0
0
-3.41807e-14
0
0
0
0
0
0
0
0
0
0
0
0
0
0
0
0
0
0
0
0
0
-1.23842e-15
0
0
0
0
0
0
0
0
0
0
0
0
0
0
0
0
0
0
0
0
0
0
0
0
0
0
0
0
0
0
0
0
0
0
0
0
0
0
0
0
0
0
0
0
0
0
0
0
0
0
0
0
0
0
0
0
0
0
0
0
0
0
0
0
0
0
0
0
0
0
0
0
0
0
0
0
0
0
0
0
0
0
0
0
0
0
0
0
0
0
0
0
0
0
4.02745e-16
-1.26076e-14
0
0
0
0
0
0
0
2.22066e-16
-6.48965e-15
0
0
0
0
9.11646e-17
0
0
0
0
0
0
0
0
0
0
0
0
0
0
0
0
0
0
0
0
0
0
0
0
0
0
0
0
0
0
0
0
0
0
0
0
0
0
0
0
0
0
0
0
0
0
0
0
0
0
0
0
0
0
0
0
0
0
0
0
0
0
0
0
0
0
0
0
0
0
0
0
0
0
0
0
0
0
0
0
0
0
0
0
0
0
0
0
0
0
0
0
0
0
0
0
0
0
0
0
0
0
0
0
0
0
0
0
0
0
0
0
0
0
0
0
0
0
0
0
0
0
0
0
0
0
0
0
0
0
0
1.16315e-15
0
0
0
-9.1023e-15
6.96137e-16
0
0
0
0
0
0
0
0
0
0
0
0
2.19403e-17
0
0
0
0
0
0
0
0
0
0
0
0
0
0
0
0
0
0
0
0
0
0
-3.04871e-16
0
0
0
0
0
0
0
0
0
0
0
0
0
0
0
0
0
0
0
0
0
0
0
0
0
0
0
5.48246e-16
0
6.65924e-17
0
0
0
0
0
0
0
5.69538e-17
0
1.91798e-16
0
0
0
0
0
0
0
0
-1.95917e-16
-4.8689e-16
0
0
0
0
0
0
0
0
0
0
0
0
0
0
0
0
0
0
0
0
0
7.9317e-16
-6.18515e-16
0
0
0
0
0
0
0
0
0
0
0
0
0
0
0
0
0
0
-4.58306e-15
2.07576e-15
0
0
0
0
0
0
0
0
0
0
0
0
0
0
0
2.40428e-16
-3.42e-16
-3.112e-14
0
0
0
0
0
0
-1.1412e-14
0
0
0
0
0
0
0
0
0
0
0
0
0
0
0
0
0
0
0
0
0
0
0
0
0
0
0
0
0
-2.62414e-15
-1.15322e-16
0
0
0
0
0
0
0
0
0
0
0
0
0
0
0
0
0
0
0
0
0
0
0
0
0
0
0
0
0
0
0
0
0
0
0
0
0
0
0
1.00888e-16
-1.64726e-17
0
0
0
0
0
0
0
0
0
0
0
0
-2.43489e-16
0
0
0
0
0
0
0
0
0
0
0
0
0
0
0
0
0
0
0
0
0
0
0
0
4.74441e-17
0
0
0
0
0
0
0
0
0
0
0
0
-3.52685e-17
0
0
0
0
0
0
0
0
0
0
0
0
0
0
0
0
0
0
0
0
0
0
0
0
0
0
0
0
0
0
0
0
0
0
0
0
0
1.42298e-16
0
0
0
0
0
0
0
0
0
0
-2.85169e-14
0
0
0
0
0
0
0
0
0
-5.19175e-31
0
0
0
0
0
0
0
0
0
0
0
0
0
0
0
0
0
0
0
0
0
0
0
0
0
0
0
0
0
0
0
0
0
0
2.89467e-16
0
0
0
0
0
0
0
0
0
0
0
0
0
0
0
0
0
0
0
0
0
0
0
0
-3.92424e-16
0
3.91268e-16
0
0
0
0
0
0
0
0
0
0
0
0
0
0
0
0
0
0
0
0
0
0
0
0
0
0
0
0
0
0
0
0
0
0
0
-7.48573e-14
2.76333e-14
-1.8491e-17
0
0
-7.15765e-15
0
0
0
0
1.31683e-16
-5.33409e-16
0
0
0
0
0
0
0
0
0
0
0
0
0
0
0
0
0
0
0
0
0
0
0
0
0
0
0
0
0
0
0
0
0
0
0
0
0
0
0
0
0
0
0
0
0
0
0
0
0
0
0
0
0
0
0
0
0
0
0
0
0
0
0
0
0
0
0
0
0
0
-5.61934e-14
4.59465e-14
0
0
0
0
0
0
0
-4.7885e-17
1.33558e-16
0
0
0
0
0
0
0
0
0
0
0
0
0
0
0
0
0
0
0
0
0
0
0
-2.58424e-16
0
0
3.49935e-14
-8.14398e-16
0
0
0
2.79101e-16
0
0
0
0
0
0
0
0
0
0
0
0
0
0
0
0
0
0
0
0
0
0
0
0
0
0
0
0
0
0
0
-5.34809e-16
0
0
0
0
0
0
0
0
0
0
0
0
0
0
0
0
-4.07784e-17
0
0
0
0
0
0
0
0
0
0
0
0
0
0
0
0
0
0
0
0
0
0
0
0
0
0
0
0
0
0
0
0
0
0
0
0
0
0
0
0
0
0
0
0
0
0
0
0
0
2.80884e-14
-1.1638e-15
0
0
0
0
0
0
0
0
0
0
0
0
0
0
0
0
0
0
0
0
0
0
0
0
0
0
0
0
0
0
0
0
0
0
0
0
0
0
0
0
0
0
2.17215e-16
-1.591e-17
1.98096e-15
0
0
0
0
0
0
0
0
0
0
0
0
0
0
0
0
0
0
0
0
0
0
0
0
0
0
0
-3.73724e-16
-1.06319e-16
0
0
0
0
0
0
0
0
0
0
0
0
5.68998e-16
4.50047e-14
0
0
0
0
0
0
0
0
0
0
0
0
0
0
0
0
0
0
0
0
0
0
0
0
0
0
0
0
0
0
0
0
0
0
0
0
0
0
0
0
0
0
0
0
0
0
0
0
0
0
0
0
0
0
0
0
0
0
0
0
0
0
0
0
0
0
0
0
0
0
0
0
0
-1.06271e-16
0
0
0
0
0
0
0
0
0
0
0
0
0
0
0
0
0
0
0
0
0
0
0
0
0
0
0
0
0
0
0
0
0
0
0
0
0
0
0
0
0
0
0
0
0
0
0
0
0
0
0
0
0
0
0
0
0
0
0
0
0
0
0
0
0
0
0
0
0
0
0
0
0
0
3.62574e-16
-1.65043e-16
0
0
0
0
0
0
0
0
0
0
0
0
0
0
0
0
0
0
0
0
0
0
0
0
0
0
0
0
0
0
-1.26763e-16
0
0
0
0
0
0
0
0
0
0
0
0
0
0
0
0
0
0
0
0
0
0
0
0
0
0
0
0
0
0
0
0
0
0
0
0
0
0
0
0
0
0
0
0
0
0
0
0
0
0
0
0
0
0
0
0
0
0
-1.64961e-16
0
7.77568e-17
0
0
0
0
0
0
0
0
0
0
0
0
0
0
0
0
0
0
0
0
0
0
0
0
0
0
0
0
0
0
0
0
0
0
0
0
0
0
0
0
0
0
0
0
0
0
1.20903e-16
0
0
0
0
0
0
0
0
0
0
0
0
0
0
0
0
0
0
0
0
0
0
0
0
0
0
0
0
0
0
0
0
0
0
0
0
0
0
0
0
0
0
0
0
0
0
0
0
0
0
0
0
0
0
0
0
0
0
0
0
0
0
-2.56485e-14
0
0
0
0
0
0
0
0
0
0
0
0
0
0
0
0
0
0
0
0
0
0
0
0
0
0
0
0
0
0
0
0
0
0
0
0
0
0
0
0
0
0
0
0
0
0
0
0
5.65145e-16
7.20139e-14
-2.67524e-14
0
0
0
-3.04403e-16
0
0
0
0
0
-1.3622e-14
1.55862e-16
0
0
0
0
0
0
0
0
0
0
0
0
0
0
6.7734e-16
0
0
0
0
0
0
0
0
0
0
0
0
0
0
0
0
0
0
0
2.32035e-15
2.12508e-16
-2.34499e-16
0
0
0
0
0
0
-7.98999e-17
-5.70549e-16
4.10749e-16
0
0
0
0
0
0
0
0
0
0
0
0
0
0
0
0
0
0
0
0
0
0
0
0
0
0
0
0
0
0
-3.7319e-14
5.79565e-16
0
0
0
0
0
0
0
0
0
0
0
0
0
0
0
0
0
0
0
-3.53017e-17
-2.6869e-16
0
0
0
0
0
0
0
0
0
0
0
0
0
0
0
0
0
0
0
0
0
0
0
0
0
0
0
0
0
0
0
0
0
0
0
0
0
0
0
0
0
0
0
0
0
0
0
0
0
0
0
0
0
0
0
0
0
0
0
0
0
0
-2.8128e-14
-8.19767e-17
0
0
0
0
0
0
0
0
0
0
0
0
0
0
0
0
0
0
0
0
0
0
0
0
0
0
0
0
2.34898e-14
0
0
0
0
0
0
0
0
0
0
0
0
0
0
0
0
0
0
0
0
0
0
0
0
0
0
0
0
0
0
0
0
0
0
0
0
0
0
0
0
0
0
0
0
0
0
0
0
0
0
0
0
0
0
0
0
0
0
0
0
0
0
0
0
0
0
0
0
0
0
0
7.01854e-15
0
0
0
-2.16152e-16
0
5.88071e-17
0
0
0
0
0
0
0
0
0
0
0
0
0
0
0
0
0
0
0
0
0
0
0
0
0
0
0
0
0
0
0
0
0
0
0
0
0
0
0
0
0
0
0
0
0
0
0
0
0
0
0
0
0
0
0
0
0
0
-2.39795e-16
0
6.71514e-16
0
2.14813e-16
0
-1.57725e-15
0
0
0
0
0
0
0
0
0
0
0
0
0
0
0
0
0
0
0
0
0
0
0
0
0
0
0
0
0
0
0
0
0
0
0
0
0
0
0
0
0
0
0
0
0
0
0
0
0
0
0
0
0
0
0
0
0
2.61236e-17
-1.38642e-16
5.88762e-15
0
0
0
-6.59788e-16
5.21826e-17
0
0
0
0
0
0
0
0
0
0
0
0
0
0
0
0
0
0
0
0
0
0
0
0
0
0
0
0
0
0
0
0
0
0
0
0
0
0
0
0
0
0
0
0
0
0
5.40501e-14
-3.53299e-16
0
0
0
0
0
0
0
0
0
0
0
0
0
0
0
0
0
0
0
0
0
0
0
0
0
0
0
0
5.64302e-15
-2.2838e-14
-4.42941e-16
0
0
0
0
0
0
0
0
0
0
0
0
0
0
0
0
0
0
0
0
0
0
0
0
0
0
0
0
0
0
0
0
0
0
0
0
0
0
0
0
0
0
0
0
0
0
0
0
0
0
0
0
0
0
0
0
0
0
0
0
0
0
0
0
0
0
0
0
0
0
0
0
0
0
0
0
0
0
0
0
0
0
-5.84173e-16
0
0
0
0
0
0
0
0
0
0
0
0
0
0
0
0
0
0
0
0
0
0
0
0
0
0
0
0
0
0
0
0
0
0
0
0
0
0
0
0
0
0
2.67528e-16
-5.2847e-16
0
0
0
0
0
0
0
0
0
0
0
0
6.18447e-16
0
0
0
0
0
0
0
0
0
6.13984e-16
0
0
0
0
0
2.55963e-15
0
0
0
0
0
0
0
0
0
0
0
0
0
0
0
0
0
0
3.07016e-14
0
-2.71535e-14
0
0
0
0
0
0
0
0
0
0
0
0
0
0
0
0
0
0
0
0
0
0
0
-8.34921e-17
0
0
0
2.85815e-17
0
0
0
0
0
0
-1.16727e-16
0
0
0
0
0
0
0
7.20029e-16
0
0
0
0
0
0
0
0
0
0
0
0
0
0
0
0
0
0
0
0
0
0
0
0
0
0
0
0
0
-1.25646e-16
0
0
0
0
0
0
0
0
0
0
0
0
0
0
0
0
0
0
0
0
0
0
0
0
0
0
0
0
0
0
0
0
-2.61307e-14
0
0
0
0
0
0
0
0
0
0
0
0
0
0
0
0
0
0
0
0
0
0
0
0
0
0
0
-2.09182e-14
-1.995e-15
0
0
0
0
0
0
0
0
0
0
0
0
0
0
0
0
0
0
0
0
0
0
0
-5.0472e-16
0
0
0
0
0
0
0
0
0
0
0
0
0
0
0
0
0
0
0
0
0
0
0
0
0
0
0
0
0
1.78742e-14
0
0
0
0
0
0
1.35424e-16
0
0
0
0
0
0
0
0
0
0
0
0
0
0
0
0
0
0
0
0
0
0
0
0
0
0
0
0
0
0
0
0
0
0
0
0
0
0
0
0
0
0
0
0
0
0
0
0
0
0
0
0
0
0
0
0
0
0
0
0
0
0
0
0
0
0
0
0
0
0
0
0
0
0
0
0
0
0
0
0
0
0
0
0
0
0
0
0
0
0
0
0
0
0
-1.30904e-14
0
0
0
8.05685e-14
1.78909e-17
5.54839e-17
0
0
0
0
0
0
0
0
0
0
0
0
3.71512e-15
0
0
-6.90215e-16
-2.22344e-16
0
0
0
0
0
0
0
0
0
0
0
0
0
0
0
0
0
0
0
0
0
0
0
0
0
-8.50525e-14
0
2.98679e-16
-1.93997e-14
0
0
0
0
0
0
0
0
0
0
1.09325e-16
0
0
0
0
0
0
0
0
0
0
0
0
0
0
0
0
2.03058e-14
0
0
0
0
0
0
0
0
0
0
0
0
0
0
0
0
0
0
0
0
0
0
0
0
0
0
0
0
0
0
0
0
0
2.24027e-15
-6.17075e-14
-8.9132e-17
0
0
0
0
0
0
0
0
0
0
0
0
0
0
0
0
0
0
0
0
0
0
0
0
0
0
0
0
0
0
0
0
-1.13947e-15
0
0
0
0
0
2.88876e-16
0
0
0
0
0
0
0
0
0
0
0
0
0
0
0
0
0
0
0
0
0
0
0
0
0
-8.39722e-14
0
0
4.47053e-15
-9.13292e-15
0
0
0
0
0
0
0
0
0
0
0
0
0
0
0
0
0
0
0
-1.03265e-16
4.39276e-17
1.18975e-16
0
0
-1.44793e-16
0
0
0
0
0
7.48214e-15
0
0
0
0
0
0
0
0
0
3.20505e-16
0
-6.93204e-16
0
0
0
0
0
0
0
0
0
0
0
0
0
0
0
0
0
0
0
0
0
0
0
0
0
0
0
0
0
0
0
0
0
-9.02118e-17
9.74918e-15
0
0
0
0
0
0
0
0
0
0
0
0
0
0
0
0
0
0
0
0
0
0
0
0
0
0
0
0
0
0
0
0
0
0
0
0
0
0
0
0
0
0
0
0
0
0
0
0
0
0
0
0
0
0
0
0
0
0
0
0
0
0
0
0
0
0
0
0
0
0
0
0
0
0
0
0
0
0
0
0
0
0
0
0
0
0
0
0
0
0
0
0
0
0
0
0
0
0
0
0
0
0
0
0
0
0
0
0
0
0
0
0
0
0
0
0
0
0
0
0
0
0
0
0
-3.72482e-14
1.02926e-14
1.07845e-16
0
0
0
0
0
0
0
0
0
0
0
0
0
0
0
-2.2269e-16
0
0
0
0
0
0
0
0
0
0
-6.89777e-16
0
0
0
0
0
0
0
0
0
0
0
0
0
0
0
0
0
0
0
0
0
0
0
0
0
0
0
0
0
0
0
0
0
0
0
0
0
-3.9233e-14
0
0
0
0
0
0
0
0
0
0
0
0
0
0
0
0
0
0
0
0
0
0
0
0
0
0
0
0
0
0
0
0
0
0
0
0
0
0
0
0
0
0
0
0
0
0
0
0
0
0
0
0
0
0
0
0
0
0
0
0
3.72295e-14
2.89242e-15
0
0
0
0
0
0
0
0
0
0
0
0
0
3.08238e-15
-1.33261e-17
0
0
0
-1.12058e-14
0
0
0
0
0
0
0
0
0
0
0
0
0
0
0
0
0
0
0
0
0
0
0
0
0
0
0
1.69651e-13
0
0
0
0
0
0
0
0
0
0
0
0
0
0
0
0
0
0
0
0
0
0
0
0
0
0
0
0
0
0
0
0
0
0
0
0
0
-2.02501e-16
0
0
0
0
0
0
0
0
0
0
0
0
0
0
0
0
0
0
0
0
0
0
0
0
0
0
0
0
0
0
0
0
0
0
0
0
0
0
0
0
0
0
0
0
0
0
0
-1.81363e-16
0
0
0
0
0
0
0
0
0
0
0
0
0
0
0
0
0
0
0
0
0
0
0
0
0
0
5.17364e-17
-1.1603e-15
0
0
0
0
0
0
0
0
0
0
0
0
0
0
0
0
0
0
0
0
0
0
0
0
0
0
0
0
0
0
0
0
0
0
0
0
0
0
0
0
0
0
0
0
0
0
0
0
0
0
0
0
0
0
0
0
0
0
0
0
0
0
0
0
0
0
0
0
0
0
0
0
0
0
0
0
0
-1.86222e-16
0
0
0
0
0
0
0
0
0
0
0
0
0
0
0
0
0
0
0
0
0
0
0
0
0
0
0
0
0
0
0
0
0
0
0
0
0
0
0
0
0
0
0
0
0
0
0
0
0
0
0
0
0
0
0
0
0
0
0
0
0
0
0
0
0
0
0
0
0
0
0
0
0
0
0
0
0
0
0
0
0
0
0
0
0
0
0
0
0
0
0
0
0
1.03759e-30
0
0
0
0
0
0
0
0
0
0
0
0
0
0
0
0
0
0
0
0
0
0
0
0
0
0
0
0
0
0
0
0
0
0
0
0
0
0
0
0
0
0
0
0
0
0
0
0
0
0
0
0
0
-7.32979e-17
0
0
0
0
0
0
0
0
0
0
0
0
0
0
0
0
0
0
0
0
0
0
0
0
0
0
0
0
0
0
0
0
0
2.35836e-14
-1.54406e-14
0
0
0
0
0
0
0
0
0
0
0
0
0
0
0
0
0
0
0
0
0
0
0
0
0
0
0
0
0
0
0
0
0
0
-1.58784e-16
0
0
0
0
0
0
0
0
0
0
0
0
0
0
0
0
0
0
0
0
0
0
0
0
0
0
0
0
0
0
0
0
0
0
0
0
0
-8.2397e-14
1.16492e-16
0
0
0
0
0
0
0
0
0
0
0
0
0
0
0
0
0
0
0
0
0
0
0
0
0
0
0
0
0
0
0
0
0
0
0
0
0
0
0
0
0
0
0
0
0
0
0
0
0
0
0
0
0
0
0
0
0
0
0
0
0
0
0
0
0
0
0
0
0
0
0
0
0
0
0
0
0
0
0
0
0
0
0
0
0
0
0
0
0
0
0
0
0
0
0
-8.9075e-15
0
0
0
0
0
0
0
0
0
0
0
0
0
0
0
0
0
0
0
0
0
0
0
0
0
0
0
0
0
0
0
0
0
0
0
0
0
0
0
0
0
0
0
0
0
0
0
0
0
0
0
0
0
0
0
0
0
0
0
0
0
0
0
0
0
0
0
0
0
0
0
0
0
0
0
0
0
0
0
0
0
0
0
0
0
0
0
0
0
0
0
0
0
0
0
0
0
0
0
0
0
0
0
0
0
0
0
0
0
0
0
0
0
-1.45122e-15
0
0
0
0
0
0
0
0
0
0
0
0
0
0
0
0
0
0
0
0
0
0
0
0
1.23392e-13
0
0
0
0
0
0
0
0
0
0
0
0
0
0
0
0
0
0
0
0
0
0
0
0
0
0
0
0
0
0
0
0
0
0
0
0
0
0
0
0
0
0
0
0
0
0
0
0
0
0
0
1.40965e-16
0
0
0
0
0
0
0
0
0
0
0
0
0
0
0
0
0
0
0
0
0
0
0
0
0
0
0
0
0
0
0
0
0
0
0
0
0
0
0
0
0
0
0
0
0
0
0
0
0
0
0
0
0
5.33979e-17
0
0
0
0
0
0
0
0
0
0
0
0
0
0
0
0
0
0
0
0
0
0
0
0
0
0
0
-3.57076e-16
-7.64947e-17
-8.43035e-16
0
0
0
0
0
0
9.79245e-17
0
0
0
0
0
0
0
0
0
0
0
0
0
0
0
0
0
0
0
0
0
0
0
0
0
0
0
0
0
0
0
0
0
0
0
0
0
0
0
0
0
0
0
0
0
0
0
0
0
0
0
0
0
0
9.6003e-17
0
0
0
0
0
0
0
0
0
0
0
0
0
0
0
6.27728e-16
2.75501e-17
0
0
0
0
0
0
0
0
0
0
0
0
0
0
0
0
0
1.98159e-17
1.23883e-16
0
0
0
0
0
0
0
0
0
0
0
0
0
0
0
0
0
0
0
0
0
0
0
0
0
0
0
0
0
0
0
0
0
0
0
0
0
0
0
0
0
0
0
2.06909e-30
-5.11509e-17
1.08934e-16
0
0
0
0
0
0
0
0
0
0
0
0
0
0
0
0
0
0
0
0
0
0
0
0
0
0
0
0
-9.61688e-18
2.8449e-17
0
0
0
0
0
0
0
0
0
0
0
0
0
0
0
0
0
0
0
0
0
0
0
0
0
0
0
0
0
0
0
0
0
0
0
0
0
0
0
0
0
0
0
0
0
0
0
0
0
0
0
0
0
0
0
0
0
0
0
0
0
0
0
0
0
0
0
0
0
0
0
0
0
0
0
0
0
0
0
0
0
0
0
0
0
0
-6.11791e-14
-2.99418e-16
0
1.0386e-30
0
0
0
0
0
0
0
0
0
0
0
0
0
0
0
0
0
0
0
0
0
0
0
0
0
0
0
0
0
0
0
0
0
0
0
0
0
0
0
0
0
0
0
0
0
0
0
0
0
0
0
0
0
0
0
0
0
0
0
0
0
0
0
0
0
0
0
0
0
0
0
0
0
0
0
0
0
0
0
0
0
0
0
0
0
0
0
-1.64305e-14
0
0
0
0
0
0
0
0
0
0
0
0
0
0
0
0
0
0
0
0
0
0
0
0
0
0
0
0
0
0
-6.88588e-16
-1.66004e-15
0
0
0
0
0
0
0
0
0
0
0
0
0
0
0
0
0
0
0
0
0
0
0
0
0
0
0
0
0
0
0
0
0
0
0
0
0
0
0
0
0
-3.06615e-14
0
3.07162e-16
0
0
0
0
0
2.10573e-17
0
0
0
0
0
0
0
0
0
0
0
0
0
0
0
0
0
0
0
0
0
0
0
0
0
0
0
0
0
0
0
0
0
0
0
0
0
0
0
0
0
0
0
0
0
0
0
0
0
0
0
0
0
0
0
0
0
0
0
0
0
0
0
0
0
0
0
0
0
0
0
0
0
0
0
0
0
0
0
0
0
0
0
0
0
0
0
0
0
0
0
0
0
0
0
0
0
0
0
0
0
0
0
0
0
0
0
0
0
0
0
0
0
0
0
0
0
0
0
0
0
0
0
0
0
0
0
0
0
0
0
0
0
0
0
0
0
0
0
0
0
0
0
0
0
0
0
0
0
0
0
0
0
0
0
0
0
0
0
0
0
0
0
0
0
0
0
0
0
0
0
0
0
0
0
0
0
0
0
0
0
0
0
0
0
0
0
0
0
0
0
0
0
0
0
0
0
0
0
0
0
0
0
0
0
0
0
0
0
0
-3.31055e-29
-7.7361e-14
0
0
0
0
0
0
0
0
0
0
0
0
0
0
0
0
0
0
0
0
0
0
0
0
0
0
0
0
0
0
0
0
0
0
0
0
0
0
0
0
0
0
0
0
0
0
0
0
0
0
0
0
0
0
0
0
0
0
0
0
0
0
0
0
0
0
0
0
0
0
0
0
0
0
0
0
0
0
0
0
0
0
0
0
0
0
0
0
0
0
0
0
0
0
0
5.34712e-16
0
4.86846e-32
0
0
0
0
0
0
0
0
0
0
0
0
0
-6.5404e-15
0
0
0
0
0
0
0
0
0
0
0
0
0
0
0
0
0
0
0
0
0
0
0
0
0
0
0
0
0
0
0
0
0
0
0
0
0
0
0
0
0
0
0
0
0
0
0
0
0
0
0
0
0
0
0
0
0
0
0
0
0
0
0
0
0
0
0
0
0
0
1.46664e-16
0
0
0
0
0
0
0
0
0
0
0
0
0
0
0
0
0
0
0
0
0
0
0
0
0
0
0
0
0
0
0
0
0
0
0
0
0
0
0
0
0
0
0
0
0
0
0
0
0
0
0
0
0
0
0
0
0
0
0
0
0
0
0
0
0
0
0
0
0
0
0
0
0
0
0
0
0
0
0
0
0
0
0
0
0
0
0
0
0
0
0
0
0
0
0
0
0
0
0
0
0
0
0
0
0
0
0
0
0
0
0
0
0
0
0
0
0
0
0
0
0
0
0
0
0
0
2.60565e-14
0
0
0
0
0
0
0
0
0
0
0
0
0
0
0
0
0
0
0
0
0
0
0
0
0
0
0
0
0
0
0
0
0
0
0
0
0
0
0
0
0
0
0
0
0
0
0
0
0
0
0
0
0
0
0
0
0
0
0
0
0
0
0
0
0
0
0
0
0
0
0
0
0
0
0
0
0
0
0
0
0
0
0
0
0
0
0
0
0
0
0
0
0
0
0
0
0
0
0
0
0
0
0
0
0
0
0
0
0
0
0
0
0
0
0
0
0
0
0
0
0
0
0
0
0
0
0
0
-2.85607e-14
0
0
0
0
0
0
0
0
0
0
0
0
0
0
0
0
0
0
0
0
0
0
0
0
0
0
0
0
0
0
0
0
0
0
0
0
0
0
0
0
0
0
0
0
0
0
0
0
0
0
0
0
0
0
0
0
0
0
0
0
0
0
0
0
0
0
0
0
0
0
0
0
0
0
0
0
0
0
0
0
0
0
0
0
0
0
0
0
0
0
0
0
0
0
0
0
0
0
0
0
0
0
0
0
0
0
0
0
0
0
0
0
0
0
0
0
0
0
0
0
0
0
0
0
0
0
0
0
0
0
0
0
0
0
0
0
0
0
0
0
0
0
0
0
0
0
0
0
0
0
0
0
0
0
0
0
0
0
0
0
0
0
0
0
0
0
0
0
0
0
0
0
0
0
0
0
0
0
0
0
0
0
0
0
0
0
0
0
0
0
0
0
0
0
0
0
0
0
0
0
0
0
0
0
0
0
0
0
0
0
0
0
0
0
0
0
0
0
0
0
0
0
0
0
0
0
0
0
0
0
0
0
0
0
0
0
0
0
0
0
0
0
4.41276e-15
0
0
0
0
0
0
0
0
0
0
0
0
0
0
0
0
0
0
0
0
0
0
0
0
0
0
0
0
0
0
0
0
0
0
0
0
0
0
0
0
0
0
0
0
0
0
0
0
0
0
0
0
0
0
0
0
0
0
0
0
0
0
0
0
0
0
0
0
0
0
0
0
0
0
0
0
0
0
0
0
0
0
0
0
0
0
0
0
0
0
0
0
0
0
0
0
0
0
0
0
0
0
0
0
0
0
0
0
0
0
0
0
0
0
0
0
0
0
0
0
0
0
0
0
0
0
0
0
0
0
0
0
0
0
0
0
0
0
0
0
0
0
0
0
0
0
0
0
0
0
0
0
0
0
0
0
0
0
0
0
0
0
0
0
0
0
0
0
0
0
0
0
0
0
0
0
0
0
0
0
0
0
0
0
0
0
0
0
0
0
0
0
0
0
0
0
0
0
0
0
0
0
0
0
0
0
0
0
0
0
0
0
0
0
0
0
0
0
0
4.83999e-17
0
0
0
0
0
0
0
0
0
0
0
0
0
0
0
0
0
0
0
0
0
0
0
0
0
0
0
0
0
0
0
0
3.04544e-14
0
0
0
0
0
0
0
0
0
0
0
0
0
0
0
0
0
0
0
0
0
0
0
0
0
0
-4.12673e-16
0
0
0
0
0
0
0
0
0
0
0
0
0
0
0
0
-4.24255e-17
0
0
0
0
0
0
0
0
0
0
0
0
0
0
0
0
0
0
0
0
0
0
0
0
0
0
0
0
0
0
0
0
0
-2.9432e-16
0
0
0
0
0
0
0
0
0
0
0
0
0
3.63887e-16
0
0
0
0
0
0
0
0
0
0
0
0
0
0
0
0
0
0
0
0
0
0
0
0
0
0
0
0
0
0
0
0
0
0
0
0
0
0
0
0
0
0
0
0
0
0
0
0
0
0
0
0
0
0
0
0
0
0
0
0
0
0
0
0
0
0
0
0
0
0
0
0
0
0
0
0
0
0
0
0
0
0
0
0
0
0
0
0
0
0
0
0
0
0
0
0
0
0
0
0
0
0
0
0
0
0
0
0
0
0
0
0
0
0
0
0
0
0
0
0
0
0
0
0
0
0
0
0
0
0
0
0
0
0
0
0
0
0
0
0
0
-4.33032e-17
0
0
0
0
0
0
0
0
0
0
0
0
0
0
0
0
0
0
0
0
0
0
0
0
0
0
0
0
0
0
0
0
0
0
0
0
0
0
0
0
0
0
0
0
0
0
0
0
0
0
0
0
0
1.17707e-16
0
0
0
0
0
0
0
0
0
0
0
0
0
0
0
0
0
0
0
0
0
0
0
0
0
0
0
0
0
0
0
0
0
0
0
0
0
0
0
0
0
0
0
0
0
0
0
0
0
0
0
0
0
0
0
0
0
0
0
0
0
0
0
0
0
0
0
0
0
0
0
0
0
0
0
0
0
-2.01106e-15
-5.26339e-16
0
0
0
0
0
0
0
0
0
0
0
0
0
0
0
0
0
0
0
0
0
0
0
0
0
0
0
0
0
0
0
0
0
0
0
0
0
0
0
0
0
0
0
0
0
0
0
0
0
0
0
0
0
0
0
0
0
0
0
0
0
0
0
0
0
0
0
0
0
0
0
0
0
0
0
0
0
0
0
0
0
0
0
0
0
0
0
0
0
0
0
0
0
0
0
0
0
0
0
0
0
0
0
0
0
0
0
0
0
0
0
5.67569e-14
0
0
0
0
0
0
0
0
0
0
0
0
0
0
0
0
0
0
0
0
0
0
0
0
0
0
0
0
0
0
0
0
0
0
0
0
0
0
0
0
0
0
0
0
0
0
0
0
0
0
0
0
0
0
0
0
0
0
0
0
0
0
0
0
0
0
0
0
0
0
0
0
0
0
0
0
0
0
0
0
0
0
0
0
0
0
0
0
0
0
0
6.10353e-15
0
0
0
0
0
0
0
0
0
0
0
0
0
0
0
0
0
0
0
0
0
0
0
3.04179e-16
0
0
0
0
0
0
0
0
0
0
0
0
0
0
0
0
0
0
0
0
0
0
0
0
0
0
0
0
0
0
0
0
0
0
0
0
0
0
0
0
0
0
0
0
0
0
0
0
0
0
0
0
0
0
0
0
0
1.17757e-16
-6.57574e-16
-9.54381e-16
0
0
0
0
0
0
0
0
0
0
0
0
0
0
0
0
0
0
0
0
0
0
0
0
0
0
0
0
0
0
0
0
0
0
0
0
0
0
0
0
0
0
0
0
0
0
0
0
0
0
0
0
0
0
0
0
0
0
0
0
0
0
0
0
0
0
0
0
0
0
0
0
0
0
0
0
0
0
0
0
0
0
0
0
0
0
0
-3.32146e-14
0
0
0
0
0
0
0
0
0
0
0
0
0
0
0
0
0
1.8498e-17
-1.52266e-16
0
0
0
0
0
0
0
0
0
0
0
0
0
0
9.09752e-17
4.05733e-16
0
0
0
0
0
0
0
0
0
0
0
0
0
0
0
0
0
0
0
0
0
0
0
0
0
0
0
0
0
0
0
0
0
0
0
0
0
0
0
0
0
0
0
0
0
0
0
0
0
0
0
0
0
0
0
0
0
0
0
0
0
0
0
0
0
0
0
0
0
0
0
0
0
0
0
0
0
0
0
0
0
0
0
0
0
0
0
0
0
0
0
0
0
0
0
0
0
0
0
0
0
0
0
0
0
0
0
0
0
0
0
0
0
0
0
0
0
0
0
0
0
0
0
0
0
0
0
0
0
0
0
0
0
0
0
0
0
0
0
0
0
0
0
0
0
0
0
0
0
0
0
0
0
0
0
-6.79685e-14
0
0
0
0
0
0
0
0
0
0
0
0
0
0
0
0
0
0
0
0
0
0
0
0
0
0
0
0
0
0
0
0
0
0
0
0
0
0
0
0
0
0
0
0
0
0
0
0
0
0
0
0
0
0
0
2.59397e-31
0
0
0
0
0
0
0
0
0
0
0
0
0
0
0
0
0
0
0
0
0
0
0
0
0
0
0
0
0
0
0
-5.37775e-17
0
0
0
0
0
0
0
0
0
0
1.04803e-16
0
0
0
0
0
0
0
0
0
0
0
0
0
0
0
0
0
0
0
-2.28778e-15
0
0
0
0
0
0
0
0
0
0
0
0
0
0
0
0
0
0
0
0
-1.19373e-14
0
0
0
0
0
0
0
0
0
0
0
0
0
0
0
0
0
0
0
0
0
0
0
0
0
0
0
0
0
0
0
0
0
0
0
0
0
0
0
0
0
0
0
0
0
0
0
0
0
0
0
0
0
0
0
0
0
0
0
0
0
0
0
0
0
0
0
0
0
0
0
0
-4.50337e-16
0
0
0
0
0
0
0
0
0
0
0
0
0
0
0
0
0
0
0
0
0
-9.10646e-17
-2.66576e-16
1.81446e-17
0
0
0
0
0
0
0
0
0
0
0
0
0
0
0
0
0
0
0
0
0
0
0
-1.52973e-16
3.99657e-17
0
-1.19644e-16
0
0
0
0
0
0
0
0
0
0
0
0
0
0
0
0
0
0
0
0
0
0
0
0
0
0
0
0
0
0
0
0
0
0
0
0
0
0
0
0
0
0
0
0
0
0
0
0
0
0
0
0
0
0
0
0
0
0
0
0
0
0
0
0
0
0
0
0
0
0
0
0
0
0
0
0
0
0
0
0
0
0
0
0
0
-3.67509e-14
0
1.94834e-14
0
0
0
-1.44182e-15
0
0
0
0
0
0
0
0
0
0
0
0
0
0
0
0
0
0
0
0
0
0
0
0
0
0
-6.88105e-17
0
0
0
0
0
0
0
0
0
0
0
0
0
0
0
0
0
0
0
0
0
0
0
0
0
0
1.17388e-15
0
0
0
0
0
0
0
0
0
0
0
0
0
0
0
0
0
0
0
0
0
0
-2.39529e-16
0
0
0
0
0
0
0
0
0
0
0
0
0
0
0
0
0
0
0
0
0
0
0
0
0
0
0
0
0
0
0
0
0
0
0
0
0
0
0
0
0
0
0
0
0
0
0
0
0
0
0
0
0
0
0
0
0
0
0
0
0
0
0
0
0
0
0
0
0
0
0
0
0
0
0
0
0
0
0
0
0
0
0
0
0
0
0
0
0
0
0
0
0
0
0
0
0
0
0
0
0
0
0
0
0
0
0
0
0
0
0
0
0
-7.29627e-16
-8.54984e-16
0
0
0
0
0
0
0
0
0
0
0
0
0
0
0
0
0
0
0
0
0
0
0
0
0
0
0
0
0
0
0
0
0
0
0
0
0
0
0
0
0
0
0
0
0
0
0
0
0
0
0
0
0
0
0
0
0
0
0
0
0
0
0
0
0
0
0
0
0
0
2.90598e-15
0
0
0
0
0
0
0
0
0
-4.71758e-15
-3.62419e-15
0
0
0
0
0
0
0
0
0
0
0
0
0
0
0
0
0
0
0
0
0
0
0
0
0
0
0
0
0
0
0
0
0
0
0
0
0
0
0
0
0
0
0
0
0
0
0
0
0
0
0
0
0
0
0
0
0
0
0
0
0
0
0
0
0
0
0
0
0
0
0
0
0
0
0
0
0
0
0
0
0
0
0
0
0
0
0
0
0
0
0
0
-2.93185e-16
0
0
0
0
0
0
0
0
0
0
0
0
0
0
0
0
0
0
0
0
0
0
0
0
0
0
0
0
0
0
0
0
0
0
0
0
0
0
0
0
0
0
0
0
0
0
0
0
-3.34982e-16
0
0
0
0
0
0
0
0
0
0
0
0
0
0
0
0
0
0
0
0
0
0
0
0
0
0
0
0
0
0
0
0
0
0
0
0
0
0
0
0
0
0
0
0
0
0
0
0
0
0
0
0
0
0
0
0
0
0
0
0
0
0
0
0
0
0
0
0
0
0
0
0
0
0
0
0
0
0
0
0
0
0
0
0
0
0
0
0
0
0
0
0
0
0
0
0
0
0
0
0
0
0
0
0
0
0
0
0
0
0
0
0
0
0
0
0
0
0
0
0
0
0
0
0
0
0
0
0
0
0
0
0
0
0
0
0
0
0
0
0
0
0
0
0
7.08992e-17
0
0
0
0
0
0
-1.13412e-14
0
0
0
-2.19867e-15
-2.34918e-15
0
0
0
0
0
0
0
0
0
0
0
0
0
0
0
0
0
0
0
0
0
0
0
0
0
0
0
0
0
0
0
0
0
0
0
0
0
0
0
0
0
0
0
0
0
0
0
0
0
0
0
0
0
0
0
0
0
0
0
0
0
0
0
0
0
0
0
1.52812e-16
0
0
0
0
0
0
0
0
0
0
0
0
5.16259e-31
0
-2.09477e-11
3.70138e-12
0
0
0
0
0
0
0
0
0
0
0
0
0
0
0
0
0
0
0
0
0
0
0
0
0
0
0
0
0
0
-1.9057e-12
3.95098e-15
0
0
0
0
1.724e-15
-1.24401e-16
0
0
0
0
0
0
0
0
0
0
0
0
0
0
0
-6.47101e-12
0
0
0
0
0
0
0
0
0
0
0
0
0
0
0
0
0
0
0
0
0
0
0
0
0
0
0
0
0
0
0
0
0
0
0
0
0
0
0
0
0
0
0
0
0
0
0
0
0
0
0
0
0
0
0
0
0
0
0
0
0
0
0
0
0
0
0
1.72847e-16
0
0
0
0
0
0
0
0
1.96685e-15
0
0
0
0
0
0
0
0
0
0
0
0
0
0
0
0
0
0
0
0
0
0
0
0
0
0
0
0
0
0
0
0
0
0
0
0
0
0
0
0
0
0
0
0
0
0
0
0
0
0
0
0
0
0
0
0
0
0
0
0
0
0
0
0
0
0
0
0
0
0
0
0
0
0
0
0
0
0
0
0
0
0
0
5.78412e-15
0
0
0
0
2.44002e-15
5.23039e-15
0
0
0
0
0
0
0
-5.41208e-17
0
0
0
0
0
0
0
0
0
0
0
0
0
0
0
0
0
0
0
0
0
0
0
0
0
0
0
0
0
0
0
0
0
0
0
0
0
0
0
0
0
0
0
0
0
0
0
0
0
0
0
0
0
0
0
0
0
0
0
0
0
0
0
0
0
0
0
0
0
0
0
0
0
0
0
0
0
0
0
0
0
0
0
0
0
0
0
0
0
0
0
0
0
0
0
0
0
0
0
0
0
0
0
0
0
0
0
0
7.06534e-15
-3.27995e-16
-2.08946e-15
0
0
0
0
0
0
0
0
0
0
0
0
0
0
0
5.07815e-14
0
0
0
0
0
0
0
0
0
0
0
0
0
0
0
0
0
0
0
0
0
0
0
0
0
0
0
0
0
0
0
0
0
0
0
0
0
0
0
0
0
0
0
0
0
0
0
0
0
0
1.52139e-33
-7.83301e-17
0
0
0
0
0
0
0
0
0
-9.99907e-17
0
0
0
0
0
1.25561e-16
4.81579e-16
0
0
0
0
0
0
0
0
0
0
0
0
0
0
0
0
0
9.29325e-15
0
0
0
0
0
0
0
0
0
0
0
0
0
0
0
0
0
0
0
0
0
0
0
0
0
0
0
0
0
0
0
0
0
0
0
0
0
0
0
0
0
0
0
0
0
0
0
0
0
0
0
0
0
0
0
0
0
0
0
0
0
0
0
0
0
0
0
0
0
0
0
0
0
0
0
0
0
0
0
0
0
0
0
0
0
0
0
0
0
0
0
0
0
0
0
0
0
0
0
0
0
0
0
0
0
0
0
0
0
0
0
0
0
0
0
0
0
0
0
0
0
0
0
0
0
0
0
0
0
0
0
0
0
0
0
0
0
0
0
0
0
0
0
0
0
0
0
0
0
0
0
0
0
0
0
0
0
-2.49158e-15
0
0
0
0
0
0
0
0
0
0
0
0
0
0
0
0
0
0
0
0
0
0
0
0
0
0
0
0
0
0
0
-7.60144e-16
0
0
0
0
0
0
0
0
0
0
0
0
0
0
0
0
0
0
0
0
0
0
0
0
0
0
0
0
0
0
0
0
0
0
0
0
0
0
0
0
0
0
0
0
0
0
0
0
0
0
0
0
0
0
0
0
0
0
0
0
0
0
0
0
0
0
-2.14585e-15
2.35061e-16
0
0
0
0
0
0
0
0
0
0
0
0
0
0
0
0
0
0
0
0
0
0
0
0
0
0
0
0
0
0
0
0
0
0
0
0
0
0
0
0
0
0
0
0
0
0
0
0
0
0
0
0
0
0
0
0
0
0
0
0
0
0
7.0132e-17
4.01729e-17
0
0
0
0
0
0
0
0
0
0
0
0
0
0
0
0
0
0
0
0
0
0
0
0
0
0
0
0
0
0
0
0
0
0
0
0
0
0
0
0
0
0
0
0
0
0
0
0
0
0
0
0
0
0
0
0
0
0
0
0
0
0
0
0
0
0
0
0
0
2.68572e-15
0
0
0
0
0
0
0
0
0
0
0
0
0
0
0
0
0
0
0
0
0
0
0
0
0
-4.54281e-17
0
0
0
0
0
0
0
0
0
0
0
0
0
0
0
0
0
0
0
5.31413e-15
0
0
0
0
0
0
0
0
0
0
0
0
0
0
0
0
0
0
0
0
0
0
0
0
0
0
0
0
0
0
0
0
0
0
0
0
0
0
0
0
-3.01073e-15
0
0
0
0
-1.31144e-14
-2.63708e-15
0
0
0
0
0
0
0
0
0
0
0
0
0
0
0
0
0
0
0
0
0
0
0
0
0
0
0
0
0
0
0
0
0
0
0
0
0
0
0
0
0
0
0
0
1.07026e-14
0
0
0
0
0
0
0
0
0
0
0
0
0
0
0
0
0
0
0
0
0
0
0
0
0
0
0
9.13748e-17
-3.67976e-16
0
0
0
0
0
0
0
0
0
0
0
0
0
0
0
0
0
0
0
0
-1.07232e-16
0
0
0
0
0
0
0
0
0
0
0
0
0
0
0
0
0
0
0
0
0
0
0
0
0
0
0
0
0
0
0
0
0
0
0
0
0
0
0
0
0
0
0
0
0
0
8.00832e-16
0
0
0
0
1.37477e-15
0
0
0
0
0
0
0
0
0
0
0
0
0
0
0
0
0
0
0
5.67977e-16
0
0
0
0
0
0
0
0
0
0
0
0
7.71775e-15
2.85814e-16
2.98156e-16
0
0
0
0
0
0
0
0
0
0
0
0
0
0
0
0
0
0
0
0
0
0
0
0
0
0
0
0
0
0
0
0
0
0
0
0
0
0
0
0
0
0
0
0
0
0
0
0
0
0
0
0
0
0
0
0
0
0
0
0
0
0
0
0
0
0
0
0
0
0
0
0
0
0
0
0
0
0
0
0
0
0
0
0
0
0
0
0
0
0
0
0
-3.66959e-17
0
0
0
0
0
0
0
0
0
0
0
0
0
0
4.84796e-15
-1.03375e-14
2.60439e-14
0
0
0
0
0
0
0
0
0
7.67793e-17
5.90329e-17
-4.94939e-16
0
0
0
0
0
0
0
0
0
0
-5.94835e-17
1.56206e-16
0
0
0
0
0
0
0
0
0
-3.84995e-15
0
0
0
0
0
0
0
0
0
0
0
0
0
0
0
0
0
0
0
0
0
0
0
0
0
0
0
0
0
0
0
0
0
0
0
0
0
0
0
0
0
0
0
0
0
0
0
0
0
0
0
0
0
0
0
0
0
0
0
0
0
0
0
0
0
0
0
0
0
0
0
0
0
0
0
0
1.02591e-14
-2.84967e-15
-2.58891e-14
0
0
0
0
0
0
0
0
0
0
0
1.30786e-14
-2.67091e-15
0
0
0
0
0
0
0
0
0
0
0
0
-1.0498e-16
-3.27414e-16
0
0
0
0
0
0
0
0
0
0
0
0
1.27853e-15
0
1.25517e-14
0
0
0
0
0
0
0
0
0
0
0
0
3.62071e-15
0
4.2295e-15
0
0
0
0
0
0
-5.50769e-15
0
6.42691e-15
0
0
0
-8.0085e-17
1.25397e-15
0
0
0
0
0
0
0
0
0
0
0
0
0
0
0
0
0
0
0
0
0
0
-1.99441e-07
2.22036e-07
-2.20852e-07
2.11969e-07
-2.22561e-07
0
0
0
0
0
0
8.3135e-15
2.19552e-16
0
0
0
-8.10255e-15
-8.62206e-16
-7.99909e-15
0
0
0
0
0
0
0
0
0
0
0
0
0
0
1.96877e-07
-1.86677e-07
0
0
0
0
0
0
0
0
4.18687e-30
0
0
0
0
0
2.18504e-07
-1.96619e-07
0
0
0
0
0
0
0
0
0
0
0
0
0
-9.53416e-08
-6.06459e-08
-6.90706e-08
-1.01478e-07
-1.32389e-07
-9.34585e-08
-1.3315e-07
-4.86091e-08
-9.38703e-08
-1.23292e-07
-1.07682e-07
-8.91616e-08
-1.28049e-07
-8.02543e-08
0
0
0
0
0
0
3.7953e-17
-3.99329e-16
0
0
0
0
0
0
0
0
9.89324e-15
-1.72624e-15
0
0
0
0
0
0
-3.62023e-15
0
0
0
0
0
0
0
0
4.8479e-16
0
0
0
0
0
0
0
0
0
0
0
0
0
2.17481e-16
-1.5778e-15
0
0
0
0
0
0
0
0
0
0
0
0
2.26014e-14
0
0
0
0
0
0
0
0
0
0
0
0
0
0
0
0
0
0
0
0
0
0
0
0
0
0
0
0
0
0
0
0
0
0
0
0
0
0
0
0
0
0
0
0
0
0
0
0
0
0
0
0
0
0
0
0
0
0
-8.01071e-16
0
1.75972e-16
0
0
0
0
0
0
-7.60994e-16
0
0
0
0
0
0
0
0
0
0
0
0
0
0
0
0
0
0
0
0
0
0
0
0
0
0
0
0
0
0
0
0
0
-8.6091e-16
-2.16617e-15
0
-7.7833e-12
-2.39818e-17
0
0
0
0
0
-5.72037e-16
0
0
0
0
0
0
0
0
0
0
0
0
0
0
0
0
0
0
0
0
0
0
0
0
0
0
0
0
1.32521e-16
1.92362e-16
0
0
0
0
0
0
0
0
0
0
0
0
0
0
0
0
0
0
2.28083e-16
0
0
0
0
3.40758e-16
2.52659e-17
0
0
0
0
0
0
0
0
0
0
0
0
0
0
0
0
0
0
0
0
0
0
0
0
0
0
0
0
0
0
0
0
0
0
0
-9.67549e-08
-6.21453e-08
2.00836e-14
0
0
0
0
0
0
0
0
0
0
0
0
0
0
-3.59085e-16
-4.77219e-14
-1.21233e-14
-4.10783e-16
4.40895e-16
0
0
0
0
0
0
0
0
0
0
0
0
0
0
0
0
0
0
0
-5.13131e-08
-1.27617e-07
-1.03045e-07
-7.0401e-08
0
0
0
0
0
0
0
0
0
0
0
0
0
1.49109e-14
0
0
0
0
0
0
0
0
0
0
0
0
0
0
0
0
0
0
0
0
0
0
0
0
0
-7.61347e-08
-9.17116e-08
0
0
0
0
0
0
0
0
0
-9.30498e-08
-1.00974e-07
0
0
0
0
0
0
0
0
0
0
0
0
0
0
0
0
0
0
0
0
0
0
0
0
0
0
0
0
0
0
-2.56e-16
2.22642e-17
3.30872e-17
5.4949e-16
0
0
0
-1.24639e-07
-9.5436e-08
0
0
0
0
0
0
0
0
0
0
0
0
0
-8.8065e-08
-1.17451e-07
0
0
0
-1.27892e-15
8.61749e-17
0
0
0
0
0
0
0
0
0
0
-7.0831e-08
-9.39357e-08
0
0
0
0
0
0
0
0
0
0
0
0
0
0
0
-5.98489e-17
0
0
0
0
0
0
0
0
0
0
0
0
0
0
0
0
0
0
0
0
0
0
0
0
0
0
0
0
0
0
0
0
0
0
0
0
0
0
0
0
0
0
0
0
0
0
0
0
0
0
0
0
0
0
0
0
0
9.89046e-16
1.6136e-15
0
0
0
0
0
0
0
0
-1.11753e-07
-4.98992e-08
0
0
-2.05411e-07
2.03924e-07
0
0
0
0
0
0
0
0
0
0
0
0
0
0
0
0
0
0
-2.11615e-07
2.19018e-07
0
0
0
0
0
0
0
0
0
0
0
0
0
0
0
0
0
0
0
0
0
0
0
0
0
0
0
0
0
0
0
0
0
0
0
0
0
0
0
-7.90891e-15
0
0
0
0
0
0
0
0
0
0
0
0
-6.64292e-08
-1.09846e-07
0
0
0
0
0
8.85609e-15
-1.26493e-14
0
0
0
0
0
0
0
0
0
0
0
0
0
0
0
0
0
0
0
0
0
0
0
0
-3.48493e-17
0
0
0
0
0
0
0
0
0
0
0
0
0
-1.21779e-15
8.49707e-17
0
0
0
0
0
0
0
0
0
0
0
0
0
0
0
0
0
0
0
0
0
0
0
0
0
0
0
0
0
0
0
0
0
0
0
0
4.33067e-17
0
0
0
0
0
0
0
0
0
0
0
0
0
0
0
-2.1544e-07
2.0239e-07
1.89551e-07
-2.0848e-07
0
0
0
0
0
0
1.53538e-15
-1.11246e-16
0
0
0
0
0
-1.22413e-14
-1.21361e-15
0
0
0
0
0
0
0
0
0
0
0
2.37542e-07
-2.24497e-07
0
0
0
0
0
0
0
-9.98071e-08
-9.14163e-08
0
-2.00881e-07
2.19938e-07
0
0
0
0
0
0
0
0
0
0
0
0
0
0
0
-2.22218e-16
0
0
0
0
0
0
0
7.62595e-15
0
0
0
0
0
0
0
0
0
0
0
0
0
0
0
0
0
0
0
0
0
0
0
0
0
0
0
0
0
0
-3.32337e-15
-7.99748e-15
0
0
0
0
0
0
5.26598e-17
0
0
0
0
0
0
0
0
0
0
0
0
0
0
0
0
0
0
0
0
0
0
0
0
0
0
0
0
0
0
0
0
-9.97465e-08
-1.23297e-07
0
0
0
0
0
0
0
0
0
0
0
0
0
0
0
0
0
0
0
0
0
0
0
0
0
0
0
0
0
0
0
0
0
0
0
0
0
-9.80234e-08
-1.04725e-07
0
0
0
0
0
0
0
0
0
0
0
0
0
-6.51382e-16
0
0
0
0
0
0
0
0
0
0
0
0
0
0
0
0
0
0
0
0
0
0
0
0
0
0
0
0
8.27089e-15
0
0
0
0
0
0
0
7.9055e-17
0
0
0
0
0
0
0
-8.11409e-33
0
0
0
0
3.64944e-17
-5.12977e-18
0
0
0
0
0
0
0
0
0
0
0
0
0
0
0
0
0
0
1.31125e-16
0
0
0
0
0
0
0
0
0
0
0
1.97916e-16
0
3.3206e-15
-2.18e-15
0
0
0
0
3.47235e-14
4.57941e-16
1.29371e-15
-1.56712e-15
0
0
0
0
0
0
0
0
0
0
0
0
0
0
0
0
0
0
0
0
0
0
0
-1.63534e-16
4.23771e-15
1.29933e-16
-2.59249e-17
0
0
0
0
0
-8.84187e-15
0
0
0
0
0
0
-4.20266e-13
2.89906e-17
0
0
0
-2.83646e-17
0
0
0
0
0
0
0
6.69952e-17
0
-4.3659e-16
4.00212e-15
0
0
0
0
0
-9.19362e-16
-6.51445e-15
0
0
0
0
0
0
0
0
0
0
1.02276e-15
0
-3.06332e-15
0
0
0
0
0
0
0
0
0
0
0
0
-4.16142e-16
0
0
1.32688e-16
-1.37758e-16
2.0605e-15
-2.02355e-07
1.97863e-07
0
0
0
0
0
0
0
0
0
0
0
0
0
0
0
0
0
0
0
-4.13819e-30
7.44637e-15
0
-1.35909e-16
-1.05187e-14
0
0
0
0
0
0
0
0
0
0
0
0
0
5.66136e-15
2.72189e-16
0
0
0
0
0
0
0
0
-6.71705e-16
0
0
0
0
0
0
0
0
0
0
0
0
0
0
0
0
1.43947e-16
-4.54813e-16
0
0
-6.31425e-17
0
0
-4.5681e-16
0
0
0
0
0
0
0
0
0
0
0
0
0
0
0
0
0
0
8.43776e-15
-1.34674e-15
0
0
0
0
0
-1.7199e-16
0
0
0
0
0
0
0
0
0
0
0
0
0
0
0
2.15749e-07
-1.91047e-07
0
-1.86632e-16
3.44541e-16
5.14618e-15
0
0
0
0
0
0
0
0
0
0
0
0
0
0
0
0
0
0
0
0
0
0
0
0
0
0
0
0
0
1.95721e-15
0
0
0
0
-1.31722e-15
4.68892e-17
0
0
0
0
0
0
0
0
0
0
0
0
0
0
0
0
0
0
0
0
0
0
0
0
0
0
0
0
0
0
0
0
0
0
0
0
0
0
0
0
0
0
0
0
0
0
0
0
0
0
0
1.15739e-16
-1.03196e-16
0
0
0
5.58439e-17
0
0
0
0
0
0
0
0
0
0
0
0
0
2.11448e-15
5.6929e-16
0
0
0
0
0
0
-2.11297e-07
1.95318e-07
0
0
0
0
0
0
0
0
0
0
0
0
0
0
0
0
0
0
0
0
0
0
0
0
0
0
9.02566e-17
2.78942e-17
1.1596e-16
0
0
0
0
0
0
0
0
0
0
2.03937e-07
-1.87977e-07
0
0
0
0
0
0
0
0
0
0
0
0
0
0
0
0
0
0
0
0
0
0
0
0
5.57285e-16
0
0
0
0
0
0
0
0
0
0
0
0
0
0
0
-2.69346e-15
0
3.87081e-16
0
0
0
0
0
0
0
0
0
0
0
0
0
0
0
-8.77886e-17
2.83513e-16
0
0
-2.02356e-15
0
-1.9377e-16
0
0
0
0
0
0
0
0
-5.31576e-15
0
0
0
0
0
0
0
0
0
0
0
0
0
0
1.39311e-16
0
0
5.68619e-17
-5.80842e-17
-6.95496e-17
0
0
0
7.22797e-18
-5.50683e-16
0
0
0
0
0
0
4.67802e-16
0
0
0
-1.9967e-11
2.64132e-12
0
0
0
0
0
0
0
0
0
0
0
0
0
0
0
0
0
0
0
8.10442e-16
1.51628e-15
-2.54706e-16
0
0
0
0
0
0
0
0
0
0
2.50953e-12
0
0
0
0
0
0
-3.67511e-15
-2.55575e-15
0
0
4.37442e-18
0
0
0
0
0
1.68172e-15
7.63772e-15
0
0
0
0
0
0
3.92409e-12
0
0
0
0
0
0
0
0
0
0
0
0
0
2.6685e-16
2.67939e-15
9.70476e-16
0
0
0
0
0
0
0
0
0
0
0
0
0
0
0
0
0
0
0
0
0
0
5.50978e-12
0
5.22097e-12
0
0
5.48259e-15
0
0
0
0
0
0
0
0
0
0
0
0
0
0
0
0
0
1.11112e-15
-6.17394e-12
-2.75358e-12
0
0
0
0
0
0
0
0
0
0
0
0
0
0
0
0
0
0
0
4.7775e-12
0
0
0
0
0
0
0
0
0
0
0
0
0
0
0
0
0
0
0
0
0
1.1484e-16
0
0
-1.20711e-16
0
-1.58307e-15
0
0
0
0
0
1.40461e-16
0
5.0116e-16
0
0
0
0
2.26941e-11
0
0
0
2.6082e-16
0
0
0
0
0
0
0
0
0
0
0
1.65138e-16
1.35759e-16
0
0
0
0
0
0
0
0
2.14362e-11
0
0
0
0
0
0
3.10874e-15
1.05621e-15
0
0
0
0
0
2.46188e-15
0
1.36148e-16
-6.55218e-17
0
0
0
0
0
-2.82019e-16
0
0
-5.06387e-16
0
0
0
0
0
0
0
0
0
0
0
0
0
0
0
0
0
0
0
0
0
8.27245e-16
-2.48793e-15
0
0
0
0
1.55728e-15
0
0
2.57648e-11
0
0
0
0
0
0
0
0
0
0
0
0
0
0
0
0
0
-2.08126e-30
-7.09478e-17
0
0
0
4.69961e-16
0
0
0
0
-2.90797e-15
-1.58172e-15
0
0
0
-5.18795e-31
-2.29092e-17
0
0
0
0
0
0
0
0
0
0
0
0
0
0
0
0
0
0
0
0
0
0
0
0
0
0
0
0
0
0
0
0
-1.50362e-15
1.55791e-30
0
0
0
0
0
0
0
0
0
0
-7.99349e-16
0
3.18554e-12
0
0
0
0
0
0
0
0
0
0
0
0
0
0
0
0
0
0
0
0
0
0
0
0
0
8.27637e-30
-2.02287e-15
0
0
0
1.59677e-16
0
0
0
0
0
0
0
0
0
0
5.27541e-16
0
0
0
0
0
0
0
0
0
8.64308e-16
4.91521e-16
0
-2.61491e-15
-4.15656e-15
1.16462e-12
3.23767e-12
0
0
0
0
0
0
6.67947e-17
9.86223e-16
0
0
5.78842e-15
0
6.40146e-16
0
0
0
0
0
0
1.43032e-16
0
0
0
0
0
0
0
0
0
-1.28291e-07
-1.00525e-07
2.10029e-14
0
0
0
0
0
0
0
0
0
9.86246e-16
0
0
0
2.18622e-07
-1.91049e-07
0
0
0
0
0
0
0
0
0
0
0
-1.37805e-17
-7.4009e-17
2.66098e-14
0
0
0
0
0
0
0
0
0
0
0
0
0
0
0
0
1.48596e-17
0
0
0
0
0
0
0
0
0
0
0
0
0
0
0
0
0
0
-4.78335e-15
0
0
0
0
0
0
2.18601e-16
-5.82634e-16
0
0
0
0
0
0
0
0
0
0
0
0
0
0
0
0
0
0
0
0
0
0
0
0
0
0
0
0
0
0
0
0
0
0
0
1.54445e-16
2.32085e-11
0
0
0
0
0
0
0
0
0
0
0
-2.19284e-15
0
0
0
0
0
0
0
0
0
2.31712e-16
0
6.55434e-12
0
0
1.88426e-16
0
0
0
0
0
0
0
0
0
0
0
0
0
4.46664e-15
2.23085e-15
0
0
0
0
0
0
0
0
0
1.99803e-16
-2.89716e-16
0
0
0
0
1.05931e-15
6.87867e-15
0
0
0
0
0
0
0
0
0
0
0
5.97752e-16
-2.512e-15
0
0
0
0
0
0
0
0
0
0
0
0
-1.52536e-15
0
0
0
0
0
-1.98018e-16
0
1.18827e-16
0
0
0
0
0
0
0
0
0
0
0
0
-1.25974e-16
1.31253e-16
0
0
0
0
0
0
0
0
0
0
0
0
0
0
0
0
0
0
0
-2.41942e-15
4.1418e-16
0
0
0
0
0
0
0
0
0
0
0
-1.35949e-16
2.02676e-15
0
0
0
0
0
1.89097e-15
1.13449e-16
0
0
0
0
0
0
0
0
0
0
8.17699e-17
3.89946e-17
0
0
0
0
0
0
0
0
0
0
0
-5.59567e-17
-2.26748e-16
0
0
0
0
0
0
0
0
0
0
0
0
-1.32038e-16
3.22592e-15
0
-8.96538e-08
-1.2455e-07
0
-7.57447e-17
0
0
0
0
0
1.0699e-16
0
0
0
0
-1.29202e-07
-1.11814e-15
0
0
0
0
0
0
0
0
0
0
0
0
0
0
0
2.89316e-16
0
0
2.90048e-15
-4.8199e-16
0
0
-7.20531e-16
0
0
0
3.58659e-17
0
0
0
0
-7.65114e-15
-7.03667e-17
0
0
0
0
0
0
0
0
0
0
0
0
0
0
2.93831e-15
0
0
0
0
0
0
0
0
0
0
0
0
0
0
0
-1.94944e-11
0
0
0
0
-2.07518e-30
0
0
0
0
0
0
0
0
0
0
0
0
-1.52747e-16
0
0
0
0
0
0
0
0
0
0
0
0
0
0
4.52851e-12
6.36559e-16
0
0
0
-1.74732e-15
1.82334e-15
0
0
0
-1.13477e-14
-3.97129e-16
0
0
0
0
0
0
0
0
0
0
0
0
2.68023e-15
0
6.46942e-17
0
0
0
0
4.15995e-17
0
0
0
0
0
0
0
0
0
1.10742e-16
0
1.16003e-16
6.83818e-12
0
0
0
0
0
0
0
0
0
0
0
0
0
0
0
0
0
0
0
0
-3.90554e-17
0
0
0
0
0
0
0
0
3.25365e-16
0
0
0
0
0
0
0
0
0
6.7986e-17
0
0
0
0
0
0
0
0
2.02673e-11
0
0
0
0
-6.07222e-15
0
0
0
0
0
0
0
1.42325e-12
-5.2692e-12
1.95683e-12
7.75845e-13
0
0
0
0
0
0
1.99137e-11
0
0
0
0
0
0
0
0
0
0
0
0
0
0
0
0
0
-2.79796e-14
1.33851e-07
0
0
0
0
0
0
0
0
0
0
0
0
0
0
0
0
0
0
0
0
0
5.36266e-16
2.01557e-15
0
-5.18795e-31
-3.96682e-16
0
0
0
0
0
0
0
0
0
0
0
0
0
0
0
1.27495e-16
0
0
0
0
0
0
0
-2.39336e-15
2.30872e-15
0
2.82516e-16
0
0
0
0
0
0
0
-1.06828e-15
-1.68888e-16
0
0
0
0
0
-1.31835e-16
0
0
0
0
0
1.288e-15
0
0
0
0
0
0
0
0
0
0
0
0
0
0
0
0
0
0
-5.65105e-17
1.52928e-17
0
0
-5.66983e-17
-6.48276e-17
-7.01873e-15
0
0
0
0
0
0
-7.7306e-08
0
0
-6.88946e-16
0
0
0
0
0
0
0
0
0
0
0
0
0
0
0
0
0
0
0
3.66678e-16
0
0
0
0
0
0
0
1.26846e-12
0
0
0
0
0
0
0
0
0
0
0
0
0
0
0
0
0
3.4128e-15
0
0
0
0
-1.44957e-15
-1.18694e-16
0
0
0
0
0
0
0
0
-6.13705e-17
0
0
2.2305e-16
0
0
0
0
0
0
0
0
0
0
0
3.51687e-15
0
0
0
0
0
0
0
-7.02393e-15
0
0
0
0
0
0
0
0
0
0
0
0
0
0
0
0
0
0
0
0
3.09355e-15
0
-1.93195e-15
0
0
5.31251e-16
-4.18957e-15
0
0
0
0
0
0
0
0
-2.19241e-17
2.1851e-17
0
0
0
0
0
0
1.12442e-15
0
0
0
0
0
0
0
0
0
0
0
0
0
0
0
0
0
0
0
0
0
0
7.27219e-17
2.00058e-15
0
0
0
0
0
0
0
0
0
0
0
0
0
0
0
0
0
0
0
0
0
0
0
0
0
0
0
0
-1.1635e-11
2.59825e-12
0
0
0
0
0
0
0
0
0
0
0
4.45986e-18
0
0
0
0
0
0
0
0
-6.52996e-15
0
0
0
-2.36202e-16
-1.61461e-16
3.793e-16
0
0
0
0
0
0
0
0
0
0
0
7.79953e-17
0
1.14884e-15
-1.7894e-14
0
0
0
0
0
0
0
8.66786e-17
0
0
0
0
0
0
0
0
0
0
0
0
0
0
0
0
-6.23289e-12
7.6492e-13
0
0
0
0
0
0
0
6.00592e-17
6.37949e-16
-1.4714e-16
0
0
0
0
0
0
0
0
0
1.16213e-15
1.23369e-15
-2.55811e-14
-2.79703e-16
0
0
0
0
0
0
0
0
0
0
0
0
0
0
0
1.86589e-11
0
0
0
0
0
0
0
0
0
0
0
0
0
0
1.48268e-15
0
0
0
0
-6.43923e-12
0
0
0
0
0
0
0
0
0
0
0
0
0
0
0
0
-2.73363e-17
0
0
0
0
0
0
0
0
0
0
4.04002e-12
0
0
0
0
0
-5.60415e-17
0
0
0
2.32225e-14
0
0
0
0
0
0
0
0
0
0
0
0
0
0
0
-7.6763e-15
0
0
-8.66588e-17
0
-7.9825e-12
0
0
0
0
0
0
0
0
0
0
0
0
0
0
0
2.29254e-15
0
0
0
0
0
0
0
0
0
0
-1.85436e-15
-1.84049e-15
0
0
0
0
0
0
0
0
0
0
0
0
0
0
5.80867e-15
1.54486e-15
-2.77416e-16
1.86691e-15
0
0
0
0
0
0
0
0
0
0
0
0
0
0
0
0
0
0
0
0
0
0
0
0
0
0
0
0
0
-2.53367e-15
-6.22223e-15
0
0
0
0
0
-6.56477e-16
0
0
0
0
0
0
0
0
0
0
0
0
0
0
0
0
0
9.9202e-17
4.97687e-17
0
0
0
0
0
0
0
0
0
0
0
0
0
0
0
0
0
0
0
0
0
0
0
0
6.10637e-17
0
0
0
0
0
0
-1.10835e-15
0
0
0
6.55528e-16
0
0
0
0
0
0
0
0
0
0
0
-1.30357e-16
0
0
0
0
0
0
0
0
0
0
0
0
1.04063e-30
0
0
0
0
0
0
0
0
0
0
0
0
-5.77695e-16
0
0
0
0
0
0
0
0
0
0
0
0
0
0
0
0
0
0
0
0
5.7301e-16
-4.19471e-16
0
0
0
0
0
8.24291e-12
0
0
0
0
0
0
0
0
0
0
0
0
0
2.47676e-15
4.17934e-16
-5.89896e-16
0
0
0
0
0
0
0
0
0
0
0
0
0
0
0
0
0
0
-2.52135e-16
0
0
0
0
0
0
0
0
0
0
0
0
0
0
0
0
-5.24718e-16
0
0
0
0
0
2.42228e-14
-7.16092e-16
0
0
0
0
0
0
0
0
0
0
0
0
0
0
0
0
0
-1.1538e-17
0
0
0
0
0
0
0
0
-5.23255e-16
0
0
0
0
0
0
0
0
0
0
0
0
0
0
0
0
0
0
0
0
0
0
0
0
0
0
0
0
0
0
0
5.61205e-15
0
0
0
-1.86098e-12
-6.52156e-19
0
0
0
0
0
0
0
0
0
-1.58878e-15
0
0
0
0
0
0
0
0
0
0
0
0
0
0
0
0
0
0
0
0
0
0
0
0
0
0
0
0
0
0
0
0
0
0
0
0
0
0
0
0
0
0
0
0
0
0
0
0
0
0
0
0
0
0
6.5554e-17
0
0
0
0
1.88565e-16
0
0
0
0
0
0
0
0
0
0
0
0
0
0
0
0
0
0
0
0
0
0
0
0
0
0
0
0
0
0
0
0
0
0
0
0
0
0
0
0
0
0
0
0
0
0
0
0
0
0
0
0
0
0
0
1.58622e-14
0
0
-4.39849e-17
0
0
0
0
0
0
0
0
0
2.52015e-16
0
9.89756e-16
0
-7.74496e-12
-8.14467e-16
0
0
0
0
-6.18781e-15
0
0
0
0
0
0
0
0
0
0
0
0
0
0
0
0
0
0
0
0
0
0
0
0
0
0
0
0
0
1.04911e-07
0
0
0
0
-2.3338e-14
-1.04044e-14
0
0
0
0
0
0
0
0
0
0
0
0
0
0
0
0
0
0
0
0
0
0
0
0
0
0
0
-2.91529e-15
-1.52284e-16
1.48636e-17
0
0
0
0
0
0
0
0
0
0
0
-1.65449e-16
-1.1093e-16
0
0
-2.81836e-16
0
0
0
6.29584e-16
0
0
0
0
0
0
0
1.84749e-12
0
-3.82865e-15
-2.95123e-16
0
0
0
0
0
0
0
0
-8.75321e-17
5.58334e-16
-1.04103e-16
0
0
0
0
0
0
7.72841e-17
0
0
0
0
0
0
0
0
0
0
0
0
1.20159e-17
0
0
0
0
0
0
0
0
0
0
0
0
0
0
0
0
0
0
-2.96038e-15
1.88691e-16
0
0
0
0
0
0
0
0
0
0
1.08898e-16
-3.51279e-17
0
0
0
0
0
0
0
0
9.48847e-08
0
0
0
0
0
2.42819e-15
1.21166e-16
0
-1.56811e-14
0
0
0
0
-7.49253e-17
0
0
0
0
0
0
0
2.70927e-15
0
0
0
0
-8.01571e-17
0
3.41585e-15
0
0
0
0
0
0
0
0
0
0
0
0
0
0
0
0
0
0
0
0
0
0
0
0
0
0
0
0
-6.32916e-17
8.00661e-15
0
0
0
1.06014e-07
0
0
0
0
0
0
0
0
0
0
-2.28908e-11
0
0
0
0
8.24739e-15
-5.11689e-16
0
0
0
0
-3.09185e-16
0
0
1.05241e-07
0
0
0
-1.52274e-16
0
0
0
0
0
0
7.78953e-31
0
0
0
0
0
0
0
0
0
0
0
0
0
0
0
0
0
0
0
0
-1.30245e-16
0
0
0
4.08795e-17
0
0
0
0
1.28088e-16
0
0
0
0
0
-1.10762e-16
-4.55143e-17
0
0
0
0
2.05446e-14
0
0
0
0
1.3546e-15
-1.65249e-16
0
0
-1.55506e-07
0
0
0
-1.46104e-07
0
0
0
5.72475e-17
0
0
0
0
-1.87431e-15
0
0
0
0
0
0
0
0
0
0
0
0
0
0
0
0
0
-1.53526e-16
0
0
0
0
0
0
0
0
0
0
0
0
0
0
0
0
0
0
2.55259e-16
0
0
0
0
0
0
0
0
0
-2.52166e-17
0
7.22513e-15
0
0
0
1.51221e-07
0
0
0
0
0
0
0
0
0
0
0
0
0
0
0
0
0
0
0
-1.62489e-16
0
0
0
0
0
0
3.46543e-16
0
0
0
0
0
0
1.14914e-16
0
0
0
0
0
0
0
0
0
0
0
0
0
0
0
0
0
0
0
0
5.68379e-17
-8.83959e-16
0
0
0
0
0
0
0
0
0
0
0
0
0
0
0
1.53474e-07
0
0
0
0
0
0
0
0
0
0
0
0
0
0
0
0
0
0
0
0
0
8.00257e-15
0
0
0
0
0
0
0
-1.99133e-17
0
-2.45394e-16
0
-7.61122e-16
0
0
0
0
0
0
0
0
0
0
0
0
0
0
0
0
-3.0235e-15
0
0
0
0
0
0
0
1.94255e-15
1.35075e-12
0
0
0
0
0
0
0
0
0
0
0
0
0
0
0
0
0
0
0
0
0
0
0
0
6.91651e-17
0
0
0
0
0
0
0
0
0
0
0
7.87863e-16
0
-1.41851e-16
0
0
0
0
0
0
0
0
0
0
0
0
0
0
0
0
0
0
0
0
0
0
0
0
0
0
0
0
0
0
0
0
0
0
0
1.73551e-15
1.80334e-15
0
0
0
0
0
0
0
0
0
0
0
0
0
0
0
0
-4.61719e-16
0
0
-2.82387e-17
1.53509e-16
0
0
0
0
0
0
7.37822e-17
0
0
0
0
0
0
0
0
0
0
0
0
5.63867e-18
0
0
0
0
0
0
0
0
0
0
0
0
0
0
0
0
0
0
0
0
0
0
1.24744e-16
-1.00299e-14
0
0
-2.29222e-15
-3.31383e-15
0
0
0
0
0
0
0
0
0
0
0
3.44227e-15
0
0
4.48227e-16
0
0
0
0
0
0
-1.52457e-15
0
0
0
0
0
0
0
-1.87019e-15
0
0
0
0
0
0
0
0
0
0
0
0
0
0
0
0
0
1.5286e-15
0
0
0
0
0
0
0
0
0
0
-3.99939e-17
2.25772e-16
0
0
0
1.57787e-16
0
0
0
0
0
0
0
0
0
0
0
0
0
0
0
0
0
6.20174e-16
0
0
0
0
0
0
0
0
0
0
1.32366e-16
0
0
0
0
0
0
0
0
0
0
0
0
0
0
0
0
1.54388e-14
0
0
0
0
0
0
0
0
0
0
0
3.638e-17
0
0
0
0
0
0
2.61702e-16
7.76039e-15
0
0
-1.6775e-17
0
0
0
0
0
0
4.14272e-17
5.23359e-31
0
0
0
0
0
0
0
0
0
0
0
0
0
0
0
0
0
0
-6.20312e-15
0
0
0
0
0
0
0
0
0
0
0
0
0
0
0
0
0
0
0
0
0
0
-2.59884e-17
0
0
0
0
0
0
0
0
0
0
0
0
0
0
0
0
0
0
0
0
0
1.96891e-16
0
0
0
6.72448e-15
0
0
0
0
0
0
0
0
0
0
0
0
0
0
0
0
0
0
0
0
0
0
0
0
0
0
0
0
0
0
0
0
0
0
0
2.42041e-15
0
0
0
0
0
0
0
0
1.77413e-15
0
0
0
0
-1.05657e-16
1.34414e-15
0
0
0
0
0
3.02275e-14
0
0
0
0
0
0
0
0
0
0
0
0
0
3.13988e-16
0
0
0
0
0
0
0
0
0
-1.33926e-16
0
0
0
0
0
0
0
0
-8.31624e-08
0
0
-1.99306e-12
0
0
0
0
0
-5.89041e-15
0
0
0
0
0
0
0
0
6.26019e-16
0
0
0
0
0
0
0
0
0
-7.6528e-16
0
0
0
0
0
0
0
0
3.59388e-16
-6.93013e-17
0
0
0
3.09589e-15
0
0
0
0
0
0
0
0
0
0
-8.12033e-17
0
0
0
0
0
0
0
0
0
0
0
0
0
0
0
0
0
-1.10468e-14
0
0
0
0
0
0
0
0
0
0
0
0
0
0
0
0
0
-5.12541e-12
0
0
0
0
0
0
-2.18105e-17
0
0
0
0
0
0
1.25222e-15
0
0
0
0
0
0
0
7.90661e-16
-8.53384e-16
0
0
0
0
0
0
0
0
0
0
0
0
0
0
0
-7.90297e-08
0
0
0
0
0
5.34266e-16
2.85059e-15
0
0
0
0
0
0
0
0
0
0
0
0
0
-1.18036e-15
0
-3.22261e-16
0
7.32638e-15
0
0
0
0
0
0
0
0
0
0
0
0
0
1.5824e-16
0
0
0
0
0
0
0
0
0
-2.3096e-17
0
0
0
0
0
0
0
0
0
0
0
0
0
0
0
0
0
0
0
0
2.59445e-17
0
0
0
0
-4.46142e-17
0
0
0
0
0
0
0
0
5.07397e-12
0
0
0
0
0
0
0
0
4.70864e-16
0
0
0
0
0
-1.36718e-15
0
0
0
0
0
0
0
0
0
0
0
0
0
0
0
2.27746e-16
0
0
0
1.1062e-16
0
0
0
0
0
0
0
0
0
0
0
0
0
0
0
0
0
0
0
0
0
-5.66655e-17
0
0
0
0
0
0
0
0
0
0
0
0
0
-4.43951e-16
0
0
0
0
0
0
0
0
0
0
0
0
0
0
0
0
0
0
0
0
0
0
0
1.04729e-12
9.15235e-13
6.88531e-16
1.01618e-15
0
0
0
0
0
0
0
0
0
0
0
0
0
0
1.04157e-12
0
0
0
0
0
0
0
0
0
0
0
0
1.48758e-17
0
0
-3.75579e-16
0
0
5.33919e-17
0
0
0
0
0
0
0
0
0
0
0
0
0
0
0
0
0
0
0
0
0
0
0
0
0
0
0
0
0
0
0
0
0
-8.01757e-17
0
0
0
0
0
0
0
0
0
0
0
0
0
0
0
0
0
0
0
0
2.93658e-16
4.2432e-16
0
0
0
6.61085e-16
0
0
0
0
0
0
0
0
0
0
0
0
0
0
0
0
0
0
0
0
0
0
0
0
0
-6.44573e-15
0
0
0
0
0
0
6.64377e-13
0
0
-9.23702e-13
0
3.28773e-14
0
0
0
0
0
0
0
0
0
0
0
0
0
0
8.46849e-13
0
0
0
0
0
4.01666e-12
0
0
0
0
0
0
0
0
0
0
6.41012e-17
-3.51287e-17
0
0
3.52638e-13
1.41369e-16
0
0
0
4.55895e-12
0
0
0
0
0
0
0
-9.39454e-16
0
0
0
0
0
0
0
0
0
)
;

boundaryField
{
    frontback
    {
        type            empty;
        value           nonuniform List<scalar> 0();
    }
    topbottom
    {
        type            calculated;
        value           uniform 0;
    }
    outlet
    {
        type            calculated;
        value           uniform 0;
    }
    inlet
    {
        type            calculated;
        value           nonuniform List<scalar> 0();
    }
    walls
    {
        type            calculated;
        value           nonuniform List<scalar> 
45
(
4.3698e-08
-2.9132e-09
2.03924e-08
-2.03924e-08
-4.3698e-08
3.11713e-07
3.40845e-07
4.51546e-07
3.6415e-07
4.34067e-07
3.93282e-07
4.16588e-07
3.17539e-07
3.58324e-07
3.46671e-07
3.35018e-07
3.87456e-07
4.39894e-07
4.10762e-07
3.29192e-07
3.23366e-07
2.9132e-09
-1.4566e-08
3.52498e-07
2.62188e-08
3.78716e-08
-2.62188e-08
3.8163e-07
-3.78716e-08
4.4572e-07
4.04935e-07
8.73961e-09
-4.95244e-08
3.20452e-08
-3.20452e-08
4.57373e-07
-5.53509e-08
4.28241e-07
4.63199e-07
4.22414e-07
3.99109e-07
3.75803e-07
3.69977e-07
-8.73961e-09
1.4566e-08
)
;
    }
    procBoundary3to1
    {
        type            processor;
        value           nonuniform List<scalar> 
205
(
2.90037e-07
0
0
0
0
0
0
0
8.49765e-16
0
0
0
0
0
0
0
0
1.81221e-14
0
0
0
0
0
0
0
0
0
0
0
0
0
0
0
-3.11454e-15
-2.68137e-15
0
0
0
8.0263e-15
0
0
0
0
0
0
0
-2.58951e-16
0
0
0
-1.23564e-15
0
0
-8.51126e-15
-1.11882e-13
-2.62255e-14
0
-3.08101e-16
0
0
0
0
-2.06012e-16
2.28949e-15
0
0
0
0
0
0
0
0
0
-8.40155e-17
0
0
0
0
1.80019e-14
0
0
0
0
0
0
0
0
0
-6.32142e-15
3.32022e-15
0
0
1.05081e-14
0
0
0
0
0
0
0
0
0
0
0
0
0
0
1.14856e-15
0
0
0
0
0
0
0
0
0
0
0
-6.01463e-16
0
0
0
-6.20342e-16
0
0
8.0433e-17
0
0
0
0
0
0
0
0
0
0
0
0
0
0
0
3.87364e-14
0
0
0
0
0
0
0
0
0
0
0
-8.5618e-15
0
0
0
0
0
0
9.58855e-15
-1.04702e-15
0
0
0
0
2.97086e-15
0
0
-5.68208e-16
-5.98161e-15
1.43914e-15
0
7.68961e-15
0
0
0
8.56333e-15
0
-1.26754e-16
0
-1.454e-16
0
0
0
0
0
0
2.68946e-15
6.18031e-16
0
0
6.71515e-15
4.07426e-14
0
0
3.01106e-12
2.94802e-15
0
0
3.02414e-16
0
0
0
)
;
    }
    procBoundary3to2
    {
        type            processor;
        value           nonuniform List<scalar> 
99
(
0
0
2.3036e-12
0
0
0
0
0
0
0
0
0
0
0
0
0
0
0
0
0
0
0
0
0
0
0
0
0
0
0
0
0
0
0
0
0
0
-3.96332e-16
0
0
0
0
0
0
0
0
0
0
0
0
0
0
0
0
0
0
0
3.10025e-16
0
0
0
0
0
0
0
0
0
0
0
6.36747e-08
0
0
0
0
0
0
0
0
0
0
0
0
0
0
0
0
0
0
0
0
0
0
0
0
0
0
0
0
0
)
;
    }
}


// ************************************************************************* //
