/*--------------------------------*- C++ -*----------------------------------*\
| =========                 |                                                 |
| \\      /  F ield         | OpenFOAM: The Open Source CFD Toolbox           |
|  \\    /   O peration     | Version:  v2012                                 |
|   \\  /    A nd           | Website:  www.openfoam.com                      |
|    \\/     M anipulation  |                                                 |
\*---------------------------------------------------------------------------*/
FoamFile
{
    version     2.0;
    format      ascii;
    class       surfaceScalarField;
    location    "400";
    object      meshPhi;
}
// * * * * * * * * * * * * * * * * * * * * * * * * * * * * * * * * * * * * * //

dimensions      [0 3 -1 0 0 0 0];
oriented        oriented;


internalField   nonuniform List<scalar> 
20673
(
0
0
0
0
0
0
0
0
0
0
0
0
0
0
0
-2.00254e-17
0
-1.31333e-15
0
0
0
0
0
0
2.25121e-16
0
-9.47171e-17
0
0
0
0
0
0
0
0
0
0
-8.13864e-08
2.68591e-12
1.75898e-08
0
-4.98994e-15
9.44283e-16
0
0
0
0
0
0
0
0
0
0
0
0
0
0
0
0
0
0
0
0
0
0
0
0
0
0
0
0
0
0
2.46007e-17
-5.59202e-17
8.38607e-16
-5.51336e-17
2.16759e-16
0
4.82711e-17
0
1.08499e-15
0
0
0
0
0
0
0
0
0
0
0
0
7.48584e-17
-3.61011e-16
-5.14804e-15
0
0
0
0
0
0
0
0
0
0
0
0
0
-1.02141e-12
1.20111e-12
-4.85768e-15
0
0
0
0
0
0
0
0
0
0
1.19885e-16
3.4263e-17
0
0
0
4.20206e-16
-3.36355e-15
-8.35356e-18
0
0
0
0
0
-1.12936e-11
-9.04133e-12
-7.63109e-18
0
0
0
0
0
0
0
0
0
4.29596e-12
-3.11234e-11
1.13434e-16
-2.78881e-15
0
0
0
0
0
0
0
0
0
0
0
0
0
0
0
0
0
0
0
0
-2.76642e-08
0
0
4.77325e-17
1.74988e-15
8.31036e-16
3.53416e-16
-2.15827e-18
2.08432e-14
1.43724e-16
4.30714e-16
2.94086e-14
0
0
0
0
0
0
0
0
0
3.87731e-17
0
0
0
0
0
-8.35793e-12
-1.17514e-15
-1.09805e-11
0
0
0
-1.65742e-12
0
-2.55019e-13
0
0
0
0
0
0
0
0
0
0
0
0
1.27953e-16
-6.16621e-17
6.36084e-16
2.98589e-18
0
0
0
0
0
0
0
0
0
0
0
4.01067e-16
0
0
0
0
0
-3.94637e-17
6.86688e-17
0
0
0
0
0
0
1.21693e-15
1.18308e-15
0
0
0
-7.37636e-17
1.71992e-15
2.68342e-16
0
0
0
0
0
0
0
0
0
-1.72652e-17
-1.91511e-15
1.34064e-16
0
0
0
-5.62989e-15
4.99959e-16
6.33315e-15
0
0
0
0
0
0
0
0
0
0
0
0
0
0
0
0
0
0
0
0
0
0
0
0
0
3.9458e-13
0
0
0
0
0
-1.44226e-17
0
6.81134e-15
3.61754e-12
0
-1.4522e-11
0
0
0
-8.8818e-19
3.42022e-17
4.48837e-16
-3.64548e-13
-9.6545e-14
0
0
0
0
0
0
0
0
0
0
0
0
3.48799e-16
0
0
0
1.14904e-14
0
0
0
0
0
0
0
0
0
2.56003e-17
0
0
0
7.60832e-17
0
0
0
0
0
0
0
0
0
0
0
0
3.32798e-15
4.44962e-17
5.80134e-16
-5.23825e-18
-6.91855e-17
-1.83352e-17
0
0
0
0
0
0
0
0
0
-4.34475e-15
-1.21261e-15
0
-2.19378e-15
0
0
0
0
0
0
0
0
0
0
0
0
0
0
0
0
0
0
0
-9.90073e-12
0
0
0
0
0
0
0
0
0
0
0
0
0
0
2.10176e-16
0
2.611e-16
-4.13558e-12
4.18728e-13
0
0
0
0
0
0
0
0
0
0
0
1.51773e-16
-2.31595e-15
0
0
0
0
0
0
-5.58964e-18
0
2.85637e-19
0
0
0
-3.59018e-16
2.46676e-15
0
0
0
1.27604e-12
-4.69061e-12
0
0
0
0
0
0
0
0
0
0
0
0
0
0
0
3.31327e-17
-1.12856e-16
0
0
0
0
0
0
0
0
0
0
0
0
0
0
0
0
0
0
0
0
0
0
0
0
0
0
0
0
0
0
0
0
5.25752e-16
-5.63762e-16
0
0
0
0
0
0
9.09536e-16
-2.76065e-17
8.16015e-19
2.86077e-17
-1.48824e-16
0
0
0
0
0
0
-3.52803e-16
0
0
0
0
3.69241e-15
-9.22712e-16
0
0
0
0
0
0
0
0
0
0
0
0
0
0
0
0
0
0
0
0
0
0
0
0
0
0
-1.39757e-12
0
-5.34919e-13
0
0
0
0
-9.78592e-17
0
-4.9957e-17
0
0
0
-1.87004e-12
-3.48994e-17
-1.55493e-13
0
0
0
0
0
-1.8906e-14
1.19384e-14
0
0
0
0
0
0
0
0
0
0
0
0
0
0
0
0
0
0
0
0
0
0
0
0
0
0
0
0
0
-1.28829e-14
-3.31042e-12
0
0
0
0
0
0
0
0
0
0
0
0
0
0
0
-2.66139e-13
-3.75609e-16
0
0
0
0
0
0
0
0
0
-5.8362e-16
0
-2.0788e-17
0
0
0
0
0
0
0
0
0
0
1.57809e-12
7.08043e-13
-4.51407e-12
0
0
0
0
0
0
8.68797e-16
1.02163e-15
-3.45306e-15
0
0
0
0
0
0
0
0
0
0
0
0
0
0
0
0
0
0
0
-1.81689e-12
-9.25481e-13
0
0
0
0
0
0
0
0
0
0
0
1.53888e-12
4.15705e-13
-3.8048e-12
0
7.06306e-16
0
0
0
0
0
0
0
0
0
0
0
0
0
0
0
0
0
0
0
0
0
0
0
0
0
0
0
0
0
0
0
0
0
0
0
0
0
0
0
0
0
0
0
0
0
0
0
0
0
0
0
0
0
0
0
0
0
0
0
0
0
0
0
0
0
0
0
0
0
0
0
0
0
0
0
0
0
0
0
0
0
0
0
0
0
0
0
0
4.94016e-18
-5.66389e-16
-1.16416e-16
0
0
0
0
0
0
0
0
0
0
0
0
-1.5116e-13
-3.36099e-13
0
0
0
0
0
0
0
0
0
0
0
0
0
0
0
0
0
0
0
0
0
0
0
0
1.72791e-16
7.36227e-17
-1.29167e-11
-6.45347e-12
1.03064e-17
0
0
0
0
0
1.04091e-15
1.47379e-16
0
0
0
0
0
0
0
0
0
0
0
0
0
1.77557e-15
-5.6533e-17
-2.249e-16
-4.53769e-14
0
0
0
5.48749e-14
-5.90088e-13
8.73044e-14
0
0
0
0
0
0
0
0
0
1.60313e-15
7.39347e-16
0
0
0
0
0
0
0
0
0
0
0
0
0
0
0
0
0
1.04114e-12
3.47994e-13
0
0
0
0
0
0
0
2.45002e-16
0
0
0
0
6.48515e-13
-3.3554e-12
0
0
0
0
0
0
0
0
0
0
0
0
0
0
0
0
0
7.23248e-17
0
1.2564e-15
-4.70187e-16
-1.05818e-16
0
0
0
0
0
6.3565e-13
7.15837e-13
-2.71247e-12
0
0
0
0
0
0
0
0
0
0
0
0
0
0
0
0
0
0
0
5.39198e-12
-3.63629e-11
0
-4.83404e-16
0
0
0
0
0
0
0
0
0
0
0
0
0
1.50307e-11
2.75287e-07
-2.27187e-07
0
0
-2.24957e-13
-4.09617e-12
0
0
0
0
0
0
0
0
0
0
0
0
0
0
0
0
0
0
0
0
0
0
0
0
0
0
0
0
0
0
0
0
0
0
0
0
6.46926e-16
0
-4.899e-16
0
0
0
0
0
0
0
0
-2.78906e-31
-2.50849e-16
6.71513e-17
0
0
0
0
0
0
0
0
0
0
0
0
0
0
0
0
0
0
0
0
0
0
-2.28259e-14
3.12912e-17
0
0
0
2.41019e-16
1.41663e-16
2.6354e-14
0
0
0
0
0
-1.34216e-12
0
-7.33884e-14
0
0
0
0
0
0
0
0
0
0
0
0
0
0
0
0
0
0
0
0
0
0
0
0
0
-3.80946e-15
6.01792e-16
0
0
0
0
0
0
0
0
0
0
0
0
0
0
0
0
0
0
0
0
0
0
0
-3.39413e-13
-2.12879e-12
0
0
0
0
0
-1.81138e-12
-2.25034e-18
-9.9475e-13
0
0
0
0
0
0
0
0
0
0
0
0
0
0
0
0
0
0
0
0
0
1.80796e-15
-6.53502e-17
3.19029e-17
5.90522e-13
1.15014e-16
-1.83825e-12
0
0
0
0
0
0
7.10424e-16
-6.39265e-16
0
0
0
0
0
0
0
0
0
0
0
0
0
0
0
0
0
0
0
-4.07031e-16
0
0
0
0
0
0
0
-5.99415e-16
0
0
0
0
0
0
0
0
0
0
0
0
0
0
0
0
0
0
0
0
0
0
0
1.28984e-15
0
0
0
0
0
0
0
0
0
0
0
0
0
0
0
0
0
0
0
0
0
0
0
0
-1.32522e-12
0
0
0
0
0
0
0
0
0
-1.55173e-13
-3.58736e-12
0
0
-9.19804e-13
-8.61144e-13
0
0
0
0
0
0
0
0
0
0
0
0
-2.15218e-18
0
-1.05877e-18
0
0
0
0
0
0
0
0
0
4.65632e-13
6.05931e-13
-2.17071e-12
0
0
0
-9.7058e-13
-1.43561e-12
-7.38554e-16
0
0
0
0
0
0
0
0
0
0
0
0
0
0
0
0
0
0
0
0
0
0
0
0
0
0
0
0
0
0
0
0
0
0
0
0
0
0
0
0
0
0
0
0
0
0
0
0
0
0
0
0
0
0
1.12483e-14
5.25211e-16
-2.9053e-17
0
5.55362e-31
0
0
0
0
0
0
0
0
0
0
0
0
0
0
0
0
0
0
0
0
0
0
0
0
0
0
0
0
0
0
0
0
0
0
0
0
0
-1.34067e-12
-3.21451e-16
3.66265e-14
0
0
0
0
0
0
0
0
0
0
0
0
0
0
0
0
0
0
5.4879e-12
-1.53959e-11
2.03593e-12
0
0
0
0
0
3.54992e-17
-6.55786e-16
0
0
0
0
0
0
0
0
0
0
0
0
0
0
0
0
0
-6.19017e-09
-6.56513e-08
0
0
0
0
0
0
4.03652e-15
-2.1351e-15
0
0
0
2.28764e-15
0
-2.06966e-15
-2.33921e-15
0
0
0
1.35308e-16
0
0
-2.63295e-16
-4.19468e-13
0
0
0
-2.38845e-17
0
3.09685e-18
-1.88933e-18
0
0
0
0
0
0
-8.88523e-13
-8.96717e-17
-1.34497e-11
0
0
0
0
0
0
0
0
0
0
0
-1.82059e-12
0
0
0
0
0
0
0
0
0
0
0
0
0
0
0
0
0
0
0
0
0
0
0
0
0
0
0
6.44315e-13
-4.81646e-12
0
0
0
0
0
0
0
0
6.37033e-17
-6.40992e-16
3.97992e-18
0
0
0
0
0
0
0
0
-3.48182e-11
0
0
0
-9.56247e-17
0
0
0
0
0
0
0
0
0
-3.44175e-16
5.17416e-16
0
0
0
0
0
0
0
0
0
1.07237e-16
0
0
0
0
0
0
0
0
0
0
0
0
0
0
0
0
0
7.01009e-15
-1.37127e-15
0
0
0
6.77759e-12
3.58791e-12
-4.80007e-18
0
0
0
0
0
0
-1.16836e-15
3.03309e-16
0
0
0
0
0
-4.50246e-16
0
4.40308e-16
0
0
0
0
0
0
0
0
0
0
0
0
0
0
0
0
0
0
0
0
0
0
0
0
0
0
0
0
0
0
0
6.84106e-08
5.23357e-12
0
0
0
0
0
0
0
0
0
0
0
0
0
0
0
0
0
0
0
0
0
0
0
0
0
0
0
0
0
0
0
0
0
0
0
0
0
0
0
0
0
-5.16175e-13
0
0
0
0
0
-3.33969e-12
-4.94922e-15
0
1.67905e-15
0
0
0
0
0
0
0
0
0
0
0
0
0
0
0
0
0
0
0
0
0
0
0
0
0
5.55362e-31
-3.4521e-17
0
0
0
0
0
0
0
0
0
0
0
1.3584e-16
-1.77828e-16
0
0
0
0
0
0
0
0
0
0
0
-1.57606e-16
-2.04449e-17
0
-8.15716e-16
0
0
0
0
0
0
0
0
0
0
0
0
0
0
0
0
0
-1.11726e-30
0
0
1.07143e-15
-9.87386e-16
-5.34056e-17
0
0
0
0
0
0
0
0
0
0
0
0
0
0
0
0
0
0
0
0
0
0
0
0
0
0
0
0
0
0
0
0
0
0
0
0
0
0
0
0
0
0
0
0
0
0
0
0
0
0
0
0
0
0
0
0
0
0
0
0
0
0
0
0
0
0
0
0
1.05197e-14
-8.11055e-15
-5.61896e-31
0
0
0
0
0
0
0
0
0
0
0
0
0
0
0
0
0
0
0
0
0
0
1.91116e-12
1.0681e-12
-5.92451e-12
0
0
0
0
0
0
0
-5.27433e-17
-5.85664e-13
0
0
0
0
0
0
0
0
0
0
0
0
0
0
0
0
0
0
0
0
0
0
0
0
-3.63906e-15
0
4.42009e-14
-4.00502e-15
0
-1.64326e-16
0
0
0
0
0
0
0
0
-1.32532e-12
-9.33746e-13
0
0
0
0
0
0
0
0
0
0
0
0
0
0
0
0
0
0
0
0
1.63508e-12
-2.44339e-12
8.09456e-14
0
0
0
0
0
0
0
0
0
0
0
0
0
0
-7.24075e-16
9.99413e-17
0
0
0
0
0
0
0
0
3.78634e-12
9.93646e-15
-5.70831e-12
0
0
0
0
0
0
0
0
0
0
0
0
0
0
0
0
0
0
0
0
0
0
0
0
0
0
0
0
0
0
0
0
0
0
0
0
0
0
0
0
0
0
0
-2.93924e-14
7.05553e-16
0
0
0
0
0
0
0
0
0
0
0
0
0
0
0
-1.69002e-16
1.5377e-16
1.15611e-14
0
0
0
0
0
7.22488e-17
2.16775e-12
-1.18965e-11
0
0
0
0
0
0
0
0
0
0
0
0
0
0
0
0
0
0
0
0
0
0
0
-4.25084e-17
4.16832e-17
0
-9.64938e-16
4.40924e-16
0
0
0
0
0
0
0
0
0
0
-1.13997e-16
0
3.04162e-16
0
1.50415e-16
-2.63664e-12
7.64645e-13
0
0
0
0
0
1.44818e-12
1.10458e-12
-5.1161e-12
2.49026e-17
-1.19814e-15
-4.79009e-17
0
0
0
0
0
0
0
0
0
0
0
0
0
0
0
0
0
0
0
0
0
0
0
0
0
0
0
-1.65019e-16
-9.00255e-17
1.44026e-16
0
0
0
0
0
0
0
0
-2.48237e-14
0
4.66088e-14
0
0
0
-5.96448e-13
-8.96402e-14
-1.21149e-16
0
0
0
0
4.39924e-15
0
0
0
0
0
0
0
-5.64483e-12
9.71375e-13
0
0
0
0
0
0
0
0
0
-3.97627e-12
-8.90517e-16
0
0
0
0
0
0
0
0
0
0
0
0
0
0
0
0
0
0
0
0
0
0
0
0
0
0
0
0
0
0
0
-1.49768e-12
-1.49531e-12
0
1.90207e-17
1.7847e-16
-1.09984e-14
3.1159e-16
0
0
0
0
0
0
0
-1.30852e-17
4.42024e-16
0
0
0
0
0
0
0
-2.82324e-13
-2.08794e-13
-8.43744e-13
-6.22086e-17
5.0908e-16
-2.37464e-20
0
0
0
0
0
0
0
0
0
0
0
0
0
0
0
0
0
0
0
0
0
0
0
0
0
0
0
0
0
0
0
0
0
0
0
0
0
0
0
0
0
0
0
-1.75413e-12
-1.49496e-16
-7.71329e-13
0
0
0
0
1.94873e-16
2.64246e-15
0
0
0
0
0
0
0
0
0
0
0
-1.86682e-18
3.65452e-17
3.49477e-16
0
0
0
0
0
0
0
0
0
0
0
-6.22675e-15
1.1012e-14
0
0
0
0
0
0
0
0
-1.0283e-13
0
0
0
0
0
0
0
0
0
0
0
0
0
0
0
0
0
0
0
0
0
0
0
0
0
0
0
0
0
0
0
0
0
0
0
0
0
0
0
0
0
-3.53934e-17
-2.39864e-15
0
0
0
0
7.85204e-17
0
0
0
0
0
0
0
0
0
0
0
0
0
0
0
0
0
0
0
0
0
0
0
0
0
0
0
0
0
0
0
0
0
0
0
0
0
0
0
0
0
0
0
0
0
0
0
0
0
0
0
0
0
0
-1.44331e-18
-7.22913e-16
0
0
0
1.83938e-12
-5.76314e-12
1.06267e-12
0
0
0
0
0
-2.21674e-17
0
0
0
0
0
0
0
9.129e-15
-4.56697e-15
0
0
0
0
0
0
0
0
0
0
0
0
0
0
0
0
0
0
0
0
0
0
0
0
0
0
5.31075e-17
0
0
0
0
0
0
0
0
3.97993e-16
-7.96664e-16
1.19466e-15
0
0
0
0
0
0
0
0
0
0
0
0
0
6.20211e-17
1.09233e-15
5.21868e-17
0
-1.26031e-16
0
0
0
0
0
0
0
0
4.73831e-19
0
0
0
0
0
0
-1.49083e-18
0
0
0
0
0
0
7.37843e-16
-6.64429e-16
0
0
0
0
0
-4.99362e-13
0
0
0
0
0
0
0
0
0
0
-3.80254e-12
5.67662e-13
0
0
0
0
0
0
0
-3.03691e-16
-4.7008e-17
0
-1.24474e-14
0
0
0
0
0
0
0
0
0
0
0
0
0
0
0
0
0
0
0
0
0
0
0
0
0
0
0
0
0
0
0
0
0
0
0
0
0
0
0
0
0
0
-7.15355e-17
0
0
0
0
0
0
0
0
0
0
0
3.01245e-17
-1.39354e-11
0
0
0
0
0
0
0
0
-2.00606e-15
0
-7.4317e-16
0
5.10292e-16
0
0
0
0
0
0
1.19536e-16
-6.62251e-16
0
0
0
0
0
0
0
-6.06188e-17
0
0
1.28861e-15
0
0
0
0
0
0
0
0
0
0
1.36335e-15
0
0
0
0
0
0
0
0
0
0
0
0
0
0
0
0
0
0
0
0
0
0
0
0
0
0
0
0
0
0
0
0
0
0
0
0
0
0
0
0
0
0
0
0
0
0
0
0
0
0
0
0
0
0
0
0
0
-1.30826e-15
4.28259e-17
0
0
0
0
0
0
0
0
0
0
0
0
0
0
0
0
0
0
0
0
0
0
0
-3.35809e-16
-1.69374e-12
0
0
0
0
0
0
0
0
0
0
0
0
8.64211e-16
0
1.78761e-29
0
0
0
0
0
0
0
0
0
0
0
0
0
0
0
0
0
0
0
0
0
0
0
2.44111e-15
-5.82358e-16
3.29641e-15
0
0
0
0
0
0
0
0
0
0
1.31403e-16
0
0
0
0
0
0
0
0
0
0
0
0
0
0
0
0
0
0
0
0
0
0
0
0
2.97711e-15
0
0
0
0
0
0
0
0
0
0
0
0
0
0
0
0
0
-2.50432e-16
8.50653e-15
0
0
0
0
0
0
0
0
0
-7.2196e-16
-4.14952e-18
0
0
0
0
0
0
0
0
0
0
0
0
0
0
0
0
0
0
0
0
0
0
0
0
0
0
0
0
0
0
0
0
0
6.51244e-17
-1.26133e-12
0
0
0
0
0
0
0
0
0
0
0
0
0
0
0
0
1.55223e-12
-4.80322e-12
8.33823e-13
0
0
0
0
0
0
0
0
0
0
0
-4.46566e-12
3.6283e-17
-2.41257e-12
0
0
0
0
0
0
0
0
0
0
0
4.46903e-30
0
0
0
2.62603e-17
-2.13796e-16
0
0
0
0
0
0
0
0
0
3.07958e-16
-9.46291e-16
0
0
1.67262e-30
-2.62971e-16
0
0
0
0
1.99698e-12
7.43493e-16
-3.71463e-12
0
0
0
0
0
0
0
-1.81371e-12
0
0
0
0
-6.97958e-16
3.72965e-16
-1.44969e-16
-1.10473e-16
4.00406e-15
0
0
-3.72328e-16
-3.2682e-12
-2.12216e-12
0
0
0
0
0
0
0
0
0
0
0
0
0
0
0
-3.20587e-16
0
0
0
0
0
0
0
0
0
0
-1.79089e-16
0
0
0
0
0
0
0
0
0
-1.59956e-12
0
-1.34863e-12
0
0
0
1.51383e-15
0
0
0
-1.49087e-12
-1.11834e-12
0
-9.99695e-13
-3.61963e-12
0
0
0
0
0
0
0
0
0
0
8.5696e-13
-2.936e-16
-4.67454e-12
0
0
0
0
0
0
0
0
0
0
0
0
-1.01887e-16
-4.37657e-17
0
0
0
0
0
0
0
0
0
0
0
-3.25286e-16
0
6.9396e-17
0
0
0
0
0
0
0
0
0
0
0
0
-1.9187e-12
-5.03885e-18
0
0
0
3.91836e-17
9.55031e-18
0
0
0
-5.11123e-16
0
0
0
0
0
0
1.84475e-15
1.98619e-16
0
0
0
0
0
0
0
0
0
0
4.05623e-15
2.31196e-15
1.75332e-16
1.26654e-15
0
0
0
7.55741e-12
9.19441e-12
-3.34683e-11
7.99282e-16
-1.37043e-16
8.35882e-15
0
0
0
0
1.89531e-16
-1.78494e-14
-6.1402e-13
-1.20373e-12
0
3.3658e-17
-5.38441e-17
0
0
0
0
0
0
0
0
0
0
0
0
0
1.17111e-15
0
0
0
0
0
0
0
0
0
0
0
0
0
0
-4.83276e-12
9.43645e-13
0
0
0
0
0
0
0
0
0
0
0
0
0
0
0
0
0
0
0
0
0
0
0
0
0
0
0
0
0
0
0
1.71953e-16
-1.16207e-17
0
0
0
0
0
0
0
0
0
0
0
0
0
0
-8.02703e-17
-7.07552e-18
0
0
0
0
0
0
0
0
0
0
0
0
0
0
0
0
0
0
0
0
0
0
0
1.09135e-16
0
0
-4.04883e-12
-1.55577e-16
0
0
0
0
0
0
0
4.13845e-16
0
-4.242e-16
0
-1.20843e-12
0
1.1717e-16
0
0
0
0
0
-8.90537e-18
0
0
0
0
0
0
0
0
0
5.90731e-17
0
-8.1332e-17
0
0
-1.54433e-15
2.76676e-15
0
0
0
0
0
0
0
5.76697e-13
-9.61859e-13
0
0
0
0
0
0
0
0
0
0
0
0
0
0
0
0
0
0
0
-3.49938e-11
0
0
0
0
0
0
0
0
0
0
0
0
0
0
0
0
0
0
0
0
0
0
0
0
-1.9036e-16
0
3.29446e-15
0
0
0
0
0
0
0
0
0
0
0
0
0
0
0
0
0
0
0
0
0
0
-6.83032e-17
0
-1.17055e-18
0
8.33761e-17
-8.68086e-18
0
0
0
0
0
0
0
0
0
0
0
0
0
0
1.57633e-15
0
-1.6963e-16
0
0
0
0
0
0
0
0
0
-4.55994e-13
0
0
0
0
0
0
0
0
0
0
-1.12126e-11
1.41438e-12
0
0
0
0
0
0
0
0
0
0
0
0
0
0
0
0
0
0
0
0
0
0
0
0
0
-3.28333e-18
1.67372e-18
0
0
0
0
0
0
0
0
0
3.07386e-17
5.13701e-16
0
0
0
0
0
0
0
0
0
0
0
0
0
0
0
0
0
0
0
0
1.27774e-12
1.61117e-12
-5.79187e-12
0
0
0
1.74402e-16
0
0
0
0
0
1.70378e-15
-2.65863e-16
0
0
0
0
0
0
0
0
0
0
0
0
0
0
0
0
0
0
0
0
0
0
0
0
0
0
0
0
0
0
0
0
0
0
0
0
0
0
0
0
0
-3.52998e-16
7.32462e-16
0
0
0
0
0
0
0
0
0
0
0
0
0
0
0
-4.49249e-15
0
0
0
0
0
0
0
0
0
0
0
0
0
0
1.01188e-14
1.57504e-16
0
-6.56147e-13
-1.19358e-12
0
0
0
0
0
0
-3.76227e-13
0
-5.04482e-17
0
0
0
0
0
0
0
0
0
0
0
4.16861e-15
6.83868e-13
-1.18093e-11
3.99529e-17
0
0
0
0
0
0
0
0
0
0
0
0
0
0
0
0
0
-3.92274e-12
1.82748e-15
-2.70254e-16
1.76774e-15
-2.56398e-15
0
0
0
0
-2.93656e-16
-8.01891e-16
0
0
0
0
0
0
0
0
0
0
0
0
0
0
0
0
0
0
0
0
0
0
0
0
0
0
0
0
0
0
0
0
0
0
0
0
0
0
0
0
0
0
0
0
0
0
0
0
1.33289e-12
-5.975e-12
0
0
0
0
0
0
0
0
0
0
0
0
0
0
0
0
-5.16372e-17
0
0
0
2.24645e-14
0
0
1.74183e-15
1.70806e-16
-3.46523e-17
3.77588e-14
-3.48702e-12
0
0
0
0
0
0
0
0
0
0
7.94535e-17
4.92797e-17
-1.70081e-15
-2.88648e-13
-5.84215e-12
1.2685e-16
0
0
0
0
0
0
0
0
0
0
0
0
0
0
0
0
0
0
0
0
0
0
0
0
0
0
1.12557e-12
-1.20845e-13
-1.03168e-12
0
0
0
0
-6.00069e-16
0
0
0
0
2.03978e-15
0
0
0
0
0
0
0
0
0
0
0
0
6.12137e-15
0
-3.56933e-16
-6.91336e-17
0
2.38754e-16
0
0
0
0
0
0
0
0
0
0
0
0
0
0
0
0
0
0
0
0
0
0
0
0
0
0
0
0
0
0
0
0
0
-6.58022e-16
0
0
-1.9058e-15
0
2.154e-15
-2.24399e-16
0
0
0
0
0
0
-3.26652e-17
0
-4.8566e-17
0
7.95737e-17
3.77726e-16
0
0
0
0
0
0
0
0
0
0
0
0
0
0
0
0
0
0
0
0
0
0
0
2.07411e-15
1.93e-15
0
0
-3.14118e-15
-7.74955e-16
0
0
0
0
-1.77258e-16
-2.3482e-17
0
0
0
0
0
0
0
0
0
0
-1.99561e-17
-8.08666e-12
0
0
0
0
0
0
0
0
0
0
0
0
0
0
0
0
0
0
0
0
0
0
2.49064e-12
-4.28053e-12
0
0
0
0
0
0
0
0
0
0
0
0
0
0
0
0
0
-2.41144e-16
-1.72069e-16
0
0
9.89156e-13
-3.12135e-12
5.62922e-13
0
0
0
0
0
0
0
0
0
0
0
0
0
0
0
0
0
0
-2.33925e-19
0
0
8.45202e-17
6.14987e-17
0
0
0
0
0
0
0
0
0
0
0
0
4.29468e-15
-1.18706e-16
1.71527e-16
0
0
0
0
0
0
-8.66751e-12
0
0
0
0
0
0
0
0
0
0
0
0
0
0
0
0
0
0
0
0
0
0
0
5.44921e-16
5.75023e-16
1.15824e-15
0
-4.87261e-16
0
0
0
0
0
0
0
0
0
0
0
0
0
0
0
0
0
0
0
0
0
0
0
0
0
0
6.66374e-18
0
0
0
0
0
0
0
-1.0716e-16
0
0
0
0
0
0
2.74909e-16
-3.6867e-16
0
0
0
0
0
0
-1.30582e-11
0
0
0
0
0
-1.8389e-17
0
0
0
0
0
0
0
0
0
0
0
0
0
0
0
0
0
0
0
0
0
0
0
0
0
0
0
0
0
0
0
-1.08571e-14
-3.01911e-16
-1.88186e-16
0
0
0
0
0
0
0
0
0
0
0
0
0
6.92193e-16
9.37009e-17
0
0
0
0
0
0
-2.13909e-12
0
0
0
-2.30217e-16
0
0
0
0
0
0
0
0
0
0
0
0
0
0
0
0
0
0
0
0
0
0
0
0
0
0
0
0
0
0
0
0
-2.76828e-16
-8.83734e-16
0
0
0
0
0
0
0
0
0
3.70897e-16
0
-1.54946e-12
0
0
0
0
0
-2.61391e-15
0
-4.59117e-16
0
0
0
0
0
0
0
0
0
0
0
0
0
0
0
0
0
0
0
0
0
0
0
0
0
0
0
0
0
0
0
0
0
0
0
0
0
0
-7.35005e-13
0
0
0
0
1.17416e-15
5.86662e-17
0
-3.22329e-12
-1.37123e-12
0
0
0
0
0
0
0
0
0
-3.11598e-15
0
0
0
0
0
0
0
0
0
0
0
0
0
0
0
0
0
0
0
0
6.13681e-16
0
0
0
0
7.63288e-16
-1.33873e-15
0
0
3.27562e-16
0
0
0
0
4.83259e-15
0
0
0
0
0
0
3.52428e-16
1.25699e-16
0
0
0
0
0
0
-3.22614e-15
5.03042e-15
4.03444e-15
0
0
0
0
0
0
0
0
0
0
0
2.29931e-15
0
0
0
0
0
0
0
0
0
-3.83678e-15
6.09396e-17
0
0
0
0
0
0
0
0
-1.75256e-15
0
3.34524e-30
0
0
0
0
0
1.39437e-15
0
-9.91368e-12
0
9.69736e-15
0
2.85328e-18
0
0
0
0
0
0
-4.00827e-15
6.74275e-16
0
0
0
0
5.42796e-16
0
-4.42732e-16
0
0
0
0
0
0
0
0
0
0
0
0
0
0
0
0
0
0
0
0
0
0
0
0
0
0
0
0
0
0
0
0
0
0
0
0
0
0
0
0
0
0
0
0
0
0
0
0
0
0
0
0
0
0
0
0
0
-2.97413e-12
0
-1.5637e-12
0
0
0
0
0
0
0
0
0
0
-5.649e-12
0
-5.06006e-17
7.24753e-17
0
0
0
0
0
0
0
0
0
0
0
0
0
0
0
0
0
0
0
-4.70075e-12
8.70823e-13
0
0
0
0
0
0
0
0
0
0
0
0
0
0
-1.65155e-15
0
0
-2.86987e-12
0
-1.22184e-12
0
-7.79271e-13
0
0
0
0
0
0
0
0
1.47928e-16
-6.22763e-16
0
0
0
0
0
0
0
0
0
0
0
0
0
0
0
0
0
0
5.89417e-16
-7.73608e-17
6.40877e-16
0
0
0
0
0
0
0
0
0
0
0
0
-1.58899e-15
0
0
0
0
0
0
0
0
0
0
0
0
0
0
0
0
0
0
0
0
0
0
0
0
0
0
0
0
0
0
0
-5.04556e-16
0
0
0
0
0
0
0
0
0
0
0
0
0
0
0
0
0
0
0
4.87737e-17
0
-1.86343e-18
2.43092e-18
0
0
0
0
0
0
0
0
0
0
0
0
0
0
0
0
0
0
0
0
0
-1.3779e-16
-1.25196e-16
-2.64354e-15
0
0
0
0
0
0
0
0
0
0
0
0
0
0
0
0
0
0
0
0
0
0
0
0
0
-1.92056e-15
-2.10843e-16
0
0
0
0
0
0
0
0
0
0
0
0
0
0
0
0
7.54219e-15
-4.42936e-12
0
1.81529e-16
2.79144e-16
-2.93764e-16
0
0
0
-4.59264e-12
0
0
0
0
0
0
0
0
0
0
0
0
0
0
0
0
3.1025e-17
-2.00117e-16
0
0
0
0
0
0
0
-8.03926e-13
-1.36926e-12
0
0
0
0
0
0
-1.11726e-30
0
0
0
0
0
0
0
0
0
0
0
0
0
0
0
0
-1.30736e-16
0
0
0
0
0
0
0
0
0
0
0
0
0
0
0
0
0
0
2.1053e-17
1.62392e-16
0
-2.40967e-16
-8.30466e-15
0
0
0
0
0
0
0
0
0
0
0
0
0
0
0
0
0
-1.0472e-12
0
0
0
0
0
0
0
0
0
0
0
0
0
0
0
0
0
0
0
0
0
0
0
-5.14912e-19
0
0
0
0
0
0
0
0
0
0
0
0
0
0
0
0
0
0
0
0
0
0
0
0
0
0
0
0
0
0
0
0
0
0
0
0
0
0
0
0
0
2.48437e-16
0
0
0
0
0
0
0
0
0
0
0
0
0
0
-9.33277e-17
4.46116e-17
0
0
0
0
0
0
0
0
0
0
0
0
0
7.61651e-17
0
0
0
0
0
0
0
0
0
0
0
0
0
0
0
0
0
0
0
0
0
0
0
0
0
0
0
0
0
-3.2451e-15
-3.854e-16
4.76976e-16
-4.69671e-16
0
0
0
8.37339e-16
0
0
0
0
0
0
0
0
0
0
0
0
0
-7.93405e-18
0
-6.18011e-18
0
0
0
0
0
3.37906e-18
0
0
0
0
0
2.96385e-15
-1.28001e-15
0
0
0
0
0
0
0
0
0
0
0
0
0
-3.3957e-15
3.47602e-16
0
0
0
0
0
0
0
0
0
0
0
0
0
0
0
-1.36769e-12
0
0
0
0
0
0
0
0
0
0
0
0
0
0
0
0
0
0
0
0
0
0
0
-4.749e-17
0
0
0
0
0
0
0
0
0
0
0
0
-9.82486e-16
-5.50659e-16
0
-1.2424e-15
0
0
0
0
0
0
0
0
0
0
0
0
0
0
0
0
0
0
0
0
0
0
0
0
0
0
0
0
0
0
-1.72413e-16
-5.57539e-31
0
0
0
0
0
0
0
0
0
0
0
0
0
0
0
0
0
0
0
0
0
0
0
0
0
-2.26802e-16
4.32034e-16
0
0
0
0
0
0
0
0
0
0
0
0
0
0
0
0
0
0
2.15499e-14
3.08638e-14
-2.03111e-16
0
-1.00105e-15
0
0
0
0
0
0
0
0
0
0
0
0
0
0
0
0
0
0
0
0
0
0
0
0
0
0
0
0
6.46539e-13
-2.35664e-12
0
0
0
0
0
0
0
0
5.85589e-17
0
0
0
0
0
0
0
0
0
0
0
0
0
1.93307e-18
-1.91015e-16
0
0
0
0
0
0
0
0
0
0
0
0
0
0
0
0
0
0
0
0
0
0
-1.5607e-16
0
0
0
-4.97489e-15
0
-3.33353e-15
0
0
0
3.47246e-17
1.30577e-15
0
0
0
0
0
0
4.68166e-16
0
-1.86417e-15
-1.63616e-16
0
0
0
0
0
0
0
0
0
0
0
0
0
0
0
2.32851e-16
-8.3631e-31
0
-5.44015e-08
1.37254e-13
1.49727e-07
0
0
0
0
6.69442e-18
7.60989e-18
0
0
0
-1.7998e-16
-6.04734e-18
0
0
0
0
0
0
2.29298e-15
0
0
0
0
0
0
0
0
0
0
0
0
0
0
0
0
0
0
0
0
0
0
0
6.27738e-17
-2.13635e-17
1.7555e-18
0
0
0
0
0
0
0
-1.62226e-16
0
0
0
0
0
0
0
0
0
0
0
0
0
0
0
0
0
0
0
0
0
0
0
0
0
0
0
1.6422e-15
1.70091e-16
0
0
0
0
0
0
0
0
0
0
0
0
0
0
0
0
0
-1.62879e-16
4.03464e-15
0
0
0
0
0
0
0
0
0
0
0
0
0
0
0
0
0
0
0
0
0
0
0
0
0
0
6.83153e-16
0
2.63586e-17
-1.48443e-16
0
0
0
0
0
0
0
0
0
0
0
0
0
0
0
0
0
0
0
0
0
0
0
0
0
0
0
0
0
0
0
0
0
0
0
0
0
4.66953e-16
-6.40023e-16
1.20424e-17
0
0
0
0
1.21912e-15
3.17243e-16
0
0
0
0
0
0
0
0
0
0
0
0
0
0
0
3.34008e-17
1.19946e-16
0
0
0
0
0
0
0
0
0
0
0
0
0
0
2.13704e-16
-5.64618e-16
0
0
0
0
0
0
0
0
0
0
0
0
0
0
0
0
0
0
0
0
0
0
0
0
0
0
0
0
0
0
0
0
0
-1.3508e-16
-2.61681e-18
0
0
0
0
0
0
0
1.52665e-18
1.28389e-16
0
0
0
0
0
0
0
0
0
-1.2137e-15
0
0
0
0
0
0
0
0
0
0
0
0
0
2.0054e-15
0
0
0
0
0
0
-1.00594e-15
-3.98545e-17
0
0
0
0
0
1.06078e-15
0
1.49736e-16
-2.90715e-16
0
0
0
0
0
0
0
0
0
0
0
0
0
0
0
0
0
-1.64931e-15
0
0
0
0
0
0
0
0
0
0
0
0
0
0
0
0
0
0
0
0
0
0
3.32308e-15
0
0
0
0
0
0
0
0
-5.45817e-12
0
-1.39878e-17
0
6.6986e-17
0
0
0
0
0
0
8.56795e-08
3.30703e-12
0
0
0
0
-5.72748e-15
0
0
0
0
0
0
0
2.91463e-14
0
0
0
0
0
0
0
0
0
1.31012e-15
-3.17522e-18
0
0
1.06897e-15
0
-4.53607e-16
-6.99357e-13
-5.39577e-16
-1.77065e-13
0
0
0
0
0
0
0
0
2.13296e-15
4.96127e-17
0
0
0
0
0
0
0
0
0
0
0
0
0
0
0
0
0
0
0
0
0
0
0
0
0
0
0
0
0
0
0
0
0
0
0
0
0
0
0
0
0
0
0
0
0
0
0
0
0
0
0
0
0
0
0
5.48446e-17
-3.03183e-17
0
0
0
0
0
2.16387e-16
0
1.32336e-12
-3.86124e-12
0
0
0
0
0
0
0
0
-8.43905e-16
-2.05976e-19
0
0
0
-1.07366e-14
0
0
0
0
0
-1.55422e-15
0
0
0
0
0
0
0
-1.66037e-16
-1.88432e-18
0
0
0
0
0
-2.22145e-30
0
0
0
1.83698e-15
1.07111e-15
-1.88867e-15
-1.13366e-17
0
0
0
0
0
0
0
4.66953e-16
0
0
0
0
0
2.16442e-15
-5.86082e-17
0
0
0
0
0
0
0
0
0
0
-7.25963e-12
0
0
6.62577e-17
0
-3.66941e-17
0
0
0
0
4.73373e-16
0
0
0
1.16867e-16
0
0
0
0
-2.31521e-15
1.10001e-16
0
0
0
1.56406e-17
0
0
0
0
0
0
0
-3.63387e-12
0
0
0
0
0
1.73155e-16
1.7463e-16
0
0
0
0
0
0
0
0
0
0
-5.47064e-16
0
0
0
0
0
2.17904e-17
-6.38887e-16
6.14719e-16
4.64329e-17
0
0
0
0
0
0
0
0
0
0
0
0
0
0
0
0
0
0
0
0
0
1.67597e-15
-4.04932e-17
0
0
0
0
0
0
0
0
0
0
0
0
-1.67183e-12
0
2.82998e-16
0
0
0
0
0
0
0
0
0
0
0
0
0
0
0
0
2.6373e-16
0
0
0
0
0
7.62984e-17
4.68049e-17
-1.24778e-15
0
0
0
0
0
0
0
0
0
-3.23564e-16
0
0
0
-9.7223e-13
0
0
0
0
0
0
0
0
0
0
-2.23452e-30
-3.68082e-16
0
0
0
0
0
0
0
0
0
0
0
-2.16269e-16
0
0
0
0
0
0
0
0
0
0
-3.56953e-16
0
0
0
0
-1.01692e-15
0
0
0
0
0
-4.79216e-16
-1.1373e-16
2.77189e-16
1.7058e-15
-1.07787e-15
0
0
0
0
0
0
0
0
0
0
2.99785e-17
-1.24343e-16
0
0
0
0
0
0
0
0
-2.04906e-16
0
0
0
0
0
0
0
0
0
0
0
0
0
-7.1093e-15
0
0
0
0
0
0
0
0
0
0
0
0
0
0
0
0
0
0
0
0
0
0
0
0
-4.26817e-15
0
0
0
0
0
0
0
0
0
0
0
0
0
0
0
0
0
0
0
0
0
0
0
0
0
1.9761e-12
-6.66544e-12
1.35913e-12
0
0
0
0
0
0
0
0
0
0
0
0
0
0
0
0
0
0
0
0
0
0
0
0
0
0
0
-2.26703e-15
1.50569e-17
-9.23511e-17
0
0
0
0
0
0
9.26518e-18
0
0
0
0
0
0
0
0
0
0
0
0
0
0
0
0
0
0
0
0
0
0
0
8.7479e-16
-3.39169e-17
0
0
0
0
0
0
0
0
0
0
0
0
0
0
0
0
0
0
0
0
0
0
0
0
0
0
0
0
0
0
9.94085e-09
4.67473e-12
3.57376e-15
0
0
0
0
0
0
0
0
0
0
0
0
0
0
0
0
0
-3.8991e-15
-1.18495e-17
0
0
0
0
0
0
0
0
0
0
0
0
0
0
0
0
0
0
0
0
0
0
0
0
1.58868e-17
0
-7.98044e-15
0
0
0
0
0
0
0
0
0
0
0
0
0
0
0
0
0
3.26927e-16
0
0
0
0
0
0
0
0
0
0
0
-1.92448e-15
4.84988e-16
0
0
0
0
0
0
0
1.74621e-15
-5.35902e-16
0
0
0
0
0
0
0
0
0
0
0
1.53454e-16
0
0
0
0
0
0
0
0
0
0
0
0
-1.07942e-16
-1.18299e-16
0
0
0
0
5.37495e-15
-4.01232e-17
0
0
0
0
0
0
0
0
0
0
0
0
0
0
-1.11287e-17
0
0
0
0
7.54485e-17
2.18636e-15
-2.27945e-15
0
0
0
0
0
0
0
2.09121e-16
-6.57339e-16
0
0
0
0
0
0
0
0
0
0
0
0
0
0
0
0
0
0
0
0
0
0
0
0
0
0
0
0
0
0
0
0
0
0
0
0
0
0
0
0
0
2.5231e-15
0
0
0
0
0
0
0
0
0
0
0
0
0
0
0
0
0
0
1.34222e-16
-1.65931e-16
0
0
3.29847e-17
0
0
0
0
0
0
0
0
0
0
0
0
0
0
0
0
0
0
0
0
0
0
0
0
0
-5.47212e-16
-1.60468e-16
0
0
2.79859e-31
-1.63816e-15
0
0
0
0
0
0
0
0
0
0
0
0
0
0
0
0
0
0
0
7.26542e-17
0
0
0
0
0
0
0
0
0
0
0
0
0
0
0
0
0
0
0
0
0
0
0
0
0
3.24614e-16
0
1.07737e-16
0
0
0
0
1.02848e-16
0
0
0
0
0
0
0
-3.13375e-16
0
7.03319e-16
0
0
0
0
0
-1.41929e-16
6.17721e-16
0
0
0
0
0
0
0
0
0
0
0
-4.34569e-15
0
0
0
0
0
0
3.74408e-16
-2.43785e-14
0
0
0
0
0
-3.19193e-15
5.87988e-16
0
0
0
0
0
0
0
0
0
0
0
0
0
0
0
0
0
0
0
0
0
0
0
0
0
0
0
0
0
0
0
0
0
0
0
1.86844e-16
0
0
0
-3.71925e-17
0
0
0
0
0
0
0
0
0
0
0
0
0
0
0
0
0
0
0
0
0
0
0
0
0
0
0
0
0
0
0
0
0
0
0
0
0
0
0
0
3.52115e-15
2.71778e-16
0
0
0
0
0
0
0
0
0
0
0
0
0
0
0
0
0
0
0
0
0
0
0
0
0
0
0
0
0
0
0
0
-4.49232e-16
0
0
0
-2.6374e-16
0
0
0
0
0
0
0
0
0
0
0
0
0
0
0
-7.37156e-16
0
0
0
0
0
-2.14428e-15
-8.17811e-16
0
0
0
0
0
0
0
0
4.31239e-15
0
0
0
0
0
0
0
0
0
0
0
0
0
0
0
0
0
0
0
0
0
0
0
0
0
0
0
0
0
0
0
0
0
0
0
0
0
0
0
4.42826e-16
2.41425e-16
0
0
0
0
0
0
0
0
0
0
0
0
0
0
0
0
0
0
0
0
0
0
0
0
0
0
0
0
0
0
0
-3.41302e-16
0
0
0
0
0
0
0
0
0
0
0
0
0
0
0
0
0
0
0
0
0
0
0
0
0
0
0
0
0
0
0
0
0
0
0
0
0
0
0
0
0
0
0
0
0
0
0
0
0
0
0
0
0
0
0
0
0
0
0
0
0
0
0
0
0
0
0
1.67091e-15
3.2276e-16
0
0
0
4.41877e-15
0
0
0
0
0
0
0
0
0
0
0
0
0
0
0
0
0
0
0
0
6.03973e-16
0
0
0
0
0
0
1.12474e-16
0
3.32568e-17
0
0
0
0
0
2.23936e-16
2.00992e-16
0
0
0
0
0
0
0
0
0
0
0
0
0
0
0
0
0
0
0
0
0
1.01856e-15
0
0
0
0
0
0
0
0
0
0
0
0
0
0
0
0
0
0
0
0
0
0
0
0
0
0
3.45074e-16
0
0
0
0
0
0
0
0
0
0
0
-2.8874e-16
0
0
0
0
0
0
0
0
0
0
0
0
0
0
0
0
0
0
0
0
0
0
0
0
0
0
0
0
0
0
0
0
0
0
0
0
0
0
0
0
0
0
0
0
0
0
0
0
0
0
0
0
0
0
0
0
0
0
0
0
0
0
0
0
0
0
0
0
0
0
0
-2.43151e-15
-5.15319e-16
0
0
0
0
4.2515e-16
0
0
0
0
0
0
0
0
0
0
0
0
0
0
0
0
0
0
0
0
0
0
0
0
7.27258e-16
-3.21084e-16
0
0
0
0
0
0
0
0
0
0
-5.41873e-16
6.36496e-16
0
-5.55362e-31
0
0
0
0
0
0
0
0
0
0
0
0
0
0
0
0
0
0
-7.6245e-16
0
0
0
0
0
0
0
0
0
0
0
0
0
-6.30384e-19
7.79232e-16
0
0
0
0
0
0
0
0
0
0
0
0
0
0
0
0
0
3.88213e-18
0
0
0
0
0
0
0
0
0
0
0
0
0
0
0
0
0
0
0
0
1.08846e-16
0
0
0
0
0
0
0
0
0
0
0
0
0
0
0
0
-8.18995e-15
0
3.97187e-16
0
0
0
0
0
0
0
0
0
0
0
0
0
0
0
-3.20498e-16
0
2.48168e-16
0
0
0
-2.41877e-15
0
0
0
0
0
0
0
0
0
0
0
0
0
0
0
0
1.13274e-16
0
0
0
0
0
0
0
0
0
0
0
0
0
0
0
0
7.54995e-16
0
0
0
0
0
0
0
0
0
0
0
0
0
0
0
0
0
0
0
1.53606e-16
8.20567e-17
0
0
0
0
0
0
0
0
0
0
0
0
0
0
0
0
0
0
0
0
-2.78558e-16
-2.84211e-16
0
0
0
0
0
0
-1.30331e-15
-5.85199e-16
0
0
0
0
0
0
0
0
0
0
0
0
0
0
0
0
8.61136e-18
0
0
0
0
0
0
0
0
0
0
0
0
0
0
0
0
0
0
0
0
0
0
0
0
0
0
0
0
-1.39066e-14
0
0
0
0
0
0
0
0
0
0
0
0
0
0
0
0
0
0
0
0
0
0
0
0
0
-9.96868e-17
0
0
0
0
0
2.46748e-16
-5.44473e-16
0
0
0
0
0
0
0
0
0
0
0
0
0
0
0
0
0
0
0
0
0
0
0
0
0
0
0
0
0
0
0
0
0
0
0
0
0
0
0
0
0
0
0
0
0
0
0
0
0
0
0
0
0
0
0
0
0
0
0
0
0
0
0
0
0
0
0
0
0
0
0
0
0
0
0
0
0
0
0
1.32185e-16
-6.98193e-15
0
0
-2.29867e-15
-1.33808e-16
0
0
0
0
0
0
0
0
0
0
0
0
0
0
0
0
0
0
0
0
0
0
0
0
0
0
0
0
0
0
0
0
0
0
0
0
0
0
-4.40163e-16
0
0
-1.02088e-16
-4.30254e-16
0
0
1.61261e-15
-3.99375e-16
0
0
0
0
0
0
0
0
0
0
0
0
0
0
0
0
0
0
0
0
0
0
0
0
0
0
0
0
0
0
-5.92562e-17
8.26488e-18
0
0
0
0
0
0
0
0
0
0
0
0
0
0
0
0
0
0
0
0
0
0
0
0
0
1.91706e-12
-5.47049e-08
0
0
0
0
0
0
0
0
0
0
0
0
0
0
0
0
0
2.01794e-16
0
0
0
0
0
0
0
0
0
0
0
0
-6.68172e-16
0
0
0
0
0
0
0
0
0
0
0
0
0
0
0
0
0
0
0
0
0
0
0
0
0
0
0
0
0
0
0
0
0
0
0
0
-4.97365e-16
0
0
0
0
0
0
0
0
0
0
0
0
0
0
0
0
0
0
0
0
0
0
0
0
0
0
0
0
0
0
0
0
-8.60425e-18
0
-3.39814e-16
5.13678e-18
0
0
0
0
0
0
0
0
0
0
0
0
0
0
0
0
0
0
0
0
0
0
0
0
0
-4.3554e-17
0
0
0
0
0
0
0
7.4739e-16
0
0
0
0
0
0
0
-3.75309e-16
0
0
0
0
0
0
0
0
0
0
0
0
0
0
0
8.38537e-16
-3.36975e-16
0
0
0
0
0
0
0
0
0
0
0
0
0
0
0
-3.97295e-17
0
0
0
0
0
0
0
0
0
0
0
0
0
0
0
0
0
0
0
0
0
0
0
0
0
0
0
0
0
0
0
0
0
0
0
0
0
2.73209e-17
0
-1.78653e-17
0
0
0
-6.60912e-17
4.26493e-16
0
0
0
0
2.0103e-16
0
0
0
0
0
0
2.45767e-16
0
0
0
0
0
0
0
0
0
0
0
0
0
0
0
0
0
8.22012e-17
-8.56413e-17
0
0
0
0
0
0
0
0
0
0
0
0
0
0
0
0
0
0
0
0
0
0
0
0
0
0
0
0
0
0
0
0
0
0
0
-7.0158e-16
0
0
0
0
0
0
0
0
0
0
0
-2.84897e-13
0
0
0
0
0
0
0
0
0
-3.76421e-16
4.93168e-16
0
0
0
0
0
0
0
0
0
0
0
0
0
0
0
0
0
0
0
0
0
0
0
0
0
0
0
0
0
0
0
0
0
0
0
0
0
0
8.90528e-17
1.45794e-16
0
0
0
0
0
0
0
0
0
0
0
0
0
0
0
0
0
0
0
0
0
0
0
0
0
0
0
0
0
0
0
0
0
0
0
0
0
0
0
0
0
0
0
0
0
0
0
0
0
0
0
0
0
0
0
0
0
0
0
0
0
-1.74265e-31
0
0
0
0
0
0
0
0
0
0
0
0
0
0
0
0
0
0
0
0
0
0
0
0
0
0
0
0
0
0
0
0
0
0
0
0
0
0
0
0
0
0
0
0
0
0
0
0
0
0
0
0
0
0
0
0
0
0
0
0
0
0
0
0
0
1.26321e-17
0
0
0
0
0
0
0
0
0
0
0
0
0
0
0
0
0
0
0
0
0
0
0
0
0
0
0
0
0
0
0
0
0
0
0
0
0
0
0
0
0
0
0
0
0
0
0
0
0
0
0
0
0
0
0
-2.65946e-16
0
0
0
0
0
0
0
0
0
0
0
0
-3.84431e-16
0
0
0
0
0
0
0
0
-9.41267e-16
0
0
0
0
0
0
0
0
0
0
0
0
0
1.7031e-15
7.01899e-17
0
0
0
0
0
0
0
0
0
0
0
0
0
0
0
0
0
0
0
0
0
0
0
9.91744e-17
-3.08629e-15
0
0
0
0
0
0
0
0
0
0
0
0
0
1.11613e-16
1.07951e-17
0
0
0
0
0
0
0
0
0
0
0
0
0
0
0
0
0
8.39921e-16
0
0
0
0
0
0
0
-1.73554e-15
7.10749e-15
4.13215e-15
0
-8.05725e-16
0
0
0
0
0
3.04029e-15
8.77727e-16
-6.59956e-16
-4.5822e-16
0
0
0
0
0
0
0
0
0
0
0
0
0
0
0
0
0
0
0
0
0
0
0
0
0
0
5.43234e-16
-1.35692e-16
0
0
0
0
0
0
0
0
-1.37285e-16
0
0
0
0
0
0
0
0
0
0
0
0
0
0
0
0
0
0
0
0
0
0
0
0
0
0
0
0
0
0
0
0
0
0
0
0
0
0
0
0
0
0
0
0
0
0
0
0
0
0
0
0
0
0
-5.86249e-16
0
0
0
0
0
0
0
0
0
0
0
0
0
0
0
0
0
0
0
0
0
0
0
0
0
0
0
0
0
0
0
0
0
0
0
0
0
0
3.59972e-18
0
0
0
0
0
0
0
0
0
0
0
0
0
-3.87414e-14
0
0
0
3.46356e-16
2.40919e-17
0
0
0
0
0
0
0
0
0
0
5.00173e-17
0
0
0
0
0
0
0
0
0
0
0
0
0
0
0
0
0
0
0
0
0
-1.93136e-15
3.32814e-17
0
0
0
0
0
0
0
0
0
0
0
0
0
0
0
0
0
0
0
0
0
0
0
0
0
0
0
0
0
0
0
0
0
0
0
0
0
0
0
0
2.25828e-16
4.73571e-15
0
0
0
0
0
0
0
0
0
2.05641e-15
0
0
0
0
3.05726e-15
-2.02485e-14
0
0
0
0
0
0
0
0
0
0
0
0
0
0
0
0
0
0
1.17276e-16
-5.31638e-17
-8.3146e-16
0
0
-1.20493e-15
0
0
0
-2.12578e-16
0
0
0
0
0
0
0
0
0
0
0
0
0
0
0
0
0
0
0
0
0
0
0
0
0
0
0
0
0
0
0
0
0
0
0
-1.12851e-15
0
0
0
0
0
0
0
0
0
0
0
0
0
0
1.72636e-16
-1.75974e-15
0
0
0
0
0
0
0
0
0
0
0
0
0
0
0
0
0
0
-1.75994e-14
0
0
0
0
0
0
0
0
0
0
0
0
0
0
0
0
0
0
0
0
0
0
0
0
0
0
0
0
0
0
0
0
0
0
0
-9.07201e-16
1.77394e-16
0
0
0
0
0
0
0
0
0
0
0
0
0
0
0
0
0
0
0
0
4.843e-15
0
0
0
-1.82388e-16
3.6546e-17
2.21709e-30
0
0
0
0
0
0
0
0
0
0
2.9207e-17
-1.83853e-16
0
0
0
4.26378e-16
0
1.08877e-15
0
0
0
0
0
0
0
0
0
0
0
0
0
0
0
0
0
-2.82212e-15
0
0
0
0
0
0
0
0
0
0
6.1314e-16
0
-2.36078e-16
0
0
0
0
0
0
0
0
0
0
0
0
0
0
0
0
0
0
0
0
0
0
0
0
0
0
0
0
0
0
0
0
0
0
-1.32138e-13
-2.8372e-11
0
0
0
0
0
0
0
0
0
0
0
0
0
0
0
0
0
0
0
0
0
0
0
0
0
0
0
0
0
0
0
3.46426e-14
0
1.49298e-15
0
0
0
0
0
5.90081e-16
6.28474e-15
0
0
-3.79883e-12
-1.17283e-11
0
0
0
0
0
0
0
0
0
0
0
0
0
0
0
0
0
0
0
0
0
0
0
0
-3.38993e-17
0
0
0
0
0
0
0
0
0
0
0
0
0
0
0
0
0
0
0
0
0
0
0
0
0
0
0
0
0
0
0
0
0
0
0
0
0
0
0
0
0
0
0
0
0
0
0
0
0
0
0
0
0
0
5.94615e-17
0
0
0
0
0
0
0
0
0
6.33964e-16
2.78232e-17
0
0
0
-4.20255e-18
-3.17283e-17
0
0
0
0
0
0
0
0
0
0
0
0
0
0
0
0
0
0
0
0
0
0
0
0
0
0
0
0
0
0
0
0
0
0
0
0
0
0
0
0
0
0
0
0
0
0
0
0
0
0
-6.19063e-16
-1.53292e-14
1.91035e-16
0
0
0
0
0
0
0
0
0
0
0
0
0
0
0
0
0
0
0
0
0
0
0
0
0
0
0
0
0
0
0
0
0
0
0
0
0
0
0
0
0
0
0
0
0
0
0
0
-6.635e-16
-7.20101e-17
0
0
0
0
0
0
0
0
0
0
0
0
0
0
0
5.07091e-15
8.69878e-15
0
2.8178e-16
0
0
0
0
0
0
0
0
0
0
0
0
0
0
0
0
0
0
0
0
0
0
-7.61802e-12
0
0
0
0
0
0
0
0
0
0
0
-3.27294e-16
0
0
0
0
0
0
0
0
0
0
0
0
0
0
0
0
0
0
0
0
0
0
0
0
0
0
0
0
0
0
0
0
0
0
0
0
0
0
0
0
0
-1.56899e-12
0
-9.16077e-13
0
0
0
0
0
0
0
0
0
0
0
0
0
2.65497e-17
8.88462e-16
-7.74854e-15
0
0
0
0
0
0
0
0
0
0
0
0
0
0
0
0
0
0
0
0
0
-2.41612e-17
0
0
5.86583e-16
2.04625e-16
0
3.98536e-17
0
0
0
4.75175e-16
-1.23125e-15
0
0
0
0
0
0
0
0
0
0
0
0
0
0
0
0
0
0
0
0
0
0
0
0
0
0
0
0
0
0
0
0
0
0
0
0
0
0
0
0
0
0
0
0
0
0
0
0
0
0
0
0
0
0
0
0
0
3.73702e-15
9.5496e-14
0
-3.36737e-14
0
0
0
0
0
0
0
0
0
0
0
0
0
0
0
0
0
0
0
0
0
0
0
0
0
2.61876e-16
-2.21789e-16
0
-1.33952e-17
0
1.0327e-15
0
0
0
0
-5.92234e-16
0
0
0
0
0
0
0
0
6.60967e-16
3.85353e-16
0
0
0
0
0
0
0
0
0
0
0
0
0
0
0
0
0
0
0
0
0
0
0
0
0
0
0
0
0
1.74041e-14
-5.11767e-16
0
0
0
0
0
0
0
-3.1427e-18
0
0
0
0
0
0
0
0
0
0
0
0
0
0
0
0
0
0
-1.06561e-15
0
0
-8.51147e-16
0
0
0
0
0
0
0
0
0
0
0
0
0
0
-3.22695e-17
4.03561e-17
0
0
0
0
0
0
0
3.65454e-12
0
0
0
0
9.76443e-17
0
0
0
0
0
0
0
0
0
0
0
0
0
0
0
0
0
0
0
0
0
0
0
0
0
0
0
0
0
0
0
0
0
0
0
0
0
0
0
0
0
8.85356e-16
-1.10289e-16
0
0
0
4.52507e-18
0
0
0
0
0
-5.03638e-17
0
0
0
0
0
0
0
0
0
0
0
-6.07798e-16
0
0
0
0
0
0
0
0
0
0
0
0
0
0
0
0
0
0
0
0
0
0
0
0
0
0
0
0
0
0
0
0
0
0
0
0
0
-5.05956e-17
1.54364e-18
3.68948e-15
0
0
0
0
0
0
0
0
0
-2.72123e-17
0
0
0
0
0
0
0
0
0
0
0
0
8.02694e-17
0
0
0
0
0
0
0
0
0
0
0
0
0
0
0
0
0
0
0
0
0
0
0
0
0
0
0
0
0
2.03239e-15
-5.01693e-16
0
0
0
0
0
0
0
0
0
0
0
0
0
0
0
0
0
0
7.72485e-17
0
0
0
0
0
0
0
5.58629e-31
0
0
0
0
0
0
0
0
0
0
0
0
9.24059e-17
0
0
0
0
0
0
0
0
0
0
0
0
0
0
0
0
0
0
0
0
1.41744e-16
0
0
0
-3.19499e-16
2.95563e-17
0
0
0
0
0
0
0
0
0
5.60194e-17
0
0
0
-1.83729e-15
0
0
0
0
0
0
0
0
0
0
0
0
0
0
0
5.55362e-31
-4.30819e-17
0
0
0
0
0
0
0
0
0
0
0
3.57152e-16
1.30986e-17
0
0
0
0
0
0
0
0
0
0
0
0
0
0
3.27961e-15
0
0
0
0
0
0
-2.63013e-16
0
0
0
0
0
0
0
0
0
0
0
0
0
0
0
0
0
0
0
0
0
5.30142e-17
0
0
0
0
0
0
0
0
0
0
0
0
0
0
0
0
0
0
0
0
0
0
0
0
0
0
0
1.25078e-17
0
0
0
0
0
0
0
4.27374e-15
1.44424e-17
0
0
0
0
0
0
0
0
0
0
0
0
0
0
0
0
0
0
0
0
0
0
0
0
0
0
0
2.29274e-16
8.08281e-17
3.19871e-16
0
0
0
0
0
0
0
0
0
0
0
0
0
0
0
0
0
0
0
0
0
0
0
0
0
0
0
0
0
0
0
0
0
0
0
0
0
0
0
0
0
0
0
0
0
0
0
0
0
0
0
0
0
0
0
0
0
0
0
0
0
0
0
0
0
0
0
0
0
0
0
0
0
-1.75592e-32
0
0
0
0
0
0
0
0
0
0
0
0
0
0
0
0
0
0
0
0
8.2597e-19
0
0
0
0
0
0
0
0
0
0
0
0
0
0
0
0
0
0
0
0
0
0
0
0
0
0
0
0
0
0
0
0
0
0
0
0
0
0
0
0
0
0
0
0
0
0
0
0
3.16695e-15
-2.52092e-15
0
0
0
0
0
0
0
8.86001e-16
0
0
0
0
0
-2.63196e-15
0
0
0
0
0
0
0
0
0
0
0
0
0
0
0
0
0
0
0
0
0
0
0
0
-4.20414e-17
-6.55299e-17
0
0
0
0
0
0
0
0
0
0
0
0
0
0
0
0
0
0
0
0
0
0
0
0
0
0
0
0
0
0
0
0
0
0
0
0
0
0
0
0
0
0
0
0
0
0
0
0
0
0
0
0
-3.50384e-16
-3.63913e-16
0
2.09359e-16
0
0
0
0
0
0
0
0
0
0
0
0
0
0
0
0
0
0
0
0
0
0
0
0
0
0
0
0
0
0
0
0
0
0
0
0
0
0
0
0
0
0
0
0
0
0
0
0
0
0
0
0
0
0
0
0
0
0
0
0
0
0
0
0
0
0
0
0
0
0
0
0
0
0
0
0
0
0
0
0
0
0
0
0
-8.82913e-16
4.85749e-16
0
0
0
0
0
0
0
0
0
0
0
0
0
0
0
0
0
0
0
0
0
0
0
0
0
0
0
0
0
0
0
0
0
0
0
0
0
-3.27613e-16
-2.76584e-16
0
0
0
0
0
0
0
0
0
0
0
0
0
0
0
0
0
0
3.49406e-16
0
3.10111e-16
0
0
0
0
0
0
0
0
0
0
0
0
0
0
0
0
0
0
0
0
0
0
0
0
0
0
0
0
0
0
0
0
0
0
0
0
0
0
0
0
0
0
0
0
0
5.41979e-17
0
0
0
0
0
0
0
0
0
0
0
0
0
0
0
0
0
0
0
0
0
0
0
0
0
0
0
0
0
0
0
0
0
0
0
0
0
0
0
0
0
0
0
0
0
0
0
0
0
0
0
0
0
0
0
0
0
0
0
0
0
0
0
0
0
1.1931e-14
0
0
0
0
0
0
0
-1.95899e-16
2.24712e-18
0
0
0
0
0
0
0
0
0
0
0
0
0
0
0
0
0
0
0
0
0
0
0
0
0
0
0
0
0
0
0
0
0
0
0
0
0
0
0
0
0
0
0
0
0
0
0
0
0
-8.72849e-18
9.9149e-16
0
0
0
0
0
0
0
0
0
0
0
0
0
0
0
0
0
0
0
0
0
0
-1.41427e-15
0
0
0
0
0
0
0
0
0
0
0
0
2.71145e-16
0
0
0
0
0
0
0
0
1.06835e-16
0
0
0
0
0
0
0
0
0
0
0
0
0
0
0
0
0
0
0
0
0
0
0
0
0
0
0
0
0
0
0
0
0
0
0
0
1.804e-16
0
0
0
0
0
0
0
0
0
0
0
0
0
0
0
0
0
0
0
0
0
0
0
0
-7.10071e-16
8.9028e-17
0
0
2.79967e-16
0
0
0
0
-1.6775e-15
0
0
0
0
0
0
0
0
0
0
0
0
0
0
0
0
0
0
0
0
0
0
0
0
0
0
0
0
0
0
0
0
0
0
0
0
0
0
0
0
0
0
0
0
0
0
0
0
0
0
0
0
0
0
0
0
0
0
0
0
0
0
0
0
0
-1.50611e-16
0
2.20248e-16
0
0
0
0
0
0
0
0
0
0
0
0
0
0
0
0
0
0
0
0
0
0
0
0
0
0
0
0
0
0
0
0
0
0
1.45133e-14
7.09167e-15
4.44731e-17
0
0
0
0
0
0
0
0
0
0
0
0
0
0
0
0
0
0
0
0
0
1.04462e-12
-3.12113e-12
-7.43581e-16
-4.41639e-17
0
0
0
0
0
0
0
0
0
0
0
0
0
0
0
0
0
0
0
0
0
0
0
0
-1.9027e-16
0
0
0
0
0
0
0
0
0
0
0
0
0
0
0
0
0
0
0
0
0
0
0
0
0
0
0
0
0
0
0
0
0
0
0
0
0
0
0
0
0
0
0
0
0
0
0
0
0
0
0
0
0
0
0
0
0
0
0
0
0
0
0
0
0
0
0
0
0
0
0
0
0
0
0
0
0
0
0
0
0
0
0
0
0
0
0
0
0
0
0
0
2.27675e-16
0
-4.11527e-16
0
0
0
0
0
0
0
0
0
0
0
0
0
0
0
0
0
0
0
0
0
0
0
0
0
0
0
0
0
0
0
0
0
0
0
0
0
0
0
0
0
0
0
0
0
0
0
0
0
1.22486e-14
0
0
0
-4.83908e-12
0
0
0
0
0
0
0
0
0
0
0
0
0
0
0
0
0
0
0
0
0
0
1.17423e-14
0
0
0
0
0
0
0
0
0
0
0
0
0
0
0
0
0
0
0
0
0
0
0
0
0
0
0
0
0
0
0
0
0
0
0
0
0
0
0
0
0
0
0
-1.30039e-16
0
0
4.58935e-18
-4.92446e-18
0
0
0
0
0
0
0
0
0
0
6.38374e-13
0
0
0
0
0
0
0
0
0
0
0
0
0
0
0
0
0
0
0
0
0
0
0
0
0
0
0
0
0
0
-8.75746e-16
0
3.43467e-16
0
0
0
0
0
0
0
0
0
-1.35596e-17
2.56392e-18
0
0
0
0
0
0
0
0
0
0
0
0
0
0
0
0
0
0
0
0
2.62749e-15
0
0
0
0
0
0
0
0
0
0
0
0
0
0
0
0
0
0
0
0
0
0
0
0
0
0
0
0
0
0
0
0
0
0
0
0
0
0
0
0
0
0
0
0
0
0
0
0
0
0
1.30556e-16
0
-5.57532e-31
0
0
0
0
0
0
0
0
0
0
0
0
0
0
-8.33518e-16
0
0
1.0574e-17
-7.62623e-18
0
0
0
0
0
0
0
0
0
0
0
0
0
0
0
0
0
0
0
0
0
0
0
0
0
0
0
0
0
0
0
0
0
0
0
0
0
0
0
0
0
6.00094e-17
-1.2924e-16
0
0
0
0
0
0
0
0
0
0
0
0
0
0
0
0
0
0
0
0
0
0
0
0
0
0
-3.87743e-16
0
0
0
0
0
0
0
0
0
1.62387e-16
0
0
0
0
0
0
0
0
0
0
0
0
0
0
0
0
0
0
0
0
0
0
0
0
0
0
0
0
0
0
0
0
0
0
0
0
0
0
0
0
0
0
0
0
0
0
0
0
0
0
0
0
0
0
0
0
0
0
0
0
0
0
0
0
0
0
0
0
0
0
0
1.90993e-17
-7.80172e-16
-3.3745e-15
-2.41868e-15
0
0
0
0
-3.23725e-16
0
-1.63889e-16
1.75965e-16
0
0
0
0
0
0
0
0
0
2.79042e-31
0
0
0
0
0
0
0
0
0
0
0
0
0
0
0
0
0
0
1.75737e-16
0
0
0
0
0
0
-6.17843e-16
-1.06431e-16
0
0
0
0
0
0
0
0
0
0
0
0
0
0
0
0
-2.32594e-15
2.26924e-16
0
0
0
0
9.00393e-16
-1.19282e-16
0
0
0
0
2.55675e-16
-8.49533e-16
0
0
0
0
0
0
0
0
0
0
0
0
0
0
0
0
0
0
0
0
0
0
0
0
0
0
0
0
0
0
0
0
0
0
0
0
0
0
0
0
5.47346e-17
0
0
5.07905e-15
0
0
0
0
0
0
0
0
0
0
0
0
0
0
0
0
0
0
0
0
0
0
2.80445e-16
-1.36854e-16
0
0
0
0
0
0
0
0
0
0
0
0
0
0
0
0
0
0
0
0
0
0
0
0
0
0
0
0
0
0
0
-1.0724e-15
0
0
0
0
0
0
0
0
0
0
0
0
0
0
0
0
0
0
0
0
0
0
0
0
0
0
0
0
-9.72749e-14
0
-4.22105e-13
0
0
-1.87724e-16
0
0
0
0
9.65271e-16
0
0
0
0
0
0
0
0
0
0
0
0
0
0
0
0
0
0
0
0
-1.68126e-16
0
0
0
0
0
0
0
0
1.05976e-14
-6.35085e-16
0
0
0
0
0
0
0
0
0
0
0
0
1.10036e-15
4.51203e-17
-1.11508e-30
0
0
0
0
0
0
0
0
0
0
0
0
0
0
0
0
0
0
0
0
-1.23421e-16
-1.28558e-16
0
0
0
0
0
0
0
0
0
0
0
0
0
0
0
0
0
0
0
0
0
0
0
0
0
0
0
0
0
0
0
0
0
0
4.11037e-15
0
0
0
0
0
0
0
0
0
0
0
0
0
0
2.22145e-30
0
0
-8.88509e-18
0
0
0
0
0
0
0
0
0
0
0
0
0
0
0
0
0
0
0
0
0
0
0
0
0
0
0
0
0
0
0
0
0
0
0
0
0
0
0
0
0
0
0
0
0
0
0
0
0
0
0
0
0
0
0
0
0
0
0
0
0
0
0
0
0
0
0
0
0
0
0
0
0
0
0
0
0
0
0
0
0
0
0
0
0
0
0
0
0
0
0
0
0
0
0
0
0
0
0
0
0
0
0
0
0
0
0
0
0
-3.76249e-12
0
0
0
0
0
0
0
0
0
0
0
0
0
0
0
0
0
0
0
0
-1.51057e-16
0
0
0
0
0
0
0
0
0
0
0
0
0
0
0
0
0
0
0
0
0
0
0
0
0
0
0
0
0
0
0
0
0
0
0
0
0
0
0
0
0
0
0
0
0
0
0
4.43435e-16
-5.82335e-16
0
0
0
0
0
0
0
0
0
0
0
0
0
0
0
0
0
0
0
0
-5.91578e-17
0
-2.43618e-16
0
0
-8.78026e-16
0
0
0
0
0
0
0
0
0
0
0
0
0
0
0
-8.03428e-13
1.13015e-16
0
0
0
0
0
0
0
0
0
1.84428e-16
0
0
0
0
0
0
0
0
0
0
0
2.69802e-15
0
0
0
0
0
0
0
0
0
0
0
0
0
0
0
0
0
0
0
0
-4.11227e-16
0
4.50075e-17
0
0
0
0
0
0
0
0
0
0
0
0
0
0
0
0
0
0
0
0
0
0
0
0
0
-9.51554e-18
1.16903e-16
0
0
0
0
0
0
0
0
0
0
0
2.03532e-15
0
0
0
0
0
0
0
0
0
0
-1.50444e-15
1.99241e-15
-8.30722e-15
0
0
0
0
0
0
0
0
0
0
0
0
0
0
-4.41037e-18
-1.33628e-17
0
0
0
0
2.42087e-16
0
0
0
0
0
0
0
0
0
4.777e-16
0
0
0
0
0
0
0
0
0
0
0
0
0
0
0
0
0
0
0
0
0
0
0
0
0
0
0
0
0
0
0
0
0
0
0
0
0
0
0
0
2.2604e-15
-1.21939e-16
0
0
0
0
2.23125e-30
0
0
0
0
0
0
0
0
1.37418e-12
-4.97673e-12
0
0
0
0
0
0
0
0
0
0
0
0
0
0
-4.1155e-14
0
0
0
0
0
0
0
0
0
0
0
0
0
0
0
0
0
0
0
0
0
0
0
0
0
0
0
0
0
0
0
0
0
-5.92299e-16
3.60229e-16
0
-2.99719e-14
6.29808e-15
0
0
0
0
0
0
0
0
0
0
0
0
0
0
0
0
0
0
0
0
0
0
0
0
0
0
0
0
0
0
0
0
0
0
0
0
0
0
0
0
0
0
1.47735e-17
0
0
0
0
0
9.26686e-16
0
0
0
0
0
9.09142e-16
-2.23043e-30
0
0
0
0
0
0
0
0
0
0
-1.60441e-16
-1.12815e-30
0
0
0
0
0
0
0
0
0
0
0
0
0
0
0
0
2.55582e-14
0
0
0
0
0
0
0
0
0
0
0
0
0
0
0
0
0
0
0
0
0
0
0
0
-1.74057e-15
-1.63208e-15
0
0
0
0
0
0
0
0
0
0
0
0
0
0
0
0
0
0
0
0
-1.82004e-17
0
0
0
0
0
0
0
0
0
0
0
0
0
0
0
0
0
0
0
0
0
0
0
-3.56808e-16
2.04599e-15
0
0
0
0
0
0
0
0
0
0
0
-1.02552e-15
0
0
0
0
0
0
0
0
0
0
0
0
0
0
0
0
0
-2.65751e-16
4.60329e-16
0
0
0
0
0
0
0
0
3.20204e-15
0
0
0
0
0
0
0
0
0
0
0
0
0
0
0
0
0
0
-4.54018e-15
-1.03505e-14
0
0
0
0
0
0
0
0
0
-1.60087e-16
0
0
0
0
0
0
-1.81971e-16
-3.53812e-17
0
0
0
0
0
0
0
0
0
0
-8.92166e-16
0
-1.7423e-14
0
0
0
0
0
0
0
1.6929e-15
0
0
0
0
0
0
0
0
0
0
0
0
0
0
0
0
0
0
0
0
0
0
0
0
3.35405e-15
0
0
0
0
0
0
0
0
0
0
0
0
0
0
0
0
0
0
0
0
0
-1.15704e-15
0
0
0
0
0
0
0
0
0
8.10732e-16
0
0
2.01918e-16
-6.92798e-17
0
0
0
0
0
0
0
0
0
0
0
0
0
0
0
0
0
0
0
0
0
0
0
0
0
0
0
0
0
0
0
0
0
0
0
0
-1.47467e-17
0
-1.44743e-12
0
0
0
0
0
3.24065e-16
1.9554e-15
0
0
2.40498e-15
3.24891e-16
0
0
0
0
0
0
0
0
0
0
0
5.12849e-16
0
0
0
-4.61933e-12
0
0
0
0
0
0
0
0
0
0
0
0
0
0
0
0
0
0
0
0
0
0
0
0
0
0
0
0
0
0
0
0
2.36536e-14
0
0
0
0
0
0
0
0
-3.05805e-15
0
0
0
0
0
0
0
0
0
0
0
0
0
0
0
0
0
0
0
0
0
7.70349e-17
-6.05155e-17
0
0
0
0
0
0
0
0
0
0
0
0
0
0
0
0
0
0
0
0
0
0
0
0
0
0
0
0
0
0
0
0
0
0
0
0
0
0
0
0
-4.88308e-15
0
0
0
-1.09422e-16
5.99344e-16
0
0
1.95495e-15
0
0
0
0
0
0
0
5.7233e-16
-2.53201e-16
0
0
0
0
7.54835e-18
0
0
0
0
0
0
0
-1.38317e-15
-1.75087e-15
0
0
0
0
0
0
0
0
0
0
0
0
0
0
0
4.63336e-17
0
0
0
0
0
0
0
0
0
0
0
0
0
0
0
-5.85588e-16
-3.6379e-16
0
4.95561e-16
0
0
0
9.45977e-17
0
0
0
0
0
0
0
0
3.24133e-16
0
0
0
0
0
0
0
0
0
0
0
0
0
0
0
0
0
0
0
0
0
0
-9.88934e-17
-1.75427e-15
0
0
0
0
0
0
0
0
0
0
0
0
0
0
0
0
0
0
0
0
0
0
0
0
0
0
0
0
0
0
0
0
0
0
0
0
0
0
0
0
0
0
0
5.50839e-16
0
0
0
0
-2.59637e-15
0
0
0
0
0
0
0
0
0
0
0
-1.18138e-14
0
0
0
0
0
0
0
0
0
0
0
0
0
0
0
0
0
0
3.84167e-17
-5.29579e-16
-1.39773e-16
0
0
0
0
0
0
0
0
0
0
0
0
0
0
0
0
0
0
0
0
0
0
0
0
0
0
-3.75878e-13
-3.36595e-12
0
0
0
0
0
0
0
0
0
0
0
0
0
0
0
0
0
0
0
0
-8.94273e-16
-9.02409e-16
0
0
0
0
0
0
0
0
0
-9.62535e-13
0
-9.87726e-13
0
0
5.45042e-16
0
0
0
0
0
0
0
0
0
2.99557e-16
0
0
0
0
0
0
0
0
0
0
0
0
0
0
0
0
0
0
0
0
0
0
0
0
0
0
0
0
0
0
0
0
0
-2.23067e-16
0
0
0
0
0
-5.43094e-14
0
0
-2.67392e-17
5.05122e-17
0
0
0
0
-7.94963e-13
-7.98358e-13
0
0
0
0
0
0
0
0
0
0
0
0
0
0
0
0
0
0
0
0
0
0
0
0
0
0
0
0
0
0
0
0
0
0
0
0
0
0
0
0
0
-7.29419e-16
-1.46412e-16
0
0
0
0
0
0
0
0
-1.44967e-16
0
0
0
0
0
0
0
0
0
0
0
0
0
0
0
0
0
0
0
0
0
0
0
0
0
0
0
0
0
0
0
0
0
0
0
0
0
4.96076e-16
-4.5482e-16
0
0
0
0
0
0
0
0
0
0
0
0
0
0
0
0
0
0
0
0
0
0
0
0
0
0
0
0
0
0
0
0
0
0
0
0
0
0
0
0
0
0
0
0
0
0
0
0
0
0
0
0
0
0
0
0
0
0
0
0
-1.11072e-30
0
0
0
0
0
0
-1.69586e-16
5.55362e-31
0
0
0
0
0
0
0
0
0
0
0
0
0
0
0
0
0
0
0
0
0
0
0
0
0
0
0
0
0
0
0
0
0
0
0
0
0
8.30651e-16
0
0
0
0
0
0
-1.52206e-15
0
0
0
0
0
0
0
0
0
0
0
0
0
0
0
0
0
0
0
0
0
0
0
0
0
0
0
0
0
0
0
0
0
0
0
0
0
0
0
0
0
0
0
0
0
-2.05877e-15
0
0
0
0
0
0
0
0
0
0
0
0
0
0
0
0
0
0
0
0
0
0
0
0
0
0
0
0
0
0
0
0
0
0
0
0
0
0
0
0
0
0
-3.72864e-17
0
0
0
0
0
0
0
0
0
0
0
0
0
0
0
0
0
0
0
0
0
0
0
0
0
0
0
0
0
0
0
-2.4059e-12
0
-1.35974e-12
3.30567e-15
0
-1.81061e-12
-7.26502e-13
0
0
0
0
0
0
0
0
0
0
0
0
0
0
0
0
0
0
0
5.56996e-31
0
0
0
0
0
0
0
0
0
0
0
-6.75297e-19
0
0
0
0
0
0
-3.46456e-17
4.10829e-16
0
0
0
0
0
0
0
0
0
-1.74145e-15
0
-1.59058e-14
0
0
0
0
0
0
0
0
0
0
0
0
0
0
0
0
0
0
0
0
0
0
0
0
0
0
0
0
0
0
0
0
0
0
0
0
0
0
0
0
0
0
0
0
0
0
0
0
0
0
0
0
0
0
0
0
0
0
0
0
0
0
0
0
0
-1.57499e-15
2.44922e-15
0
0
0
0
0
0
0
0
0
3.25981e-16
-1.84462e-15
6.14284e-16
0
0
0
0
0
0
0
0
0
0
0
0
0
0
0
0
0
0
-1.74694e-12
0
0
0
0
0
0
0
0
0
0
0
0
0
0
0
0
0
0
0
0
0
0
0
-1.81687e-15
0
0
0
0
0
0
0
0
0
0
0
0
0
0
0
0
0
0
0
0
0
0
0
0
0
-9.85754e-17
-1.55537e-12
0
0
0
0
1.78506e-18
0
0
0
0
0
0
0
0
0
0
0
-2.08301e-15
0
0
0
-9.97281e-17
1.25481e-15
7.13246e-17
0
0
0
0
0
0
0
0
0
0
0
0
0
0
0
0
0
0
0
0
0
0
0
0
0
0
0
0
0
0
0
0
0
0
0
0
0
0
0
0
0
0
0
0
0
0
0
0
-5.75578e-19
0
0
0
0
0
0
0
0
-1.13053e-15
0
0
0
0
0
0
0
0
0
0
0
0
0
0
0
-1.58541e-16
0
0
0
0
0
0
0
0
0
0
2.79264e-16
0
0
0
0
0
0
0
0
0
0
0
0
0
0
0
0
0
0
0
-6.80759e-18
0
0
0
0
0
0
0
0
0
0
0
0
0
8.9465e-16
0
0
0
0
0
0
0
0
0
0
0
0
0
0
0
0
0
0
0
0
0
0
0
0
0
0
3.25226e-15
0
0
0
0
0
0
0
0
0
0
0
0
0
0
0
0
0
0
0
0
0
0
0
0
-1.03068e-16
0
0
0
0
0
0
0
0
0
0
0
0
0
0
0
0
0
0
0
0
0
0
0
0
2.0003e-16
-2.60135e-15
0
0
-2.67323e-15
-7.70537e-15
0
1.59553e-16
-3.22965e-15
-9.84601e-15
0
0
0
0
0
0
0
0
0
0
0
0
0
0
0
0
0
0
0
0
0
0
0
0
0
0
1.8839e-17
0
0
0
0
0
0
0
0
0
0
0
0
0
0
0
0
0
0
0
0
0
0
0
0
0
1.47099e-15
0
0
1.65095e-15
0
0
0
0
0
0
0
0
0
0
0
0
0
-3.52571e-17
5.58629e-31
0
-1.46395e-15
0
0
0
0
0
0
0
0
0
0
0
0
0
0
0
0
0
0
0
0
0
0
0
0
0
0
0
0
0
0
0
0
0
0
0
5.73278e-17
0
0
0
0
0
1.2811e-16
-3.82121e-16
0
0
0
0
0
0
0
0
0
0
0
0
0
0
0
0
0
0
0
0
0
0
0
0
0
0
0
0
0
0
0
0
0
0
0
0
0
0
0
0
0
0
0
0
0
0
0
0
0
0
0
0
0
0
0
0
0
1.69809e-15
2.29975e-16
-2.65446e-15
0
0
0
0
0
0
0
0
0
0
0
0
0
0
0
0
0
0
0
0
0
0
0
0
0
0
0
0
0
0
0
0
0
0
0
0
0
0
0
0
0
0
0
0
-1.68813e-16
0
0
0
0
0
0
0
0
0
0
0
0
0
0
0
0
0
0
0
0
0
0
0
0
0
0
0
0
0
0
0
0
0
0
0
0
0
0
0
0
0
0
0
0
0
0
0
0
0
0
0
0
0
0
0
0
0
0
0
0
0
0
0
0
0
0
0
0
0
0
0
0
0
0
0
0
0
0
0
-1.70631e-16
1.19272e-16
-2.56798e-17
0
0
0
0
0
0
0
0
0
-2.46611e-16
2.72142e-15
0
0
0
0
0
0
0
0
1.69011e-17
0
0
0
0
0
0
0
0
0
0
0
0
-1.55788e-17
0
0
0
0
0
0
0
0
0
0
0
0
0
0
0
1.70151e-17
1.11353e-16
0
0
0
0
0
0
0
0
0
0
0
0
-7.6831e-12
0
0
-6.52479e-16
-8.48502e-16
0
0
0
0
0
0
0
0
0
0
0
0
0
0
0
0
0
0
0
0
0
0
0
0
0
0
0
0
0
0
0
0
0
0
-1.19467e-11
0
-2.26198e-16
1.82769e-16
0
0
0
0
0
1.21682e-15
-9.83194e-15
0
0
0
0
0
0
0
0
0
1.61435e-17
0
0
0
0
0
0
1.56177e-17
-9.08402e-16
0
0
0
0
0
0
0
0
0
0
0
0
0
0
0
0
0
0
0
0
0
0
0
0
0
0
0
0
0
0
0
0
0
0
0
0
0
0
0
0
0
0
0
0
0
0
0
8.17896e-15
-4.58369e-16
0
0
0
0
0
0
0
-1.14397e-17
2.83113e-15
0
0
0
0
0
0
0
0
0
0
0
0
0
0
0
0
0
0
0
0
0
0
0
0
0
0
0
0
0
0
0
4.22871e-16
0
0
0
0
0
-2.17074e-16
4.4539e-17
0
0
0
0
0
0
0
0
0
0
0
0
0
0
0
0
0
0
0
0
0
0
0
0
0
0
0
0
0
0
0
0
0
0
0
0
0
0
-6.79693e-12
0
0
0
0
-3.01686e-16
0
0
0
0
0
0
0
0
0
0
0
0
0
0
0
0
0
0
0
0
-6.93033e-17
0
0
0
0
0
0
0
0
0
0
0
0
0
0
0
0
0
0
0
0
-3.75451e-14
0
0
0
0
0
0
0
0
9.38156e-15
0
5.51967e-08
1.41611e-07
-7.00743e-08
-2.16641e-08
-9.23342e-08
-1.93982e-08
-1.10881e-07
-2.07384e-08
-1.99232e-07
-9.50606e-08
-1.71391e-07
-1.43652e-07
8.87105e-08
1.88735e-08
9.4678e-08
-7.96522e-09
-1.83869e-08
5.26728e-08
4.64761e-08
-3.29313e-08
1.32197e-07
4.83674e-08
1.23781e-07
4.05348e-08
1.11366e-07
3.26555e-08
1.1335e-07
9.7987e-09
7.3731e-08
-2.88274e-09
6.78446e-08
3.02828e-08
-3.30494e-08
-4.21755e-08
2.40066e-08
-5.36316e-08
1.50623e-08
-5.82056e-08
2.80016e-09
-6.91265e-09
-1.13175e-07
-3.48679e-08
-1.10289e-07
-5.43472e-08
-1.18303e-07
-6.66857e-08
-1.22192e-07
-7.91351e-08
-8.87065e-08
-1.32855e-07
-1.70678e-07
-7.07439e-08
-8.87316e-08
-1.69086e-07
-1.01592e-07
-1.76605e-07
0
0
0
0
0
0
0
0
0
0
0
0
0
0
0
0
0
0
0
0
0
0
0
0
0
0
0
0
0
0
0
0
0
-3.16282e-11
0
1.46377e-15
0
0
0
0
0
0
0
0
-9.76698e-18
0
0
0
0
0
0
0
0
0
0
0
0
0
0
0
0
0
0
0
0
0
0
-1.50603e-15
0
0
0
0
0
0
0
0
0
0
0
0
0
0
0
0
0
0
0
1.93497e-16
0
6.16361e-16
0
0
0
0
0
0
0
0
9.7078e-16
0
0
0
0
0
0
0
0
0
0
0
0
0
0
0
0
0
0
0
0
0
0
0
0
0
-5.03639e-16
1.12182e-15
0
0
0
0
0
0
0
0
0
0
0
0
0
0
0
0
0
0
0
2.88018e-08
-4.28089e-08
-3.6335e-08
2.96693e-08
1.69757e-08
-5.16939e-08
0
1.20102e-15
0
0
0
5.25281e-08
-1.39466e-08
0
-3.03941e-09
-4.85075e-08
1.09272e-17
-2.05965e-18
0
0
0
0
0
0
0
-1.36776e-09
6.82408e-08
3.63159e-09
7.94508e-08
0
0
0
0
0
0
0
0
0
0
0
0
0
0
0
0
1.59242e-08
8.75399e-08
-1.03945e-15
0
0
2.57765e-15
0
0
0
-1.81894e-08
-6.94445e-08
-6.90596e-08
-1.04257e-08
0
0
0
0
4.65897e-09
1.14712e-07
0
0
0
0
0
0
0
0
0
-3.97583e-17
0
0
0
0
0
0
0
0
0
0
0
0
0
0
0
0
-3.55572e-08
-7.26316e-08
0
0
0
0
0
0
0
0
3.98133e-08
1.20446e-07
0
0
0
0
0
0
0
4.8235e-08
1.28259e-07
1.28568e-07
3.96818e-08
0
0
0
-2.72988e-08
-1.00673e-07
0
0
0
0
-8.77493e-08
-7.63007e-09
0
0
-5.39191e-08
-9.08903e-08
0
0
0
0
0
0
0
0
0
1.99657e-16
0
0
0
0
1.34814e-07
4.97823e-08
0
0
0
0
0
0
-9.288e-16
0
0
0
0
0
0
0
0
0
0
-5.07211e-08
-1.0985e-07
0
0
0
0
7.85955e-08
-3.74319e-09
0
-6.4634e-08
-1.16265e-07
1.6343e-15
3.92643e-16
0
0
0
0
0
2.83081e-17
-2.93494e-08
3.58277e-08
1.46661e-07
-1.17204e-07
-7.19255e-08
-7.33386e-08
-1.23835e-07
3.59837e-08
-4.61906e-08
1.75234e-08
-4.81685e-08
-1.2575e-07
-7.9548e-08
0
0
-3.94899e-18
0
0
0
0
0
0
0
0
0
0
0
0
0
0
0
0
5.73252e-08
-1.486e-08
0
1.70565e-09
-4.85137e-08
-2.21602e-08
4.84246e-08
0
0
0
0
0
0
3.36742e-09
5.96512e-08
0
0
-5.83852e-08
-5.06985e-09
1.72447e-09
7.72958e-08
-6.00519e-16
0
0
0
0
0
-1.3453e-07
-9.11103e-08
0
0
0
0
0
0
0
2.24576e-08
7.71679e-08
0
0
0
0
0
0
0
-1.03355e-15
0
0
0
-1.1881e-08
-7.15629e-08
0
0
2.25938e-08
9.31563e-08
0
0
0
0
0
0
0
0
0
4.81728e-08
8.82389e-08
0
0
0
-9.54894e-08
-1.42301e-07
0
3.48471e-08
1.17282e-07
0
-4.60028e-08
-7.44326e-08
0
0
1.9568e-14
0
-6.34072e-16
0
0
-2.59192e-07
-2.41981e-07
2.40396e-07
2.56413e-07
-2.74851e-07
-2.80589e-07
3.10981e-07
3.14784e-07
-3.00837e-07
0
0
0
0
0
0
0
0
0
0
0
0
0
0
0
-9.45221e-15
0
0
0
0
0
0
0
0
0
0
0
0
-3.55125e-08
-6.87105e-08
0
0
0
0
0
0
0
0
0
0
0
0
0
0
0
3.67382e-08
1.19453e-07
0
0
0
0
0
0
0
0
0
0
0
4.15398e-08
1.30789e-07
0
0
0
0
0
0
0
0
1.06796e-16
0
0
0
-4.24673e-08
-8.18306e-08
0
0
0
-7.10452e-08
-7.00066e-08
0
0
0
0
0
0
0
0
0
0
0
0
0
0
0
0
0
0
1.45037e-07
4.34473e-08
0
0
0
0
0
0
0
0
0
0
0
0
0
5.03582e-08
1.54476e-07
-6.7749e-08
-8.93586e-08
0
0
0
0
-9.72765e-08
-1.36492e-07
0
0
0
0
0
0
0
-1.72419e-07
-8.94601e-08
0
0
0
0
0
0
0
0
0
0
0
0
0
0
0
0
0
-5.63419e-08
-1.20398e-07
0
0
0
0
0
0
0
0
0
0
0
0
0
1.09717e-16
0
0
0
7.20495e-08
1.37014e-07
-1.20848e-07
-7.22572e-08
0
-1.3076e-07
-7.85686e-08
0
0
0
0
0
0
0
0
0
0
0
0
0
0
0
0
0
0
0
0
0
0
0
0
0
0
0
0
0
0
0
0
0
0
0
0
0
-6.40166e-16
-4.57575e-12
0
0
0
0
0
0
0
0
0
-4.07678e-17
0
0
0
0
0
0
0
0
0
0
0
0
0
0
-5.08134e-17
0
0
0
0
0
0
0
-1.9371e-15
0
0
0
0
0
0
0
0
0
-1.41174e-12
0
0
0
0
-8.68683e-15
-1.38836e-15
8.38168e-16
-2.36272e-15
-1.81358e-15
0
0
0
0
0
0
0
0
0
0
0
0
0
-5.53224e-17
0
0
0
0
0
0
0
0
0
-3.477e-12
0
0
0
-1.36991e-07
-9.26647e-08
0
0
0
0
0
0
0
0
0
0
0
0
0
0
0
0
2.12821e-14
0
0
0
0
0
0
0
0
0
0
0
0
0
1.14325e-14
0
0
0
0
0
0
0
0
0
0
0
0
0
0
0
0
0
-6.72159e-18
-3.40412e-18
0
0
0
0
-1.75366e-07
-1.06945e-07
-1.28433e-07
-1.62197e-07
0
0
0
0
0
-4.30517e-16
0
5.8559e-16
0
0
0
0
0
0
0
0
0
0
0
0
0
0
0
0
0
0
0
0
0
0
0
0
0
0
0
0
0
0
0
0
0
0
0
0
0
0
0
0
0
0
0
0
0
0
0
0
0
0
0
0
0
0
0
0
0
0
0
0
0
0
0
0
0
0
0
0
0
0
0
0
0
-1.48173e-07
-1.62896e-07
0
0
2.58647e-15
0
0
0
1.01522e-15
0
0
0
0
0
0
0
0
0
0
0
0
0
0
0
0
0
-1.81536e-16
-1.24344e-16
0
0
0
0
0
0
0
0
0
0
0
0
0
0
0
0
0
0
0
0
0
0
0
0
0
0
0
0
0
0
0
0
0
0
0
0
0
0
0
0
0
0
0
0
0
0
0
0
0
0
0
0
0
0
0
-4.23986e-16
3.29314e-16
0
0
0
4.21662e-15
0
0
0
0
-6.3756e-15
-4.32418e-16
1.47258e-16
0
0
0
0
0
0
0
0
-1.16189e-07
-1.34038e-07
0
1.77098e-17
0
0
0
0
0
0
0
0
0
0
0
0
0
1.657e-17
0
0
0
0
0
0
0
0
0
0
0
0
0
0
0
0
0
0
0
-6.97403e-17
0
-5.6834e-18
0
0
0
0
0
0
0
0
0
0
0
0
0
0
0
0
0
0
0
0
0
0
0
0
0
0
0
0
0
0
0
0
0
-4.81493e-18
0
0
0
0
0
0
0
0
0
0
0
0
0
0
0
0
0
0
0
0
0
0
0
-1.60711e-12
-3.93609e-13
0
0
0
0
-1.4044e-16
3.90709e-16
0
-1.61167e-07
-1.09033e-07
0
0
0
0
0
0
0
0
0
0
0
0
1.35599e-12
1.22772e-12
0
0
0
0
0
-2.31117e-15
0
0
0
0
0
0
0
1.69962e-15
0
0
0
0
0
0
0
0
0
0
0
0
0
0
0
0
0
0
0
0
0
0
0
0
0
0
0
0
0
0
0
0
0
0
0
0
0
0
0
0
0
0
0
0
0
0
0
0
0
0
0
0
0
0
0
0
0
0
0
0
0
0
0
0
0
0
0
-5.06584e-17
-3.67235e-18
4.76062e-17
0
0
0
0
0
0
0
0
0
0
0
0
0
0
0
0
0
0
0
0
0
0
0
0
0
0
0
0
0
0
0
0
0
0
0
0
0
0
-5.9192e-17
0
0
0
0
0
0
0
0
4.37993e-15
-6.20774e-16
0
0
0
9.27363e-15
0
0
0
0
0
0
0
0
0
-2.86177e-07
2.63703e-07
-1.79171e-07
-1.39852e-07
0
0
0
0
0
0
0
0
0
0
0
0
-1.89928e-18
-1.98213e-15
0
0
0
-1.63032e-07
-1.03047e-07
1.09141e-15
0
0
-1.07207e-15
0
0
0
0
0
0
0
2.76831e-16
0
0
0
0
0
0
0
0
0
0
0
0
0
0
0
0
0
0
0
0
-7.28369e-14
0
0
0
0
0
0
-3.2516e-15
2.49156e-16
0
0
0
0
0
0
0
0
0
0
-1.57528e-14
0
0
0
0
0
0
0
0
0
0
0
0
0
0
0
0
0
0
0
0
0
0
2.98282e-15
0
0
0
0
0
0
0
0
0
0
-3.00002e-17
3.96523e-17
0
0
0
0
0
0
0
0
0
0
0
0
0
0
0
0
0
0
0
0
0
0
0
0
0
0
0
0
0
0
0
0
-6.18021e-17
0
0
0
0
0
0
0
0
0
0
0
0
0
0
0
0
0
0
0
0
-3.16053e-07
3.26216e-07
3.26961e-07
-3.24724e-07
0
0
0
0
2.6058e-07
-2.75045e-07
0
0
0
0
0
0
0
0
0
0
0
0
0
0
0
0
0
0
0
0
0
0
0
0
0
0
0
0
-5.97374e-16
0
0
0
0
0
0
0
0
0
0
0
0
0
0
0
0
0
0
0
0
0
0
0
0
1.966e-17
0
0
0
0
0
0
0
0
0
0
0
0
0
0
-4.71718e-15
1.34949e-14
0
3.12397e-15
0
0
0
0
0
0
0
0
0
0
3.04389e-07
-2.86553e-07
0
0
0
0
0
4.73069e-17
0
0
0
0
0
0
-6.41207e-17
0
0
0
0
0
0
0
0
-1.01952e-15
0
0
0
0
0
0
0
-1.47094e-07
-1.55861e-07
0
0
0
0
0
0
0
0
0
0
0
0
0
0
0
0
0
0
0
0
0
0
0
0
0
0
0
0
0
0
0
0
0
-9.07685e-17
0
0
0
0
0
0
-2.08549e-12
4.6569e-13
0
0
0
0
0
0
0
0
0
0
0
0
0
0
0
0
0
0
0
0
0
0
0
0
0
0
0
0
-4.05147e-17
0
0
0
0
0
0
0
0
0
0
0
0
0
0
0
0
0
0
0
0
0
0
0
0
0
0
0
0
0
0
0
0
0
0
0
0
-1.64393e-07
-1.22139e-07
3.17348e-16
0
0
0
0
0
0
0
-1.58152e-15
0
0
0
0
0
0
3.45758e-13
-2.35731e-12
8.52276e-08
2.6646e-08
0
0
0
0
0
0
0
0
0
0
0
0
0
0
0
0
0
0
0
0
0
0
0
2.06539e-15
4.55436e-15
0
0
0
0
0
0
0
0
0
0
0
0
0
0
0
1.51586e-16
0
0
0
2.10476e-16
0
-6.03274e-15
0
0
0
0
0
0
0
0
0
0
0
0
0
0
0
-2.89708e-16
3.52543e-18
0
0
-9.25617e-13
0
2.61848e-15
0
0
0
0
0
0
0
0
0
0
0
0
0
0
0
0
0
-2.35574e-16
0
0
0
1.14526e-14
0
0
0
0
0
0
0
0
0
0
0
0
-1.37158e-07
-1.69733e-07
0
0
-6.40544e-18
5.64755e-18
0
0
1.27148e-07
7.4028e-08
0
0
0
0
-6.43892e-16
3.44257e-16
-9.61981e-17
1.95133e-15
0
0
0
0
0
0
0
0
0
0
0
0
0
0
0
0
0
0
0
0
0
0
0
0
0
0
0
0
2.81892e-19
1.75117e-18
0
0
0
0
0
0
0
0
0
0
0
0
0
0
0
0
0
0
0
0
0
0
0
0
0
0
0
0
0
0
0
0
0
0
0
0
0
0
0
0
0
0
0
0
0
0
0
0
0
0
0
0
0
5.21655e-16
0
0
0
0
0
0
0
0
0
0
0
0
0
2.71587e-07
-2.9801e-07
0
0
0
0
0
0
0
0
-8.14415e-17
0
0
0
0
0
0
0
0
0
0
0
0
0
5.12959e-16
0
0
0
0
-4.16134e-16
4.20977e-16
0
0
0
0
0
0
0
0
0
0
0
0
4.29642e-16
0
0
0
0
0
0
0
0
0
0
0
0
0
0
0
0
0
0
0
0
0
0
0
0
0
0
0
0
0
0
0
0
0
0
0
0
0
0
0
0
0
0
0
0
0
0
0
0
0
0
0
0
0
0
0
0
0
0
0
0
0
0
0
0
0
0
0
0
0
0
0
0
0
0
9.78429e-16
0
0
0
0
0
0
0
0
0
0
0
0
0
0
0
0
0
0
0
0
0
0
0
0
-3.49975e-17
0
0
0
0
0
0
0
0
0
0
0
0
0
0
0
0
0
0
0
0
0
0
0
0
0
0
0
0
0
0
0
0
0
0
0
0
0
0
0
0
0
0
0
0
0
0
0
0
0
0
0
0
0
0
0
0
0
0
0
0
0
0
0
0
0
0
0
0
0
-5.01234e-17
0
0
0
0
0
7.16297e-18
0
0
0
0
0
4.21207e-16
0
0
0
0
0
0
0
0
0
0
0
0
0
0
0
0
0
0
0
0
0
0
0
0
0
0
0
0
0
0
0
0
0
0
0
0
0
0
0
0
0
0
0
0
0
0
0
0
0
0
0
0
7.13045e-17
0
0
0
0
0
0
0
0
0
0
0
0
0
0
0
0
1.39458e-16
-2.05158e-16
0
0
0
0
0
0
0
0
0
0
0
0
0
0
0
0
0
0
0
5.09572e-15
-5.80665e-16
7.84041e-32
0
0
0
0
0
0
0
0
0
0
-8.31039e-16
1.08892e-14
0
0
0
0
0
0
0
0
0
0
0
0
0
0
-8.58894e-16
7.00337e-16
0
0
0
0
0
3.07842e-16
-4.52727e-16
0
0
0
0
0
0
0
0
0
0
0
0
0
0
1.75293e-16
0
0
-8.1504e-15
0
0
0
3.72074e-12
3.7476e-12
5.87719e-12
0
0
-6.72582e-17
0
0
0
0
0
0
3.94205e-12
0
0
0
0
-7.96998e-16
1.31278e-15
0
0
0
0
0
0
0
0
0
0
0
0
0
0
0
0
0
0
4.14369e-12
0
0
0
0
0
0
0
0
0
0
0
4.74713e-12
0
0
0
0
0
0
0
9.94912e-13
0
0
0
0
0
0
0
0
0
0
0
0
0
0
0
0
0
0
0
0
0
0
0
0
0
-1.94351e-16
-1.12289e-14
-2.84452e-07
2.90469e-07
0
0
5.99749e-12
0
0
3.28182e-12
0
0
0
0
3.43182e-12
3.17398e-12
0
0
-7.93617e-16
0
0
-3.75382e-16
0
0
0
0
0
2.99404e-07
-3.10279e-07
0
0
0
4.22719e-12
0
0
0
0
0
0
0
0
0
0
0
0
0
0
2.87225e-12
0
0
0
0
0
0
0
0
0
0
0
0
0
0
0
0
0
0
0
0
0
2.71205e-15
0
5.24242e-12
-1.77254e-07
-1.45887e-07
5.10803e-17
-3.76139e-16
8.80195e-15
0
0
0
0
0
0
0
0
0
0
0
0
5.51351e-12
0
0
0
0
0
0
0
0
0
0
0
0
0
0
0
-1.41563e-17
0
0
0
0
0
0
0
0
0
-1.03303e-16
0
0
0
0
0
3.92578e-13
-4.22094e-12
0
0
0
0
0
0
0
0
0
0
0
0
0
0
0
0
0
0
0
0
0
0
0
0
0
-1.02611e-07
-1.71546e-07
0
0
0
0
0
0
0
-3.24362e-17
0
0
0
0
0
0
0
0
0
0
0
0
0
0
0
0
0
0
0
0
0
6.0145e-16
0
0
0
0
0
0
0
0
2.072e-15
0
0
0
0
0
-3.96761e-16
0
-1.12644e-15
0
0
0
2.74347e-07
-2.52794e-07
0
0
0
4.34234e-12
0
0
0
0
0
0
0
0
0
0
0
0
0
0
0
0
0
0
0
0
0
0
0
0
0
0
0
0
0
0
0
0
0
0
0
0
0
4.848e-12
0
6.47999e-16
0
0
0
0
0
0
0
0
4.05145e-12
0
0
0
0
0
0
0
0
9.37941e-16
0
0
0
0
0
0
0
0
0
0
0
0
0
0
0
0
0
0
0
-1.05996e-13
-6.81256e-12
0
0
0
0
0
0
0
4.27929e-12
0
-1.30843e-15
0
3.54205e-12
0
0
0
0
0
0
0
0
0
0
0
0
-5.9481e-15
0
0
0
0
0
-2.20652e-15
0
0
4.76063e-12
0
0
0
0
0
0
0
0
0
0
0
0
0
0
0
4.3572e-12
4.70631e-12
0
0
0
0
0
0
0
0
0
0
0
0
0
0
0
-8.77156e-13
0
0
0
0
0
0
0
0
0
0
0
0
0
0
0
0
8.05857e-15
0
0
0
0
0
0
0
0
0
0
0
0
0
0
0
0
0
0
0
0
0
0
0
0
0
0
0
0
0
0
0
0
0
0
0
0
0
0
0
0
0
0
0
0
0
0
0
0
0
0
0
0
0
0
0
0
0
0
0
0
0
0
0
0
0
0
2.05408e-12
0
0
0
0
-2.61361e-12
0
0
0
0
0
0
0
0
0
0
0
2.96211e-12
3.00479e-12
-5.47574e-15
1.13434e-15
0
0
0
0
0
0
0
0
0
0
0
0
6.43057e-16
6.76408e-16
0
0
0
0
0
0
0
0
0
5.77353e-12
0
0
-2.07527e-16
0
0
0
0
0
0
0
0
0
0
0
-5.70451e-15
8.31542e-16
0
0
0
0
0
0
0
0
0
0
0
0
0
0
0
-2.09019e-16
4.08042e-12
0
0
0
0
0
0
0
0
7.10802e-16
0
0
1.77754e-12
0
0
0
0
0
-1.82333e-16
0
0
0
0
0
0
0
0
0
0
0
0
0
0
0
0
3.07077e-15
1.11561e-15
0
0
0
0
0
0
0
7.81735e-12
0
0
1.55397e-16
0
0
0
0
0
0
0
1.38526e-11
0
0
0
0
0
0
0
0
4.13768e-12
0
0
0
0
0
0
0
-1.00041e-14
0
0
0
0
0
0
0
0
0
0
0
0
0
0
0
0
-3.05664e-08
4.07983e-08
0
5.61378e-12
5.2656e-12
5.01535e-12
0
0
7.58296e-12
0
1.952e-15
-3.30193e-15
0
0
0
0
0
4.68684e-12
-6.8482e-17
0
0
0
3.91102e-16
0
0
0
0
0
0
0
0
0
0
0
0
0
0
0
0
0
6.01852e-16
0
0
0
4.40412e-16
0
0
0
0
0
0
0
0
0
0
0
0
0
0
0
0
0
0
0
0
0
0
0
0
0
0
0
0
0
0
0
1.75052e-16
0
0
0
0
0
-5.72852e-12
-6.02898e-16
-8.55715e-12
0
-1.82213e-15
7.76975e-17
0
0
-2.26979e-16
0
0
0
0
0
0
0
0
0
0
0
0
0
0
0
0
0
0
1.06559e-16
0
2.45257e-12
0
0
0
0
9.73178e-17
0
5.42767e-12
0
7.35866e-17
2.01925e-16
-3.79438e-15
0
0
0
0
0
0
0
0
0
2.56046e-17
-1.50564e-16
0
0
0
0
0
0
0
0
-1.94928e-15
0
0
0
0
0
0
0
-1.13172e-16
-1.20882e-16
0
0
0
0
0
-1.01936e-14
0
0
0
0
0
0
0
0
-7.72096e-15
4.20015e-16
0
0
0
0
0
0
0
0
-3.26864e-12
7.16831e-13
0
0
0
0
0
0
0
0
0
0
0
0
0
0
-6.74256e-15
-5.88861e-16
0
0
0
0
0
0
0
0
4.0567e-16
-8.11237e-15
0
0
0
0
0
0
0
0
0
0
0
0
0
1.8292e-16
5.72199e-12
-4.10458e-15
0
0
0
0
0
0
0
0
0
0
0
0
0
0
0
0
0
0
0
0
0
0
0
0
0
0
0
0
0
0
-1.05752e-15
0
0
0
0
0
0
0
0
0
0
0
0
0
0
0
0
0
0
0
4.45279e-14
9.46875e-13
9.17442e-13
0
0
0
0
0
0
0
0
0
0
0
-3.04078e-16
0
0
0
0
0
0
0
0
0
0
0
0
0
0
0
0
0
0
0
-6.34596e-15
0
0
0
0
1.01844e-16
0
0
0
0
5.97821e-15
0
0
-2.38802e-17
0
0
0
0
-6.24272e-16
-8.12478e-18
0
0
8.34551e-13
1.24924e-12
0
0
0
0
0
0
0
0
0
0
0
3.20019e-11
0
0
0
0
0
0
0
0
0
0
0
-2.36209e-12
0
0
0
0
-5.65288e-08
-2.79945e-09
0
0
0
0
3.05527e-12
0
2.17111e-15
-2.4616e-15
0
0
0
0
0
0
0
0
0
0
0
0
0
0
0
0
0
0
0
-5.19484e-16
0
0
0
0
-5.04903e-17
0
0
0
0
0
0
0
0
0
0
0
0
0
0
0
0
0
0
0
0
0
0
0
0
0
0
0
0
0
0
0
0
0
-1.77013e-18
0
0
0
0
0
0
0
0
0
0
0
0
0
0
0
0
0
0
0
0
0
0
0
0
0
0
0
0
0
0
0
0
3.1722e-11
0
0
0
0
0
0
0
0
0
0
0
3.31392e-11
0
0
0
0
0
0
0
0
0
0
0
0
0
0
-6.14033e-16
1.14248e-12
0
0
0
0
-5.76328e-16
0
0
0
0
0
0
0
0
0
0
0
0
0
0
0
0
0
0
0
2.66884e-16
0
0
0
0
0
0
5.08866e-12
0
0
0
0
0
0
0
0
0
0
0
0
1.00075e-18
0
0
0
0
0
0
0
0
0
-2.73944e-16
0
0
0
0
0
0
0
0
0
0
0
0
0
0
-5.77562e-08
0
0
0
0
0
0
0
0
0
0
0
0
0
0
0
0
-1.04476e-16
-4.11177e-16
0
0
0
-7.99239e-16
0
0
0
-6.26096e-16
-1.49657e-16
0
0
-3.40947e-19
0
0
0
0
0
0
0
0
0
0
0
0
0
0
0
0
0
0
0
0
0
0
0
0
0
0
0
0
0
0
0
0
0
0
0
0
0
0
0
0
0
0
0
0
0
0
2.83241e-15
0
0
0
0
0
0
0
0
0
0
0
0
0
0
0
0
0
0
0
0
0
0
0
0
0
4.82825e-12
0
0
1.41245e-15
0
0
0
0
0
0
0
0
0
0
0
0
0
0
0
0
0
0
0
0
0
0
6.20083e-17
0
0
0
5.41735e-16
-8.78118e-16
0
0
0
0
0
0
0
0
0
3.59908e-11
0
0
0
0
0
0
0
0
0
0
1.64424e-17
0
0
0
0
0
0
3.2116e-14
0
0
0
0
-2.25735e-16
0
0
0
0
-1.91363e-16
0
0
0
0
0
0
0
0
0
0
5.43748e-15
0
-4.42503e-15
0
0
0
0
3.6316e-12
5.93564e-12
0
0
0
0
0
0
0
0
0
0
0
0
0
0
0
0
0
0
0
0
-1.81886e-16
-1.95986e-16
0
0
-1.95252e-12
0
0
0
0
0
0
0
0
0
0
0
0
2.29492e-16
0
0
0
0
0
0
0
0
0
0
0
0
0
0
0
0
1.64717e-15
0
0
0
0
0
0
0
0
0
0
0
0
0
0
0
0
0
0
0
0
0
0
0
0
0
7.86809e-17
0
0
0
0
0
-1.56929e-16
0
0
0
0
0
0
0
0
0
0
0
0
0
0
0
0
0
0
0
0
0
0
0
0
0
0
0
0
0
3.13822e-07
-5.0911e-16
0
0
0
0
0
0
0
0
0
0
0
0
0
0
0
0
0
0
0
0
0
0
0
0
9.43103e-16
0
0
1.07396e-15
1.30673e-32
0
0
0
0
0
0
0
0
0
0
0
0
0
0
0
0
0
0
0
0
-1.26151e-16
0
0
0
0
0
0
0
0
0
0
0
0
0
0
0
0
0
-4.46903e-30
0
0
0
0
0
0
0
0
0
0
0
0
0
0
0
0
0
0
0
0
0
0
0
0
-7.73116e-16
0
1.46904e-18
0
0
0
0
0
0
0
0
0
-6.42271e-17
0
0
0
0
0
0
0
0
0
0
0
0
0
0
0
0
1.33457e-18
0
0
0
0
0
0
0
0
0
1.92636e-08
0
0
0
0
0
0
0
0
0
0
0
0
0
0
0
0
0
1.00289e-14
1.27382e-12
5.9548e-13
0
0
0
0
0
0
0
0
0
0
0
0
0
0
0
0
0
0
0
0
0
0
0
0
0
0
0
0
0
0
-2.99196e-17
0
0
0
0
0
6.3844e-19
0
2.11708e-18
0
-1.34192e-15
0
0
9.75316e-12
-7.7747e-16
0
0
0
0
0
0
0
0
0
0
0
0
-1.12244e-15
0
0
0
0
0
0
0
0
0
1.78103e-15
0
0
0
0
0
0
0
0
0
-6.526e-08
0
0
-4.17974e-08
0
0
0
0
0
0
0
0
0
0
0
0
0
0
0
0
0
0
0
0
0
0
0
0
0
0
0
0
-7.3141e-19
0
0
0
0
0
0
0
2.12024e-11
0
0
0
0
0
0
0
0
0
-1.21487e-16
0
0
0
0
0
0
0
0
0
0
0
0
0
0
0
0
0
0
-1.06707e-16
1.12382e-17
-1.70316e-16
0
0
0
0
0
0
0
0
0
0
0
0
3.27059e-11
0
0
0
0
0
0
0
0
0
0
0
0
-1.18854e-07
0
0
0
0
0
0
0
0
0
3.52406e-11
0
0
0
0
0
0
1.24853e-15
0
0
0
4.32447e-17
-1.79399e-16
0
1.30052e-07
0
0
-3.65774e-12
5.64654e-13
1.24616e-12
0
0
-3.99365e-12
0
0
0
0
0
0
0
0
-7.91587e-16
0
0
0
0
0
0
0
-9.08122e-17
0
0
0
0
0
0
0
0
0
0
0
0
0
1.34041e-12
-1.02217e-16
0
0
0
0
0
0
0
0
0
-9.85014e-08
0
0
0
0
0
0
3.10141e-17
0
0
0
0
-8.33603e-08
0
0
0
0
0
0
0
0
0
0
0
0
0
0
0
0
0
0
0
0
0
0
0
0
0
-5.93696e-12
0
0
1.35205e-15
0
0
0
0
0
0
2.32286e-17
-7.59268e-17
0
0
-2.91282e-08
0
0
0
0
0
0
0
0
0
0
0
0
0
0
0
0
0
0
0
0
0
0
0
0
0
0
0
0
0
0
0
0
0
4.22336e-16
0
0
0
0
0
0
0
0
0
0
0
0
0
0
0
0
0
0
0
0
0
0
0
0
0
0
0
0
0
0
0
2.81608e-15
-3.62591e-15
0
0
0
0
0
0
0
0
0
0
0
0
0
0
0
0
0
0
0
0
0
0
0
0
0
0
0
0
0
0
0
0
0
-5.46059e-17
0
-6.84328e-12
4.006e-13
0
0
0
0
0
0
0
0
0
0
1.96635e-11
0
0
0
0
0
0
0
0
0
0
0
0
0
0
0
0
0
0
0
3.77519e-12
1.76398e-08
0
0
-3.74931e-12
7.89575e-13
1.08253e-12
0
0
0
0
0
0
0
0
0
0
0
0
0
8.67486e-16
0
0
0
0
0
0
0
0
0
0
0
-2.18587e-12
0
-1.30124e-12
0
0
0
0
0
0
0
0
0
0
-3.26741e-15
-3.2018e-15
0
0
1.02183e-14
0
0
0
0
0
-3.4403e-15
1.42144e-15
0
0
0
0
0
0
0
6.88593e-16
0
0
0
0
1.56341e-12
-2.66257e-11
0
0
0
0
0
1.16827e-14
0
0
0
0
0
0
-4.7934e-08
0
0
0
0
0
0
0
0
0
0
0
0
0
0
7.72781e-16
-1.17913e-16
0
0
1.10335e-12
7.838e-13
0
0
0
0
0
0
0
0
0
0
0
0
0
0
0
0
0
-7.27286e-13
7.05765e-16
0
0
0
0
0
0
0
0
0
0
0
0
0
0
0
0
0
0
0
0
1.81482e-16
0
2.77314e-16
-4.94248e-16
4.77327e-15
7.16586e-13
0
0
0
0
7.7431e-15
0
0
0
-2.79767e-15
0
0
0
-6.02819e-17
0
0
0
0
0
-7.3185e-17
2.90787e-16
0
0
0
0
0
0
0
1.97693e-16
1.48784e-16
0
0
0
1.78004e-15
9.33035e-16
0
0
0
0
0
0
0
0
0
0
0
0
0
0
0
5.62895e-17
-1.47695e-12
-1.11037e-16
-2.3904e-17
0
0
5.59758e-08
0
0
-8.85206e-13
-2.923e-11
0
0
0
-4.77789e-08
0
0
0
0
0
-1.19483e-16
0
0
0
0
0
0
-3.03777e-17
0
0
0
0
0
0
0
0
0
0
0
0
-9.6256e-16
0
0
0
0
0
0
0
0
8.69129e-08
5.23577e-12
0
0
0
0
0
0
0
1.76686e-15
0
0
0
0
0
0
-8.28622e-16
0
0
0
0
0
0
0
-1.35872e-08
-1.89286e-15
0
0
0
7.59963e-08
0
0
0
0
0
0
0
0
0
0
0
8.21158e-08
0
0
0
0
0
1.02631e-14
0
0
0
0
0
0
0
0
0
0
0
0
0
0
0
4.25844e-08
0
0
0
0
-2.17587e-16
5.1481e-16
-1.44814e-07
2.36664e-08
0
0
0
-3.03045e-17
0
0
2.98614e-17
0
0
0
0
0
0
0
0
0
0
0
0
-3.29829e-16
0
0
0
0
0
0
-8.40666e-31
0
0
0
0
0
0
0
0
0
0
0
0
0
0
0
0
0
3.37369e-08
0
0
0
0
0
0
0
0
0
0
0
0
0
0
0
0
0
0
0
0
0
0
0
0
0
0
0
0
0
0
0
0
0
0
1.13939e-12
0
0
3.58569e-17
-1.63342e-33
0
0
0
0
0
0
0
0
0
0
0
0
0
0
0
0
0
0
0
0
-6.28475e-16
0
0
0
0
0
7.54801e-16
0
-4.49677e-16
0
0
0
0
0
0
0
0
0
0
0
0
0
0
0
0
0
0
0
0
-2.81008e-12
5.2052e-13
0
0
0
0
0
0
0
0
-1.06735e-17
-1.10502e-16
0
0
0
0
0
0
0
0
0
0
0
0
0
0
0
0
-2.13567e-16
0
-3.42214e-18
0
0
0
0
0
0
0
0
0
-3.32068e-12
0
0
0
2.75701e-12
0
0
0
0
0
0
0
0
0
0
0
0
0
0
0
-1.67942e-15
0
0
8.85801e-16
1.36613e-15
0
0
0
0
0
0
0
-2.79359e-11
0
0
0
0
0
0
3.96151e-15
-7.01554e-16
0
0
0
0
0
0
0
0
0
0
0
0
0
0
0
-3.19089e-15
0
0
0
0
0
0
0
0
0
0
-3.46332e-16
9.80568e-13
1.92076e-16
0
0
0
0
0
0
0
0
0
0
0
0
0
0
0
0
0
0
0
0
0
0
0
0
9.97554e-13
-2.33252e-17
6.9264e-17
0
0
0
0
1.72942e-17
-5.23731e-17
0
0
-5.08494e-12
0
0
0
0
1.81495e-15
0
0
0
0
0
3.23302e-16
-2.75801e-15
0
0
0
0
0
0
-7.23974e-17
0
0
0
0
0
0
0
0
0
0
0
0
0
0
0
0
0
0
0
3.36043e-16
0
2.33532e-16
0
0
-7.126e-13
0
0
0
0
0
0
0
0
0
2.3956e-12
9.76894e-08
0
0
9.08487e-15
0
0
0
0
0
0
0
0
0
0
0
0
0
0
0
0
0
0
0
0
0
0
0
0
0
-2.63539e-08
0
0
-1.19981e-14
4.7365e-16
0
0
0
0
0
1.14977e-16
1.81746e-07
0
0
0
0
0
0
0
0
0
6.55214e-18
-7.32177e-16
-4.50898e-12
-1.01443e-15
0
0
0
0
0
0
0
8.76838e-08
0
0
1.99842e-15
0
0
0
0
0
0
0
0
0
0
-3.97114e-12
1.49582e-12
0
0
0
0
2.44155e-08
0
0
0
0
0
0
0
-1.36876e-16
0
0
1.25359e-17
-4.23684e-18
0
0
0
0
0
0
0
0
0
0
0
0
0
0
0
0
0
0
0
0
0
0
0
0
-4.15619e-17
0
0
0
0
0
0
0
0
0
0
0
0
-1.12735e-15
0
0
0
0
0
0
0
1.56196e-07
6.27873e-15
4.85363e-08
0
0
0
0
0
0
0
0
0
0
0
0
0
0
0
0
0
0
0
0
0
0
0
0
0
0
0
0
0
1.30552e-07
4.86504e-12
0
0
-2.13801e-16
-1.11833e-15
1.00431e-15
0
0
0
0
0
0
0
0
0
0
0
0
0
0
0
0
0
0
0
0
0
0
0
-1.57082e-08
4.06484e-12
0
0
0
0
0
0
0
0
-3.44971e-16
1.5258e-15
0
0
0
0
0
0
0
0
0
0
0
-1.10787e-15
0
0
0
0
0
0
0
0
0
0
0
0
0
0
0
0
0
0
0
1.63109e-15
1.16707e-07
0
-1.63209e-15
0
0
0
0
0
-2.20678e-08
0
0
0
-2.64784e-11
0
0
0
0
4.7254e-12
8.35779e-08
0
0
0
0
3.89607e-16
0
0
0
0
0
0
0
0
1.62763e-15
0
0
0
0
0
0
0
0
0
0
0
0
2.03109e-17
-5.55362e-31
0
0
0
0
0
0
0
-4.44591e-16
-2.05932e-14
1.83179e-17
0
0
0
0
0
0
0
0
0
-1.38175e-12
0
0
0
0
0
0
0
0
0
0
9.6636e-08
0
0
-5.37916e-08
0
0
0
0
0
0
0
0
0
0
0
0
0
2.38284e-15
0
0
0
0
0
0
0
0
-1.93328e-15
-1.28446e-15
0
0
0
0
0
0
1.47531e-08
0
0
0
0
0
0
0
-1.67424e-12
0
0
0
0
0
1.12011e-12
0
0
-5.87093e-17
1.32914e-16
0
0
0
2.07068e-16
6.50366e-15
0
0
0
0
0
0
0
0
0
5.58152e-08
0
0
0
0
0
0
0
0
0
0
0
1.77766e-15
0
0
0
0
0
0
0
0
0
6.01431e-16
4.20255e-16
0
0
0
0
0
0
0
0
0
0
-2.62983e-08
0
6.39841e-13
0
0
0
0
0
0
0
0
0
-8.90784e-08
-1.12433e-15
0
0
0
0
0
0
0
0
0
0
0
0
0
1.10794e-17
-2.39658e-07
2.03032e-08
0
0
0
0
0
0
0
0
0
0
-7.07269e-08
0
0
-3.12609e-08
0
0
0
0
0
-8.89475e-13
0
0
2.89707e-16
0
0
0
0
0
0
1.70928e-15
1.22361e-14
0
0
0
0
0
0
0
0
0
0
0
0
1.38969e-07
0
3.71529e-12
-4.06347e-09
0
0
0
0
0
0
0
0
0
0
0
0
0
0
0
-4.71028e-16
0
0
0
0
0
0
8.65172e-17
0
0
0
0
0
0
0
0
0
0
0
0
0
0
0
0
0
0
0
0
0
0
-9.98503e-13
0
0
0
0
0
0
0
0
0
0
0
0
0
0
0
0
0
1.22369e-17
0
0
0
0
0
0
0
0
0
0
0
0
0
0
0
0
0
0
0
0
0
0
1.06883e-07
0
0
0
8.61283e-16
0
0
0
0
0
0
0
0
0
0
-4.21299e-16
1.29313e-14
0
1.94683e-07
0
-1.3076e-12
-2.77353e-16
0
0
0
1.90466e-17
0
0
1.93628e-07
0
0
0
0
0
0
0
0
0
4.89832e-18
0
0
0
0
0
0
0
0
0
0
0
0
-9.97657e-13
0
0
0
1.00235e-12
0
0
0
0
0
0
0
0
0
0
0
0
0
0
0
0
0
0
0
0
0
0
0
0
0
0
-2.11872e-16
-3.84373e-16
8.87359e-17
2.1783e-16
0
0
0
0
1.62652e-15
1.16865e-15
1.6793e-15
0
0
0
0
0
0
0
0
0
0
0
0
0
0
0
0
3.41203e-16
-1.55851e-17
0
0
0
0
0
0
0
0
0
0
0
9.08245e-13
0
0
0
0
0
0
0
0
0
0
0
0
0
0
0
0
-2.97761e-17
0
0
0
0
4.36082e-15
-1.10322e-16
2.30092e-16
0
0
0
0
0
0
0
0
0
0
0
0
0
0
0
0
0
0
7.152e-12
9.46222e-12
0
0
0
0
1.70057e-12
7.27233e-13
2.05742e-15
0
0
0
0
0
1.39968e-15
0
0
-5.37145e-17
-1.26535e-16
0
0
0
0
0
0
0
0
0
0
0
0
1.00336e-12
0
0
-2.19514e-16
1.39781e-15
0
8.22686e-17
0
0
0
0
0
0
0
0
0
0
0
0
0
7.4034e-17
8.01142e-13
0
0
0
0
0
0
-1.88465e-07
0
0
0
0
0
0
0
0
-1.18172e-17
1.00528e-15
0
0
0
0
0
7.23788e-13
-5.58084e-31
2.0536e-17
0
0
0
-2.19876e-07
0
0
8.52495e-17
-5.46932e-16
0
0
1.34106e-12
1.03985e-12
0
0
0
0
0
0
0
0
0
0
1.96593e-16
2.08074e-16
0
0
0
0
0
0
4.00691e-15
0
-8.71264e-13
0
0
0
0
0
0
0
0
0
0
0
0
-1.03177e-12
0
0
-1.02597e-16
1.87369e-14
0
0
0
9.94554e-17
0
0
0
-1.63363e-16
0
2.05163e-07
0
0
0
0
0
0
0
0
0
0
-5.82962e-16
0
0
0
-1.20069e-12
0
0
0
9.93398e-16
0
0
0
0
0
0
0
0
0
0
0
0
0
6.84418e-15
0
0
0
0
0
0
0
0
0
7.08527e-13
8.89979e-17
0
0
0
0
0
0
1.32775e-12
6.18495e-13
0
0
0
0
0
0
0
0
0
0
0
0
-2.03269e-16
-2.90424e-13
9.55569e-13
0
0
0
0
0
0
0
0
0
0
0
0
0
0
0
0
1.09894e-16
-5.31844e-16
0
-2.35009e-16
1.28406e-17
0
0
0
0
0
0
0
0
0
0
7.11656e-16
9.66309e-15
0
0
0
0
0
0
-1.48646e-12
0
0
0
0
0
0
0
0
0
0
0
0
0
0
0
0
0
0
0
6.12585e-13
8.29382e-13
0
0
0
0
0
0
0
0
0
0
0
0
0
0
0
0
0
0
0
4.22279e-08
3.68582e-12
0
0
0
0
-7.3168e-17
0
0
0
0
0
1.15122e-16
0
0
0
2.47374e-15
0
0
0
0
0
0
0
0
0
-1.87961e-15
0
0
0
0
0
0
0
0
0
0
4.11479e-13
0
0
3.91063e-17
0
0
0
0
0
0
0
0
0
0
0
0
0
0
0
1.11522e-30
3.76249e-16
0
0
0
0
9.57148e-16
0
0
0
0
0
0
0
0
0
0
-9.25836e-13
0
0
0
0
-4.15175e-16
0
0
0
0
0
0
0
0
0
0
0
5.71216e-13
7.21286e-17
6.0333e-17
0
0
0
0
0
0
0
0
0
0
0
0
0
0
1.18945e-16
-1.16441e-12
0
0
6.11089e-17
0
0
0
0
0
0
0
0
1.33922e-16
0
0
-1.08518e-12
0
0
0
0
0
-1.82761e-15
0
0
0
0
0
0
0
0
0
0
-5.61296e-16
8.8338e-16
0
0
0
0
-1.12815e-30
2.76165e-16
0
0
0
3.29677e-15
-9.35351e-17
0
0
0
0
0
0
0
-2.48018e-15
1.10328e-14
0
0
0
0
0
0
0
0
0
0
0
0
0
0
0
0
0
0
0
0
0
7.87459e-13
7.99098e-13
0
0
0
1.18334e-12
0
0
0
0
0
0
0
0
0
0
0
0
0
0
0
0
0
0
0
0
0
0
0
0
0
0
0
0
0
0
0
0
0
0
0
0
0
4.58087e-17
0
0
0
0
8.44162e-13
0
0
0
0
0
0
0
0
0
0
0
0
0
0
0
0
0
0
0
0
0
0
0
0
0
0
0
0
0
0
0
0
0
0
0
0
0
0
0
0
0
0
0
0
0
0
0
0
0
0
0
0
0
0
-1.08569e-15
9.08397e-15
0
0
0
0
0
0
0
0
0
0
3.20551e-16
0
0
0
0
0
0
0
0
0
0
0
0
0
0
0
7.87225e-08
0
0
0
0
0
0
0
0
0
0
0
0
0
0
0
0
0
0
0
0
0
0
0
0
0
0
0
0
0
0
0
0
-1.145e-12
0
0
0
0
0
0
0
0
0
0
0
0
0
0
0
0
0
0
0
-6.10625e-16
0
0
0
0
0
0
0
0
0
0
0
0
0
0
0
0
0
1.27693e-16
0
0
0
0
0
0
2.5879e-15
0
0
-2.7569e-12
0
0
0
0
0
1.62102e-15
0
-1.21586e-16
0
3.71313e-08
0
0
0
0
0
0
0
0
0
7.91368e-13
-1.11294e-17
1.45418e-17
0
0
0
0
0
0
0
0
0
0
0
0
0
0
0
0
0
0
0
0
0
0
0
0
0
-1.20019e-12
0
0
0
0
0
-4.62258e-16
-7.91307e-12
0
-1.43046e-16
0
0
0
0
0
1.59562e-15
6.93543e-08
0
-5.68706e-17
0
0
-7.32855e-13
0
0
0
0
0
0
1.68308e-13
0
0
0
0
0
0
0
0
-7.57102e-12
0
0
0
0
0
0
0
-3.87831e-08
-2.12207e-15
0
0
0
0
0
-1.5701e-16
0
0
0
0
0
0
0
0
0
0
0
0
0
0
0
0
0
0
0
0
0
0
0
0
0
0
0
0
0
-1.3128e-12
0
0
0
0
0
0
0
0
0
0
0
1.30997e-08
0
0
0
0
0
0
0
-9.11315e-17
0
0
7.44585e-13
0
1.07113e-12
0
0
0
1.52322e-16
-2.33999e-16
0
0
0
0
0
0
0
0
0
-2.05053e-08
0
0
0
0
0
0
0
0
9.89895e-13
0
0
0
0
0
0
0
0
0
0
1.91655e-15
0
0
0
0
0
0
0
0
0
0
0
0
0
0
0
0
0
0
0
0
0
0
0
0
0
0
0
0
0
0
0
0
0
0
-3.29063e-15
-1.60947e-15
0
0
1.88138e-15
9.19018e-13
0
-4.33682e-17
0
0
0
0
0
8.64798e-13
7.74961e-13
0
0
0
0
0
0
0
0
0
0
-2.85212e-15
0
-6.45591e-16
0
0
0
0
0
0
0
0
7.61596e-14
0
0
0
0
-2.05103e-15
0
0
0
0
0
0
0
0
0
0
0
0
0
0
0
0
0
0
0
0
0
-4.66489e-15
-6.83332e-13
0
0
9.47995e-13
0
0
0
0
0
0
-1.12848e-12
0
0
0
0
0
-1.21867e-12
0
0
0
-4.47396e-16
0
0
0
1.84539e-12
0
0
0
0
1.34987e-16
0
0
4.46854e-15
0
0
0
0
0
5.81774e-17
0
0
0
0
0
0
0
0
0
0
0
9.51414e-17
0
0
2.17873e-16
0
0
0
0
0
0
0
0
0
)
;

boundaryField
{
    frontback
    {
        type            empty;
        value           nonuniform List<scalar> 0();
    }
    topbottom
    {
        type            calculated;
        value           uniform 0;
    }
    outlet
    {
        type            calculated;
        value           nonuniform List<scalar> 0();
    }
    inlet
    {
        type            calculated;
        value           uniform 0;
    }
    walls
    {
        type            calculated;
        value           nonuniform List<scalar> 
151
(
-1.09666e-07
1.42159e-07
-3.93985e-07
1.82776e-07
2.23393e-07
2.6401e-07
5.88946e-07
6.29563e-07
-2.1527e-07
-1.74653e-07
-6.90488e-08
-2.84319e-08
-3.61491e-07
-3.28997e-07
-2.8838e-07
-2.47763e-07
-1.42159e-07
-1.01542e-07
4.0617e-09
3.65553e-08
7.71722e-08
1.09666e-07
1.50283e-07
2.96504e-07
3.28997e-07
3.69614e-07
4.02108e-07
4.42725e-07
4.83342e-07
5.15835e-07
5.56452e-07
2.84319e-08
1.21851e-08
6.90488e-08
-7.71722e-08
1.01542e-07
-1.34036e-07
-1.6653e-07
-2.07147e-07
1.74653e-07
1.58406e-07
-2.3964e-07
2.1527e-07
-3.20874e-07
-3.53368e-07
-3.37121e-07
2.55887e-07
1.909e-07
2.8838e-07
-3.69614e-07
3.20874e-07
-1.50283e-07
3.61491e-07
-1.21851e-08
-4.26478e-07
3.77738e-07
3.93985e-07
2.03085e-08
6.09254e-08
4.10231e-07
-8.52956e-08
9.3419e-08
-5.28021e-08
-1.25913e-07
1.25913e-07
-1.58406e-07
4.50848e-07
-1.99023e-07
1.6653e-07
-2.31517e-07
-2.72134e-07
4.75218e-07
-3.04627e-07
2.3964e-07
6.09254e-08
4.06169e-09
3.65553e-08
-6.09254e-08
-2.84319e-08
2.07147e-07
-3.12751e-07
-3.45244e-07
2.47763e-07
2.80257e-07
-3.77738e-07
-4.10231e-07
3.12751e-07
4.67095e-07
5.23959e-07
3.53368e-07
-4.18355e-07
3.85861e-07
4.18355e-07
4.58972e-07
5.64576e-07
5.80823e-07
6.2144e-07
4.99589e-07
5.40206e-07
4.46787e-08
6.37686e-07
5.32082e-07
-2.03085e-08
-4.0617e-09
2.84319e-08
-3.65553e-08
6.05193e-07
5.72699e-07
-2.23393e-07
6.13316e-07
-4.02108e-07
5.28021e-08
-1.21851e-08
2.03085e-08
6.4581e-07
5.48329e-07
-4.46787e-08
-2.03085e-08
1.17789e-07
1.34036e-07
-7.71722e-08
4.26478e-07
-9.3419e-08
-2.80257e-07
-2.96504e-07
-6.09254e-08
-3.85861e-07
8.52956e-08
3.45244e-07
1.99023e-07
4.34602e-07
2.31517e-07
4.46787e-08
5.07712e-07
5.97069e-07
-4.0617e-09
2.72134e-07
5.28021e-08
-6.90488e-08
-2.6401e-07
3.37121e-07
3.04627e-07
-4.46787e-08
-1.909e-07
-2.55887e-07
-1.17789e-07
-5.28021e-08
4.91465e-07
1.21851e-08
-3.65553e-08
-1.82776e-07
)
;
    }
    procBoundary2to0
    {
        type            processor;
        value           nonuniform List<scalar> 
83
(
0
0
0
0
0
5.96614e-12
2.37684e-16
0
0
0
0
0
0
0
0
0
0
0
0
0
-1.25796e-15
0
0
-9.55581e-16
-2.25629e-30
0
0
0
0
0
0
0
0
0
0
0
0
0
0
0
0
0
0
0
0
0
0
-1.1419e-14
0
0
9.6566e-16
6.22312e-16
4.20586e-15
4.11035e-16
1.13686e-30
-2.03985e-15
0
0
0
0
0
0
2.28999e-07
-3.42034e-16
0
2.83949e-15
5.87923e-16
0
0
0
-3.15514e-15
3.8478e-16
0
0
3.571e-16
0
1.12379e-30
2.85775e-15
0
-5.03935e-16
-5.28075e-16
0
0
)
;
    }
    procBoundary2to3
    {
        type            processor;
        value           nonuniform List<scalar> 
99
(
0
0
-1.7875e-12
0
0
0
0
0
0
0
0
0
0
0
0
0
2.26288e-15
0
0
0
0
0
0
0
0
0
0
0
0
0
0
0
0
0
-8.00462e-17
0
0
0
0
0
0
0
0
0
0
0
0
0
0
0
0
0
0
0
0
0
0
0
0
0
0
0
0
0
0
0
0
0
0
6.65585e-08
0
0
0
0
0
0
0
0
0
0
0
0
0
8.63967e-16
0
0
0
0
0
0
0
0
0
0
0
0
0
0
0
)
;
    }
}


// ************************************************************************* //
