/*--------------------------------*- C++ -*----------------------------------*\
| =========                 |                                                 |
| \\      /  F ield         | OpenFOAM: The Open Source CFD Toolbox           |
|  \\    /   O peration     | Version:  v2012                                 |
|   \\  /    A nd           | Website:  www.openfoam.com                      |
|    \\/     M anipulation  |                                                 |
\*---------------------------------------------------------------------------*/
FoamFile
{
    version     2.0;
    format      ascii;
    class       surfaceScalarField;
    location    "1000";
    object      meshPhi;
}
// * * * * * * * * * * * * * * * * * * * * * * * * * * * * * * * * * * * * * //

dimensions      [0 3 -1 0 0 0 0];
oriented        oriented;


internalField   nonuniform List<scalar> 
20673
(
2.87271e-15
0
-1.42377e-15
0
0
0
0
0
0
0
0
0
0
0
0
-1.9613e-17
4.23906e-17
-1.28629e-15
0
0
0
0
0
0
0
0
0
0
0
0
0
0
0
0
0
0
0
-1.04957e-08
4.10485e-13
2.26833e-09
-4.4026e-30
4.54824e-15
0
0
0
0
0
0
0
0
0
0
0
0
2.65362e-14
0
-1.04661e-15
0
-4.5577e-14
-2.791e-14
0
0
0
0
0
0
0
0
0
0
0
0
0
-1.2047e-16
1.31445e-16
-1.70866e-16
2.69991e-17
4.2459e-16
-1.23796e-15
1.21988e-15
-5.42859e-31
1.813e-16
0
0
0
0
0
0
0
0
0
0
0
0
-3.9326e-15
3.53577e-16
-1.32798e-16
0
0
0
0
0
0
0
0
0
-4.27783e-16
-1.92255e-16
0
0
-1.55639e-13
1.83788e-13
2.31274e-16
4.51769e-14
0
4.09868e-16
0
0
0
-2.22621e-15
5.9953e-15
4.09741e-14
5.87793e-16
0
3.78016e-15
0
0
0
2.35173e-16
9.57294e-17
1.22723e-17
0
0
-4.22519e-15
0
7.37586e-16
-1.72823e-12
-1.38296e-12
-5.46125e-31
0
0
0
0
0
0
-9.62007e-16
-7.11656e-16
-1.06816e-14
6.56842e-13
-4.75903e-12
-2.77746e-16
2.85404e-15
0
0
0
0
0
0
0
-1.27379e-15
-1.4948e-15
0
4.92432e-15
0
-2.25738e-15
0
0
0
0
0
0
0
-3.56755e-09
-5.71804e-14
0
-4.47013e-16
1.74018e-15
0
0
0
-2.05843e-14
2.81528e-16
2.21723e-14
2.8803e-14
5.94064e-16
2.33194e-16
0
0
-2.33705e-16
1.3399e-15
0
0
0
0
1.75136e-16
0
-2.99075e-16
1.39981e-14
-1.79331e-14
-1.2782e-12
4.77841e-19
-1.67854e-12
1.761e-15
-2.60112e-15
0
-2.5353e-13
2.29227e-16
-3.89819e-14
6.03054e-15
0
-7.66559e-16
0
0
0
0
0
0
0
0
0
4.26083e-15
-4.02615e-17
1.48349e-15
5.84885e-18
0
0
-4.06781e-16
0
1.24422e-17
4.11607e-15
0
0
0
0
0
0
0
0
1.32562e-15
1.60966e-14
-1.35884e-16
1.93255e-17
0
0
0
0
1.66797e-14
-5.26296e-15
0
0
0
0
0
0
-1.44941e-15
1.69218e-15
-8.49048e-16
0
0
0
0
0
0
0
0
0
2.07815e-15
1.92342e-15
-1.82587e-16
0
0
0
5.38882e-17
-1.95865e-16
0
-2.01333e-15
0
-7.32144e-15
4.40534e-15
0
-1.66777e-15
0
-6.47227e-15
0
0
0
1.36765e-15
-5.4386e-16
0
-9.5319e-16
0
0
0
0
0
0
0
0
0
3.65506e-16
6.15112e-14
0
-6.81018e-16
-3.3339e-15
0
0
0
2.48748e-16
-6.81525e-15
5.53037e-13
-5.93755e-16
-2.22111e-12
0
0
0
2.60957e-18
6.69957e-17
3.88042e-16
-5.50908e-14
-1.47074e-14
8.49419e-17
4.12873e-16
7.9008e-17
-1.83256e-16
0
0
0
-9.67004e-16
0
0
0
9.86097e-16
-1.49378e-15
7.89832e-14
0
7.21315e-14
0
0
0
0
0
0
4.72983e-14
-2.37319e-15
-3.15468e-14
0
0
0
0
0
0
0
0
0
0
0
0
0
0
0
0
-1.48505e-15
2.04433e-15
-1.64171e-15
3.61651e-16
5.4688e-15
-1.72841e-14
1.45805e-16
-7.61353e-15
0
0
0
0
0
0
0
0
0
2.12693e-15
0
2.99048e-16
6.20081e-16
2.6461e-14
0
0
0
1.63201e-15
5.99148e-17
3.58297e-17
-8.754e-30
-5.55274e-16
0
0
0
0
0
0
5.0225e-16
0
-1.38153e-16
-3.89877e-17
-1.51519e-12
0
0
0
0
0
0
0
0
0
1.77845e-16
-7.43781e-16
-1.40009e-16
0
0
0
0
0
-6.32399e-13
6.38733e-14
0
0
0
0
0
0
0
0
0
0
0
0
0
0
0
0
0
4.5857e-15
0
0
4.15582e-17
4.47611e-18
0
0
0
-5.48642e-16
2.49106e-15
0
0
0
1.95288e-13
-7.17288e-13
0
0
0
0
0
0
0
-5.63746e-17
-2.15921e-16
3.93876e-16
0
0
0
0
0
0
0
0
0
0
0
0
0
0
1.64568e-15
-3.70746e-15
0
0
0
0
0
-7.42506e-16
6.248e-15
0
0
0
0
0
-2.50625e-17
-2.67241e-16
0
0
0
1.47539e-15
1.15852e-16
0
0
0
0
-7.68772e-16
0
0
0
0
0
0
0
1.9486e-16
-1.3519e-17
-5.59456e-18
6.11315e-17
-2.66729e-16
0
0
0
1.62197e-14
0
0
0
0
0
0
0
0
0
0
0
2.2884e-15
-3.05458e-15
0
0
-1.45893e-15
-1.19759e-16
1.07558e-16
0
0
0
0
0
-1.27302e-14
0
0
0
0
0
0
1.34638e-16
-2.99257e-15
0
0
0
-2.13852e-13
-3.33819e-16
-8.17245e-14
1.16505e-15
0
1.45074e-14
-4.84218e-14
-9.5844e-17
7.50447e-16
1.16259e-15
-1.58626e-16
-2.72987e-18
0
-2.85855e-13
0
-2.3671e-14
-1.9689e-14
0
0
0
0
0
0
0
0
0
0
-4.11723e-14
0
0
0
0
0
0
0
0
-1.02117e-15
9.01556e-16
0
0
0
-8.2439e-15
0
0
0
7.06643e-16
-2.62632e-16
0
0
0
0
0
-2.06691e-15
-5.06212e-13
0
0
0
0
0
7.85592e-17
-1.5417e-16
1.04997e-15
0
-8.63844e-16
0
0
1.23887e-14
0
4.24552e-14
-4.04039e-14
0
0
0
0
0
0
0
0
0
0
0
0
0
0
0
2.90749e-15
4.60022e-15
1.27051e-15
0
0
0
0
1.901e-15
2.41503e-13
1.08386e-13
-6.90473e-13
0
0
0
0
3.49137e-16
4.8149e-16
7.94144e-16
-9.73838e-16
1.13889e-17
7.21726e-15
-4.89651e-15
0
-1.11501e-14
0
0
0
0
0
0
0
0
0
0
0
-4.03255e-15
0
0
0
-2.77819e-13
-1.4188e-13
0
0
0
0
0
0
0
-3.19121e-14
0
0
0
2.35323e-13
6.34003e-14
-5.81684e-13
0
0
0
0
0
-2.80849e-15
0
7.28066e-14
0
-1.22883e-13
0
0
0
0
0
0
0
0
0
6.87056e-15
0
0
0
0
0
0
2.18962e-15
0
0
0
0
0
0
0
0
-3.43202e-19
0
0
0
0
0
0
0
0
0
2.65692e-15
-1.20988e-16
0
0
0
0
0
0
-1.10673e-14
8.28828e-15
0
0
0
0
0
0
0
1.74056e-29
0
0
0
0
3.69321e-14
5.18542e-15
1.06599e-15
0
0
0
0
-3.48601e-17
2.38357e-16
0
0
0
0
0
1.12333e-15
-1.11672e-16
0
0
0
4.40394e-17
0
0
0
-3.62893e-18
5.90312e-16
3.80061e-17
0
0
-7.59819e-16
-6.88615e-16
0
0
0
0
0
0
0
0
-2.28579e-14
-5.12374e-14
0
0
0
1.1513e-13
0
-8.39958e-14
0
0
0
0
0
0
0
0
0
0
0
0
0
0
0
0
0
1.81004e-16
0
-1.80266e-17
-1.97394e-12
-9.86483e-13
1.12378e-15
0
0
0
0
0
8.86987e-17
-8.44259e-16
0
0
0
0
3.58657e-16
-1.28258e-17
-1.66503e-16
0
0
0
0
4.23049e-17
3.08111e-16
-1.77653e-15
8.20053e-16
0
-6.95712e-15
2.28569e-16
3.95162e-15
-5.05578e-16
8.28182e-15
-8.99028e-14
1.33114e-14
0
0
0
0
0
0
0
0
1.27982e-32
0
-3.62061e-16
2.12695e-16
0
0
0
0
0
0
-3.0487e-15
1.50054e-15
0
0
0
0
0
0
0
0
1.59086e-13
5.31542e-14
0
0
0
0
0
0
0
7.99856e-17
0
0
-4.07718e-14
1.06646e-13
9.98309e-14
-5.13156e-13
0
0
0
0
0
0
0
0
-7.07748e-15
-4.64475e-14
0
0
0
0
0
-2.30477e-17
6.05247e-18
-7.81049e-16
0
8.5757e-17
0
0
0
0
0
0
0
9.60178e-14
1.09516e-13
-4.1474e-13
0
0
0
0
0
0
0
0
0
0
0
0
0
0
0
0
0
0
0
8.2473e-13
-5.55924e-12
0
0
0
-4.22024e-15
-4.20726e-16
0
0
0
0
0
0
0
0
0
0
2.29983e-12
3.55015e-08
-2.92986e-08
2.13429e-16
3.85773e-16
-3.44985e-14
-6.26179e-13
-1.48307e-15
3.86854e-15
0
0
0
-1.88864e-14
0
8.90437e-17
0
0
0
0
0
0
0
0
1.65285e-14
-5.01421e-16
0
0
0
0
0
0
0
0
0
0
0
0
0
0
0
0
0
0
-3.1544e-16
2.37121e-16
2.73163e-31
0
0
0
-1.02978e-16
-1.18459e-15
1.17342e-15
0
0
-3.59968e-17
1.09425e-30
-1.31537e-16
3.28802e-14
0
6.13972e-16
5.87201e-17
0
0
0
0
0
0
0
0
0
0
0
0
0
0
0
0
2.65947e-14
3.06368e-14
-3.17947e-15
-1.1447e-16
0
0
0
-6.97905e-18
0
2.76095e-15
0
0
-4.71847e-16
4.53521e-16
1.31707e-16
-2.04858e-13
0
-1.12937e-14
0
0
0
0
0
0
0
0
0
0
0
0
0
0
0
0
0
0
0
0
0
0
0
0
0
-7.2166e-16
2.947e-16
-3.06917e-15
-5.24647e-15
0
0
0
0
0
0
0
0
0
0
0
0
0
0
0
0
0
0
0
0
0
-5.13654e-14
-3.25922e-13
0
0
0
0
0
-2.76861e-13
-1.44044e-16
-1.52051e-13
4.92213e-14
3.94747e-14
0
0
0
0
0
0
0
0
0
0
0
0
0
0
0
0
0
0
0
0
0
0
9.02804e-14
0
-2.81012e-13
0
5.57273e-14
0
0
0
1.51728e-15
0
5.86706e-16
0
0
0
0
0
0
0
-3.99626e-15
-8.60492e-15
0
0
0
0
0
0
0
0
0
0
2.56522e-16
0
0
-3.05643e-16
0
-2.6361e-16
0
0
0
0
0
0
0
-1.42403e-15
0
0
0
0
0
0
-1.76133e-15
1.23689e-15
0
0
0
0
0
0
0
0
-1.54906e-16
-4.56023e-16
1.94642e-17
0
0
0
1.0417e-17
5.04451e-19
0
0
0
0
0
0
0
0
0
0
0
0
0
0
0
0
0
0
0
-2.02346e-13
0
0
0
0
0
0
0
0
0
-2.37801e-14
-5.48287e-13
0
0
-1.4056e-13
-1.31757e-13
0
0
0
0
0
0
0
0
0
0
3.08848e-16
-9.16534e-17
0
0
0
0
0
0
3.91661e-15
5.70968e-15
2.92294e-16
0
0
0
7.06611e-14
9.11555e-14
-3.3211e-13
0
0
-2.91084e-16
-1.48222e-13
-2.19111e-13
1.0098e-16
0
0
0
6.40223e-16
4.18468e-17
0
0
2.03157e-16
-3.11799e-16
0
0
0
0
0
0
0
0
0
3.23918e-15
0
0
0
0
0
0
0
0
0
-3.39796e-14
3.79119e-14
7.16689e-17
-2.13829e-16
0
0
0
0
0
0
6.98976e-29
0
0
0
0
0
0
0
0
0
0
0
0
0
0
0
-1.18932e-14
1.34314e-15
2.37123e-17
0
0
6.46925e-16
0
0
0
0
0
0
0
0
0
2.08353e-17
-2.05728e-15
-1.63096e-14
0
0
0
0
0
0
0
0
-4.54284e-16
-1.0032e-15
-1.55373e-15
0
0
0
-8.29735e-17
2.06033e-16
0
0
0
-1.30531e-15
0
0
0
0
-2.05012e-13
1.52543e-16
-2.72793e-17
-1.1362e-15
2.02879e-15
0
0
0
0
0
0
0
0
0
3.58629e-14
3.24851e-14
0
0
0
0
0
8.38252e-13
-2.35406e-12
3.12553e-13
0
-7.70737e-16
0
0
0
1.11189e-15
1.99101e-17
0
0
-1.96223e-17
-3.09453e-16
0
0
0
0
0
0
0
0
0
0
0
0
0
-7.98187e-10
-8.46655e-09
0
0
0
0
0
0
0
0
0
0
-6.46441e-15
0
0
0
0
-1.08185e-15
1.28556e-15
0
-9.92486e-16
0
0
3.40195e-16
-6.43924e-14
0
0
0
0
0
-6.06614e-18
9.2521e-19
0
0
0
-1.12449e-14
0
1.14679e-14
-1.35819e-13
-1.0647e-15
-2.05681e-12
0
0
0
1.13767e-17
1.88303e-17
3.21811e-16
0
0
0
-2.61452e-15
0
-2.78146e-13
0
2.95647e-15
0
0
0
0
0
0
0
0
0
0
0
0
0
0
0
0
0
0
0
0
0
-4.69692e-16
0
0
0
9.8516e-14
-7.36614e-13
0
0
0
0
0
0
0
0
-9.87005e-16
6.05046e-16
1.94897e-18
0
0
0
0
0
0
0
0
-5.32347e-12
0
0
0
0
0
0
-7.51907e-17
0
0
0
-4.49304e-16
0
0
-3.37088e-16
-1.49012e-16
0
0
0
0
0
0
0
0
-2.25623e-17
-5.85755e-17
0
0
0
0
0
0
0
0
0
0
0
0
0
0
0
0
0
6.02419e-17
2.92518e-16
0
0
0
1.03607e-12
5.48149e-13
5.64145e-17
8.89315e-18
0
0
0
0
0
-2.30358e-15
3.50463e-16
0
0
0
0
0
0
3.22395e-15
1.78714e-15
0
0
0
0
0
0
0
0
-3.38919e-17
0
0
4.08277e-16
0
0
0
0
0
0
0
0
0
0
0
0
0
0
0
0
0
0
0
8.82238e-09
8.00301e-13
0
0
0
0
0
0
0
0
0
0
0
0
0
0
0
-3.29708e-15
1.81699e-15
0
0
0
0
0
0
0
0
-9.26939e-16
1.51835e-14
0
0
0
0
0
0
0
0
0
0
0
-2.95386e-14
5.19749e-14
0
-7.91093e-14
0
0
0
0
0
-5.10515e-13
0
0
0
0
0
0
0
0
0
0
0
0
0
0
0
0
0
0
-9.28134e-14
0
8.34194e-14
0
0
0
0
0
0
4.00298e-16
0
-3.38101e-17
-6.50592e-17
0
0
0
0
0
0
-5.86077e-16
-1.85045e-15
-3.90968e-16
0
-1.63648e-16
-1.89134e-16
0
2.36785e-16
-1.30612e-16
0
0
0
0
0
0
0
0
-6.30305e-17
1.35296e-17
-1.70733e-16
-4.58523e-16
0
0
0
0
0
-2.4394e-16
3.45483e-16
0
4.92604e-16
6.37205e-15
-9.82433e-16
2.2013e-30
-2.1757e-30
0
0
0
0
0
0
0
9.91289e-16
9.60649e-16
1.46456e-16
0
0
0
-6.08281e-15
3.44614e-16
0
0
0
0
0
4.61852e-15
0
1.47053e-14
0
0
0
0
0
0
0
1.29381e-14
-2.71557e-14
0
-4.13223e-17
-1.3861e-15
7.12062e-17
-4.68634e-15
0
6.90256e-15
0
0
0
0
0
0
0
0
0
0
0
0
0
3.08135e-14
4.28067e-15
0
0
0
-6.61594e-15
4.99293e-14
0
0
0
0
0
0
0
1.73091e-16
2.29733e-14
-3.43248e-15
3.36846e-14
0
0
0
-1.62979e-15
2.26829e-15
0
0
-3.51004e-15
-3.61466e-17
7.8404e-15
3.78303e-16
0
0
0
0
0
0
0
0
0
0
0
0
0
0
0
0
0
0
3.86614e-14
0
0
0
2.91635e-13
1.62837e-13
-9.05715e-13
0
0
0
0
0
0
0
0
-8.89846e-14
5.50103e-16
2.83289e-15
0
0
0
0
0
0
0
0
0
0
0
0
0
0
-2.4604e-14
0
8.57442e-15
0
0
0
0
0
3.56412e-15
-8.69581e-15
4.21789e-14
0
0
0
0
0
0
0
0
0
0
0
-2.02963e-13
-1.42871e-13
2.97296e-15
2.87863e-15
-8.36961e-15
0
0
0
0
0
0
-3.87308e-16
0
0
0
0
0
0
0
0
0
0
2.49419e-13
-3.73691e-13
1.27422e-14
-4.75294e-16
-3.94109e-16
9.55692e-15
4.01968e-15
0
0
0
0
0
0
3.1053e-15
0
0
0
0
-2.75609e-15
0
-3.91347e-18
0
0
0
0
0
0
5.78385e-13
1.98434e-15
-8.72662e-13
1.47865e-14
0
0
0
0
-1.73954e-14
3.77634e-15
0
0
0
0
0
0
-7.56422e-17
0
0
0
0
0
0
0
0
0
-4.44518e-15
3.7808e-16
3.2012e-14
0
-8.82143e-16
1.19462e-15
0
0
0
0
0
0
0
5.23635e-16
0
0
0
0
0
-9.43953e-15
4.31964e-17
0
0
0
0
0
0
-1.44216e-16
0
2.54739e-15
1.59372e-15
4.31794e-14
0
1.01289e-14
0
0
0
-1.37935e-16
3.01206e-16
-3.50463e-17
0
0
0
0
0
9.10984e-16
3.31841e-13
-1.8217e-12
-6.92494e-15
1.43301e-14
0
0
0
0
8.20249e-17
-8.32325e-18
0
0
0
0
0
0
0
0
0
0
0
0
0
0
0
-2.81347e-15
2.62824e-15
0
0
0
0
0
0
-3.29368e-15
0
1.26619e-16
0
0
0
0
0
0
0
-3.47523e-16
6.98621e-15
-4.03406e-13
1.17139e-13
0
0
0
-1.34128e-15
0
2.20608e-13
1.69077e-13
-7.82266e-13
2.64223e-17
2.27485e-18
-2.34572e-16
0
0
0
0
0
3.46932e-14
0
0
0
1.34102e-14
0
0
-4.51584e-15
1.21015e-15
0
0
0
0
0
0
0
0
0
0
0
0
0
0
2.88847e-15
-2.35099e-16
0
0
0
0
0
0
0
1.63411e-15
-1.15879e-15
-1.79386e-14
-2.35538e-16
0
2.92549e-17
0
-9.19098e-14
-1.34834e-14
-2.50965e-16
0
5.6387e-17
-2.41592e-16
0
0
0
0
0
0
0
0
0
-8.6333e-13
1.4846e-13
0
0
0
0
0
0
0
0
-5.18757e-17
-6.08467e-13
1.45363e-16
0
0
0
0
0
0
0
0
0
1.21711e-16
1.50077e-17
0
2.48729e-14
0
0
0
0
0
0
-1.12498e-15
0
1.0732e-15
4.09826e-17
0
-1.42144e-16
0
0
5.84318e-17
0
2.37239e-14
0
-2.28011e-13
-2.2873e-13
0
0
0
1.05746e-14
2.01885e-14
-1.13756e-15
0
0
0
0
0
0
0
0
2.38916e-15
0
0
0
0
0
0
-4.28583e-14
-3.22145e-14
-1.28997e-13
0
6.66125e-16
-2.31639e-20
0
0
0
0
0
0
0
0
0
-1.10134e-16
1.56667e-15
0
1.19833e-15
0
0
0
0
0
0
0
0
7.43237e-15
0
0
0
2.72695e-16
1.21739e-15
-1.46045e-16
0
1.31821e-16
0
0
0
0
0
0
0
0
0
0
0
0
0
-2.68255e-13
2.92856e-16
-1.17862e-13
0
0
0
5.11246e-15
-2.00221e-15
-2.49647e-15
0
0
5.77462e-16
3.83323e-14
0
0
0
0
0
0
0
9.14185e-19
0
2.13069e-18
0
0
0
0
0
0
0
0
0
0
0
0
0
0
0
0
6.28591e-15
0
0
0
0
-1.56905e-14
0
0
0
0
0
0
0
0
0
0
0
0
4.09544e-30
5.18818e-15
0
0
0
1.71738e-15
1.32233e-14
-1.13272e-15
0
0
0
0
0
0
0
7.16957e-16
0
0
0
2.10905e-15
-2.87804e-15
-2.73042e-17
0
0
0
0
0
0
0
-9.53275e-17
-1.17838e-15
2.09379e-16
0
0
-2.40023e-15
-2.3071e-16
0
0
3.30734e-15
4.89527e-16
0
-7.8986e-17
0
0
0
0
0
0
0
0
0
0
0
0
0
0
0
0
0
0
-1.00529e-16
4.4026e-30
-3.57122e-15
0
0
0
0
0
-3.63019e-15
-5.53743e-17
-8.8952e-15
0
-6.56939e-15
0
0
0
1.13368e-15
2.69708e-16
0
0
0
0
0
0
0
3.17686e-15
-8.25993e-16
0
0
0
-7.30364e-18
-8.83754e-17
0
0
0
2.81122e-13
-8.8118e-13
1.63438e-13
0
0
1.28122e-15
-7.61281e-16
-1.86695e-15
4.34218e-17
0
-2.08987e-16
-5.43925e-31
0
0
0
0
0
0
-1.04345e-14
-1.53508e-14
0
4.08627e-16
0
-6.47707e-17
1.29019e-15
1.27098e-14
-1.03465e-14
0
0
0
0
0
0
0
0
0
0
0
0
0
0
0
0
0
5.20138e-17
-1.57602e-15
0
0
0
0
0
0
0
0
0
0
0
-1.95139e-15
6.84296e-15
0
0
-2.73914e-15
0
1.16083e-15
3.31615e-14
-8.50348e-15
0
0
7.67092e-17
1.0192e-15
-5.43199e-17
0
0
0
0
0
0
0
0
0
0
0
0
5.13228e-15
0
0
0
0
0
0
0
0
0
0
0
0
0
0
0
-2.2735e-16
0
0
0
-7.63809e-14
0
0
0
0
0
0
0
0
0
0
-5.81243e-13
8.76624e-14
0
0
0
0
0
0
0
0
0
-5.3656e-16
4.41516e-15
-5.04158e-16
0
2.06134e-16
0
0
1.79273e-14
0
0
0
0
0
0
0
0
0
0
0
0
0
0
0
0
0
0
0
0
0
0
0
0
0
0
0
0
0
0
0
0
0
0
0
0
7.00623e-17
0
0
0
0
6.69559e-16
-2.14092e-17
2.52439e-15
0
0
0
0
-1.96694e-17
-2.13116e-12
0
0
0
0
0
0
0
0
0
1.29175e-15
0
0
0
0
0
0
0
0
0
-3.93436e-16
-1.65304e-17
-8.90099e-16
-6.80389e-16
0
0
-1.09623e-15
0
0
0
0
0
0
0
0
0
0
0
0
0
0
0
0
-1.81764e-15
0
-1.19746e-16
-1.4263e-14
0
4.23002e-15
-7.61383e-16
0
0
0
0
0
0
0
0
0
0
5.06018e-15
0
0
0
0
0
0
0
0
0
-1.09497e-15
-2.10658e-15
0
0
0
0
0
0
0
0
0
0
0
0
0
0
0
0
0
0
8.13436e-15
-4.83117e-14
0
0
0
0
0
1.73855e-15
-2.13399e-15
0
0
1.28505e-15
-1.39813e-17
1.25732e-16
0
0
0
0
0
0
0
-1.87626e-17
0
0
0
0
0
0
0
-3.08197e-15
1.13872e-14
0
0
0
0
0
0
-2.60082e-13
-1.18687e-15
-3.08846e-17
0
0
0
0
0
0
0
0
0
0
0
0
0
0
0
0
0
0
0
0
0
0
0
0
-2.1714e-16
3.2404e-16
5.10161e-16
0
3.39757e-16
0
0
0
0
0
0
0
0
0
0
0
0
0
0
0
0
0
0
0
0
0
0
0
0
0
0
0
0
0
0
0
0
-7.68952e-15
9.52536e-16
0
0
0
0
0
0
0
0
0
0
0
0
4.54009e-17
0
0
0
0
0
0
0
0
0
0
0
0
0
0
1.42036e-14
0
7.90485e-15
5.65687e-15
0
0
0
0
0
-3.77335e-16
0
0
0
-4.86368e-18
-4.06407e-18
0
0
0
0
9.98272e-17
-3.00456e-16
0
0
0
4.66476e-15
-9.92677e-15
0
0
0
0
0
0
0
0
0
0
0
0
0
2.39888e-16
0
1.98806e-14
-3.15605e-15
0
0
0
0
0
3.86288e-16
-1.93155e-13
0
0
0
0
0
8.41654e-18
0
0
0
0
0
0
0
0
0
0
2.372e-13
-7.34344e-13
1.27425e-13
2.13663e-15
0
0
0
0
0
0
0
0
0
0
-6.8334e-13
0
-3.68277e-13
0
0
0
0
-5.25529e-16
0
0
0
0
0
0
0
0
0
0
-8.57317e-18
-1.33779e-16
3.13105e-14
1.75151e-14
0
0
0
0
0
0
0
1.99535e-15
-1.01537e-16
0
0
0
0
0
0
0
0
3.04607e-13
2.64581e-16
-5.68092e-13
0
0
0
0
-9.79783e-16
6.37144e-17
0
-2.77829e-13
0
0
0
-7.20055e-16
6.83584e-16
0
0
1.8623e-15
-1.68925e-17
0
-8.33665e-18
0
-4.99256e-13
-3.24383e-13
0
0
0
0
0
0
0
0
0
0
0
-2.12025e-15
0
5.09579e-15
0
0
0
0
0
0
0
0
0
0
0
7.41742e-17
0
-3.27124e-15
4.946e-16
-9.49938e-17
0
0
0
3.27875e-16
1.52612e-16
-1.04201e-14
-2.44617e-13
0
-2.0612e-13
0
0
0
0
0
0
0
-2.27732e-13
-1.71004e-13
0
-1.52557e-13
-5.53165e-13
3.78368e-17
0
0
0
0
0
0
0
-4.57751e-15
-1.16826e-15
1.30873e-13
0
-7.14631e-13
0
0
0
0
0
0
0
-1.24676e-14
4.8619e-15
0
0
0
0
0
0
7.5781e-15
0
0
0
0
0
0
0
0
0
0
-2.36989e-16
6.88739e-16
8.57395e-15
0
5.76998e-15
-3.38406e-15
-1.0299e-14
0
-2.91725e-15
0
0
-8.19616e-16
1.87471e-16
0
-2.93557e-13
9.87016e-18
0
0
0
0
1.87073e-17
0
0
0
-5.00597e-16
0
0
-4.06328e-15
-5.74459e-15
0
0
0
0
0
1.1048e-15
0
0
0
0
0
2.5228e-18
8.20805e-18
-1.90301e-16
0
0
0
-4.68367e-16
0
0
0
1.1548e-12
1.40628e-12
-5.11803e-12
6.57375e-16
1.11851e-16
-7.87171e-17
1.59863e-17
0
-8.80519e-30
4.20756e-14
9.28139e-17
-1.72669e-14
-9.37988e-14
-1.84039e-13
-1.06094e-16
0
-4.83406e-17
2.19198e-18
0
1.7508e-29
-1.35923e-14
0
0
0
0
-1.74056e-29
0
0
0
0
0
0
0
-1.56906e-18
-1.78e-17
0
0
3.58777e-17
0
7.12683e-17
0
2.42725e-18
-9.82668e-15
-1.31617e-14
0
-7.38971e-13
1.44177e-13
-9.67612e-15
5.84878e-15
0
0
0
0
0
0
0
0
1.42183e-16
2.09992e-15
0
0
0
0
0
0
0
-4.72118e-17
0
-5.57247e-14
0
0
0
0
0
0
0
0
-3.88157e-18
-2.07974e-17
-5.91832e-18
0
0
0
0
0
0
0
0
0
0
0
0
0
0
8.51102e-16
1.11637e-15
0
0
0
5.47125e-31
0
-1.33071e-14
0
0
-3.83529e-16
0
0
0
0
0
0
-1.01487e-16
0
4.75522e-16
2.81763e-14
0
0
0
0
1.0626e-15
4.21157e-17
0
-6.1914e-13
1.69629e-16
0
3.95162e-15
-1.65975e-15
0
0
0
0
0
0
0
0
-1.84643e-13
0
0
-5.40129e-17
0
0
0
0
1.74439e-17
0
0
0
0
0
0
2.35834e-18
-3.3465e-16
0
3.70637e-15
8.88891e-17
0
0
0
0
0
0
0
0
0
0
0
0
8.78579e-14
-1.47007e-13
3.89095e-15
0
0
0
0
0
0
0
0
0
-3.58024e-15
0
0
0
0
0
0
0
0
-5.34947e-12
0
0
-7.32768e-16
0
0
0
0
0
0
0
0
1.64229e-15
-1.57367e-15
0
0
0
0
0
0
0
0
0
0
0
0
0
0
0
0
0
0
0
0
0
-2.75208e-15
0
-1.51843e-15
-3.54943e-15
0
0
0
0
0
0
4.64956e-16
0
-3.07901e-15
-4.58989e-17
0
-8.24623e-16
0
1.2436e-15
0
-6.57096e-17
8.50209e-18
0
0
0
0
0
0
0
0
0
0
0
0
0
0
1.54183e-15
0
-7.26143e-16
0
0
0
-7.61889e-16
0
0
0
0
0
-7.01259e-14
0
0
0
0
0
0
0
0
0
0
-1.71446e-12
2.15988e-13
0
0
0
0
0
0
0
0
0
0
0
0
0
0
-1.46343e-14
0
1.56019e-17
0
0
0
0
0
0
0
0
6.77223e-17
0
0
3.10785e-16
0
-1.75343e-15
5.15091e-16
8.01343e-15
0
0
0
5.20977e-16
5.0782e-16
0
0
0
0
0
0
-3.31263e-15
0
0
0
0
0
0
0
0
0
0
0
3.35954e-32
1.29928e-16
1.9626e-13
2.4637e-13
-8.85429e-13
0
0
0
0
0
0
0
0
0
0
0
0
0
0
0
0
0
0
0
0
0
0
0
0
0
0
1.07341e-16
0
0
0
0
0
0
0
0
0
0
0
0
0
0
0
0
0
0
0
0
0
0
0
0
0
0
3.6978e-16
1.86761e-16
0
0
0
0
0
0
0
0
0
-8.2711e-16
0
0
0
0
0
0
0
0
0
0
-2.67291e-15
-4.4925e-16
0
0
-2.40309e-16
0
0
0
0
1.27838e-16
-1.54261e-16
0
-1.00719e-13
-1.8276e-13
0
0
0
0
0
0
-5.73108e-14
8.25953e-17
1.64698e-16
0
0
0
0
0
0
0
0
0
-3.77301e-14
0
0
1.04506e-13
-1.80551e-12
3.91302e-17
0
0
0
-7.53594e-16
0
0
0
0
0
0
0
0
0
0
0
0
-8.19088e-31
-5.99062e-13
-3.17853e-16
1.76459e-16
-1.75321e-17
0
-1.48612e-15
0
0
0
0
0
0
0
0
-4.15108e-14
2.46883e-14
0
0
0
0
0
0
0
5.43925e-31
1.09778e-16
0
0
0
0
0
0
0
0
0
0
0
0
0
0
0
0
1.71805e-15
0
0
0
-3.17554e-18
-4.62855e-18
-9.54895e-15
3.74494e-15
0
-4.3514e-30
2.91601e-15
0
0
0
0
-1.51269e-16
5.19696e-17
0
2.03942e-13
-9.13909e-13
0
0
5.28416e-16
2.62187e-16
1.05003e-15
0
0
0
0
0
0
0
0
0
0
4.84291e-16
-1.18006e-16
0
0
0
0
-7.04415e-29
-2.56337e-14
-1.67617e-15
-1.33831e-16
2.82823e-17
5.7844e-15
-5.33074e-13
0
0
0
0
0
0
0
0
0
0
0
0
0
-4.45523e-14
-8.93273e-13
0
0
0
0
-5.24216e-29
1.82027e-15
0
-2.51799e-16
-6.81139e-15
0
0
0
0
0
-7.00749e-19
0
6.25174e-16
0
0
0
0
0
0
0
0
0
0
1.71955e-13
-1.89253e-14
-1.57971e-13
0
0
0
0
-7.68053e-16
0
0
0
-5.25699e-15
0
0
0
0
0
0
0
0
0
0
0
0
0
2.70605e-17
-6.38001e-17
6.75067e-16
4.49634e-16
0
2.76119e-16
0
0
0
0
0
0
0
0
0
0
1.30083e-15
0
0
0
6.54177e-17
0
2.90552e-16
0
0
0
0
-4.0364e-14
0
3.79562e-14
0
0
0
0
0
0
0
0
0
0
0
-1.01656e-16
-2.77988e-17
0
0
0
0
0
0
0
0
0
0
0
-2.37829e-17
0
0
0
0
0
0
0
0
0
0
0
0
0
0
0
0
0
0
0
1.16457e-15
-2.64603e-16
0
0
3.68696e-16
5.1508e-16
0
0
0
0
0
1.74282e-16
0
0
0
0
-5.43925e-31
-8.4346e-17
1.11277e-16
0
0
0
0
0
0
0
0
0
0
0
-1.2359e-12
1.91671e-15
0
0
0
0
0
0
0
0
0
0
0
0
0
0
0
0
0
0
0
0
0
3.8087e-13
-6.54386e-13
0
0
0
0
0
0
0
0
0
0
0
0
0
0
0
0
-7.92132e-19
-1.49668e-15
-1.7521e-15
5.06629e-15
-1.73242e-15
1.51536e-13
-4.77226e-13
8.65671e-14
1.79141e-15
-4.5717e-15
0
0
-1.11468e-15
0
0
0
-2.25164e-16
6.72522e-17
0
0
0
0
0
0
0
0
2.2898e-19
-2.7832e-16
1.94105e-16
0
0
0
0
0
0
0
0
0
0
0
0
0
-2.31641e-16
0
0
0
0
0
0
0
0
0
-1.32571e-12
0
0
0
0
0
0
0
0
0
0
1.00139e-14
0
0
0
0
0
0
0
0
0
0
5.97444e-14
-1.05111e-16
0
0
9.77669e-17
0
-2.73753e-16
0
0
0
0
0
0
3.87592e-16
2.49502e-15
0
0
0
-4.00138e-16
0
0
0
0
0
0
0
0
0
-9.09719e-15
0
0
0
0
1.32414e-15
-2.15807e-15
-1.78831e-16
1.08575e-14
7.91817e-17
0
2.02007e-16
4.38906e-16
0
0
0
0
0
0
0
0
-3.10659e-16
0
0
0
0
0
0
-1.99613e-12
0
0
0
0
0
0
0
0
0
0
0
0
0
0
0
0
0
0
0
0
0
2.83975e-16
0
0
0
0
0
0
5.69235e-16
0
-1.11045e-16
0
0
-6.02074e-16
0
0
0
1.58873e-16
-6.6476e-15
-3.80042e-15
0
0
0
0
0
0
0
0
0
0
-3.46601e-15
1.24191e-15
0
0
0
0
0
0
0
0
0
-3.26582e-13
3.07452e-14
0
1.61052e-14
-1.48259e-16
-6.35704e-17
-1.63723e-15
1.03697e-14
5.3326e-34
0
0
0
0
0
0
0
0
0
0
0
0
0
0
0
0
0
0
0
0
0
0
0
0
0
0
0
0
-3.57969e-17
-2.11594e-17
0
0
0
0
0
0
0
0
0
0
1.82509e-17
-2.36712e-13
0
0
0
0
0
-3.72328e-15
0
7.12403e-16
0
0
0
0
1.46379e-16
0
0
0
0
0
2.19646e-15
0
0
0
0
0
0
0
0
0
-2.08585e-17
0
-6.92605e-16
0
0
0
0
0
0
-1.6103e-15
6.87554e-17
-1.91621e-15
5.5291e-18
0
0
0
0
0
-1.12273e-13
2.72733e-16
0
0
0
0
2.24241e-15
1.4048e-16
-4.92636e-13
-2.09556e-13
2.85646e-16
0
0
0
0
0
0
0
4.23694e-15
3.06077e-15
0
0
0
0
0
0
0
0
0
0
0
0
0
0
-1.25679e-14
0
0
0
0
0
1.45324e-15
0
-5.08043e-15
-9.81805e-16
0
0
0
0
0
0
0
0
0
0
0
0
0
0
1.49442e-16
0
0
3.13791e-17
2.74866e-15
0
0
0
0
0
0
0
0
0
0
0
0
0
0
0
1.08452e-15
1.10652e-15
-1.06252e-15
0
0
0
0
0
0
5.53519e-16
0
0
0
3.53453e-14
0
-1.19412e-14
0
0
0
0
0
0
0
0
0
4.51943e-16
0
-4.69152e-17
-1.46409e-16
1.33989e-16
0
0
0
-9.80012e-16
0
-1.51556e-12
0
0
0
0
0
0
0
0
0
0
0
0
-1.16031e-16
0
0
8.17913e-16
0
0
0
0
0
0
0
0
-1.10994e-16
-1.20725e-15
-1.56276e-14
0
1.07073e-15
0
0
0
0
0
0
0
0
0
0
0
0
0
0
0
0
0
0
-8.34574e-16
7.47251e-16
0
0
1.14664e-15
-4.66039e-16
0
1.22168e-17
3.21222e-17
-1.33017e-16
0
0
0
0
-7.08366e-16
-1.18316e-15
-3.08967e-16
0
0
0
0
0
0
0
0
0
-1.32726e-16
1.53839e-15
0
-4.55432e-13
0
-2.38689e-13
0
0
0
0
8.94915e-15
0
4.31484e-15
-5.36986e-16
1.47399e-14
0
-8.63462e-13
-1.84814e-16
0
7.09828e-17
0
0
-1.66738e-18
1.72992e-16
1.15972e-17
0
0
0
0
0
0
0
0
0
0
0
0
0
0
-7.18657e-13
1.33894e-13
0
0
0
0
0
0
0
0
-1.29965e-14
3.28477e-15
0
0
0
0
-1.59713e-15
0
0
-4.3878e-13
0
-1.87222e-13
1.37742e-16
-1.18946e-13
0
0
0
-2.84738e-17
-1.07168e-16
0
0
0
0
0
0
0
0
0
0
0
0
0
2.37659e-15
0
0
0
0
0
0
0
0
0
-4.68333e-17
1.09425e-30
4.18453e-16
-7.65182e-17
7.08753e-17
0
0
0
0
0
0
0
0
0
5.43925e-31
-1.67355e-15
0
0
0
0
0
0
0
0
0
0
0
0
0
0
0
0
0
0
0
0
0
0
-1.1222e-15
0
0
0
0
0
0
0
0
0
0
0
0
0
0
0
0
0
0
0
0
0
0
0
0
0
0
0
0
0
0
-1.82506e-18
2.14277e-17
0
0
0
0
0
0
0
0
0
0
0
0
0
0
0
0
0
0
0
0
0
3.62217e-15
-4.90473e-16
7.7634e-17
0
0
0
0
0
0
0
-7.4355e-16
6.96943e-15
0
0
0
0
0
0
0
0
0
0
-5.50325e-31
0
0
0
0
3.27719e-16
0
-2.06502e-16
0
0
0
0
0
0
0
0
0
0
0
0
0
-7.08613e-15
-1.21888e-15
-7.71473e-15
1.75972e-15
-6.77316e-13
0
0
0
0
0
-1.82138e-14
0
-7.02102e-13
0
0
0
0
0
0
0
0
0
0
0
0
0
0
0
0
1.08785e-30
1.70812e-15
0
0
0
0
0
0
0
-1.23049e-13
-2.09496e-13
0
0
0
0
0
0
0
0
0
0
0
0
0
0
0
0
0
0
0
0
0
4.35932e-16
-5.83929e-17
3.11869e-18
0
0
0
0
2.982e-15
0
0
0
0
0
-1.64516e-15
0
0
0
0
0
0
0
-5.49852e-17
-3.97619e-17
-1.49849e-15
6.68105e-15
0
0
0
0
0
0
0
1.77982e-15
-1.04614e-15
0
0
0
0
0
0
0
0
1.38647e-16
-1.60501e-13
0
0
0
0
0
1.63818e-30
1.26631e-15
0
0
0
0
4.47456e-17
1.6356e-16
0
0
-4.73628e-17
3.73616e-16
-7.95977e-18
0
0
0
0
0
0
6.55802e-18
0
-7.43617e-14
0
0
0
0
0
0
0
0
0
0
0
0
0
0
0
0
0
0
0
0
0
0
7.96256e-16
-3.85348e-15
0
0
0
0
0
0
0
0
0
0
0
0
0
0
0
0
0
0
0
0
0
0
0
0
0
0
6.51935e-16
2.29967e-15
0
-2.48102e-16
-1.72604e-15
0
0
0
1.2053e-14
0
0
0
0
0
0
0
0
0
0
0
0
0
-7.47931e-16
-5.81941e-16
0
0
0
0
0
0
0
0
0
0
0
0
-1.151e-14
-3.97758e-15
9.21634e-16
2.25298e-17
-6.84583e-16
7.97775e-16
5.41792e-31
-5.29113e-16
0
0
0
0
0
0
7.99343e-15
2.3e-16
0
0
0
0
-1.32171e-14
0
0
0
0
0
0
0
0
0
0
0
0
-3.88533e-17
1.48598e-15
1.21057e-18
0
0
0
0
0
0
0
0
0
0
1.67241e-15
0
0
0
0
0
0
0
0
0
0
0
0
0
0
0
0
0
0
0
0
0
0
0
0
0
0
0
0
0
0
0
1.76184e-16
-2.0901e-13
0
0
2.42132e-14
0
0
0
0
0
0
0
0
0
0
3.75743e-16
-6.96849e-16
-4.35748e-14
1.6852e-14
-1.45636e-14
0
0
0
0
0
1.86048e-17
7.46242e-17
0
0
0
0
0
0
0
0
0
0
0
7.6262e-17
0
2.90127e-16
-5.99427e-16
7.36948e-17
6.03044e-17
0
0
0
9.29301e-16
4.86973e-16
0
0
0
4.17e-16
0
1.2702e-15
0
-7.71997e-18
1.87075e-18
2.37832e-16
0
0
0
0
0
0
0
0
0
0
0
0
0
-1.08785e-30
-5.95517e-16
-4.26447e-16
0
0
0
0
0
0
0
0
0
0
0
0
5.62946e-16
-4.27558e-16
-1.05361e-15
0
0
0
0
0
0
0
8.87264e-14
0
3.52131e-17
-2.73305e-17
0
0
0
0
0
0
0
0
0
0
0
0
0
0
0
-1.52541e-15
2.44969e-16
0
0
0
0
0
0
0
0
0
0
-1.8062e-15
-1.45445e-16
0
0
-2.181e-15
0
0
0
0
0
-1.11298e-17
1.48919e-16
0
0
0
0
0
0
0
0
0
0
0
0
9.81409e-14
-3.60374e-13
-1.58197e-14
0
0
0
0
0
0
0
8.60295e-17
0
0
0
0
0
5.19683e-16
0
-3.30373e-16
3.66974e-17
0
0
0
0
0
0
0
1.1634e-14
3.56052e-14
-5.09131e-18
-5.51285e-16
0
0
0
0
0
0
0
0
0
0
0
1.09425e-30
6.92192e-16
0
0
0
0
1.01926e-16
0
0
0
0
0
0
0
0
0
1.70048e-17
-6.54989e-19
0
0
0
0
0
0
0
5.19869e-16
0
1.01681e-15
0
0
0
0
0
0
0
0
3.71719e-15
0
0
0
0
0
0
0
0
0
-7.01585e-09
2.17086e-14
1.93091e-08
1.02457e-14
-9.81894e-15
0
0
-4.91741e-18
-2.48439e-18
0
0
0
6.61026e-17
2.50311e-15
0
0
0
0
0
0
0
0
0
3.66671e-14
0
0
0
0
0
0
0
0
1.31849e-14
-7.52134e-15
0
0
0
0
0
0
0
0
3.18813e-15
-1.14902e-14
6.12841e-16
-2.09235e-17
1.61826e-15
0
0
0
0
0
0
0
8.59557e-16
-4.15217e-19
0
0
0
0
0
-7.87938e-15
0
0
0
0
0
0
0
0
0
0
0
0
0
0
1.03657e-15
0
-3.16743e-15
0
0
0
0
0
0
0
0
0
0
0
0
0
0
0
0
0
0
0
0
0
0
3.8286e-16
-8.14599e-15
1.70094e-16
0
2.24396e-16
0
0
0
0
0
0
0
0
0
0
0
0
0
0
0
0
0
0
0
0
0
0
0
-6.31939e-17
3.24891e-15
0
0
0
0
0
0
0
0
-1.21934e-16
3.86402e-16
0
0
0
0
0
0
0
0
6.12792e-16
0
0
0
-1.11738e-15
0
0
0
0
0
0
0
0
-7.05461e-17
0
0
0
0
0
-7.86116e-17
-1.26603e-15
-3.99323e-16
7.7314e-18
7.73868e-17
0
2.72517e-16
0
3.08541e-17
8.47096e-17
-3.46691e-16
0
0
1.92821e-16
2.70481e-16
-1.38221e-16
1.66363e-14
0
0
0
0
0
0
0
0
0
0
0
0
0
2.92842e-16
-3.08912e-16
0
0
0
-1.13198e-15
-5.83187e-15
0
0
0
0
0
0
0
0
0
0
-1.03475e-15
0
0
0
0
0
0
0
0
0
0
1.23335e-15
0
0
0
1.02282e-16
7.41628e-16
0
0
0
0
1.66904e-15
0
0
0
0
0
0
0
-5.84904e-16
-6.61493e-17
-1.60257e-15
0
0
0
0
0
0
0
0
-2.75162e-31
0
0
0
0
0
0
0
0
0
0
0
-2.04965e-16
-1.45772e-15
0
0
0
0
0
0
0
0
0
-2.14519e-17
-3.83894e-15
4.06104e-17
-5.63858e-15
0
3.06835e-16
0
0
-4.41991e-17
3.90338e-17
-3.38684e-17
0
0
0
0
0
5.09218e-16
5.38599e-16
1.42364e-16
0
0
0
0
0
3.06042e-16
0
0
0
9.01079e-17
-5.50209e-16
0
0
0
0
0
0
-1.61903e-15
0
-2.15563e-16
0
0
0
0
0
0
0
0
0
-3.95279e-15
0
0
0
1.431e-14
0
0
0
0
0
-1.18274e-17
0
0
-1.40967e-16
0
0
0
0
0
0
-8.34436e-13
-2.84148e-16
0
0
0
-1.73504e-15
0
1.66056e-15
0
0
0
1.10492e-08
5.05425e-13
0
0
0
0
0
0
-1.13559e-15
0
2.89335e-16
0
0
0
0
0
0
0
0
0
0
0
0
0
-1.28367e-15
1.51367e-15
0
0
0
0
0
-1.0714e-13
-6.52161e-17
-2.69949e-14
0
0
0
0
0
0
0
0
2.24194e-15
3.88728e-16
0
0
0
0
0
0
0
0
0
0
0
0
1.60619e-17
0
2.71963e-31
-3.38927e-16
0
5.45259e-31
0
0
0
0
0
0
0
0
0
0
0
0
0
0
1.28319e-17
0
0
0
0
-3.49572e-16
0
0
0
0
0
1.1745e-14
0
-4.55397e-15
-8.58368e-14
0
0
0
1.28355e-14
-6.28631e-16
0
0
0
1.0743e-16
-2.10593e-16
-1.83096e-15
-8.46794e-15
9.48641e-16
1.92895e-16
0
0
0
2.022e-13
-5.90432e-13
0
0
0
0
0
0
0
0
-8.26526e-16
-1.69498e-15
0
0
0
0
0
0
0
0
-3.82123e-17
1.49529e-15
0
0
0
0
0
-3.85583e-16
0
-8.17167e-16
3.69101e-18
0
0
0
0
-1.47818e-14
0
0
0
0
0
0
-1.59582e-15
-3.76091e-15
0
0
0
4.21951e-16
0
0
0
0
0
0
0
0
0
0
-4.12064e-15
0
0
0
0
1.10861e-14
-4.85168e-15
0
0
0
0
-1.10991e-12
0
0
-2.16311e-17
0
0
1.74116e-15
0
0
0
0
0
0
0
0
0
0
0
0
-2.18144e-15
-7.18237e-17
1.79254e-15
0
0
1.6781e-15
0
0
0
0
0
0
0
-5.55636e-13
0
0
0
0
0
1.18713e-15
2.08268e-14
0
0
0
0
0
0
0
0
0
5.19982e-16
2.31327e-16
0
0
0
-3.50902e-17
0
1.06708e-17
0
0
0
-2.41899e-15
0
0
0
0
-8.73785e-17
1.72885e-16
3.83753e-16
0
0
0
0
0
0
0
0
0
0
0
0
0
0
0
0
0
0
1.48196e-16
1.63181e-15
0
0
0
0
0
1.84713e-15
0
-2.54774e-13
-1.91607e-14
3.72447e-15
0
0
0
0
0
0
0
0
0
0
1.08172e-15
-6.22153e-17
7.72236e-16
5.13742e-15
0
0
0
0
4.73698e-16
2.2037e-16
0
0
-1.47937e-17
-3.5756e-16
0
-5.58116e-16
0
0
0
0
2.23517e-17
-4.5003e-16
0
0
3.28596e-15
0
0
0
-1.48098e-13
0
0
0
0
1.85902e-14
-2.05039e-15
-7.2192e-15
0
0
0
-2.91218e-15
8.24432e-18
0
-1.64356e-16
5.70794e-16
0
0
0
0
0
0
0
0
1.4121e-16
-1.54263e-16
0
0
0
0
0
0
0
0
0
0
0
0
0
-4.51179e-16
5.03731e-16
-4.21079e-17
0
0
0
0
-8.7068e-15
-1.09115e-14
-8.14443e-16
1.66127e-15
9.02185e-16
0
0
0
0
0
0
4.6613e-14
1.13757e-14
0
0
0
0
0
0
0
0
0
0
0
0
0
0
0
0
0
0
0
0
0
0
0
0
0
0
0
0
0
0
1.14121e-14
0
0
-1.94814e-15
0
5.76468e-14
-5.2143e-16
2.80097e-16
2.81194e-15
0
0
0
0
0
0
0
0
0
0
0
0
0
0
0
0
0
0
0
-1.10992e-14
0
0
0
-5.43925e-31
0
0
3.67524e-15
2.70572e-16
0
-2.59839e-15
1.87586e-16
0
0
0
0
0
0
0
3.02247e-13
-1.01897e-12
2.08642e-13
1.64173e-15
0
0
0
0
0
0
0
0
0
0
0
0
-1.81011e-15
1.61701e-14
0
0
0
0
0
0
0
0
0
0
0
0
-2.22034e-15
2.78102e-15
4.52247e-17
0
0
0
0
0
0
0
0
0
0
0
0
0
0
0
0
0
0
0
0
0
0
0
0
0
0
4.53007e-15
-1.62046e-14
0
0
-9.72137e-17
6.64461e-16
0
0
0
0
1.90606e-16
-2.15524e-15
1.00709e-16
0
0
0
0
0
0
0
0
0
0
0
0
0
0
0
0
0
-3.00596e-16
5.67756e-16
0
0
0
0
1.28188e-09
7.14678e-13
0
0
0
0
0
-1.87581e-16
-3.21375e-16
5.27699e-16
0
0
0
0
0
0
0
0
0
0
-3.55778e-15
4.6422e-17
2.78537e-16
0
0
0
0
0
-1.74741e-15
-7.6976e-17
0
0
2.74073e-15
-6.91792e-15
0
0
0
0
0
8.44941e-16
0
0
-2.43764e-15
-4.11167e-15
0
0
5.91865e-15
9.20748e-17
0
0
0
0
0
0
0
0
0
0
0
0
0
0
0
0
0
0
0
0
0
0
0
0
0
1.63818e-30
-1.24613e-16
0
0
0
0
0
1.08196e-17
0
0
-6.29205e-17
0
0
0
0
3.49911e-16
-4.26117e-16
0
0
0
0
0
7.05651e-16
0
3.95326e-16
0
0
4.16691e-15
1.16234e-16
0
0
3.07676e-14
0
0
0
1.32156e-16
0
0
0
0
2.40873e-15
-2.52118e-15
0
0
0
1.11456e-15
2.61848e-15
7.85939e-17
0
0
0
0
0
0
0
0
0
0
-8.83514e-15
0
0
0
1.90863e-16
0
0
0
-9.87016e-16
3.32527e-16
-6.18415e-17
1.8884e-15
0
0
0
0
5.4599e-16
-7.86755e-16
2.5013e-15
-3.05907e-15
3.21901e-16
0
0
0
0
0
-1.5861e-17
0
0
0
0
0
0
0
9.15572e-16
-1.91986e-16
0
0
0
0
0
0
0
0
0
0
0
0
0
0
0
0
0
0
0
0
0
0
0
0
0
0
4.99425e-15
0
0
0
0
0
0
0
1.35602e-15
1.53369e-14
-6.21353e-17
5.70408e-16
0
0
0
-1.58882e-14
-3.33143e-14
0
0
-1.18312e-15
-1.77288e-16
0
0
-1.09736e-15
0
6.64814e-17
-5.43211e-16
0
0
-3.09192e-16
2.46099e-16
3.15463e-17
0
0
0
0
0
0
0
0
6.94248e-16
-3.07544e-16
0
0
0
-3.19358e-16
-6.38057e-16
0
0
-3.765e-16
-5.58684e-16
6.54597e-16
-7.64837e-16
5.16231e-17
-8.54812e-19
0
0
0
0
0
0
0
0
1.87716e-15
6.47329e-16
-3.89041e-16
0
0
0
0
0
0
0
0
-3.60114e-17
0
0
0
0
0
0
0
0
0
0
0
0
0
0
0
0
0
0
0
0
0
-2.94344e-15
-5.94463e-14
0
0
1.11012e-16
-6.37456e-17
-1.18708e-16
0
0
0
0
0
0
0
0
0
-3.10643e-14
-1.72331e-14
0
0
0
0
0
0
0
7.16477e-16
6.29972e-16
0
0
-5.79909e-15
0
0
0
0
-1.36588e-16
0
6.60945e-16
0
0
0
0
0
0
0
0
0
0
-3.86519e-16
0
0
0
0
0
0
3.06008e-15
0
-5.46487e-16
1.6078e-15
0
0
0
0
0
-1.16033e-14
6.8757e-15
0
0
0
0
0
-3.45728e-17
3.99981e-17
0
0
0
0
0
0
-3.61331e-16
3.03554e-16
0
0
0
0
0
0
0
0
2.26636e-14
0
4.84888e-15
0
0
0
0
0
0
0
0
0
0
0
0
0
0
0
0
0
0
0
0
0
0
0
4.3514e-30
2.61196e-15
0
0
0
-1.34526e-14
-2.04698e-15
0
0
0
0
0
0
0
0
2.52611e-17
0
5.29283e-16
0
0
0
0
0
0
0
0
-1.04765e-15
-9.83343e-16
9.28592e-16
-3.695e-16
0
0
0
0
0
0
0
0
0
0
0
0
0
-8.24627e-16
1.28452e-14
0
0
0
0
0
0
0
0
0
0
0
0
0
0
0
0
0
0
0
2.71639e-16
0
0
0
0
0
0
0
0
0
0
0
0
0
0
0
0
8.92098e-15
0
9.70754e-17
1.16183e-16
6.3513e-17
0
0
0
8.38451e-16
0
6.30335e-15
0
-5.50325e-31
-2.61366e-16
0
0
0
0
0
0
0
-9.76319e-16
3.81661e-15
0
0
0
0
0
0
0
0
-1.41431e-15
0
0
-6.75872e-16
7.15139e-16
-3.79701e-16
1.32449e-16
0
0
1.80427e-14
0
0
0
0
0
0
0
-8.64987e-16
0
0
4.33706e-16
0
0
0
0
0
0
0
0
0
0
0
0
1.10684e-15
0
1.24327e-14
0
0
0
0
0
0
0
0
5.46143e-16
0
0
0
0
0
0
0
-5.9171e-17
0
0
0
0
1.42538e-16
-3.64232e-18
0
0
1.26613e-15
0
0
0
0
0
0
0
0
0
0
0
3.7194e-15
-5.64877e-16
0
0
-1.82981e-15
0
-1.54815e-15
0
0
0
0
0
0
0
-1.78219e-16
0
0
0
0
0
-1.69191e-15
-2.87595e-17
0
0
0
0
0
0
0
0
0
0
0
0
0
0
0
0
0
0
0
0
0
0
0
0
0
0
0
-1.92457e-16
0
0
0
0
0
0
0
0
5.64598e-16
-1.36897e-17
4.94007e-16
-4.09737e-17
0
0
0
0
5.92583e-15
0
2.37339e-15
0
0
0
0
0
0
0
0
0
-4.63846e-15
0
-2.37992e-15
0
0
0
2.61212e-16
0
0
0
0
0
0
0
-2.92627e-17
0
0
0
0
0
0
0
0
0
0
0
0
0
0
0
-9.60077e-17
0
0
-4.11608e-16
3.7294e-16
0
0
0
0
0
0
0
0
0
6.15231e-15
0
0
0
0
0
0
0
0
0
0
0
0
0
0
0
0
4.66301e-16
0
0
0
0
0
0
0
0
0
0
0
-3.50076e-16
0
0
0
0
0
0
0
-2.24047e-14
0
0
0
0
1.25054e-15
-1.09141e-15
0
0
0
0
0
0
0
0
0
0
0
0
0
0
0
0
0
0
0
0
0
0
0
0
0
0
0
0
0
0
0
0
0
0
0
0
0
0
0
0
0
0
0
7.93635e-16
-6.77806e-16
0
0
0
-8.17949e-16
1.51646e-15
0
-6.11271e-16
1.62594e-16
0
0
0
0
0
0
0
0
3.54945e-15
1.25112e-15
0
0
-2.59573e-15
-2.93616e-15
2.0584e-14
8.19088e-31
0
0
0
0
-4.2133e-15
1.99637e-15
0
0
0
0
0
0
0
0
0
2.09058e-16
-1.82868e-16
0
-3.97809e-16
9.63603e-16
0
0
0
0
0
0
0
0
0
0
0
0
0
3.43631e-16
0
0
0
0
0
-8.7284e-30
-1.21565e-16
0
0
0
0
0
0
0
0
8.31936e-15
4.13499e-15
0
-5.40048e-16
0
0
0
0
0
0
0
0
0
0
0
0
0
0
-6.17401e-19
-6.81571e-18
0
0
0
0
0
0
0
0
0
0
0
0
0
0
0
0
0
7.60439e-18
0
0
0
0
0
0
0
0
0
0
0
0
0
0
0
0
0
0
0
0
1.08008e-17
-3.03258e-18
0
0
0
0
0
0
0
0
0
0
0
0
0
0
0
0
0
0
2.36694e-16
-6.98117e-18
0
0
0
0
0
0
0
0
0
0
0
0
0
0
0
0
0
0
4.36476e-16
-1.26383e-16
0
0
0
0
-1.68352e-15
0
0
0
0
4.29319e-17
0
0
0
0
0
0
5.03481e-17
0
0
0
0
-4.33512e-16
1.4568e-15
0
0
0
0
0
-1.25574e-14
0
0
0
2.4752e-15
0
0
0
0
0
-4.90685e-15
0
0
0
0
0
0
0
0
0
0
0
0
0
0
0
0
0
-2.16952e-15
0
0
0
0
0
0
0
1.40194e-15
-1.43936e-15
0
0
0
0
0
0
0
0
0
0
1.08314e-15
0
0
0
0
0
0
0
0
0
0
1.0516e-14
0
0
0
-2.12202e-15
2.17046e-15
0
0
0
0
0
0
0
0
-1.68681e-17
0
0
0
0
0
0
0
1.10807e-15
0
-1.17516e-15
0
0
1.52718e-14
0
0
0
0
0
0
0
0
0
1.41359e-14
0
-7.89006e-15
0
0
0
0
0
0
0
0
0
0
0
0
0
0
-9.61273e-16
1.46537e-16
1.44336e-15
0
0
0
0
0
6.4062e-16
0
0
0
0
0
0
9.76339e-17
-2.69864e-16
0
0
0
0
-3.02083e-17
-1.77754e-16
0
0
0
0
1.79461e-14
0
0
0
0
0
0
0
0
0
-2.83646e-17
0
0
0
0
0
0
-7.7058e-16
4.14688e-15
0
0
0
0
0
3.54734e-15
0
0
0
0
0
0
0
0
0
0
0
0
-7.7686e-16
0
4.62142e-14
0
0
0
0
0
0
0
0
0
0
0
0
0
0
0
2.68758e-16
-6.45795e-16
0
0
0
0
0
0
0
0
0
0
0
0
0
0
0
0
0
0
-2.58926e-16
6.31901e-15
0
0
-4.53075e-15
-1.74736e-16
0
0
0
0
0
-4.44965e-16
0
0
0
0
0
0
0
-1.3831e-18
-3.94296e-17
0
0
0
-7.35791e-16
0
0
0
0
0
0
0
0
0
0
0
0
1.25476e-14
0
0
0
6.37916e-17
0
0
2.6622e-16
0
0
1.49978e-16
0
0
0
0
1.2469e-16
0
0
3.15285e-16
0
0
0
0
0
0
0
0
0
0
0
0
0
8.68087e-15
0
0
0
0
0
0
0
0
0
0
0
0
0
0
0
0
0
0
0
0
0
0
0
0
0
0
0
0
0
7.9733e-16
0
0
0
0
-1.6332e-16
0
0
0
0
0
2.92808e-13
-7.05479e-09
0
0
0
0
0
0
0
0
0
0
0
0
0
0
0
0
0
0
4.0688e-17
2.20462e-15
-4.30668e-16
-2.19214e-16
1.69671e-16
0
0
0
0
0
0
0
0
0
0
0
0
0
1.19191e-15
0
0
0
0
0
0
0
0
0
0
0
0
0
0
0
0
0
0
0
0
0
0
0
0
0
0
0
0
0
0
1.53421e-16
0
0
0
0
0
0
0
0
0
0
0
0
-8.07987e-17
-5.49951e-16
0
0
0
0
0
0
0
0
0
0
0
0
0
-3.83672e-15
-6.73061e-16
-3.45183e-15
2.63033e-14
0
8.42706e-18
-1.26569e-15
0
0
0
0
0
0
0
0
0
0
0
0
0
0
0
0
0
0
0
0
0
0
0
0
0
0
-2.62768e-16
0
0
0
0
0
0
0
0
0
7.29221e-17
0
0
0
0
0
0
0
0
0
0
0
0
0
0
6.44897e-17
0
0
0
0
0
0
0
8.30205e-16
0
-3.13922e-16
0
0
0
0
0
0
0
0
0
0
0
0
0
0
0
0
0
0
0
0
0
0
0
0
0
0
-1.27301e-15
1.77664e-18
0
0
0
0
0
0
0
0
0
0
0
0
-5.6589e-15
-3.43108e-15
3.21303e-15
-2.0999e-17
-1.29316e-16
0
0
0
5.97545e-18
2.81598e-16
3.16876e-15
-3.35932e-15
-1.33791e-17
-2.05911e-18
0
0
0
0
0
0
0
0
0
0
-1.9689e-16
0
-1.07256e-15
2.99287e-14
-5.03197e-16
0
0
-2.2011e-15
0
0
0
0
1.19978e-15
0
8.32827e-16
0
0
-3.94064e-17
-4.27998e-16
0
0
0
0
0
0
-2.1912e-15
8.38776e-17
0
0
0
0
0
0
0
0
0
0
0
0
1.53325e-16
5.09196e-16
0
0
-5.06296e-15
1.34032e-15
0
0
0
0
0
0
0
0
0
0
-5.27525e-16
3.56422e-16
0
0
0
0
0
0
0
0
0
0
0
0
0
0
0
0
0
-4.37161e-14
0
0
0
0
0
0
0
0
0
0
0
0
0
0
0
0
0
0
0
0
0
-6.04876e-15
1.2278e-15
0
0
0
0
0
0
0
0
0
0
0
0
0
0
0
0
0
0
0
0
0
0
0
0
0
0
0
2.14187e-16
0
0
0
0
0
0
0
0
0
0
0
0
0
0
0
0
0
0
0
0
0
0
0
0
0
0
0
-6.23541e-16
-1.65682e-16
0
0
0
2.53524e-16
0
0
0
-6.28922e-15
0
0
0
0
0
0
0
0
0
3.44156e-17
-2.03274e-16
0
0
0
0
0
0
0
0
0
0
-1.61409e-16
0
0
-1.32398e-17
-5.49405e-16
0
0
0
0
0
0
0
0
0
0
0
0
0
0
0
-5.17585e-16
1.10819e-15
0
0
0
0
0
0
0
0
0
0
0
0
0
0
0
5.7383e-16
1.07391e-15
-5.45934e-16
1.54665e-18
0
0
0
0
0
0
0
0
0
0
0
0
0
0
0
0
0
0
0
0
0
0
0
0
0
0
0
0
0
0
0
4.09782e-16
0
0
0
0
0
0
0
0
0
0
0
0
0
0
0
-5.8785e-15
1.52743e-14
0
0
-5.85622e-16
0
-7.38362e-15
3.17157e-15
0
0
0
0
0
0
0
0
0
0
0
0
0
0
0
0
0
0
0
2.11431e-16
0
0
0
0
0
6.21451e-16
0
0
0
-3.62813e-16
0
0
0
0
0
0
0
1.89321e-17
0
0
0
0
0
0
0
0
0
0
0
0
0
0
0
6.57633e-15
2.37033e-15
0
0
0
0
2.8229e-16
0
0
0
0
0
0
-9.30182e-16
0
0
0
0
0
0
0
0
0
0
0
0
0
0
0
-4.05167e-16
1.79791e-14
0
0
0
0
0
0
0
3.35051e-17
0
0
0
0
0
0
-7.92096e-17
-1.47013e-15
7.46063e-19
0
0
1.3847e-16
1.1423e-17
0
0
1.68941e-16
7.77712e-16
0
0
0
0
1.52523e-14
0
0
0
0
0
0
0
0
0
8.37951e-17
0
0
0
0
0
0
0
0
0
2.20498e-15
0
0
0
0
0
0
0
0
0
0
0
0
0
0
0
0
0
0
0
0
0
0
0
0
0
4.47584e-16
1.20302e-16
0
0
0
0
8.60116e-17
0
0
0
0
0
0
0
0
0
0
0
0
0
0
0
5.63199e-17
-2.50228e-16
0
0
0
0
0
0
0
0
0
0
0
0
0
0
0
-1.42827e-14
7.29764e-15
0
0
-2.258e-15
0
0
0
0
0
1.1366e-16
-3.6461e-16
0
0
0
6.98481e-16
0
0
0
0
0
0
0
0
0
0
0
0
0
0
0
0
0
0
-8.04504e-16
0
0
0
0
0
3.84091e-16
0
0
0
0
0
0
0
0
0
0
0
0
0
0
0
0
0
0
0
0
0
-2.94498e-16
-3.9351e-16
0
0
0
0
0
-1.94494e-14
0
0
0
0
0
0
0
0
3.52559e-18
0
0
0
0
0
0
0
0
0
0
0
0
-9.50457e-16
-3.79374e-14
0
0
0
2.71963e-31
-5.03687e-16
0
0
0
0
3.70189e-15
0
0
0
0
0
4.58191e-14
-1.45553e-17
8.4056e-19
0
-6.86677e-15
1.26697e-15
0
-2.8331e-14
0
0
0
0
0
0
0
0
0
0
0
0
0
0
1.44546e-16
1.14086e-16
0
0
0
0
0
0
0
0
0
0
0
0
-4.58647e-17
-1.37367e-16
0
0
0
0
0
0
0
0
0
0
0
0
0
1.83717e-16
0
0
0
0
0
0
0
0
0
0
0
0
3.03977e-16
2.35907e-15
6.42957e-15
-8.7364e-30
0
0
0
0
0
0
0
0
0
0
0
0
0
0
0
0
0
0
0
0
0
0
0
0
0
0
0
0
0
0
0
0
1.53149e-16
2.60345e-16
8.14338e-16
0
0
0
0
0
-9.7057e-14
0
1.76009e-15
0
0
0
0
0
0
0
0
0
0
0
-3.15398e-14
0
0
0
0
-3.07717e-16
0
-8.67183e-16
0
0
0
0
0
0
0
0
0
0
0
0
0
0
0
0
0
-1.44288e-15
0
0
0
-7.28027e-16
0
0
0
0
0
0
0
0
8.45402e-17
3.41106e-18
0
0
0
0
0
0
4.19278e-16
0
0
0
-2.16774e-14
2.1252e-17
9.59241e-15
0
0
0
0
0
-3.44924e-14
-4.33974e-16
0
0
0
0
0
0
-2.97477e-15
0
0
0
0
0
0
0
0
1.06642e-15
8.70281e-30
0
0
1.10854e-15
0
2.45098e-15
0
0
0
0
0
0
3.77916e-18
6.07271e-16
0
1.08783e-15
0
0
-6.33065e-16
-2.17177e-16
0
0
0
0
0
0
0
0
0
-5.43925e-31
0
0
0
0
0
0
0
0
0
0
-1.27296e-14
0
0
0
0
-3.57935e-17
0
0
0
0
0
0
0
0
0
0
1.03849e-15
6.65486e-16
0
0
0
0
0
0
0
0
0
0
0
0
0
0
0
0
0
0
-7.20514e-16
0
0
0
-1.15974e-15
0
0
0
2.9675e-15
3.30596e-15
-3.0646e-15
0
0
-9.29754e-15
-3.20833e-15
0
-4.7512e-15
0
0
0
-1.59027e-15
0
0
0
0
0
0
0
0
0
0
0
0
0
0
0
0
0
0
0
0
0
0
0
0
1.8369e-16
0
0
0
1.94376e-17
0
0
0
0
-2.01489e-14
-4.33847e-12
0
0
0
0
0
0
0
-1.96935e-15
-9.01625e-16
-4.99359e-15
0
0
0
0
0
0
0
0
0
0
0
0
-3.5336e-16
0
0
0
0
-3.57493e-14
-5.74159e-14
-6.67214e-15
0
-1.06238e-17
4.98037e-16
0
0
0
0
0
0
0
0
0
0
-5.80924e-13
-1.79495e-12
0
0
0
0
0
0
0
0
-3.37518e-15
-9.32123e-15
0
0
0
0
0
0
0
-1.59978e-33
6.68261e-15
0
3.51278e-16
3.96923e-14
0
0
0
0
0
0
5.28884e-15
0
0
0
0
0
0
0
0
0
1.07676e-15
9.51513e-17
0
0
0
0
0
0
6.98719e-17
0
0
-2.11852e-16
8.84297e-15
0
0
0
0
0
0
0
0
-9.98052e-15
1.16593e-16
1.87326e-16
0
0
0
0
0
0
0
0
0
0
0
0
0
0
0
0
0
0
0
0
0
0
0
0
0
0
0
-6.18219e-16
9.09449e-16
0
0
0
-4.11601e-18
2.07166e-17
0
0
0
-4.85402e-15
-1.55524e-14
1.01071e-14
0
0
0
0
-6.92051e-16
0
0
5.72364e-15
1.1615e-14
3.38467e-18
0
0
0
0
0
0
0
0
0
0
0
0
0
0
0
0
0
0
1.79905e-14
1.32761e-16
0
0
0
0
0
0
0
0
0
0
0
0
0
0
-3.63789e-16
-1.48135e-16
0
-1.52639e-16
1.07348e-16
0
0
0
0
0
0
0
0
0
0
1.98013e-15
0
0
0
0
1.76104e-29
-1.87974e-14
0
0
4.71115e-14
-4.30304e-14
0
5.21787e-16
0
0
0
0
0
0
0
0
0
0
0
0
0
-5.26659e-16
0
0
0
0
0
0
0
0
0
0
4.18975e-16
0
0
-9.4048e-17
-3.53614e-15
0
0
0
-1.04119e-15
-8.06288e-16
0
0
0
0
0
0
0
0
0
0
0
0
0
0
0
0
2.80129e-17
0
0
0
0
0
0
0
0
0
0
0
0
-2.32345e-15
0
0
-1.16502e-12
0
0
0
0
0
0
-4.55194e-16
-1.46419e-16
-2.55342e-15
-6.24358e-18
-4.37414e-17
3.20554e-16
1.79691e-17
0
0
0
-1.69163e-15
-4.46489e-16
0
0
0
0
0
-3.1559e-17
-3.83401e-17
0
0
5.43498e-16
0
0
0
0
-1.47321e-16
7.11725e-15
0
0
0
0
0
0
3.60206e-16
0
0
0
0
0
0
0
0
0
0
0
0
-2.40006e-13
0
-1.40039e-13
-2.42276e-16
-1.09883e-14
2.63604e-16
0
0
0
0
0
0
0
0
0
0
3.25037e-17
6.52625e-16
-7.16689e-15
0
0
0
-1.58038e-17
-2.17076e-16
0
0
0
0
-6.51948e-16
0
0
0
0
0
0
0
0
0
0
0
0
0
0
0
0
0
0
0
-6.27517e-16
0
0
0
1.42937e-16
0
0
0
0
0
0
0
0
0
0
0
0
0
0
0
0
0
0
0
0
0
0
0
0
0
0
-2.39771e-16
0
0
0
0
0
0
0
0
0
-3.49576e-17
0
-2.76026e-15
0
0
0
1.39858e-15
4.7e-15
0
0
0
0
0
0
0
0
0
0
0
0
0
0
0
0
-1.40302e-15
-3.54588e-16
0
0
0
0
0
0
0
0
0
0
0
0
0
0
-4.70312e-16
0
0
0
0
0
0
0
0
6.84558e-17
6.53872e-16
0
0
0
0
0
0
0
0
0
0
0
0
0
0
0
0
0
0
0
0
2.44194e-16
0
0
0
-2.88333e-17
0
0
0
0
0
0
0
0
0
0
0
0
0
0
0
0
0
0
0
0
0
0
0
-1.29736e-14
1.48966e-15
8.7042e-16
-1.75558e-15
0
0
0
0
0
2.46239e-18
0
0
0
0
0
0
0
0
0
0
6.16902e-15
0
0
0
0
0
0
0
-1.04366e-15
0
0
-1.66763e-16
1.09185e-30
0
0
0
0
0
0
0
0
0
0
0
0
0
-1.2642e-16
8.89313e-17
-5.01726e-14
0
0
0
0
0
0
5.58811e-13
0
0
-2.17562e-14
4.02031e-14
0
0
0
0
0
0
0
0
0
0
0
0
0
0
0
0
0
0
0
0
0
0
0
0
0
0
0
-1.30755e-17
0
0
0
0
0
0
0
7.23652e-17
-3.04875e-16
0
0
0
0
0
6.96858e-16
-9.4956e-16
0
0
0
-3.29057e-16
-4.98029e-16
0
0
0
0
-3.88045e-16
0
0
0
0
0
1.75309e-16
0
0
0
0
0
-5.60346e-16
0
0
0
0
0
0
0
1.20272e-16
5.64557e-16
0
0
0
0
0
0
-8.15528e-16
5.29504e-15
0
0
5.499e-16
0
0
0
0
0
0
0
0
0
0
0
0
0
0
0
0
0
3.86519e-16
2.20427e-16
0
0
0
0
0
0
0
-4.59658e-14
0
0
0
0
0
0
0
0
0
0
0
0
0
-1.82711e-18
0
5.26003e-16
2.36221e-16
-1.28782e-16
-4.83817e-15
4.46641e-16
0
0
1.59473e-14
0
0
0
0
0
0
5.43925e-31
-1.92841e-16
0
0
0
0
0
0
0
0
0
0
0
0
-1.48716e-14
0
0
0
0
0
0
0
0
0
0
0
0
0
0
-5.02137e-16
0
4.64248e-17
0
0
0
0
0
0
0
0
0
0
0
0
0
0
0
0
0
0
0
0
0
0
0
0
-7.03222e-17
-2.37683e-16
0
0
0
0
0
0
0
0
0
0
0
-1.62808e-14
3.50702e-14
0
0
0
0
0
0
0
0
0
0
6.48104e-17
-3.75802e-15
-2.15825e-14
0
0
0
0
0
0
0
0
0
0
4.41497e-16
0
0
1.59262e-17
0
0
0
0
0
0
3.88521e-15
0
0
0
0
0
0
0
-2.82257e-15
-1.06511e-14
-2.80708e-14
0
0
0
0
0
0
0
0
8.14306e-16
0
-3.10304e-16
0
0
0
0
0
0
0
0
0
0
0
-1.16155e-16
0
0
0
0
-8.42479e-17
0
0
0
0
0
0
6.43993e-16
0
0
0
0
0
0
0
0
0
0
0
0
0
0
0
0
0
0
-1.72008e-29
0
0
1.03845e-16
-2.71963e-31
0
0
0
0
0
0
0
0
0
0
0
-2.03566e-15
0
0
0
0
0
0
0
0
0
0
0
0
0
0
0
0
0
0
0
0
0
0
0
0
0
0
0
0
0
0
0
0
0
0
0
0
0
0
0
0
0
0
0
0
0
3.03099e-16
2.27428e-14
0
0
0
0
0
0
0
0
0
0
0
0
0
0
0
0
0
0
0
0
0
0
0
0
0
0
-2.98485e-15
-3.67059e-15
0
0
0
0
0
0
0
0
0
0
0
0
0
0
0
0
4.04333e-15
2.81025e-14
1.10221e-17
0
0
0
0
0
0
0
0
0
0
0
5.50325e-31
-5.8246e-16
0
0
0
0
0
0
0
0
0
0
2.15151e-14
0
0
0
0
0
0
0
0
0
0
0
0
0
0
0
0
0
0
0
0
0
0
0
0
0
0
0
0
0
0
8.0896e-19
-4.93863e-18
0
0
0
0
0
0
0
0
-6.89135e-15
0
0
0
0
0
0
0
0
-2.20309e-15
0
0
0
0
0
0
0
0
0
0
0
0
0
0
0
0
0
0
0
0
0
0
0
0
-1.2411e-15
-7.19629e-16
0
0
0
0
0
0
0
0
0
0
0
0
0
0
0
0
1.97687e-14
2.86035e-14
-1.26443e-17
0
0
0
0
-1.71032e-16
-8.48193e-16
1.53104e-15
0
0
0
1.9463e-17
0
0
0
0
0
0
-2.42955e-16
2.23528e-15
0
0
0
0
0
1.1179e-16
-3.20902e-17
0
0
0
0
0
0
0
0
0
0
0
0
0
0
0
0
0
0
0
0
0
-2.22253e-16
0
0
0
0
0
0
0
0
0
0
0
0
0
6.70648e-17
-2.27726e-16
1.441e-17
0
0
0
0
0
0
0
0
0
0
0
0
0
0
0
0
0
0
3.02186e-16
4.85069e-16
-6.43305e-16
-5.37253e-17
-8.89743e-16
0
0
0
0
0
0
0
5.73727e-16
0
0
0
0
0
0
-5.7952e-17
0
-3.66831e-17
0
0
0
4.6965e-16
-3.89166e-15
0
0
0
0
0
0
0
0
0
0
0
0
-2.3422e-14
0
5.12013e-14
0
0
0
0
0
0
0
0
0
0
0
0
0
0
0
0
0
0
0
0
0
0
0
0
0
0
0
0
0
0
0
0
0
0
0
0
0
0
0
7.68316e-16
0
0
-2.72847e-17
-1.14369e-16
0
0
0
0
0
0
0
0
0
0
0
0
0
0
0
0
0
1.33579e-16
0
0
0
0
0
0
0
0
0
0
0
0
0
0
0
0
0
0
0
0
0
0
0
0
0
0
0
0
0
0
0
1.12796e-17
4.44472e-18
-6.89872e-17
4.65985e-17
7.28953e-15
0
0
0
0
0
0
0
0
0
0
-1.06175e-16
0
0
0
0
0
0
0
0
0
0
0
0
0
0
0
0
0
0
0
-1.44762e-15
-2.3774e-14
0
0
-3.9273e-16
0
-5.26241e-15
0
0
0
0
0
0
0
0
0
0
-4.18135e-14
0
0
0
0
0
0
0
0
0
0
0
-1.15872e-17
0
0
0
0
0
0
0
0
0
0
0
0
0
0
0
0
0
0
0
0
0
0
0
0
-5.85748e-16
0
-3.45705e-15
0
0
0
0
0
0
0
0
0
0
0
0
-3.109e-18
-2.41605e-16
0
0
0
0
0
0
0
0
0
0
0
0
0
0
-6.82917e-17
0
2.44748e-16
0
0
0
0
0
0
0
1.35633e-17
-6.60254e-18
0
0
0
8.77003e-17
-6.15492e-17
0
0
0
0
-6.0913e-17
-1.75664e-17
0
0
0
-7.7686e-16
4.71206e-14
0
0
0
0
0
0
0
0
0
1.13194e-15
1.37477e-16
0
0
3.46626e-17
0
1.13738e-17
0
0
0
0
0
-1.49978e-16
0
0
0
0
-9.78262e-17
2.08753e-16
0
0
0
0
0
1.96621e-16
2.67738e-17
0
2.57427e-16
-1.32104e-16
0
0
0
0
0
0
0
0
0
0
0
0
2.01241e-16
-5.37568e-16
0
0
0
0
0
0
0
0
0
0
0
0
0
0
0
-2.18839e-15
0
0
0
0
0
0
0
0
0
0
0
0
0
0
0
0
0
0
0
0
0
0
0
0
3.06255e-16
0
0
0
0
0
0
0
0
-3.35328e-16
-9.07179e-17
0
0
0
0
0
0
0
0
5.39426e-16
7.86768e-17
2.98372e-16
0
0
1.76685e-16
0
7.12324e-17
0
0
0
0
0
0
0
0
0
0
0
1.65639e-16
-1.11094e-16
0
0
2.16908e-16
0
3.18565e-17
-1.42607e-16
0
0
0
-7.38191e-16
-1.51447e-15
0
0
0
0
0
0
0
1.38761e-15
0
0
-7.12087e-15
0
0
0
0
0
0
0
0
0
0
0
1.4246e-14
0
4.34368e-16
0
0
0
0
0
0
0
0
0
0
-5.52458e-31
0
-6.30991e-16
0
0
9.62245e-17
0
0
-9.01021e-17
0
0
0
0
0
0
0
0
1.71955e-15
0
0
0
0
0
0
0
0
0
0
0
0
-1.83887e-16
1.00626e-15
0
0
0
0
0
0
0
0
0
0
-1.92367e-15
3.85449e-14
0
6.34072e-15
-2.61797e-16
0
0
0
0
0
0
-1.50884e-16
0
-2.83032e-15
0
0
0
0
0
0
-5.64638e-15
1.55988e-16
3.36377e-17
0
0
0
0
0
0
-1.20396e-15
8.10503e-16
0
0
0
6.39663e-15
-1.08893e-16
0
0
0
1.02078e-16
2.2609e-14
0
0
0
0
0
-1.31901e-14
-9.74182e-15
1.80012e-15
0
0
0
0
0
0
0
4.17479e-14
1.59719e-13
-4.77136e-13
-8.40507e-17
0
0
-3.22206e-16
-9.40694e-15
0
0
0
-7.75577e-17
0
-4.92868e-16
0
0
0
0
0
0
0
0
0
0
0
0
0
0
-1.89556e-14
0
0
0
0
8.09154e-17
0
-1.03552e-14
0
-1.12017e-15
0
0
0
-6.68524e-14
0
0
0
0
-7.67743e-15
0
0
0
0
0
0
1.04605e-14
0
0
6.56022e-15
3.44017e-29
0
0
-4.50206e-17
-7.20334e-16
0
0
-1.27214e-14
-1.75755e-14
0
0
0
0
0
0
0
-1.71163e-14
0
0
0
0
0
0
0
0
0
0
0
0
8.52886e-15
0
0
0
0
0
0
0
0
0
0
0
0
0
0
0
0
0
0
0
0
0
0
0
0
0
0
0
0
0
0
0
0
0
0
-2.53611e-15
1.01937e-15
0
0
0
0
0
0
0
0
0
0
0
0
0
0
0
0
0
0
0
0
0
0
-1.40021e-14
0
0
0
0
0
0
0
0
0
0
0
0
0
0
0
0
0
0
0
0
0
0
0
3.69294e-16
-2.76601e-15
-2.80048e-15
0
0
0
0
0
0
-7.39829e-13
0
0
0
0
0
0
0
0
0
0
0
0
0
6.70386e-15
0
0
0
0
0
0
0
0
7.55915e-15
0
0
0
0
0
0
0
0
0
2.6245e-15
0
0
6.16464e-15
7.68388e-15
0
0
0
0
0
0
7.56847e-17
-4.92446e-16
-1.61308e-15
0
0
0
0
0
0
3.537e-17
-3.81967e-17
0
0
0
0
0
0
0
0
0
0
0
0
3.82082e-16
0
0
0
3.85843e-17
0
0
0
0
-3.48717e-17
0
0
0
0
0
9.78037e-14
0
0
0
0
0
0
0
0
0
1.2329e-15
0
3.30365e-16
-2.60176e-15
0
0
0
0
0
0
-7.41467e-14
0
0
0
0
0
0
0
0
0
0
0
0
0
0
4.57418e-16
-1.14839e-15
0
0
0
0
0
0
0
-2.51112e-18
0
0
0
0
0
0
0
0
0
0
0
0
0
8.53645e-16
0
0
0
0
0
0
0
7.21831e-19
4.38972e-16
0
0
0
0
0
0
0
0
0
0
0
0
0
0
0
0
0
0
0
0
0
0
0
0
0
0
0
2.19835e-16
0
0
0
0
0
0
0
0
0
0
8.24936e-17
-2.32425e-17
0
0
0
0
1.07429e-16
0
0
0
0
-2.10774e-15
0
0
0
0
1.49358e-17
0
0
0
0
0
0
0
1.5451e-16
0
1.01124e-15
6.27142e-17
0
0
1.03563e-17
7.46917e-18
0
0
0
0
0
3.29742e-14
-1.55774e-14
0
0
0
0
0
0
0
0
0
0
7.68213e-16
0
0
0
0
0
0
0
-1.21982e-15
0
0
0
0
0
0
0
0
0
0
0
0
-1.10073e-15
-8.35698e-16
0
0
0
0
0
0
0
0
0
0
0
0
0
0
1.40502e-15
1.16052e-16
0
0
0
0
5.48182e-15
0
0
0
0
0
0
0
0
0
0
0
0
0
0
0
-2.60587e-16
0
3.57201e-14
-2.41273e-15
0
0
0
0
0
0
0
0
0
0
0
0
0
0
0
0
0
0
0
-2.20346e-14
0
0
0
0
0
0
0
-2.91631e-14
4.41571e-15
2.52216e-17
0
1.39634e-15
0
0
0
0
0
0
0
0
2.96805e-15
0
0
0
0
0
0
0
-2.28501e-14
0
0
0
0
0
0
0
0
0
-7.41096e-15
-3.33523e-16
4.6516e-16
0
0
0
1.17825e-15
0
2.42583e-14
1.88835e-14
0
0
0
0
1.37251e-16
-1.01107e-15
-1.89999e-15
0
0
0
0
0
0
0
-1.1391e-15
0
0
0
0
0
0
0
0
0
0
0
0
0
0
0
0
0
0
0
0
0
0
0
0
0
0
0
1.23929e-15
-2.58177e-16
-4.11461e-15
0
0
0
0
0
0
-8.18198e-15
0
0
0
0
0
8.13373e-16
-5.62515e-16
0
0
0
0
0
-2.23715e-15
0
0
0
0
0
0
0
0
0
0
0
0
0
0
0
0
0
0
0
7.13265e-17
0
4.98065e-18
0
0
0
0
0
0
0
0
0
0
0
0
0
0
0
0
0
0
0
0
0
-8.65653e-14
0
2.70769e-14
0
0
0
0
0
0
0
2.15839e-15
9.33656e-18
0
0
0
0
0
0
0
0
0
0
0
0
0
0
4.58004e-16
-7.6914e-16
0
0
0
0
0
0
0
0
0
0
0
0
-4.78576e-16
1.66735e-16
0
0
0
0
0
0
0
0
0
0
0
0
0
0
0
0
0
0
0
0
0
0
-5.10493e-17
1.905e-15
0
0
0
0
0
0
0
0
0
0
0
0
0
0
0
0
0
0
0
0
0
0
0
0
0
0
0
0
0
0
0
0
0
0
0
0
-1.44041e-14
0
-6.44671e-14
0
-1.50259e-16
-3.67716e-16
-3.82826e-14
0
0
0
0
0
0
0
0
0
0
0
0
0
0
0
0
0
0
0
0
0
0
0
0
0
0
0
0
0
0
0
0
4.21635e-15
0
0
0
0
0
0
1.69791e-15
0
0
0
0
-8.71376e-16
-4.05399e-15
8.60067e-16
0
0
0
0
3.57918e-14
0
0
0
0
0
0
0
0
0
0
0
0
-1.28139e-16
-1.08785e-30
-2.58209e-16
0
0
0
0
0
0
0
0
0
4.58962e-16
0
0
1.94127e-15
-1.45157e-14
0
0
0
0
-3.49317e-15
-1.63542e-15
0
0
0
7.29667e-17
0
3.72737e-17
0
0
1.34871e-15
0
0
0
0
0
0
0
0
0
1.84012e-15
5.35989e-15
0
0
0
0
0
0
0
-8.11884e-17
0
0
0
0
0
0
0
0
-9.29013e-15
1.74042e-17
1.42105e-15
1.18958e-15
0
0
-6.44786e-16
0
0
0
0
0
0
0
0
0
0
0
0
0
0
0
0
0
1.00355e-16
0
0
0
-3.27683e-14
1.3781e-15
0
0
0
0
0
0
0
0
0
0
0
0
0
0
0
0
0
6.5556e-17
0
0
0
0
0
0
0
0
0
0
0
0
0
0
-4.67251e-16
0
0
0
0
0
0
0
0
0
0
0
0
0
0
0
0
0
0
0
0
0
0
-1.39913e-15
2.58886e-16
0
0
0
0
0
0
0
0
0
0
0
0
0
0
0
0
0
0
3.818e-17
0
0
0
0
0
-5.75238e-13
9.38519e-16
0
0
0
0
0
0
3.53101e-16
-2.9394e-16
0
0
0
0
0
0
0
0
0
0
0
0
0
0
-3.31724e-15
0
0
0
0
0
0
0
0
0
0
0
0
0
0
0
1.81179e-16
0
0
0
0
0
0
0
0
0
0
0
0
-6.09439e-17
-8.29131e-17
0
0
0
0
0
0
0
0
0
0
-6.08522e-16
0
0
8.73727e-17
0
0
0
0
0
0
0
0
0
0
0
-1.0004e-14
1.21499e-14
0
0
0
0
0
0
-9.72559e-16
2.19379e-16
0
1.04793e-14
5.15828e-16
-1.27831e-14
0
0
0
0
0
0
0
0
0
0
0
0
0
0
0
0
-8.98361e-16
0
-1.23227e-13
1.10688e-16
0
-3.46091e-16
-1.24694e-15
0
0
0
0
0
0
0
0
0
0
0
0
0
0
0
0
0
0
-2.64246e-15
3.22482e-15
0
0
0
0
0
-3.16994e-14
0
0
0
0
0
0
0
0
0
0
0
0
0
0
-4.68055e-16
-4.40807e-17
0
0
0
0
0
0
0
0
0
0
0
0
0
0
0
0
0
0
0
0
0
1.95436e-15
-1.00274e-15
0
0
0
0
0
0
0
0
0
0
0
0
0
0
0
0
0
0
0
1.80155e-14
0
0
7.794e-17
-2.64209e-16
0
0
0
0
0
0
0
0
0
0
-1.2416e-16
0
0
0
0
0
0
0
-2.81132e-15
-4.31954e-18
-1.30876e-17
0
0
0
0
2.37102e-16
0
0
0
0
0
0
-2.12534e-16
-8.9497e-16
0
0
0
0
0
1.37818e-15
1.46561e-16
0
0
-3.48764e-17
0
0
0
0
1.28578e-14
0
0
0
0
0
0
0
0
0
0
0
0
0
0
0
0
0
0
0
0
2.06436e-16
2.09193e-16
0
0
0
0
0
-4.5475e-16
0
0
0
0
0
0
0
0
0
0
0
0
0
0
2.09891e-13
-7.60472e-13
0
0
0
0
0
0
0
0
0
0
0
0
0
0
0
0
0
0
0
0
0
0
0
0
0
0
0
0
-3.49586e-16
0
0
0
0
0
-2.01599e-14
-2.19275e-14
-9.97956e-16
-2.2381e-16
0
0
0
0
0
0
0
0
0
0
-5.80102e-16
7.05622e-16
1.82084e-17
0
0
0
0
0
0
0
0
0
3.95752e-14
0
8.07096e-17
8.47304e-18
8.05928e-17
0
0
0
0
0
0
1.16075e-15
1.1256e-15
0
0
0
-7.8231e-17
3.77459e-16
0
-5.84576e-16
0
0
0
0
0
0
-1.83961e-16
-2.5496e-18
5.89805e-16
0
-1.14832e-17
0
0
0
0
1.44692e-17
0
0
0
0
-2.42327e-17
0
0
0
0
0
0
0
0
0
0
0
0
0
0
0
0
0
0
0
0
0
0
0
0
0
0
0
0
0
0
-3.60028e-15
0
0
0
0
4.38793e-16
0
0
0
0
0
0
0
0
0
0
0
0
0
0
0
0
0
0
0
0
0
0
0
0
0
-1.24884e-15
1.07272e-15
8.38605e-16
0
0
0
0
0
0
0
0
-1.47909e-16
1.06639e-16
0
0
0
-5.54515e-16
0
0
0
0
0
-1.78256e-17
0
0
0
0
0
0
0
0
0
-2.93527e-16
0
0
0
0
0
0
0
0
0
0
0
0
0
0
6.77333e-17
0
0
0
0
0
0
0
0
0
0
0
0
0
0
0
0
0
0
0
0
0
0
0
0
0
1.01655e-16
-1.20871e-15
0
0
0
0
0
0
0
0
0
0
0
0
0
0
0
0
0
0
0
-3.3264e-14
-4.63555e-14
0
0
0
0
0
-5.31193e-17
5.73734e-16
0
0
0
0
0
0
0
1.45313e-16
0
0
0
0
0
0
0
0
0
0
0
0
0
0
0
0
0
0
-2.90632e-16
0
-3.10612e-16
-5.11754e-18
-9.14742e-18
0
0
0
0
0
0
0
0
0
5.50325e-31
0
-1.08657e-15
7.61086e-16
0
0
0
0
0
7.01441e-17
0
0
0
0
0
0
0
0
0
-3.90654e-16
0
0
0
0
0
0
0
0
1.64008e-15
0
0
0
0
0
0
0
0
0
0
0
0
0
0
0
0
3.64911e-17
0
-1.92392e-15
-4.34769e-16
0
0
0
0
0
0
0
-3.55821e-16
0
0
-7.30664e-15
1.98509e-16
0
0
1.18656e-16
-1.14179e-15
0
0
-7.13549e-16
1.63201e-16
0
0
0
0
0
0
3.01475e-14
0
-4.32998e-14
0
0
1.53935e-14
0
4.1386e-14
0
0
0
0
0
1.82841e-15
-4.74996e-14
-1.82563e-15
0
0
0
0
0
0
8.53526e-17
0
0
0
0
-2.33621e-15
-2.21377e-13
1.5239e-16
0
0
0
0
2.05171e-16
1.71478e-15
0
0
0
0
0
0
0
0
0
0
0
-2.35582e-16
1.13315e-15
0
0
0
0
0
0
-7.06431e-13
0
0
0
0
0
0
0
2.64978e-14
0
0
0
0
0
0
0
0
-1.80186e-14
0
-8.62968e-17
0
0
0
0
0
-1.49466e-14
0
0
0
0
0
1.06021e-14
1.7806e-14
-1.03526e-15
0
0
0
0
0
0
0
0
0
0
0
0
0
0
0
0
0
0
0
0
0
0
0
0
0
0
0
0
0
0
3.01794e-16
-4.74155e-16
0
0
0
0
0
0
0
0
0
0
1.54976e-14
0
0
0
0
0
0
0
-1.67726e-14
0
0
0
0
0
-2.31328e-17
0
0
0
0
0
-4.4963e-16
0
0
0
0
-5.70887e-17
0
0
0
0
0
0
0
0
0
0
0
1.29886e-14
0
0
0
0
0
0
0
0
0
0
-1.01677e-16
-6.02089e-16
0
5.999e-17
-7.3929e-18
0
0
5.71966e-16
0
5.04193e-17
0
0
0
0
0
0
0
0
0
0
0
0
0
0
0
0
0
0
0
0
0
0
0
0
0
0
-4.46755e-15
-4.4523e-15
0
-2.06383e-15
0
0
0
0
0
0
0
1.8052e-15
0
0
0
0
0
0
0
0
0
0
-5.19017e-16
0
0
0
0
-1.59031e-17
1.62629e-16
9.97619e-18
0
0
-7.35789e-15
0
0
-2.99339e-16
0
-9.17073e-16
0
0
0
9.05122e-15
-1.99377e-15
-2.53183e-15
0
0
0
0
0
0
0
0
0
0
-5.90568e-16
-2.84455e-16
3.88693e-16
4.70991e-18
0
0
0
4.55042e-16
0
0
1.35931e-16
0
-3.97562e-15
0
0
0
0
0
0
0
0
0
0
5.78948e-16
2.24791e-15
0
0
0
0
0
0
0
0
0
0
-8.26062e-16
-3.26509e-15
0
0
4.61686e-16
-1.87986e-16
0
0
0
0
0
0
-1.23336e-14
0
0
0
0
0
0
0
0
7.19097e-16
-1.14121e-14
0
0
0
-2.99261e-16
0
0
-3.60767e-16
-2.33557e-16
0
0
0
0
0
0
0
0
0
0
0
0
0
0
0
0
0
-4.62368e-15
6.04188e-16
0
0
0
0
0
1.923e-14
0
0
0
0
0
0
0
0
0
0
0
0
0
-5.75207e-14
-5.14669e-13
0
0
0
0
0
-4.37071e-16
4.94667e-17
0
0
0
0
0
0
0
0
-1.28677e-16
0
0
0
-3.92419e-15
1.32321e-16
0
0
0
0
0
0
0
0
-4.18123e-15
0
-1.47585e-13
0
-1.51038e-13
7.16422e-16
1.30698e-16
0
-7.30872e-17
0
1.43373e-16
0
0
0
-7.1172e-16
0
0
0
0
0
0
0
0
0
0
0
-1.15158e-17
0
0
0
0
0
0
0
3.81056e-15
0
0
0
-3.67603e-14
0
-1.7508e-29
0
0
0
0
0
0
0
0
0
0
0
0
0
0
0
0
-2.42565e-14
0
-1.22434e-14
5.23771e-17
-7.47265e-15
0
0
0
0
-1.21117e-13
-1.21944e-13
0
-1.3488e-17
-2.534e-15
-2.70131e-15
0
0
0
0
0
0
0
0
0
0
0
0
0
0
0
0
-5.13156e-16
0
0
0
0
0
0
4.99202e-15
1.09073e-14
0
0
0
0
-6.25851e-16
0
0
0
0
0
0
0
0
1.44384e-16
0
0
0
0
0
0
-3.81836e-17
0
-1.51281e-16
0
-1.54388e-16
0
0
0
0
0
0
0
0
0
0
1.59225e-14
4.29062e-14
0
0
0
6.21814e-15
0
0
0
0
0
0
0
0
0
0
0
6.60939e-15
0
0
0
0
0
-1.19872e-15
-3.1696e-15
0
0
0
0
0
0
0
0
0
0
0
0
0
0
0
0
0
0
0
0
0
-1.40375e-15
0
0
0
0
0
0
0
0
0
0
0
0
0
0
0
-3.5769e-15
0
0
0
2.08905e-16
0
0
0
0
0
0
4.72576e-16
0
0
0
0
0
0
0
0
0
0
0
0
0
0
0
0
0
0
0
0
0
0
0
0
0
0
0
0
0
0
0
0
0
0
0
7.8786e-16
4.26038e-16
0
0
0
0
0
0
0
0
0
0
0
0
0
0
0
0
0
0
0
0
0
0
0
4.19168e-14
2.42653e-14
2.25892e-14
0
0
0
1.48739e-15
0
0
0
0
0
0
0
0
0
0
0
0
0
0
0
0
0
0
0
0
0
0
0
0
0
0
0
0
0
0
0
0
0
0
-3.53664e-14
0
0
0
0
2.31858e-18
0
0
0
-5.48581e-17
0
0
0
-3.30725e-16
0
0
0
2.2552e-16
0
0
0
0
0
0
0
0
0
-5.22122e-15
0
0
0
0
0
0
0
0
6.02927e-16
1.01619e-14
0
0
0
1.44465e-16
0
0
0
0
0
0
0
0
0
0
0
0
-2.43457e-17
0
0
-6.02042e-15
3.65582e-15
7.99623e-16
8.80519e-30
0
1.60385e-15
0
0
0
0
0
0
0
0
0
0
0
0
0
0
0
0
0
-2.73215e-15
-3.49477e-29
3.70297e-14
0
0
0
-3.67899e-13
1.29642e-16
-2.07457e-13
6.63985e-16
-3.75616e-15
-2.77074e-13
-1.10817e-13
0
0
-6.29418e-15
0
0
0
0
0
0
0
3.47036e-15
0
0
0
0
0
0
0
0
0
0
0
0
0
0
0
0
0
0
0
0
0
0
0
0
0
0
0
2.76629e-16
3.01777e-16
0
0
0
0
0
0
4.36848e-30
0
0
0
0
0
0
0
0
0
0
8.09364e-16
0
0
0
0
0
0
0
0
0
0
0
0
0
0
0
0
0
0
0
0
0
0
0
-3.57546e-16
0
0
0
0
0
0
0
-6.29341e-16
0
0
0
0
0
0
0
0
0
0
0
0
0
0
0
0
0
0
0
0
0
0
-4.23136e-14
0
0
0
0
0
0
6.40268e-18
0
0
0
0
0
0
0
0
-9.80573e-16
-3.86026e-18
0
0
0
0
0
0
0
0
0
0
0
9.79724e-15
-3.93523e-15
0
0
0
0
0
0
-2.67305e-13
0
0
0
0
0
0
0
0
0
0
0
0
0
0
0
0
0
0
3.42346e-15
2.03801e-17
0
0
0
0
0
0
0
0
0
0
0
0
-7.76499e-16
0
0
0
0
0
0
0
4.60717e-14
-3.17724e-14
0
0
0
0
0
0
0
0
-2.3813e-13
0
0
2.42824e-17
0
-1.1656e-18
-8.22922e-18
0
0
0
0
0
0
0
0
0
0
0
0
0
0
2.5276e-14
4.09656e-16
1.04505e-14
0
0
0
0
0
0
0
0
0
0
0
0
0
0
0
0
0
0
0
0
0
0
-7.81757e-15
0
0
-2.73656e-14
0
0
-1.06717e-15
7.00565e-16
0
0
0
0
-1.63651e-15
0
0
0
0
0
0
-1.81467e-14
0
0
0
0
0
2.49809e-15
1.69117e-18
0
0
0
0
9.45749e-15
-7.46841e-16
0
0
2.786e-19
0
0
0
0
0
0
0
0
0
0
1.30311e-17
-2.40966e-16
0
0
0
3.62311e-16
-1.12746e-16
0
0
-1.45147e-14
0
-7.67787e-16
0
0
0
0
0
0
0
0
0
0
0
1.94245e-15
0
0
0
0
0
0
0
0
0
0
8.04288e-17
8.30292e-17
8.88988e-18
0
0
0
0
0
0
0
3.59878e-15
0
0
0
0
0
0
0
0
0
0
0
0
0
0
0
0
1.78368e-14
0
0
0
5.6138e-16
-6.43736e-17
0
0
0
0
0
0
0
0
0
0
0
0
0
0
0
2.5641e-16
0
0
0
0
0
0
0
0
0
0
-5.19968e-16
0
0
0
0
0
0
0
0
-5.04728e-17
0
0
3.05069e-17
0
0
0
0
-5.31603e-15
0
-1.01932e-17
0
-9.74126e-15
0
0
0
0
0
0
4.77261e-15
0
0
0
0
0
9.79556e-17
-1.27385e-16
0
0
-1.3102e-15
0
-5.29124e-16
0
-6.86461e-15
9.44192e-15
-3.03601e-16
0
0
-5.41153e-16
4.01818e-15
0
0
0
0
0
0
0
0
0
0
0
0
0
0
0
0
0
0
0
0
0
0
0
0
-1.37584e-15
-4.02319e-18
0
0
0
0
0
0
0
0
0
-1.88644e-17
0
0
0
0
0
0
0
0
0
0
-2.51889e-15
0
0
0
1.61462e-15
0
0
0
0
0
0
0
0
0
0
0
0
0
3.79841e-16
-8.98613e-15
0
-1.9204e-18
0
0
0
0
0
0
0
0
-3.85079e-14
0
0
-1.94813e-16
-1.85145e-16
0
0
0
0
0
0
0
4.60307e-15
0
0
0
0
0
-1.73374e-29
0
0
0
0
0
0
-7.97785e-18
0
0
0
0
0
0
0
0
0
0
0
0
0
0
0
-2.75261e-18
0
0
0
0
0
0
0
0
0
0
0
0
0
0
7.2933e-15
0
0
0
0
-3.46389e-17
-4.59717e-16
1.08465e-30
0
0
0
0
0
0
0
0
0
0
0
0
0
0
0
0
0
-1.88854e-14
0
0
0
0
0
0
0
0
0
0
0
0
0
0
0
0
0
0
0
-2.24736e-15
0
0
0
0
0
0
0
0
0
0
0
0
0
0
0
2.04385e-16
3.85972e-16
1.58485e-16
0
0
0
0
0
0
0
0
0
0
-4.32629e-18
0
0
0
0
-1.73881e-15
0
0
0
0
0
0
0
0
0
0
0
0
0
0
0
0
0
0
0
0
-3.15231e-16
0
0
0
0
0
8.27182e-16
-4.7067e-17
0
0
0
0
0
0
0
0
0
0
0
0
-5.48263e-16
0
0
0
0
0
0
0
0
0
-3.97697e-14
1.07971e-14
0
0
0
0
0
0
0
0
0
0
0
0
0
0
-4.42511e-15
0
0
0
0
0
0
-4.05471e-16
0
0
0
0
0
0
0
0
0
-1.67117e-16
9.02667e-15
0
0
0
0
0
0
0
0
0
0
-1.50958e-16
8.1546e-17
-2.2174e-15
0
2.52298e-15
0
0
0
0
0
0
0
0
0
0
0
0
0
0
0
0
0
0
0
0
0
0
0
0
0
0
0
0
0
0
-1.65503e-15
0
0
0
0
-4.36239e-17
0
0
0
0
0
0
4.68515e-14
0
0
0
0
0
-1.17452e-12
0
0
6.46979e-15
0
-8.2939e-15
0
0
0
0
0
0
0
0
0
0
0
0
0
0
0
0
0
0
-1.05615e-14
0
0
0
0
0
0
0
1.00819e-18
0
0
-1.74328e-15
0
1.31705e-15
3.75962e-16
-1.82759e-12
0
2.65848e-16
-4.77347e-16
3.05206e-14
0
0
7.1271e-16
0
-1.19176e-15
-8.52139e-15
0
0
0
0
0
0
0
0
0
-1.6298e-14
-2.77615e-18
0
0
0
0
0
0
-5.06619e-16
1.78013e-15
0
0
0
0
0
0
0
0
0
0
0
5.23205e-14
0
0
0
0
0
0
0
0
0
0
0
0
0
0
0
0
0
0
2.5766e-15
-9.7164e-17
0
0
0
0
0
0
0
0
0
0
0
0
-5.74829e-16
0
1.09425e-30
-4.4893e-16
0
0
0
0
0
0
0
0
0
0
0
0
0
-1.85285e-14
0
0
0
-1.55007e-14
0
0
0
0
0
0
0
0
0
0
0
0
0
0
0
0
0
0
0
0
0
0
0
0
0
0
0
2.7246e-17
-7.08678e-17
0
0
0
0
0
0
0
0
0
0
0
0
-6.62517e-15
0
0
0
0
0
3.02417e-16
0
0
-1.58903e-14
0
0
0
0
0
0
0
0
0
0
0
0
0
0
0
-3.61935e-17
0
-1.03946e-12
0
0
0
0
0
0
0
0
0
0
0
0
0
0
0
0
0
-3.28479e-16
0
0
1.67946e-14
3.307e-16
5.19472e-16
0
0
0
0
0
0
0
0
1.26447e-15
0
0
1.06183e-15
0
0
0
0
0
0
0
0
0
4.58999e-15
0
0
0
0
0
0
0
0
0
1.07982e-17
1.00254e-14
0
7.11852e-09
1.82621e-08
-9.03696e-09
-2.79371e-09
-1.19076e-08
-2.50149e-09
-1.42995e-08
-2.67433e-09
-2.56934e-08
-1.2259e-08
-2.2103e-08
-1.85253e-08
1.14401e-08
2.43411e-09
1.22097e-08
-1.0271e-09
-2.37114e-09
6.79276e-09
5.99365e-09
-4.24684e-09
1.70481e-08
6.2378e-09
1.59628e-08
5.22767e-09
1.43618e-08
4.21152e-09
1.46176e-08
1.26382e-09
9.5084e-09
-3.71656e-10
8.74931e-09
3.90536e-09
-4.26208e-09
-5.43901e-09
3.09597e-09
-6.91643e-09
1.94253e-09
-7.50632e-09
3.6121e-10
-8.91356e-10
-1.45953e-08
-4.49647e-09
-1.42232e-08
-7.00853e-09
-1.52567e-08
-8.59969e-09
-1.57583e-08
-1.02052e-08
-1.14395e-08
-1.71334e-08
-2.20111e-08
-9.12306e-09
-1.14428e-08
-2.18058e-08
-1.31013e-08
-2.27755e-08
-3.10738e-14
0
0
0
0
0
0
0
0
0
0
0
6.74514e-16
0
0
0
-6.10558e-16
0
2.05088e-15
0
0
0
0
0
0
0
0
0
0
0
7.51803e-17
0
0
-4.83452e-12
0
-2.1757e-30
0
0
0
0
-1.82268e-14
1.04928e-14
0
0
-3.37793e-16
0
0
0
0
0
0
0
0
0
0
0
0
0
0
0
0
0
0
0
0
0
0
0
2.46173e-15
0
0
0
0
0
0
-8.97447e-16
0
-2.30699e-14
0
7.53269e-15
0
0
3.58217e-16
-1.99973e-34
2.27747e-16
1.09425e-30
0
0
0
0
0
0
0
0
0
0
0
0
0
1.08785e-30
0
0
2.16945e-15
0
0
-5.31164e-17
0
1.28077e-15
0
0
0
-5.18119e-16
1.60859e-15
0
2.12574e-16
0
0
0
0
0
0
0
0
-1.14627e-14
0
3.6624e-16
0
0
0
0
0
0
0
0
0
0
0
0
0
0
0
0
0
0
0
3.71436e-09
-5.52068e-09
-4.6858e-09
3.82625e-09
2.18928e-09
-6.66654e-09
0
0
0
0
0
6.77409e-09
-1.79851e-09
0
-3.91863e-10
-6.25563e-09
-1.78369e-18
-2.01723e-18
0
0
0
0
0
-1.75589e-15
2.28967e-15
-1.76285e-10
8.80039e-09
4.68459e-10
1.0246e-08
2.31885e-15
-1.7508e-29
0
0
2.09596e-16
-1.6996e-15
0
0
0
0
1.0945e-13
0
0
0
0
0
2.05376e-09
1.12892e-08
-5.09024e-16
0
0
3.29382e-15
0
-8.33887e-15
7.79518e-16
-2.34562e-09
-8.95573e-09
-8.90609e-09
-1.34441e-09
0
0
0
4.55962e-14
6.00985e-10
1.47933e-08
0
0
0
0
0
0
0
0
0
0
-4.47822e-17
0
0
3.81046e-17
2.8186e-16
1.12906e-17
0
0
0
0
0
0
0
0
0
0
-4.58536e-09
-9.36675e-09
0
0
0
0
0
0
0
0
5.13462e-09
1.55327e-08
0
0
0
0
0
0
0
6.22071e-09
1.65402e-08
1.65801e-08
5.11767e-09
0
0
0
-3.52035e-09
-1.29831e-08
0
0
0
0
-1.13164e-08
-9.83876e-10
0
0
-6.9533e-09
-1.17214e-08
0
0
0
0
-2.26883e-16
2.04772e-30
0
0
0
0
0
0
0
0
1.73856e-08
6.42027e-09
0
3.81539e-17
4.79145e-16
1.79522e-16
-1.50859e-16
0
0
0
0
0
0
0
0
0
1.50499e-16
0
0
-6.54091e-09
-1.41665e-08
0
0
0
0
1.01357e-08
-4.82619e-10
0
-8.33512e-09
-1.49938e-08
1.60273e-15
-5.26838e-16
0
0
0
0
0
4.15878e-17
-3.78491e-09
4.62041e-09
1.89134e-08
-1.51149e-08
-9.27542e-09
-9.45766e-09
-1.59701e-08
4.64055e-09
-5.95679e-09
2.25991e-09
-6.2119e-09
-1.62171e-08
-1.02584e-08
0
0
-1.29951e-15
-4.10137e-15
0
0
0
0
0
0
0
0
0
-2.60576e-14
0
0
0
0
0
7.39272e-09
-1.9163e-09
0
2.20041e-10
-6.25643e-09
-2.85777e-09
6.2449e-09
0
0
0
5.12403e-16
0
0
4.34368e-10
7.69267e-09
0
0
-7.52948e-09
-6.53712e-10
2.22506e-10
9.96811e-09
0
0
2.16238e-14
-5.51753e-15
0
0
-1.73494e-08
-1.17495e-08
0
0
0
0
0
0
0
2.89632e-09
9.95159e-09
0
0
0
0
2.39766e-15
0
0
0
0
0
1.52231e-15
-1.53208e-09
-9.22892e-09
0
0
2.91391e-09
1.20135e-08
0
0
0
0
0
0
0
0
0
6.21265e-09
1.13793e-08
0
1.77285e-14
-2.99843e-14
-1.23142e-08
-1.83515e-08
0
4.49413e-09
1.51247e-08
0
-5.93242e-09
-9.59903e-09
-4.5224e-15
0
-6.18078e-16
1.09859e-15
-1.15431e-15
0
0
-3.34252e-08
-3.12059e-08
3.10018e-08
3.30674e-08
-3.54447e-08
-3.61851e-08
4.01048e-08
4.05952e-08
-3.87962e-08
0
0
0
0
0
0
0
0
0
0
0
0
0
0
1.63368e-14
0
0
0
0
0
0
0
0
0
0
0
0
0
-4.57959e-09
-8.86107e-09
0
0
0
0
0
0
0
0
1.70908e-16
0
0
0
0
-3.13197e-14
4.22945e-14
4.73803e-09
1.54046e-08
-1.44564e-15
0
0
0
0
0
0
0
0
0
0
5.35728e-09
1.68665e-08
0
0
0
0
0
0
0
0
3.13789e-16
0
0
0
-5.47648e-09
-1.05531e-08
0
0
0
-9.16189e-09
-9.02825e-09
0
0
0
0
0
0
0
0
0
0
0
0
0
0
0
0
0
0
1.8704e-08
5.60329e-09
0
0
0
0
0
0
0
0
0
0
0
0
0
6.49456e-09
1.99212e-08
-8.7368e-09
-1.15239e-08
0
0
0
0
-1.25447e-08
-1.76023e-08
0
0
0
-1.20355e-16
-2.04744e-14
-1.57652e-14
0
-2.22356e-08
-1.15367e-08
0
0
0
0
0
0
0
0
0
0
0
-2.03636e-14
-4.57859e-14
0
0
0
0
-7.26577e-09
-1.55268e-08
0
0
0
2.21222e-14
0
0
0
0
0
0
-2.90071e-15
-1.54509e-14
5.48214e-15
0
0
0
0
9.29193e-09
1.76693e-08
-1.55848e-08
-9.31821e-09
0
-1.68632e-08
-1.01321e-08
0
0
0
0
0
0
0
0
0
-1.29135e-15
0
0
0
0
0
0
0
0
0
-2.01826e-15
-4.4026e-30
0
0
0
5.16967e-16
0
0
0
0
0
0
0
0
0
0
0
0
0
-6.99789e-13
0
0
1.82453e-14
-7.12888e-15
0
0
0
0
0
0
0
-1.85369e-15
-1.7046e-16
0
0
0
0
0
0
0
9.29109e-15
0
-9.17075e-15
0
-2.80646e-16
0
0
0
0
0
0
0
0
0
0
0
0
0
0
0
0
-1.99798e-16
-2.16054e-13
1.92234e-15
2.30442e-17
1.26316e-16
0
0
0
0
-5.26127e-16
1.06276e-17
3.45382e-14
1.35997e-16
0
6.87906e-32
0
0
0
0
0
0
0
0
0
6.0956e-17
8.72121e-17
-1.5983e-16
0
0
0
0
-4.51833e-15
0
0
-5.31706e-13
0
1.08155e-15
-4.51122e-16
-1.76668e-08
-1.195e-08
0
0
0
0
0
0
0
-7.01031e-16
0
0
0
0
0
0
0
0
6.38634e-16
0
0
0
0
0
0
0
0
0
0
1.28694e-14
0
0
3.24662e-14
7.55812e-15
0
0
0
0
0
0
0
0
0
-2.14517e-16
4.91978e-16
0
0
0
0
0
-3.70303e-18
1.66701e-17
0
0
0
0
-2.26157e-08
-1.37915e-08
-1.65627e-08
-2.09174e-08
0
0
0
3.54297e-14
0
7.43725e-19
0
2.86765e-16
0
0
0
0
0
0
0
0
0
0
0
0
0
0
0
0
0
0
0
0
0
0
0
0
0
0
0
0
0
0
0
0
0
0
0
0
0
0
0
0
0
0
0
0
0
0
0
0
0
0
0
0
0
0
0
0
-4.9095e-15
-3.17724e-15
0
0
0
0
0
0
0
0
1.02144e-15
0
0
0
5.46325e-31
-1.40047e-14
6.85003e-14
-1.91083e-08
-2.10074e-08
0
0
0
0
0
0
0
0
0
0
0
0
0
0
0
0
0
0
0
0
0
0
0
0
0
0
0
0
0
3.7995e-16
0
0
0
0
-1.80014e-16
0
0
0
0
0
0
0
0
0
0
0
0
0
0
0
0
0
0
0
0
0
0
0
0
0
0
-1.67662e-14
-1.60979e-14
-1.84649e-16
0
0
0
0
0
0
0
0
0
0
0
0
0
0
0
0
0
0
0
0
0
-4.59938e-15
4.12979e-15
0
0
1.12739e-14
1.23325e-14
0
0
0
0
0
0
0
0
0
0
1.57366e-15
-1.49836e-08
-1.72859e-08
0
0
0
0
0
0
0
0
4.12213e-14
0
0
0
0
0
0
0
0
0
0
0
0
0
0
0
0
0
0
0
0
0
-9.41355e-17
4.20393e-16
0
0
0
0
0
0
0
0
0
0
0
0
0
0
4.09544e-31
0
-5.20599e-15
0
0
0
0
0
0
0
0
0
0
0
-8.72215e-15
0
0
0
0
0
0
0
0
0
0
3.14391e-18
0
0
0
0
0
0
0
0
0
0
0
0
0
-3.59867e-15
-8.02615e-16
0
0
0
0
0
0
0
0
-2.45949e-13
-6.01231e-14
0
0
0
0
0
0
0
-2.07845e-08
-1.40609e-08
0
0
0
3.36019e-16
0
0
0
0
0
0
0
0
2.07423e-13
1.87603e-13
0
0
0
0
0
1.0216e-18
-1.5964e-16
0
0
0
0
0
0
0
0
0
0
0
0
0
0
0
0
0
0
0
0
0
0
0
0
9.58315e-15
0
0
0
0
0
0
0
0
0
0
0
0
0
0
0
0
0
1.67086e-15
0
0
0
0
0
0
0
-7.06639e-14
0
0
0
0
0
0
0
0
0
0
0
0
0
1.74779e-14
0
0
0
-6.68823e-15
0
0
0
0
6.65148e-17
-1.24038e-17
3.84148e-15
-9.28544e-15
0
0
0
0
0
0
0
0
0
0
0
0
0
0
0
0
0
0
0
0
0
0
0
0
0
0
-2.57976e-14
1.86441e-14
0
0
0
0
0
0
0
0
0
0
0
0
0
0
0
0
0
0
0
0
0
0
0
0
-4.51032e-15
0
0
0
0
0
0
0
0
0
-3.69054e-08
3.40074e-08
-2.31063e-08
-1.80352e-08
0
0
0
0
0
0
0
0
0
0
0
0
0
0
0
0
0
-2.1025e-08
-1.32889e-08
2.84385e-16
-1.67684e-15
0
5.33224e-16
2.30159e-16
0
0
0
0
0
0
1.62678e-16
1.11644e-15
1.99942e-14
7.74367e-15
0
0
0
0
0
0
0
0
0
0
0
0
0
0
0
0
0
0
0
0
0
0
0
0
-1.29648e-14
1.22013e-16
3.6967e-14
0
0
0
0
0
0
0
2.02009e-16
0
0
0
-1.99584e-15
-1.80616e-14
0
0
0
0
0
0
0
-3.48028e-16
-1.98153e-16
5.15124e-16
0
0
0
0
0
0
0
0
0
1.09785e-16
0
0
0
0
0
0
0
0
0
0
0
0
0
0
0
0
0
0
0
0
0
0
0
0
0
-1.24674e-16
1.1176e-15
0
0
0
0
0
0
0
-1.66811e-14
-2.08709e-15
0
0
0
-4.54827e-15
-1.6303e-14
0
0
0
-1.81588e-16
0
0
0
2.68057e-14
0
1.84906e-14
0
0
0
0
0
1.41287e-17
0
0
0
0
0
0
0
0
-4.07584e-08
4.20694e-08
4.21655e-08
-4.18765e-08
0
0
0
0
3.36047e-08
-3.54698e-08
0
0
0
0
0
0
0
0
0
0
0
0
0
0
0
-9.1775e-15
0
0
0
0
0
0
0
0
0
0
0
0
0
0
0
0
0
0
0
0
0
0
0
0
0
0
0
-1.22626e-17
-8.00455e-19
0
-3.04461e-16
8.02599e-15
0
0
0
-1.21448e-15
7.60663e-15
3.41276e-16
-1.61074e-17
-2.66357e-15
0
0
0
0
0
0
0
0
0
0
-3.45819e-17
0
0
0
1.4012e-15
3.02659e-15
0
0
0
0
0
0
0
0
0
0
3.92547e-08
-3.69541e-08
0
0
0
-3.25485e-15
0
0
0
0
0
0
0
0
-6.28002e-17
0
0
0
0
0
0
0
0
0
0
0
0
0
0
0
0
-1.89692e-08
-2.01003e-08
0
0
0
0
0
0
0
0
0
0
0
0
0
0
0
0
0
0
0
0
0
0
-3.73674e-14
-2.316e-16
3.20757e-16
0
-3.93335e-17
8.57503e-16
0
0
0
0
0
2.37065e-16
-1.07162e-15
0
0
0
0
0
-3.19414e-13
7.13559e-14
1.56867e-16
0
0
0
-7.09457e-16
0
0
0
0
0
0
1.13549e-15
1.33726e-14
0
0
-1.5003e-16
-3.54501e-18
0
0
0
0
0
0
0
0
0
0
0
0
0
0
0
0
0
0
0
0
0
0
0
0
0
1.0764e-15
0
0
0
0
0
0
0
0
-1.30348e-16
-6.18612e-17
0
0
0
0
0
0
0
0
0
0
-3.31162e-15
0
-2.12005e-08
-1.5751e-08
0
-8.41838e-16
0
7.31908e-16
0
0
0
0
0
0
0
0
1.63475e-16
0
0
5.27895e-14
-3.6035e-13
1.0991e-08
3.43649e-09
0
0
-4.5888e-16
-5.9797e-16
0
0
0
0
0
0
0
0
-6.53319e-16
9.21208e-15
-9.81566e-15
0
0
0
0
0
0
0
-5.38629e-15
-6.00171e-15
0
0
0
0
-9.66554e-15
0
0
0
0
0
0
0
0
0
0
0
1.48464e-15
7.12774e-16
-2.1436e-15
0
-4.4681e-16
0
3.05482e-15
0
0
0
0
0
0
0
0
0
3.62655e-18
0
0
0
0
0
0
0
0
0
-1.40692e-13
-2.49594e-15
0
0
0
-1.44014e-14
0
0
1.56774e-14
-2.30544e-14
0
0
-1.07738e-14
0
0
0
0
0
0
0
-8.65212e-17
0
0
0
0
6.22346e-16
0
0
5.97892e-18
-2.54141e-16
0
0
0
0
0
0
0
-1.76879e-08
-2.18892e-08
0
0
1.35926e-17
-1.65937e-17
8.7284e-30
0
1.6397e-08
9.54708e-09
0
0
0
0
0
0
9.51985e-17
0
0
0
0
0
0
0
0
0
0
0
0
0
0
0
0
0
0
0
0
0
6.17654e-15
3.48112e-29
0
0
0
0
0
1.08578e-16
-1.32522e-17
1.20058e-17
-8.06349e-16
0
2.74239e-17
-1.78921e-16
0
0
0
0
0
0
0
0
0
0
-8.12481e-16
0
0
0
0
0
0
0
0
0
0
0
0
3.16725e-15
0
0
0
0
0
0
0
0
0
0
0
0
0
0
0
0
-1.49764e-14
0
1.06557e-14
0
0
0
0
-3.54023e-16
0
0
0
0
0
0
0
0
0
0
0
0
0
0
0
3.50241e-08
-3.84312e-08
0
0
0
0
0
1.27786e-14
0
0
-5.99444e-15
0
0
0
0
0
0
0
0
0
0
0
0
0
0
-2.09337e-16
4.65267e-15
-6.43497e-15
0
-6.11346e-16
9.27692e-16
5.07443e-17
0
0
0
0
0
0
0
0
8.25756e-17
-1.59973e-16
5.45823e-17
0
0
0
0
0
-1.52661e-16
0
1.20976e-16
0
7.35695e-17
0
0
0
0
0
0
0
0
0
0
0
0
0
0
0
0
0
0
0
0
5.25752e-16
0
1.09752e-14
-8.37906e-16
0
0
0
0
0
-3.8267e-16
-8.7201e-17
0
0
0
0
0
0
5.81318e-16
5.60443e-17
0
0
0
0
0
0
0
0
0
0
0
0
0
0
0
0
0
0
0
2.81221e-16
0
-4.10679e-15
-9.63389e-15
0
0
0
0
0
0
0
0
0
0
0
0
0
0
0
0
0
0
0
0
0
0
0
5.58169e-16
0
0
0
0
0
0
0
-4.49888e-16
-1.03612e-17
-2.89159e-18
0
0
0
0
0
0
0
0
-6.41095e-16
0
4.11753e-16
0
0
0
0
0
0
0
-5.39697e-15
0
0
2.31957e-16
0
0
0
0
0
0
0
0
0
0
0
0
0
0
0
-7.89212e-16
0
4.33921e-15
2.94694e-15
0
0
0
0
1.26043e-15
0
-1.32083e-16
0
0
0
0
0
0
0
0
0
0
0
0
0
0
0
0
-4.90911e-17
2.75162e-31
-2.88033e-16
0
1.90032e-17
0
-7.01545e-18
0
0
2.70506e-18
0
-1.30341e-14
-2.56685e-15
0
0
0
0
4.96202e-16
-3.08239e-16
0
0
0
0
0
0
0
0
-4.42061e-16
5.57484e-16
0
0
0
0
0
0
0
0
0
0
0
0
0
0
0
0
0
0
0
0
0
0
0
0
-6.53376e-17
0
0
-9.2489e-17
0
0
0
0
0
0
0
0
0
0
0
0
0
1.0774e-15
3.24889e-16
0
0
0
0
0
0
1.92224e-15
-1.48806e-17
0
0
-1.18449e-14
-1.00467e-16
0
0
0
0
0
0
0
-1.18844e-14
0
4.73423e-16
0
0
0
0
-1.79635e-14
0
0
0
0
0
0
0
0
0
0
0
0
0
0
0
0
0
0
0
0
0
0
0
0
0
0
0
0
0
7.72917e-16
4.53525e-16
0
0
0
0
0
0
0
3.97792e-16
-3.06385e-16
0
0
0
0
0
0
0
0
0
4.03101e-14
0
0
0
0
0
-1.97081e-15
-1.54528e-15
-4.16012e-14
0
0
1.56451e-16
1.10753e-15
0
5.68982e-13
5.72967e-13
8.98658e-13
-2.17297e-15
0
0
0
0
0
0
0
0
6.0307e-13
0
0
0
0
5.90606e-17
-1.89187e-17
0
0
0
0
-1.91513e-15
0
-4.45698e-16
0
0
0
0
0
0
0
0
0
0
0
6.34168e-13
0
0
0
0
0
0
0
0
3.70585e-16
0
0
7.25758e-13
0
0
0
0
0
0
0
1.5202e-13
0
0
0
0
0
0
0
-8.51727e-16
-6.54567e-16
0
-4.28378e-16
-7.30327e-16
9.10454e-16
0
2.01403e-15
-8.69644e-16
-1.86013e-16
0
5.96098e-16
1.34319e-16
0
-1.08785e-30
-1.04999e-15
0
0
-3.80698e-16
1.11681e-14
-3.6683e-08
3.74595e-08
0
0
9.16712e-13
0
0
5.01928e-13
0
0
8.58314e-16
-2.50599e-16
5.24813e-13
4.85289e-13
0
0
-1.08785e-30
0
0
0
0
0
3.72024e-14
0
0
3.86117e-08
-4.00137e-08
0
2.14991e-16
-3.76821e-16
6.45999e-13
0
0
0
0
0
0
0
0
0
2.96075e-15
0
0
0
0
4.39176e-13
0
0
0
0
0
1.0745e-14
-1.4002e-14
0
0
0
0
0
-4.15359e-16
0
-5.03427e-16
0
0
0
-7.60814e-16
0
0
0
0
8.0145e-13
-2.2859e-08
-1.88135e-08
0
-2.31134e-14
9.4869e-15
0
-7.34875e-14
0
-2.2022e-16
0
0
0
0
0
0
0
0
8.42919e-13
-2.54694e-15
0
0
-1.28472e-16
0
1.6194e-15
7.72109e-17
0
0
0
0
0
0
0
0
3.4662e-18
7.92992e-18
0
0
0
0
0
-2.42984e-15
0
-3.25923e-15
0
0
0
0
0
0
6.04749e-14
-6.45768e-13
0
0
7.04321e-16
0
0
0
0
0
0
0
0
0
0
0
0
0
0
0
0
0
0
0
0
0
8.40745e-16
-1.32326e-08
-2.21231e-08
0
0
0
0
0
0
0
0
0
0
0
0
0
0
0
0
0
0
0
0
0
0
0
0
0
0
0
0
0
0
0
0
0
0
4.97844e-17
0
0
0
0
0
0
0
0
0
0
0
-1.10324e-15
0
0
0
3.53805e-08
-3.26007e-08
0
0
0
6.6359e-13
0
0
0
0
0
0
0
0
-4.62781e-14
0
0
0
0
0
0
1.14323e-15
-5.50287e-17
0
0
0
0
0
0
0
0
0
0
0
0
0
-8.24446e-16
0
0
0
-4.4394e-14
0
0
7.41423e-13
0
-1.54176e-15
0
0
0
0
-5.9923e-15
0
0
-3.12062e-15
6.19631e-13
0
0
0
0
0
0
0
0
0
0
-4.4026e-30
3.96336e-15
0
0
0
0
0
0
0
0
0
0
0
0
-2.28186e-16
0
0
0
-1.60896e-14
-1.04185e-12
0
0
0
0
0
0
0
6.54529e-13
0
0
0
5.41771e-13
0
0
0
0
0
0
0
0
0
0
0
0
0
0
0
0
0
3.36938e-15
-1.28736e-15
0
0
7.28147e-13
0
0
0
0
0
0
0
0
0
0
0
0
0
0
0
6.66161e-13
7.19599e-13
0
0
-1.56872e-15
0
0
0
0
0
0
0
0
0
0
0
3.15227e-17
-1.34018e-13
0
0
0
0
-2.69944e-14
0
0
-9.68412e-16
8.28126e-15
0
0
-1.50587e-15
0
0
0
-4.49073e-16
1.84021e-16
0
0
0
0
0
0
0
0
0
1.99929e-15
-2.63203e-15
0
0
-1.62875e-16
5.02103e-16
0
0
0
0
-5.88473e-15
0
0
0
0
0
0
0
0
2.47745e-14
0
0
0
0
0
0
0
0
0
0
0
0
0
0
0
0
0
0
0
0
0
0
0
0
0
0
0
0
0
0
0
0
0
0
7.31716e-17
0
0
3.13735e-13
0
0
0
0
-3.99563e-13
0
0
0
0
-4.95493e-16
0
0
0
0
0
0
4.5273e-13
4.59211e-13
0
0
0
0
0
0
6.45553e-16
1.10613e-15
0
0
0
0
0
0
-7.03961e-16
1.01651e-15
0
0
9.5876e-17
5.53696e-16
0
0
0
0
0
8.82624e-13
0
-1.08988e-16
2.03253e-16
0
0
0
0
0
0
0
0
0
0
0
0
0
5.43529e-16
-9.55388e-16
0
0
0
0
0
0
0
0
0
0
1.50081e-17
0
0
-5.11785e-17
6.23691e-13
0
0
7.62777e-17
-1.03125e-15
0
0
0
0
0
0
0
2.71662e-13
0
0
0
0
0
0
0
0
0
0
0
0
0
0
0
0
0
0
0
0
-2.20368e-15
-5.13899e-15
0
0
0
0
0
0
0
0
1.07932e-30
1.19523e-12
0
0
4.5345e-16
0
0
0
0
0
0
0
2.11837e-12
-1.57697e-15
0
0
0
0
0
0
0
6.32593e-13
0
1.63037e-16
0
0
0
0
0
-5.62955e-17
0
0
0
-4.94871e-16
0
0
0
0
2.83808e-16
0
0
0
0
0
0
0
-3.94185e-09
5.26143e-09
0
8.58314e-13
8.04991e-13
7.66946e-13
0
0
1.15934e-12
0
-3.82771e-16
-5.71996e-15
0
0
0
0
0
7.16846e-13
0
0
0
0
0
0
0
0
0
0
0
0
0
0
0
0
0
0
-1.7386e-14
-6.19565e-16
5.42869e-16
0
0
0
0
0
0
0
0
0
0
0
0
0
0
-2.1845e-30
0
0
0
0
0
0
9.94205e-16
5.24778e-15
0
0
0
0
0
0
2.73419e-15
0
0
0
0
0
0
0
2.49987e-16
0
-4.0856e-16
3.07682e-16
0
0
-8.75625e-13
0
-1.30854e-12
0
0
-1.13555e-15
1.66568e-16
-1.11557e-17
0
0
0
0
0
0
0
0
-1.97821e-15
-1.93862e-16
0
0
0
0
0
0
6.00455e-16
9.11315e-17
0
0
0
3.74948e-13
0
0
0
1.96361e-17
-9.53137e-17
-2.3343e-15
8.30099e-13
0
0
0
0
0
-5.7912e-17
3.04084e-15
0
0
0
0
-2.19489e-15
0
-9.52069e-15
-2.94926e-16
0
0
0
-9.86888e-14
7.65887e-15
0
0
-1.53661e-16
0
1.33145e-16
2.62707e-15
6.85374e-16
0
0
0
0
0
0
0
0
0
0
0
0
0
0
0
0
0
0
0
0
0
0
0
0
0
0
0
0
0
0
-4.99988e-13
1.09799e-13
0
0
0
0
0
0
0
5.47e-16
1.38826e-16
0
0
0
2.95746e-16
-2.5901e-14
-7.57936e-16
5.76735e-16
0
0
0
0
0
0
0
0
0
-3.97129e-16
0
-1.05915e-15
2.03061e-15
0
0
0
0
0
0
0
0
0
0
0
8.74876e-13
0
0
-2.1841e-30
0
0
0
0
0
0
0
0
0
0
0
0
0
0
7.9605e-16
4.29123e-17
0
0
0
0
0
0
0
0
0
1.61066e-15
-3.12659e-15
0
0
0
0
0
0
0
0
0
0
0
0
0
0
0
0
0
0
0
0
0
0
1.44886e-13
1.40277e-13
0
0
0
0
0
-9.01375e-17
0
0
0
-6.21246e-16
-2.30008e-17
8.07538e-18
0
0
0
9.14288e-16
0
0
5.20715e-15
-2.7337e-14
0
0
0
0
0
0
0
0
0
0
0
0
0
0
0
0
0
0
0
0
0
0
0
0
-8.81703e-16
0
0
0
0
0
0
0
-3.032e-16
1.2744e-13
1.90853e-13
0
0
0
0
0
0
-2.6721e-15
-3.98418e-15
0
0
0
4.89252e-12
0
0
0
0
0
0
0
0
0
0
0
-3.61219e-13
0
0
0
0
-7.29007e-09
-3.60925e-10
0
0
1.62156e-14
0
4.66976e-13
0
0
2.41091e-15
0
0
0
0
0
0
0
0
0
0
0
0
0
0
0
0
0
0
0
0
0
0
0
0
0
0
0
0
0
0
0
0
0
2.22091e-17
0
0
0
0
0
0
0
0
0
0
0
0
0
0
0
0
0
0
0
0
0
0
0
1.39162e-16
2.25378e-17
-7.69606e-19
0
0
0
0
0
0
0
0
0
0
0
0
0
2.02195e-15
0
0
0
0
0
0
0
0
0
-5.82859e-16
0
2.71963e-31
0
0
0
0
0
4.85114e-12
0
0
0
0
0
0
0
0
0
0
0
5.06828e-12
0
0
0
0
0
0
0
0
2.68223e-16
0
0
0
0
5.75495e-15
0
1.74458e-13
0
0
0
0
2.8223e-16
0
0
0
0
0
0
0
7.96966e-16
0
0
0
0
0
0
0
0
1.30332e-16
0
0
0
0
0
0
0
6.78473e-16
-9.89079e-16
7.78102e-13
0
0
0
0
0
0
0
0
0
0
0
0
0
0
0
0
0
0
0
0
0
0
0
0
0
-1.77871e-16
0
6.98696e-17
0
0
1.24534e-18
0
0
0
0
0
0
-7.44838e-09
0
0
0
0
0
0
0
0
0
0
0
0
0
0
0
0
0
0
-3.17389e-16
0
0
0
0
0
0
0
0
0
0
0
0
0
0
0
0
0
0
0
-2.41651e-15
0
0
0
0
0
0
0
0
0
0
0
-7.42535e-16
0
3.02566e-16
0
0
0
0
0
0
0
0
0
0
0
0
0
0
0
0
0
0
0
3.99536e-17
0
-1.74796e-17
0
2.681e-15
0
2.68844e-16
0
0
0
0
0
0
0
0
0
3.06003e-14
0
0
0
-3.59016e-16
0
0
0
0
0
0
0
0
0
7.38052e-13
-1.09032e-15
0
0
0
0
0
0
0
0
0
0
0
0
0
-9.50506e-15
-1.21177e-14
0
0
0
0
0
0
0
0
1.37371e-15
-2.42925e-16
0
0
0
2.95195e-16
0
0
0
0
0
0
0
0
0
0
5.5022e-12
0
0
0
0
1.43979e-16
3.05582e-16
0
0
0
0
0
0
0
0
0
0
-2.60367e-17
5.08979e-15
0
0
0
1.06652e-33
0
-2.20082e-16
0
0
0
0
0
-2.95574e-15
0
0
0
0
0
0
0
0
0
3.22885e-16
1.02216e-16
0
0
0
0
5.55313e-13
9.07273e-13
0
0
0
0
0
0
0
0
0
0
-2.00038e-14
0
0
0
0
-2.24141e-16
4.87915e-16
0
0
0
-4.91509e-15
-1.9195e-16
1.27331e-14
0
-2.98478e-13
0
0
0
0
1.74512e-15
-2.13646e-15
0
0
0
0
0
0
-3.92556e-15
0
0
-3.11648e-17
3.31634e-17
0
0
0
0
0
0
0
0
0
0
0
-5.60312e-17
-1.7969e-15
0
-7.26492e-16
0
0
0
0
0
0
0
0
0
0
0
0
0
0
0
0
0
0
0
0
0
1.24723e-15
0
-1.54121e-16
0
0
0
0
-6.55152e-17
2.31267e-16
0
0
0
0
0
0
-2.1577e-15
0
1.57829e-17
6.63713e-17
0
0
0
0
0
0
1.34868e-16
0
0
0
1.84376e-16
0
0
0
0
0
0
0
0
4.04713e-08
0
0
0
-5.13483e-16
0
0
0
0
0
0
0
0
0
0
0
0
0
0
0
0
0
0
0
0
0
-8.95381e-16
0
0
0
0
0
0
0
0
0
0
0
0
0
0
0
1.0459e-14
0
0
0
0
0
0
0
-6.14386e-15
0
0
0
0
0
0
0
0
0
0
0
0
0
0
0
0
-2.64808e-15
2.73603e-15
0
0
0
0
0
0
0
0
0
0
0
2.88117e-17
0
0
0
0
0
0
0
0
0
-2.42066e-15
0
0
0
0
0
-4.31635e-18
0
-1.36905e-16
0
0
0
0
0
0
7.12917e-17
-1.1867e-14
0
0
5.04614e-15
0
0
0
0
-1.02225e-15
0
0
0
0
0
0
0
0
-2.61417e-18
0
0
1.50703e-16
0
0
0
0
3.25606e-17
0
2.4842e-09
0
0
0
0
0
1.56419e-16
0
0
0
0
0
0
0
2.19042e-15
0
0
-1.12901e-14
-1.01935e-14
1.94748e-13
9.11392e-14
-4.38485e-15
0
0
0
0
0
0
0
0
0
0
0
0
0
8.53857e-15
-5.82391e-15
0
0
0
0
0
0
0
0
0
0
0
0
0
0
-2.02064e-15
0
0
0
0
0
-1.5247e-16
0
-1.8777e-15
-1.08785e-30
0
0
0
1.49127e-12
0
0
0
0
0
0
0
0
0
0
0
0
0
0
-4.16989e-16
0
0
0
-1.61101e-16
-2.40594e-16
1.04611e-15
2.78849e-15
-9.77387e-16
1.20971e-17
0
0
0
0
0
0
0
0
0
-8.416e-09
0
0
-5.39047e-09
-5.42148e-15
4.9902e-15
0
0
0
0
0
-6.39228e-15
0
0
0
1.76775e-16
-1.2889e-16
0
-2.27109e-18
0
0
0
0
0
0
0
0
0
0
-2.20556e-16
0
-4.54554e-15
7.16338e-19
0
0
0
0
-2.19214e-14
0
0
3.24193e-12
0
0
0
0
-3.54915e-16
0
0
0
0
0
5.26138e-18
0
-5.98275e-16
0
0
0
0
0
0
0
-6.85371e-17
0
0
0
0
0
0
0
-7.14748e-16
-1.85892e-15
-2.62127e-16
0
0
0
0
1.74631e-15
0
1.50613e-15
0
5.14117e-16
0
0
0
5.00087e-12
0
-2.01153e-15
0
0
0
0
-1.8963e-16
0
2.47945e-14
0
0
0
-1.53274e-08
0
0
0
0
0
0
0
0
0
5.38899e-12
0
0
0
0
0
-1.74842e-16
-2.04363e-16
0
0
0
-7.08165e-16
-1.31778e-16
0
1.67719e-08
0
0
-5.59326e-13
8.62332e-14
1.90556e-13
0
0
-6.10597e-13
0
0
0
0
0
0
0
0
0
0
0
0
0
0
0
0
0
-6.07862e-16
0
0
6.26265e-15
0
0
0
0
0
0
0
0
0
2.05749e-13
0
0
0
0
0
0
0
-2.73155e-16
0
0
-1.27027e-08
0
0
0
0
1.28839e-16
0
0
3.07115e-17
0
-1.68223e-15
0
-1.07501e-08
0
0
0
0
0
0
0
0
0
0
0
0
0
0
0
0
0
0
0
0
0
0
0
0
0
-9.07735e-13
3.06175e-14
0
0
0
0
0
-3.39099e-15
0
0
0
0
-6.83071e-16
0
-3.75662e-09
-1.56082e-17
0
0
-6.10266e-17
0
0
1.05722e-15
0
-3.28812e-15
0
0
0
0
0
1.3945e-14
0
0
0
0
0
0
8.3321e-16
0
0
0
0
0
0
1.62542e-16
0
-2.07465e-16
0
0
0
0
4.24072e-16
-3.62216e-15
-3.3128e-17
0
0
0
0
0
4.04457e-16
0
0
0
0
0
-3.65791e-16
-3.14408e-15
-5.01489e-16
0
0
0
-2.72463e-16
1.61962e-15
0
0
0
0
0
2.33791e-15
0
0
0
0
0
0
0
0
0
0
-1.39618e-15
0
0
0
-1.43734e-16
0
0
0
0
0
0
0
0
0
0
0
0
0
0
0
0
0
0
0
0
0
4.24045e-15
0
0
-1.04638e-12
6.07894e-14
-6.07448e-16
0
0
1.75581e-14
0
-3.0799e-14
0
0
0
-2.3327e-16
3.00697e-12
0
0
0
0
-2.25249e-30
0
0
1.22784e-16
0
0
0
0
0
0
1.62016e-15
0
0
0
0
5.77508e-13
2.2748e-09
0
0
-5.73322e-13
1.20694e-13
1.65514e-13
0
0
0
0
-2.64361e-15
6.72878e-16
8.34165e-16
4.90698e-15
0
0
0
0
0
-8.40541e-16
0
0
0
0
0
0
-1.19977e-14
0
0
0
0
-3.34005e-13
-1.02456e-16
-1.98946e-13
1.69983e-14
4.50529e-16
0
0
0
0
0
0
-3.90643e-15
0
-3.78268e-15
-7.88906e-16
0
0
0
0
0
0
0
0
0
0
0
0
0
0
0
0
0
0
0
3.47387e-15
0
0
2.39172e-13
-4.07244e-12
0
0
0
0
0
1.64525e-15
0
-5.3633e-16
0
-7.62277e-16
2.15011e-30
-2.80297e-15
-6.18164e-09
0
0
0
0
0
0
0
0
0
0
0
0
-1.07208e-16
3.58375e-15
-1.81059e-16
1.15485e-16
0
9.7352e-16
1.6871e-13
1.19777e-13
2.12475e-16
-1.32901e-15
0
0
0
5.04205e-17
0
0
0
0
0
0
0
0
0
0
0
-1.1081e-13
0
0
0
0
0
0
-3.64579e-15
-2.1405e-16
0
2.15095e-15
0
0
0
0
0
0
0
0
0
0
0
0
0
-7.59724e-15
6.91528e-17
0
1.08691e-13
0
1.60935e-14
0
0
0
0
0
0
0
0
0
0
-5.90405e-17
4.8336e-16
6.38661e-16
0
0
0
0
0
0
0
9.9805e-17
0
0
-1.8476e-14
1.21974e-15
1.04879e-14
4.85734e-17
0
0
0
-1.61968e-15
0
5.27349e-16
3.61343e-16
0
0
0
0
0
0
0
0
3.68875e-16
0
0
-3.85387e-15
-1.33826e-15
0
-2.25348e-13
-6.51429e-16
0
0
0
7.21874e-09
0
-6.91114e-15
-1.35402e-13
-4.4692e-12
0
0
0
-6.1619e-09
0
0
0
0
0
8.97373e-15
0
1.93492e-14
0
-7.57842e-16
0
0
0
0
0
0
0
0
0
0
0
-1.42838e-15
5.00887e-15
1.16013e-15
1.53612e-16
0
0
0
-1.07689e-15
0
0
0
0
0
1.12082e-08
8.00518e-13
0
4.81999e-16
0
0
0
0
0
3.85737e-17
-1.88758e-16
0
0
0
0
0
-2.1757e-30
0
0
0
0
0
0
-5.84964e-17
-1.75228e-09
1.80335e-15
0
0
0
9.80067e-09
0
2.62106e-15
-2.91118e-15
0
0
2.48972e-16
0
0
-1.14214e-16
0
2.89564e-16
1.05899e-08
0
0
0
0
3.55103e-16
4.17401e-16
0
0
0
0
0
-5.53309e-15
0
8.03514e-16
0
0
3.48575e-14
0
0
0
0
5.49174e-09
2.30022e-14
0
0
0
-9.42774e-15
-2.63035e-15
-1.86752e-08
3.05193e-09
0
0
3.56326e-17
0
0
0
0
0
0
0
0
0
2.07699e-15
0
-4.50297e-16
0
0
0
0
-8.07592e-17
0
0
0
0
0
0
0
0
0
0
0
0
0
0
9.26053e-17
5.36311e-15
0
0
0
0
0
0
0
0
4.35063e-09
0
0
0
0
0
0
0
-2.17464e-15
0
0
0
0
0
0
-1.36848e-16
0
-1.74909e-14
1.98769e-15
2.31237e-15
0
0
0
0
0
0
0
0
0
0
-2.21523e-16
0
-2.32369e-16
0
0
1.7433e-13
0
0
0
0
0
0
0
0
0
0
1.49895e-17
8.20049e-18
0
0
0
0
0
0
0
0
0
0
0
0
3.66341e-16
0
1.03345e-15
0
0
0
-7.97955e-16
0
0
0
0
0
0
0
0
0
0
0
0
0
0
0
0
-2.40292e-15
-3.45724e-17
0
0
0
-1.7012e-16
-4.29392e-13
7.88175e-14
0
0
0
0
0
0
0
0
-3.48453e-18
-2.54511e-16
-5.18646e-15
0
-1.16964e-16
0
0
0
0
0
0
0
0
0
-5.77514e-17
-1.09425e-30
0
0
0
0
2.33164e-16
0
2.82426e-16
3.43746e-16
-4.06172e-16
7.62052e-17
0
0
-2.19221e-16
-6.97163e-16
-5.07822e-13
0
-5.9e-16
0
4.21831e-13
0
4.37565e-15
0
0
0
0
0
0
0
0
0
0
0
0
-6.98312e-15
0
0
0
9.04048e-17
3.93754e-17
0
0
0
6.59027e-18
0
0
0
-4.27184e-12
0
0
0
0
0
0
0
0
0
0
0
0
0
-3.16827e-15
0
0
0
-2.32017e-16
0
0
0
0
0
0
0
0
6.39801e-16
0
0
0
-1.91691e-15
-3.083e-16
0
-1.48064e-16
0
1.5007e-13
0
0
0
0
0
-7.32546e-15
0
0
0
0
0
0
2.12402e-15
0
0
-1.83956e-14
-1.45514e-16
0
0
0
0
0
8.99771e-16
0
-5.8241e-15
1.51736e-13
2.74138e-16
5.25633e-16
-1.33848e-15
-2.59259e-16
0
0
6.57149e-16
5.907e-16
0
0
-7.78024e-13
-1.88992e-15
0
0
0
0
0
0
0
0
0
0
0
0
0
0
1.4097e-17
0
7.78953e-16
-2.83626e-16
0
0
5.46259e-16
0
0
0
-9.52555e-16
0
0
0
0
0
0
0
0
0
-4.27942e-16
7.90521e-16
-1.31574e-16
-6.64325e-18
-9.64447e-18
-7.02254e-15
0
0
-1.09019e-13
0
0
0
0
0
0
7.11125e-16
0
0
3.66356e-13
1.2598e-08
1.35658e-16
-9.07134e-16
0
0
0
8.22816e-18
0
0
0
5.72625e-15
0
0
0
1.48109e-14
0
0
0
0
0
0
0
0
0
-2.59334e-15
0
0
0
0
-3.39867e-09
0
0
0
4.63896e-16
0
0
0
0
0
-2.46803e-14
2.34384e-08
0
-1.20006e-18
-6.08885e-17
5.50968e-17
1.09395e-15
5.82257e-16
-9.00404e-16
0
0
0
3.8328e-16
-6.88701e-13
0
-2.64967e-15
-1.37325e-15
0
-4.86397e-17
0
0
0
1.13079e-08
0
0
0
0
0
0
0
0
0
0
0
0
0
-6.07061e-13
2.28639e-13
0
-1.63676e-14
0
0
3.14864e-09
0
0
0
0
0
0
0
0
0
0
2.45554e-17
7.78276e-16
0
0
0
0
0
0
0
0
0
0
0
0
0
0
0
0
0
0
0
0
0
0
0
0
-4.0706e-17
0
0
0
-2.29621e-16
0
0
0
0
0
0
0
0
0
0
0
0
0
-4.59869e-17
0
0
2.01434e-08
0
6.25916e-09
0
0
0
0
0
0
0
-5.56756e-15
7.3259e-16
0
0
0
3.8924e-17
0
0
0
0
0
-7.63766e-15
0
0
8.3435e-15
0
0
0
0
2.05107e-15
4.12788e-15
0
1.68363e-08
7.43799e-13
0
0
0
0
0
4.53895e-15
0
0
0
0
0
0
0
9.35814e-15
0
0
2.27117e-15
0
0
0
0
0
-5.30738e-15
0
0
0
0
0
-2.02582e-09
6.21584e-13
0
1.6014e-14
0
0
0
0
-7.39043e-15
0
0
0
0
0
0
0
0
1.03008e-15
0
0
0
0
0
-1.03647e-16
0
1.68679e-16
0
0
9.38629e-17
0
0
0
0
0
0
0
0
0
0
0
0
0
0
-3.33562e-18
1.50505e-08
5.84074e-17
-6.18122e-16
0
0
0
0
0
-2.84575e-09
2.16499e-15
-3.61387e-15
0
-4.04979e-12
0
0
0
0
7.2274e-13
1.07785e-08
0
0
0
0
0
0
0
0
0
0
0
0
0
-1.59411e-15
0
0
-5.77638e-16
0
2.68439e-15
0
-1.6357e-14
0
0
0
0
-2.32275e-15
0
0
0
0
0
-6.99268e-16
0
0
0
-8.70872e-17
-3.1302e-16
0
0
0
0
0
0
0
0
0
0
-2.11646e-13
0
0
0
-1.85341e-15
0
0
1.75533e-15
0
0
0
1.24624e-08
0
0
-6.93727e-09
0
0
0
0
-1.11658e-15
-2.60726e-14
0
0
0
0
0
0
0
0
0
-2.3365e-17
0
0
0
7.07305e-16
0
0
-1.0768e-16
1.20002e-15
0
0
0
0
0
0
1.90253e-09
0
0
0
0
0
0
0
-2.54755e-13
0
2.6927e-15
9.83097e-16
0
0
1.71846e-13
0
0
2.06522e-15
0
0
0
0
5.07009e-17
-6.4328e-15
-3.72317e-16
0
0
0
1.01425e-16
0
0
0
0
7.19785e-09
0
0
0
0
0
0
0
0
0
0
0
1.08785e-30
2.73303e-17
0
0
0
8.12456e-15
-2.19511e-15
0
0
0
0
0
0
0
0
0
0
0
0
0
0
0
-3.39162e-09
-9.72217e-16
9.75814e-14
0
0
0
0
0
0
-3.55756e-16
0
3.33147e-16
-1.14875e-08
8.43583e-17
0
0
0
0
0
0
0
0
0
0
0
0
0
-1.76332e-17
-3.0907e-08
2.61838e-09
0
0
0
0
0
0
0
0
0
-3.9392e-16
-9.12098e-09
0
2.3255e-15
-4.03146e-09
0
0
0
0
0
-1.35658e-13
0
0
0
0
0
0
0
0
0
8.53232e-15
0
0
0
8.2321e-16
-3.17809e-16
0
3.26445e-16
0
0
0
0
0
0
1.79219e-08
0
5.67968e-13
-5.24122e-10
-2.58398e-15
0
-1.48173e-14
0
0
0
0
0
0
0
2.21075e-14
0
0
0
0
0
2.90276e-15
-1.99282e-17
0
0
0
-1.68536e-14
0
0
0
0
4.64688e-14
0
2.88717e-15
0
0
0
0
0
0
0
0
0
0
0
0
1.15123e-14
0
0
0
-1.52514e-13
-3.94947e-15
0
0
0
0
0
0
0
0
0
0
1.26419e-15
0
0
0
0
0
3.43953e-32
0
0
0
0
0
0
-4.54751e-16
0
0
0
0
0
0
0
0
0
0
0
0
3.00095e-15
0
0
1.37836e-08
1.19606e-15
-1.47757e-14
0
0
0
0
3.72428e-17
0
4.04984e-17
0
0
0
0
0
0
-6.16853e-15
2.59333e-14
2.51063e-08
0
-1.99781e-13
0
0
0
0
-3.73087e-17
0
0
2.49705e-08
0
-4.98803e-16
0
0
0
0
0
0
0
-9.59489e-18
3.22495e-16
3.52208e-15
0
0
0
0
0
0
0
0
0
0
-1.52495e-13
0
0
-2.81347e-16
1.53167e-13
3.39725e-16
0
0
3.99392e-16
0
0
0
0
0
0
0
0
0
0
0
0
0
0
-1.03387e-15
0
0
0
0
0
5.88615e-16
0
0
0
8.69086e-17
2.13344e-16
0
0
0
0
0
0
0
2.62819e-18
0
0
0
0
0
0
0
0
0
0
0
0
0
0
0
0
-8.15855e-16
0
0
0
0
0
-6.15409e-17
1.19321e-16
0
0
0
0
1.3919e-13
0
0
0
0
0
0
0
0
0
0
0
0
0
0
0
0
0
-4.55922e-16
0
0
0
4.09636e-15
-1.2572e-15
-6.84578e-15
0
1.9281e-16
2.37327e-16
0
0
0
0
0
0
-3.75652e-15
0
0
0
0
0
0
0
0
1.0942e-12
1.44799e-12
0
0
0
-1.07248e-16
2.60178e-13
1.11748e-13
0
0
0
0
0
0
0
0
0
0
0
0
0
0
0
1.24006e-15
0
0
0
0
0
0
0
1.53409e-13
0
0
3.22491e-16
-5.1193e-32
0
0
0
0
0
0
0
0
0
0
0
2.71963e-31
0
0
0
-2.36842e-15
1.2364e-13
0
0
0
0
0
0
-2.43047e-08
0
0
0
0
0
0
0
0
-4.62953e-17
3.44604e-15
0
0
0
0
0
1.10543e-13
1.16406e-15
-8.11555e-17
0
4.4605e-16
0
-2.83558e-08
0
0
4.47234e-17
0
0
0
2.0505e-13
1.58726e-13
1.3106e-14
0
1.71532e-16
0
0
0
0
0
0
0
-6.41815e-17
6.79297e-17
0
8.31493e-15
0
0
0
-5.21546e-17
0
0
-1.3321e-13
0
0
0
0
0
0
0
0
0
0
4.71746e-16
0
-1.57573e-13
0
-9.90969e-17
0
3.0452e-15
0
0
8.17795e-15
1.0823e-16
0
0
0
-1.59999e-16
0
2.64581e-08
0
0
0
0
0
0
0
0
0
0
0
0
0
0
-1.8372e-13
0
0
0
1.20727e-17
0
0
0
0
0
0
0
0
0
0
0
0
0
0
0
0
0
6.78968e-14
9.11581e-16
0
0
1.04093e-17
-2.36709e-16
1.07882e-13
-1.08801e-17
0
0
0
0
0
0
2.02819e-13
9.45642e-14
0
0
0
0
-5.0736e-19
6.95618e-18
0
0
0
0
0
0
1.79622e-16
-4.44812e-14
1.46073e-13
0
0
0
0
0
0
0
0
0
0
0
0
0
0
0
2.8712e-14
0
0
0
0
3.77286e-17
0
0
0
0
0
0
0
0
0
0
0
-3.87208e-15
0
0
0
0
0
0
-2.27385e-13
0
0
0
0
0
0
0
0
1.89869e-15
0
0
0
0
-2.28244e-15
0
0
0
0
0
9.34159e-14
1.26546e-13
0
0
0
0
0
0
0
0
0
0
0
0
0
0
0
0
0
0
0
5.44578e-09
5.63427e-13
0
0
0
0
7.16612e-17
0
0
0
-1.47248e-15
0
-1.87919e-17
0
0
0
0
0
-5.30473e-16
3.54121e-16
0
0
2.45604e-15
0
1.28314e-17
-2.7739e-17
7.35727e-18
0
0
2.37559e-15
0
0
0
2.52295e-14
-9.89594e-16
0
0
6.26724e-14
0
-2.5325e-16
-3.42054e-16
0
0
0
0
8.61237e-16
0
0
0
0
0
0
0
0
0
0
0
0
0
0
0
0
0
0
0
0
0
0
0
0
0
0
0
-1.41951e-13
0
0
0
0
0
0
0
0
0
0
0
0
1.02386e-31
0
2.04892e-16
0
8.75696e-14
2.81521e-15
-8.86358e-17
0
0
0
1.70402e-15
-1.70239e-14
1.00077e-15
0
0
0
0
1.00641e-16
0
0
0
0
-1.77902e-13
0
0
0
4.20834e-15
0
0
1.01212e-16
4.16476e-16
1.33392e-15
1.48781e-15
0
0
0
0
-1.65827e-13
0
0
0
0
-3.21284e-17
0
0
0
0
0
0
0
0
0
0
0
-2.87477e-16
-2.16297e-16
0
0
1.36574e-16
5.541e-16
-9.76992e-16
-2.04043e-17
0
0
0
0
2.74827e-16
0
0
0
0
0
0
0
0
0
0
-9.4973e-15
0
0
0
0
0
0
-1.89957e-15
-1.33996e-16
0
0
0
-2.826e-16
0
0
0
5.61772e-14
0
0
0
1.20788e-13
1.22563e-13
0
0
0
1.8059e-13
0
0
0
0
0
0
0
0
0
0
0
0
0
0
0
0
0
2.24507e-15
0
0
0
-5.32191e-17
0
5.46059e-31
0
0
0
0
-1.4701e-15
0
3.59449e-15
0
0
0
0
0
0
0
0
0
5.58217e-16
0
1.29167e-13
0
0
0
0
0
0
0
0
0
0
0
0
0
5.93439e-16
0
0
0
0
-6.15174e-15
0
0
0
0
0
0
0
0
0
0
0
0
0
0
2.20625e-16
0
0
0
0
0
0
0
0
0
0
0
0
0
0
0
0
0
-3.25457e-16
0
0
-1.12402e-14
-1.45426e-15
0
0
0
-1.48864e-14
0
0
0
0
-9.33355e-16
0
0
0
2.90204e-17
0
0
-3.99675e-15
0
8.57734e-16
0
0
0
0
0
0
-2.81478e-15
0
1.0152e-08
0
0
0
0
0
0
1.59446e-16
0
0
0
0
0
0
0
6.54633e-19
0
0
0
0
0
0
0
0
-2.3113e-16
4.63844e-15
3.83551e-15
7.78789e-16
8.79521e-15
1.45433e-14
0
0
0
-1.74884e-13
0
0
0
0
0
0
-3.53922e-14
-3.78808e-16
0
0
0
0
-4.82777e-15
0
0
0
0
0
0
0
0
-3.6921e-15
0
-2.28858e-16
0
0
0
0
0
0
0
0
-2.34548e-16
0
0
0
1.53954e-15
0
0
0
1.35425e-15
0
0
0
0
0
0
-4.22185e-13
5.46294e-16
0
0
0
0
0
2.17152e-15
0
0
4.78851e-09
0
0
0
0
0
0
0
0
0
1.21001e-13
4.52758e-16
-5.06964e-16
0
1.45163e-16
0
0
0
-1.29433e-16
0
0
0
0
0
0
0
1.29053e-15
0
0
0
0
0
0
0
0
-5.66283e-17
3.56248e-17
0
-1.8373e-13
-1.93492e-15
0
0
0
0
0
-1.21024e-12
0
-2.24932e-15
0
0
-2.87985e-14
0
0
0
8.94395e-09
0
-2.22798e-16
4.26284e-16
0
-1.12106e-13
0
0
0
0
0
1.77658e-17
2.5673e-14
0
0
0
0
0
0
0
-1.00028e-15
-1.15882e-12
0
0
0
0
0
0
0
-5.00171e-09
-2.04455e-15
-2.617e-15
0
0
0
0
-3.25093e-16
0
0
0
0
0
0
0
0
0
0
0
0
0
0
0
0
0
0
0
0
0
0
0
0
0
0
0
0
0
-2.01039e-13
0
0
0
0
0
0
0
0
0
0
0
1.68932e-09
0
0
0
0
0
0
0
-3.53541e-16
0
0
1.13853e-13
0
1.63755e-13
0
0
0
0
0
0
0
0
0
0
7.56325e-16
0
0
0
-2.64453e-09
-3.96865e-17
0
1.1549e-14
1.23788e-15
0
0
0
0
1.50869e-13
0
0
2.62754e-16
0
0
0
0
0
2.79334e-15
0
0
0
0
0
0
0
0
2.19485e-15
0
0
0
0
0
0
6.22156e-18
0
0
0
0
0
0
0
0
4.17455e-16
0
0
0
-5.40726e-31
0
0
0
0
0
0
0
0
0
0
0
-7.0592e-17
1.41055e-13
0
0
0
0
0
-8.16023e-15
0
1.32005e-13
1.1879e-13
0
0
-1.42582e-16
0
0
-1.30193e-15
0
0
0
0
0
0
0
1.42237e-16
0
0
0
0
0
0
0
1.15365e-14
-1.86832e-15
0
0
2.58573e-18
-6.52096e-17
0
0
0
0
0
0
0
0
0
0
0
0
0
0
-1.97126e-16
0
0
0
2.01396e-16
0
0
1.06624e-16
-1.04463e-13
2.8966e-16
0
1.44822e-13
0
-7.86011e-16
0
0
0
0
-1.72076e-13
0
0
0
0
0
-1.86038e-13
0
0
0
0
0
0
0
2.81516e-13
4.12004e-16
0
-1.28992e-16
0
0
0
0
0
-3.92754e-17
0
0
9.08686e-16
0
0
0
0
0
0
0
0
0
0
0
0
0
2.6111e-16
0
0
0
-1.83509e-17
0
0
0
-5.62842e-15
0
0
0
0
)
;

boundaryField
{
    frontback
    {
        type            empty;
        value           nonuniform List<scalar> 0();
    }
    topbottom
    {
        type            calculated;
        value           uniform 0;
    }
    outlet
    {
        type            calculated;
        value           nonuniform List<scalar> 0();
    }
    inlet
    {
        type            calculated;
        value           uniform 0;
    }
    walls
    {
        type            calculated;
        value           nonuniform List<scalar> 
151
(
-1.41427e-08
1.83331e-08
-5.08089e-08
2.35711e-08
2.88091e-08
3.40472e-08
7.59514e-08
8.11894e-08
-2.77615e-08
-2.25235e-08
-8.90464e-09
-3.66662e-09
-4.66184e-08
-4.2428e-08
-3.719e-08
-3.1952e-08
-1.83331e-08
-1.30951e-08
5.23802e-10
4.71422e-09
9.95225e-09
1.41427e-08
1.93807e-08
3.82376e-08
4.2428e-08
4.7666e-08
5.18565e-08
5.70945e-08
6.23325e-08
6.65229e-08
7.1761e-08
3.66662e-09
1.57141e-09
8.90464e-09
-9.95225e-09
1.30951e-08
-1.72855e-08
-2.14759e-08
-2.67139e-08
2.25235e-08
2.04283e-08
-3.09044e-08
2.77615e-08
-4.13804e-08
-4.55708e-08
-4.34756e-08
3.29996e-08
2.46187e-08
3.719e-08
-4.7666e-08
4.13804e-08
-1.93807e-08
4.66184e-08
-1.57141e-09
-5.49993e-08
4.87136e-08
5.08089e-08
2.61901e-09
7.85704e-09
5.29041e-08
-1.09999e-08
1.20475e-08
-6.80943e-09
-1.62379e-08
1.62379e-08
-2.04283e-08
5.81421e-08
-2.56663e-08
2.14759e-08
-2.98567e-08
-3.50948e-08
6.12849e-08
-3.92852e-08
3.09044e-08
7.85704e-09
5.23801e-10
4.71422e-09
-7.85704e-09
-3.66662e-09
2.67139e-08
-4.03328e-08
-4.45232e-08
3.1952e-08
3.61424e-08
-4.87136e-08
-5.29041e-08
4.03328e-08
6.02373e-08
6.75705e-08
4.55708e-08
-5.39517e-08
4.97612e-08
5.39517e-08
5.91897e-08
7.28086e-08
7.49038e-08
8.01418e-08
6.44277e-08
6.96657e-08
5.76183e-09
8.2237e-08
6.86181e-08
-2.61901e-09
-5.23805e-10
3.66662e-09
-4.71422e-09
7.80466e-08
7.38562e-08
-2.88091e-08
7.90942e-08
-5.18565e-08
6.80943e-09
-1.57141e-09
2.61901e-09
8.32846e-08
7.07134e-08
-5.76183e-09
-2.61901e-09
1.51903e-08
1.72855e-08
-9.95225e-09
5.49993e-08
-1.20475e-08
-3.61424e-08
-3.82376e-08
-7.85704e-09
-4.97612e-08
1.09999e-08
4.45232e-08
2.56663e-08
5.60469e-08
2.98567e-08
5.76183e-09
6.54753e-08
7.6999e-08
-5.23803e-10
3.50948e-08
6.80943e-09
-8.90464e-09
-3.40472e-08
4.34756e-08
3.92852e-08
-5.76183e-09
-2.46187e-08
-3.29996e-08
-1.51903e-08
-6.80944e-09
6.33801e-08
1.57141e-09
-4.71422e-09
-2.35711e-08
)
;
    }
    procBoundary2to0
    {
        type            processor;
        value           nonuniform List<scalar> 
83
(
-3.09572e-15
9.29746e-15
0
5.37127e-16
0
9.12046e-13
0
0
8.45365e-16
1.08234e-14
-2.35214e-14
0
0
-1.14964e-15
-3.14528e-14
-2.54893e-16
0
7.38484e-16
0
6.34942e-16
-1.23206e-15
-5.11731e-16
0
2.27862e-15
-8.60597e-16
-2.45716e-16
0
0
0
0
7.37923e-15
0
-5.01037e-16
0
0
-2.17702e-15
0
2.28341e-16
0
0
-4.40921e-16
2.92537e-14
0
0
0
2.84239e-16
-1.10065e-30
3.05935e-16
0
-3.0103e-14
1.07773e-14
4.57123e-16
-3.69561e-15
-6.43853e-15
0
-1.16199e-14
-1.69482e-16
-2.29553e-15
0
0
0
1.4577e-14
2.95319e-08
-3.3499e-16
0
-3.73437e-15
0
2.62322e-15
9.12459e-16
0
0
8.34257e-15
0
0
-5.39316e-16
1.07422e-14
0
-5.59779e-15
1.09425e-30
-4.93557e-16
-1.724e-16
0
5.97642e-16
)
;
    }
    procBoundary2to3
    {
        type            processor;
        value           nonuniform List<scalar> 
99
(
0
0
-2.73496e-13
0
0
0
-9.83342e-17
0
-1.86624e-15
-1.08785e-30
0
0
0
0
0
0
0
0
0
0
0
0
0
0
0
0
0
0
1.0512e-15
0
0
-9.00997e-30
0
0
-7.22483e-16
4.08982e-15
0
0
5.80923e-17
0
0
0
0
0
0
0
0
0
0
0
0
0
0
0
0
0
0
0
0
0
0
0
0
0
0
0
0
0
0
8.58381e-09
0
0
0
0
0
0
0
0
6.71017e-16
4.57154e-16
0
0
0
9.1898e-16
0
0
0
0
0
0
0
0
0
-6.59987e-15
2.84511e-14
0
0
0
0
)
;
    }
}


// ************************************************************************* //
