/*--------------------------------*- C++ -*----------------------------------*\
| =========                 |                                                 |
| \\      /  F ield         | OpenFOAM: The Open Source CFD Toolbox           |
|  \\    /   O peration     | Version:  v2012                                 |
|   \\  /    A nd           | Website:  www.openfoam.com                      |
|    \\/     M anipulation  |                                                 |
\*---------------------------------------------------------------------------*/
FoamFile
{
    version     2.0;
    format      ascii;
    class       volScalarField;
    location    "0";
    object      yPlus;
}
// * * * * * * * * * * * * * * * * * * * * * * * * * * * * * * * * * * * * * //

dimensions      [0 0 0 0 0 0 0];


internalField   uniform 0;

boundaryField
{
    frontback
    {
        type            empty;
    }
    topbottom
    {
        type            calculated;
        value           uniform 0;
    }
    outlet
    {
        type            calculated;
        value           uniform 0;
    }
    inlet
    {
        type            calculated;
        value           uniform 0;
    }
    walls
    {
        type            calculated;
        value           nonuniform List<scalar> 
360
(
12.3439
11.1886
12.0875
12.1045
10.6179
12.1024
10.9593
12.13
12.6098
12.2187
10.0622
10.9659
10.9891
10.3496
9.22976
10.6476
10.5204
9.22252
10.0024
8.952
10.3764
9.68246
9.68246
9.38026
9.52007
11.9324
9.13488
10.6018
9.23764
10.9955
9.80489
9.76402
9.54183
10.0904
9.07184
9.16296
9.50858
10.7648
9.508
10.5534
9.14729
11.1492
9.34225
9.68246
8.05109
9.57074
9.68127
9.96127
9.24284
9.94013
9.60223
9.58552
9.68246
9.45188
8.36959
9.71335
10.2846
9.1085
9.25094
9.69451
10.8253
9.68246
8.97013
9.54834
9.68246
9.9828
9.38549
9.95288
9.58555
10.0757
9.28495
9.68246
10.0474
9.49878
10.3852
9.35124
9.68246
9.53327
8.28761
10.0416
8.89447
10.4664
9.3988
9.86732
9.76428
9.68246
9.68246
9.68246
9.13556
9.50268
9.74167
9.14605
10.2243
8.96537
9.30067
9.68246
9.42073
8.93709
9.52309
8.74242
9.82669
10.0464
9.13296
9.68246
10.0081
10.3039
9.25187
9.26664
9.68246
9.93483
9.60602
10.1751
8.90909
9.41198
9.68246
9.22358
9.68246
9.20416
9.68246
9.36475
9.36308
9.68246
9.20966
9.18106
9.88481
11.7655
10.3851
9.22443
9.86404
9.46579
9.33572
9.45463
8.06848
9.45544
8.9698
9.42497
9.68246
9.00511
8.96158
9.68246
11.333
10.6328
9.72121
9.68246
10.8533
11.4733
9.80481
9.32325
8.47535
9.90753
9.57404
9.32046
10.1365
9.52642
9.53487
9.29077
9.90999
9.68246
9.34173
9.97098
9.40653
10.981
9.88928
9.68246
10.8774
11.6083
9.68246
9.2152
9.68246
9.68246
7.50401
9.75695
9.68246
9.68246
8.28263
9.77236
9.68246
9.28219
9.32005
9.61031
8.56187
9.68246
9.68246
9.52103
9.4157
9.11437
9.92011
8.9274
9.68246
10.8078
9.34852
9.68246
9.22802
8.37641
8.31477
9.20188
10.2022
10.5864
9.43918
9.80724
9.37656
9.68246
10.7794
9.12561
9.43892
9.21367
10.2389
8.96387
9.3413
9.68246
9.35806
9.68246
10.6867
11.0748
9.63143
9.21049
9.68246
8.4715
9.91735
9.78001
7.58005
9.2796
7.66316
9.64317
9.57546
10.6109
11.5042
9.86451
10.3704
9.06761
9.55165
9.76566
10.1634
9.30616
9.25462
10.4103
10.2375
9.76805
10.0335
9.57371
9.62582
9.2855
10.125
9.64569
11.0825
9.0459
10.1642
9.2689
10.2739
10.3621
9.14018
9.51029
9.68246
9.24225
9.68246
11.0677
11.2383
9.14444
9.29936
10.1241
9.68246
8.9294
9.51725
9.79509
9.68246
9.65133
9.79238
9.68246
9.88069
9.6921
9.20989
9.8373
9.77105
9.42361
9.92391
9.16345
10.5972
9.9199
9.64757
8.97383
9.49589
10.0068
9.57944
10.1544
9.96956
9.58841
9.96768
9.44124
9.98504
9.36286
9.68246
9.34548
9.3286
10.3207
9.7465
10.3151
9.25806
9.68649
9.6902
9.65476
9.90401
9.59184
7.6772
9.76677
8.93988
9.02128
9.22006
9.07445
9.30197
9.20717
9.11736
8.11963
8.52131
8.73722
7.69718
9.58306
8.83783
8.83999
8.56304
9.41784
8.55493
7.37128
7.22235
7.36064
8.866
7.61433
9.06258
8.61634
7.25079
7.42412
7.10137
9.00816
8.46375
8.82053
8.56703
7.68153
8.91313
7.84437
8.21385
7.99491
6.83299
7.3301
7.50116
7.38295
7.21699
7.50545
7.39389
6.46996
6.7099
6.50268
7.11613
6.72683
6.62666
6.56908
6.36445
6.21909
6.5346
6.20103
5.91115
6.20554
)
;
    }
}


// ************************************************************************* //
