/*--------------------------------*- C++ -*----------------------------------*\
| =========                 |                                                 |
| \\      /  F ield         | OpenFOAM: The Open Source CFD Toolbox           |
|  \\    /   O peration     | Version:  v2012                                 |
|   \\  /    A nd           | Website:  www.openfoam.com                      |
|    \\/     M anipulation  |                                                 |
\*---------------------------------------------------------------------------*/
FoamFile
{
    version     2.0;
    format      ascii;
    class       surfaceScalarField;
    location    "450";
    object      meshPhi;
}
// * * * * * * * * * * * * * * * * * * * * * * * * * * * * * * * * * * * * * //

dimensions      [0 3 -1 0 0 0 0];
oriented        oriented;


internalField   nonuniform List<scalar> 
20642
(
-2.30309e-12
-5.23652e-13
-1.00934e-15
1.25585e-14
0
-1.84878e-15
0
0
0
-1.33405e-15
-1.22285e-14
-8.47471e-15
5.01217e-14
-8.2666e-15
0
4.16488e-15
0
-7.57037e-15
0
8.1391e-30
0
0
0
3.88578e-15
0
-1.04244e-14
1.18819e-07
4.58064e-12
0
0
1.81502e-14
0
4.34524e-15
3.47584e-14
3.66282e-14
-1.5103e-15
2.28271e-15
0
0
0
0
-3.18655e-14
-2.88762e-12
-1.07287e-13
4.96954e-14
0
0
0
0
0
0
0
-1.50292e-12
-8.45642e-17
6.64059e-13
0
0
0
0
-5.20846e-15
-8.5238e-15
-5.57497e-15
-2.43934e-15
-2.88541e-15
-3.64069e-14
-3.00431e-14
1.65161e-15
6.24923e-15
1.40523e-15
-1.56126e-14
0
6.29247e-15
1.80311e-16
-3.47927e-15
0
1.08318e-07
3.07936e-15
0
5.85229e-15
0
0
0
1.07747e-07
6.40787e-12
0
0
0
-1.12596e-14
-1.34381e-14
7.87379e-15
0
7.31813e-17
1.02129e-15
-1.09983e-15
-5.11047e-14
-4.6203e-14
0
0
1.44648e-14
-1.07609e-15
0
2.52725e-14
-4.38196e-13
1.6764e-13
-1.10865e-14
0
5.68728e-15
-2.04323e-15
0
0
0
0
0
0
0
2.49851e-29
-4.89955e-15
-4.09354e-14
0
0
0
3.38881e-15
-1.69723e-15
0
0
0
0
0
0
0
0
-1.24549e-14
-1.00473e-15
2.77963e-15
-1.19669e-14
-1.30667e-14
0
3.22983e-14
0
0
0
-7.60429e-08
-1.67802e-12
-2.15599e-08
1.27106e-14
-1.81511e-14
0
-4.64831e-14
1.18685e-14
1.68455e-14
0
0
9.59648e-08
-2.02211e-15
-5.48657e-15
0
0
0
0
-3.25759e-16
5.08741e-16
0
0
-4.13349e-14
1.70703e-14
0
0
0
0
-7.46045e-15
0
0
0
0
0
0
3.84224e-15
0
1.74351e-15
0
0
0
0
4.01024e-13
2.47443e-13
-8.21738e-17
-2.08816e-15
0
0
0
-4.06521e-14
-8.99691e-15
6.4545e-29
0
0
0
0
1.29341e-14
1.34372e-14
-4.05742e-15
0
0
0
0
0
-2.70223e-15
7.85893e-15
-1.62833e-14
-1.16892e-15
0
2.04599e-14
-2.76316e-14
-1.52459e-13
0
-4.44603e-14
2.0633e-15
4.2291e-15
0
0
0
2.4131e-13
-4.27646e-14
2.12985e-14
0
6.4778e-16
1.72053e-14
0
0
1.12588e-13
-2.1027e-13
-8.4199e-13
0
-3.82468e-15
0
-1.007e-13
0
0
0
-1.98887e-14
0
-8.24301e-16
0
1.85047e-14
-9.20314e-14
-7.32938e-15
-3.31859e-16
0
0
1.20856e-15
0
6.37506e-16
5.01164e-14
3.67409e-14
-4.34286e-14
-4.35224e-13
-3.21766e-13
0
0
0
0
0
0
0
0
0
0
3.32568e-14
1.4671e-14
-4.34488e-14
0
0
0
0
0
0
0
0
0
0
0
0
0
-5.4988e-16
-3.40266e-14
8.85591e-14
3.13698e-16
0
0
0
0
0
0
-1.40145e-14
-1.16115e-14
0
0
0
0
0
0
0
0
1.59636e-15
3.25564e-29
3.26908e-15
0
2.78543e-14
0
0
0
0
0
0
0
0
-9.22523e-13
0
-6.14834e-13
0
0
0
8.23446e-15
-4.7033e-17
0
0
0
0
0
0
0
0
0
0
-2.79154e-15
1.5404e-15
3.68763e-15
0
0
0
-8.55167e-15
-3.12544e-14
3.64991e-15
-6.91713e-16
0
0
0
0
1.63055e-16
-4.05358e-15
1.65698e-13
1.07892e-13
0
0
1.44803e-14
-7.23048e-15
-1.03196e-13
3.23642e-15
-2.49447e-15
0
0
0
0
0
-3.40008e-14
3.02479e-14
2.29037e-14
0
4.05518e-15
2.59634e-15
0
0
0
1.42614e-16
2.72781e-16
0
0
0
0
-5.06351e-15
-1.52424e-14
0
0
0
0
0
0
0
0
0
-5.10345e-15
-9.4744e-15
0
-3.04427e-14
0
3.34114e-15
0
0
0
0
0
0
7.54679e-14
-6.09497e-14
-5.97653e-14
2.35626e-14
-2.24224e-15
0
0
0
0
0
0
1.2114e-29
0
0
0
0
0
0
6.97736e-09
0
0
0
0
0
0
0
0
4.92989e-14
0
7.94934e-15
0
0
0
-1.24747e-14
0
4.5435e-16
-2.11504e-15
0
8.28122e-16
3.99068e-30
0
0
0
0
-9.13564e-15
6.35791e-15
-2.76576e-15
0
0
0
0
0
1.31657e-14
-2.90509e-14
2.14433e-15
0
-3.57181e-14
2.29828e-14
0
0
0
0
0
0
-7.18624e-16
0
7.01883e-16
0
0
0
0
0
0
0
0
0
-1.39571e-15
0
0
0
-1.5517e-12
-1.22575e-15
-1.40486e-12
0
0
-8.07197e-14
2.81653e-16
-8.33003e-14
-4.70357e-15
-6.46398e-15
-8.04446e-30
0
0
0
-2.04356e-14
1.90114e-14
0
0
0
0
1.20861e-12
3.4444e-13
-2.1853e-16
2.35541e-14
1.31628e-13
0
0
0
0
2.03477e-30
-2.98375e-15
0
0
0
0
0
-3.28257e-15
-5.44954e-14
0
0
0
0
1.37047e-14
0
1.58773e-14
0
5.69855e-15
0
9.49537e-16
0
0
0
0
0
-1.47389e-14
-4.3153e-13
2.72547e-14
-1.00595e-13
-2.94579e-14
1.29487e-14
1.51879e-14
-5.60304e-14
0
0
0
0
0
0
0
-4.41942e-14
-7.39179e-14
-5.62933e-15
0
0
0
0
-8.96333e-13
0
0
0
0
0
0
0
2.38967e-15
-1.29468e-28
2.91822e-14
-4.43368e-14
0
0
0
0
0
0
9.81536e-15
-1.4888e-14
0
0
0
3.12101e-15
0
1.55373e-15
0
2.25484e-16
-5.51835e-16
0
0
0
1.87325e-15
4.23209e-14
3.38527e-15
-7.24459e-17
0
0
0
0
0
0
0
0
0
4.06032e-14
0
0
0
-4.89335e-15
0
0
0
0
0
0
0
0
0
-4.11593e-15
-2.42718e-14
-1.67588e-14
0
0
0
0
0
0
-7.50861e-16
-7.1614e-15
2.1527e-14
0
0
0
0
0
-1.39575e-14
0
2.44371e-14
0
4.06075e-16
-6.37704e-16
0
0
0
0
0
0
0
0
0
0
0
0
-1.95861e-14
-4.63941e-14
-6.29463e-15
0
0
0
0
0
-3.23922e-16
0
0
0
-2.68956e-15
1.88641e-15
-3.7303e-14
0
0
0
0
0
0
7.33537e-15
-6.48354e-15
0
0
0
0
0
0
0
-4.20309e-14
0
0
8.7235e-14
0
0
0
0
0
1.10391e-14
-3.60376e-15
0
-1.08013e-14
7.12356e-15
-3.78817e-14
0
0
0
1.92412e-15
1.26123e-15
-2.57111e-14
0
1.74071e-13
0
0
2.4851e-15
-1.16623e-14
0
0
0
-4.92209e-15
-1.29394e-15
0
-8.85785e-14
0
0
1.87076e-15
-3.64004e-15
0
0
0
0
1.16188e-14
-4.52804e-15
-1.10486e-14
-4.04275e-15
0
-1.1894e-14
0
3.30814e-14
0
-7.0834e-14
4.84955e-14
9.40262e-14
0
0
0
0
0
0
0
0
8.6184e-15
4.32882e-15
-6.39864e-15
6.54592e-14
3.1216e-15
0
0
-3.36926e-14
8.04998e-13
0
0
0
0
0
0
-2.05839e-14
0
0
0
-4.52271e-18
0
-3.97846e-17
0
0
0
0
0
0
0
0
3.64807e-15
0
0
0
0
0
0
0
0
0
7.48823e-14
0
1.60216e-15
-1.1135e-15
0
-7.46822e-14
0
-4.36189e-14
0
0
1.2151e-15
9.92925e-16
0
0
0
0
0
4.96393e-13
-1.40978e-13
-1.73578e-13
0
0
0
0
0
1.16818e-12
-3.31654e-12
-4.48685e-14
0
-1.21996e-14
0
8.02332e-15
3.11924e-15
0
0
0
0
0
0
0
0
0
0
0
0
-3.00408e-14
-1.15854e-14
-3.7452e-14
-2.72873e-14
0
7.41617e-17
-1.6271e-15
0
0
0
0
0
0
-1.35117e-15
-9.25519e-15
0
0
0
0
0
0
0
0
0
-4.87488e-16
0
0
-8.16741e-15
0
0
0
2.55065e-15
-1.5194e-15
0
0
0
0
0
0
0
0
0
0
0
0
0
0
0
0
1.79779e-14
-4.33241e-14
-5.86015e-14
-2.66102e-14
1.69971e-14
0
0
0
0
5.69005e-14
-7.80956e-14
0
-4.38338e-12
0
0
0
2.73456e-15
-1.7143e-14
1.99454e-14
0
0
0
0
0
0
0
0
0
0
0
0
0
0
0
0
-3.25564e-29
0
0
0
0
0
0
0
0
0
0
0
0
1.80392e-14
-1.50209e-15
-3.8631e-14
0
0
0
0
0
0
-9.55327e-16
0
0
0
0
0
0
-5.24419e-16
3.10866e-15
0
0
0
0
0
0
0
0
0
0
0
0
0
0
0
0
0
0
0
0
0
0
0
-2.19383e-14
-2.16887e-15
-8.75557e-15
5.28347e-15
1.23581e-14
0
-8.18008e-15
-2.31599e-14
-4.48825e-14
1.5096e-13
0
-2.85999e-14
-3.14061e-14
0
-7.75632e-14
0
0
1.18442e-14
1.5423e-14
0
7.44025e-14
1.71374e-14
0
3.92722e-14
-3.70662e-15
0
0
0
0
1.22692e-14
6.41361e-16
-1.00098e-14
-2.69554e-15
1.72146e-14
-4.3557e-14
0
0
0
-2.1077e-15
0
0
-1.94953e-16
1.52257e-14
0
0
0
0
0
0
0
0
0
0
0
0
0
0
0
0
0
-3.07913e-14
-3.65885e-16
-7.02233e-14
0
0
0
2.63781e-14
-7.53392e-14
3.44748e-15
4.4783e-14
1.29468e-28
0
0
0
1.72425e-15
0
-2.26165e-16
0
0
0
0
0
-2.63473e-16
-3.64342e-16
0
-4.36489e-16
3.43582e-14
-6.51128e-29
0
0
0
0
0
0
4.21793e-13
-2.87453e-12
-3.40011e-15
0
4.7814e-14
1.99681e-14
-1.83775e-14
-3.78778e-14
0
0
9.23422e-14
0
0
-9.45187e-15
-2.02197e-15
-6.87972e-15
-1.10234e-14
0
0
0
0
0
0
-6.235e-14
8.93148e-15
0
0
0
0
0
0
-1.39164e-14
0
0
0
0
0
0
0
0
0
0
1.81398e-14
2.63634e-15
-3.3926e-15
8.5023e-14
6.62422e-14
-3.79139e-14
-1.29279e-28
6.4608e-29
-1.16212e-14
6.69775e-15
1.47576e-14
-3.71371e-15
0
1.82874e-13
7.75129e-14
-6.3901e-15
0
0
2.99685e-15
-3.792e-14
0
-1.90628e-15
0
0
0
-7.60507e-14
1.67275e-13
2.02158e-15
8.04446e-30
0
1.27033e-15
0
-1.04541e-15
0
1.27888e-15
-1.24033e-18
-1.03696e-14
-2.41481e-15
0
0
0
0
0
0
0
-1.01731e-14
0
0
0
0
-5.08613e-16
3.21437e-15
0
0
0
0
-2.77362e-14
-2.7427e-14
-8.05733e-15
0
8.9593e-15
0
0
0
0
0
0
0
-4.907e-15
0
0
0
0
0
0
0
0
0
0
0
-4.03117e-15
5.8392e-15
0
6.76387e-15
-3.67471e-15
0
1.21755e-15
0
6.74598e-16
0
1.584e-15
0
-5.04681e-15
0
0
0
1.36102e-15
9.60509e-14
2.76321e-14
-2.77084e-14
0
0
0
-4.62769e-14
2.54307e-14
0
2.28152e-14
0
0
-1.76364e-14
0
-5.33162e-14
-3.43076e-13
0
0
0
0
-6.13393e-16
-1.10131e-15
4.08873e-16
-5.84074e-14
2.45707e-14
-4.85583e-15
1.67075e-14
6.69355e-15
0
0
0
2.78171e-15
-1.64193e-15
0
0
0
0
-2.24709e-14
-1.29316e-14
-4.91603e-15
-1.10861e-14
0
3.01304e-14
5.08937e-14
0
0
0
0
0
0
3.90789e-15
0
-8.49204e-15
0
-4.42803e-14
3.53298e-14
0
-2.80564e-14
-3.04484e-14
4.68425e-14
0
-7.17003e-15
3.42835e-15
7.27781e-15
7.32574e-15
0
0
-1.14922e-15
7.85092e-14
-1.82518e-14
-2.55997e-14
3.7573e-15
0
4.09081e-15
0
3.73159e-17
-1.1661e-16
0
0
0
0
7.3048e-15
6.45368e-15
-1.32589e-14
-3.57896e-14
-3.6607e-16
0
0
0
-4.61883e-16
-2.44509e-15
0
0
0
-4.64987e-16
0
0
0
0
0
0
0
0
0
-3.94336e-33
0
-3.13384e-14
-9.15707e-15
-2.92271e-14
6.52416e-14
0
-5.85964e-14
0
0
4.75158e-15
3.27179e-14
0
0
-6.22215e-16
1.00556e-30
0
9.79424e-14
-1.28427e-15
3.1096e-14
9.64289e-15
0
-8.70398e-15
0
0
0
0
-2.8633e-14
1.4919e-16
0
5.59681e-17
-7.76028e-14
0
0
0
0
-4.45109e-14
8.51261e-14
0
-4.18077e-14
-6.52834e-15
0
0
-2.58464e-28
-6.12143e-14
0
0
0
0
0
0
2.78225e-14
8.54273e-14
-1.64381e-14
1.78465e-16
3.8883e-16
0
3.17919e-14
0
0
0
0
0
0
0
6.5503e-15
-7.929e-14
0
-1.90543e-15
-1.52502e-16
0
0
0
0
0
0
0
7.92781e-14
0
-5.89868e-13
0
0
0
2.24135e-15
-2.4624e-16
0
0
0
0
0
0
0
0
0
0
1.70177e-15
-3.80475e-15
2.21371e-15
0
-1.51134e-14
0
2.35822e-13
-1.12321e-13
-2.48317e-13
-4.89941e-16
-1.02e-15
9.31318e-14
2.49153e-14
0
0
0
0
0
0
0
0
0
0
0
0
0
0
0
-1.06859e-15
-6.1816e-17
0
0
4.86399e-15
2.74894e-15
0
0
0
0
0
0
0
2.46949e-15
0
4.92617e-16
-5.98238e-14
-3.65092e-13
0
0
0
5.61683e-15
-9.59417e-15
0
0
3.64285e-14
-2.74029e-14
0
0
1.6139e-15
0
0
-5.72673e-15
-3.73719e-15
-3.26765e-15
0
0
0
0
6.39581e-14
-4.23681e-14
0
0
0
0
0
0
0
3.10948e-16
-6.24422e-17
0
0
0
-4.04109e-15
5.09651e-14
0
0
0
3.07425e-14
6.03715e-15
0
-1.90407e-14
0
0
-3.85456e-16
0
8.29612e-14
0
0
0
0
-8.94482e-15
0
0
0
0
0
0
-1.09205e-15
6.23365e-16
0
0
0
-1.57036e-14
1.7655e-15
-5.14783e-14
0
0
2.86793e-14
-5.01529e-08
1.54616e-13
-2.13417e-08
0
0
0
0
0
0
0
0
-3.26287e-14
0
0
0
9.48657e-17
0
0
0
0
0
-4.41786e-15
-1.87816e-14
3.4546e-14
3.33528e-14
0
0
0
0
0
0
0
0
0
0
0
0
0
0
0
-6.29153e-15
-5.04323e-16
0
0
0
0
0
0
0
0
0
0
0
0
-1.45951e-15
0
3.27068e-14
0
1.42598e-14
0
0
3.50564e-14
-8.94657e-14
0
0
0
0
0
0
-9.78651e-14
-1.60164e-15
1.94573e-13
0
-4.52949e-13
2.97052e-15
-4.08618e-15
0
1.4964e-14
6.3892e-14
-3.9428e-14
-9.7794e-16
-1.37934e-15
0
0
0
0
5.66379e-14
1.50859e-14
0
0
0
0
-3.39619e-15
2.15681e-15
-2.16195e-15
0
0
0
0
0
0
0
0
0
0
0
0
0
0
8.1391e-30
-2.61565e-15
-2.12257e-16
5.62117e-14
-3.5888e-14
4.48659e-14
0
6.25074e-14
4.56143e-14
0
0
0
0
0
0
0
0
0
0
0
0
1.76161e-14
2.60764e-14
6.05304e-15
7.83751e-15
5.52146e-14
4.76362e-14
0
0
3.02474e-15
7.3025e-15
-1.08694e-15
-1.45241e-12
-2.57334e-16
0
0
0
1.35508e-14
-1.83439e-14
0
0
0
0
0
0
0
-6.09434e-14
-3.30979e-15
0
0
-4.08126e-15
0
0
0
0
0
0
-1.92798e-15
0
0
-2.27914e-14
-5.05935e-15
0
2.62942e-14
-2.05879e-14
2.53045e-15
0
0
1.00556e-30
0
0
0
0
0
0
5.36074e-13
-4.21902e-16
2.32672e-13
0
0
0
0
0
-2.91923e-16
7.71697e-15
0
0
0
0
0
0
0
0
2.1679e-14
-1.19215e-14
0
0
0
0
0
0
0
0
0
0
0
3.55958e-15
5.35173e-14
1.29191e-13
8.78811e-14
2.78955e-14
-4.09356e-14
-8.09784e-16
-1.78236e-15
2.65477e-14
-1.81572e-14
1.96907e-14
0
0
0
0
0
0
0
0
-8.69806e-16
-3.3211e-16
-5.37696e-16
0
0
-2.72652e-15
0
0
0
0
7.21465e-16
-1.31542e-15
0
0
0
0
0
0
-3.56351e-15
-1.54784e-15
1.858e-15
-2.9604e-15
0
-2.8341e-15
3.93092e-15
1.99428e-14
4.1707e-14
0
0
3.58881e-14
-1.24869e-14
1.81671e-12
0
-3.76591e-15
-9.8099e-15
-1.32284e-15
0
0
0
-2.68827e-15
3.34824e-14
-4.43766e-14
-5.82823e-14
0
2.72589e-15
1.55826e-15
0
0
0
0
0
0
1.22486e-14
0
0
1.29383e-14
6.54049e-15
0
0
0
0
0
0
0
0
0
0
0
0
0
0
0
0
0
0
0
0
0
0
0
1.95421e-14
-3.71356e-14
0
0
0
-6.61606e-14
0
-3.81213e-14
0
0
-2.25111e-14
0
-5.64065e-15
0
0
0
0
1.57661e-15
0
1.0385e-15
0
0
0
0
4.08352e-16
-1.22818e-15
0
0
0
-8.6242e-17
-9.50276e-15
3.59166e-15
0
0
0
0
0
0
0
0
0
0
0
0
0
0
-4.89454e-15
-4.75645e-15
0
0
0
0
0
2.7905e-14
-3.83804e-14
0
0
0
0
0
0
0
0
0
0
0
0
0
1.04215e-14
-6.78658e-15
-1.01411e-14
0
0
0
0
0
0
0
-4.21711e-14
0
-2.28087e-14
0
0
0
0
0
0
0
0
0
-9.19984e-15
0
-3.24144e-29
0
0
0
0
6.30938e-32
-3.40168e-14
0
0
0
0
0
6.13221e-13
-7.41724e-16
1.91655e-13
0
-2.94078e-14
5.16353e-15
0
0
0
0
6.80184e-14
0
0
0
0
0
0
5.08805e-14
2.71115e-15
2.40336e-14
-3.37095e-14
0
0
-3.31514e-14
-1.3369e-14
1.76928e-14
-6.80398e-15
-2.06225e-14
-3.57632e-14
-4.88016e-14
-1.27771e-15
8.81588e-15
0
0
0
0
0
0
5.20696e-16
3.80899e-16
-6.86918e-16
1.94349e-15
-6.42499e-15
0
0
0
0
0
-2.86958e-15
0
0
-3.26386e-15
0
-1.34781e-14
0
0
0
0
0
-2.9501e-16
0
0
0
0
0
0
0
0
4.27419e-14
4.02752e-15
0
0
-1.88675e-15
-1.72981e-14
-2.4749e-16
-1.75256e-14
4.29727e-14
5.69416e-14
0
2.7165e-14
9.26349e-15
0
0
0
1.68135e-14
-2.36563e-15
0
-2.13933e-14
-1.19372e-14
-1.03402e-14
0
2.69741e-14
0
8.01184e-14
-6.51128e-29
0
0
-1.53372e-14
3.21778e-29
-6.24291e-15
0
0
0
0
0
0
0
0
-3.19818e-14
0
5.83685e-16
-1.05449e-17
0
0
0
-2.00501e-15
0
-1.54268e-15
1.12093e-16
0
0
0
-1.44588e-15
3.72246e-15
0
0
0
0
0
0
0
0
0
0
1.87631e-14
2.6805e-15
0
-1.81459e-15
-1.35135e-15
-2.43369e-14
2.9484e-14
1.23887e-14
0
0
1.48599e-14
-2.17618e-14
0
0
0
-3.82368e-14
0
0
0
0
0
3.86383e-13
8.51661e-14
0
0
0
0
0
0
0
7.46012e-14
3.18472e-14
-2.40701e-13
0
0
0
0
0
0
0
0
0
0
0
0
0
-2.27784e-15
4.04589e-30
0
1.58996e-29
6.39329e-16
-1.7092e-16
-1.98853e-16
0
0
0
0
0
5.92505e-14
1.55432e-14
-6.21993e-14
0
0
0
0
7.86126e-15
-3.34867e-14
-3.76438e-15
0
0
0
0
0
0
0
0
0
0
0
0
0
0
0
0
0
0
0
0
0
0
0
0
0
0
0
0
0
-2.01703e-30
0
2.67783e-15
-4.27717e-15
0
0
0
-2.14736e-14
-2.74474e-14
7.04835e-14
0
0
0
0
1.91308e-08
0
0
0
1.93986e-14
4.65988e-14
-1.81035e-14
-2.69756e-13
0
0
0
0
0
0
0
-1.23002e-14
3.43012e-14
-2.18757e-14
0
0
-4.87867e-14
-1.92086e-14
-1.70921e-16
0
2.49735e-16
0
0
0
0
0
0
-3.05267e-15
0
6.94566e-15
0
0
0
0
1.9422e-16
0
0
0
0
0
0
1.47934e-14
0
-4.42893e-14
0
9.77006e-16
0
-5.09708e-16
0
1.11108e-15
7.75538e-15
0
0
0
1.52155e-14
-2.10913e-14
7.60798e-14
0
0
0
0
0
0
0
0
0
0
0
0
0
0
-1.11312e-13
-6.97022e-14
0
0
-1.72755e-14
-3.76901e-14
-1.66153e-14
-1.90657e-14
0
0
0
0
0
0
0
0
0
5.64844e-17
0
0
0
0
0
0
0
0
0
0
0
0
1.97168e-33
-5.91042e-16
0
0
1.00518e-14
-1.19529e-15
0
-9.3447e-15
8.84368e-15
0
0
0
-9.31686e-16
-4.57894e-16
-2.08347e-16
0
0
0
0
-1.68258e-17
0
1.06827e-14
-6.66758e-14
-1.71415e-17
0
0
2.39912e-14
8.007e-16
0
0
0
5.69453e-16
-1.80846e-16
0
0
3.77947e-15
6.81092e-17
-1.9296e-16
0
0
0
0
0
-2.87415e-14
0
0
0
0
0
0
0
0
0
0
0
0
1.28711e-28
-5.63842e-15
0
0
1.07653e-14
-6.52062e-15
-5.3056e-14
-2.58205e-14
0
0
0
0
0
0
0
0
0
0
0
0
6.27735e-15
-2.63174e-14
0
0
0
0
0
-4.90442e-16
0
0
0
0
0
1.38384e-14
-1.02117e-14
0
0
0
0
0
0
0
0
0
0
0
0
3.349e-15
2.21275e-15
2.47357e-15
-3.25245e-14
0
0
0
0
0
0
0
0
0
0
0
0
-7.35393e-15
0
0
0
0
0
0
-1.2914e-14
-2.28131e-13
0
0
0
0
0
0
0
-3.54979e-14
7.89855e-14
0
0
0
0
-4.05199e-14
0
0
0
7.52126e-15
0
0
0
0
0
0
0
1.45743e-15
0
-3.46115e-16
-8.30274e-16
9.08152e-16
0
0
0
0
0
0
0
0
0
0
0
0
0
0
0
0
0
0
0
0
-6.76705e-16
1.02525e-14
-1.20051e-13
-5.20865e-14
0
0
1.74157e-14
0
1.04708e-14
-8.3676e-15
4.92674e-15
1.86266e-15
-3.2037e-15
1.58924e-15
-1.0108e-15
0
-5.89964e-15
-1.87807e-14
7.82466e-14
0
0
0
0
9.57634e-16
0
3.5147e-16
0
-2.4772e-14
1.9481e-14
8.32535e-15
-3.10056e-14
0
1.66114e-14
3.13339e-15
0
-2.93803e-15
0
0
0
0
0
0
0
0
0
0
0
0
0
0
-9.47796e-16
-1.86721e-12
0
0
0
0
-1.15923e-16
0
0
0
2.65414e-15
0
0
0
0
0
0
0
0
0
0
4.22543e-14
-8.62215e-14
0
2.81457e-14
0
0
0
0
0
0
0
8.43948e-15
-8.89783e-14
6.43674e-15
-3.42563e-15
1.613e-15
0
0
0
1.75448e-16
0
0
0
0
0
0
0
0
0
0
0
1.08862e-15
-5.69369e-14
-6.98174e-15
0
0
0
0
0
5.04007e-17
0
5.132e-15
-6.05981e-15
0
0
-4.56256e-15
6.02018e-15
0
0
7.9747e-15
0
0
0
0
-2.05196e-14
0
0
0
0
-8.16068e-15
0
0
0
1.23406e-14
4.70714e-15
2.70943e-15
-2.16745e-14
0
0
0
0
1.08557e-16
4.49493e-14
0
0
0
1.02256e-14
0
0
0
2.86099e-14
1.7363e-14
7.11342e-14
0
0
0
0
0
-1.51333e-15
7.38079e-16
1.30783e-14
0
-1.96652e-14
-5.67817e-15
0
0
0
0
0
-1.36503e-14
-7.41097e-15
1.52601e-14
1.44853e-13
2.61699e-14
-6.15119e-14
0
0
0
-2.79483e-13
1.83259e-14
7.83275e-14
0
0
0
0
2.59075e-14
0
1.16996e-15
-6.90556e-15
0
0
0
-9.91361e-16
0
0
0
0
0
-2.38043e-14
-8.44315e-15
-3.41089e-14
1.02119e-13
-7.57939e-14
0
0
0
0
0
0
0
-4.37031e-15
1.89863e-15
-6.67708e-16
9.77294e-15
3.62299e-15
0
0
0
0
0
0
4.49704e-14
-5.6234e-14
-5.93035e-14
0
0
0
0
0
-1.82267e-14
-7.53732e-14
9.00203e-15
-2.2063e-14
2.99939e-16
-8.5524e-16
-1.76222e-15
0
0
0
0
0
0
0
0
0
0
-5.94235e-14
-9.69798e-14
1.48946e-13
6.75875e-14
8.88455e-14
0
0
-2.39986e-14
-3.88978e-14
0
0
0
0
0
0
-3.13322e-15
6.03748e-15
0
-1.61977e-14
-3.67254e-14
-6.51606e-14
1.65728e-14
0
0
-7.79466e-15
-7.7219e-14
0
0
0
0
0
0
0
0
0
0
0
0
0
-1.53331e-15
0
-3.69419e-14
0
0
0
0
0
0
0
0
0
0
0
0
0
0
0
0
0
7.15579e-15
-1.67753e-13
0
0
-6.85899e-15
-1.13369e-14
0
0
-1.83863e-14
1.63545e-14
-1.97391e-15
-2.48771e-13
0
0
0
0
0
3.00328e-15
-1.68168e-14
0
3.39066e-14
5.31008e-16
0
0
0
0
0
0
-1.0364e-15
0
0
0
0
0
0
0
0
3.26833e-14
0
0
0
0
0
0
0
0
0
0
-1.63661e-16
2.38133e-16
0
0
0
0
0
0
0
0
0
0
0
-2.17059e-14
-1.60208e-15
0
0
0
0
-3.94453e-15
-2.7085e-14
-3.42745e-16
0
0
0
0
0
0
0
0
0
0
0
0
-1.64097e-13
1.21154e-13
-9.33292e-15
0
0
0
0
6.13293e-14
-1.73826e-14
1.69679e-14
2.40742e-13
-1.0105e-13
0
0
0
0
-1.13994e-14
3.46129e-15
0
7.37216e-16
0
0
0
0
0
0
0
0
0
0
0
5.12474e-17
0
0
0
0
0
0
-1.306e-13
0
1.45329e-15
-3.89003e-15
5.77687e-15
8.84778e-16
0
0
0
0
0
0
-9.48478e-14
0
0
0
0
0
-2.18845e-15
0
0
0
0
0
3.84902e-14
0
0
0
0
0
0
0
7.52308e-14
0
0
0
0
0
0
0
0
0
9.77586e-14
-3.63771e-14
0
0
0
0
0
0
0
0
0
0
0
-2.12426e-15
0
0
0
0
0
-8.2913e-14
0
0
0
0
0
0
0
0
0
0
-4.55041e-14
0
6.11886e-16
0
0
9.44456e-14
0
0
0
1.34341e-13
0
0
0
0
0
0
0
0
0
0
0
0
-9.39708e-15
0
0
0
0
0
0
0
0
4.04715e-16
-5.86652e-16
0
0
0
-3.56746e-14
3.66616e-14
0
0
0
0
0
-2.17379e-14
4.04589e-30
-2.47434e-15
-1.35313e-14
8.8341e-14
0
0
0
0
0
0
0
0
0
0
0
0
0
-7.06594e-14
0
5.16979e-14
0
0
0
0
-3.83861e-15
3.97626e-14
0
6.11234e-15
2.12416e-14
-5.10071e-14
0
3.5216e-14
0
0
0
0
-1.07797e-14
2.65771e-14
0
0
0
-6.63532e-14
-5.76593e-13
0
0
-3.14513e-14
1.08347e-14
0
0
0
0
-3.73215e-15
0
0
0
5.63237e-14
-2.10083e-14
-7.83605e-14
0
0
4.46471e-14
-7.02403e-16
0
0
0
4.3882e-15
-6.18218e-15
0
0
0
0
0
0
0
0
-9.17769e-16
0
-2.41698e-15
0
0
-3.34599e-14
-1.44043e-14
0
0
0
0
4.11258e-15
0
0
0
0
0
0
0
0
-5.0773e-16
1.99127e-15
0
0
0
-3.90808e-15
0
0
0
0
0
0
0
0
3.48837e-15
8.09483e-14
0
0
0
0
0
0
0
4.9514e-16
-3.36294e-15
0
0
0
2.99507e-16
0
-9.89097e-15
2.60258e-14
7.40144e-15
0
0
0
0
0
0
0
0
0
0
0
0
1.62782e-29
-2.99917e-14
1.17537e-14
-4.17454e-14
0
0
0
-5.63485e-17
2.22963e-16
0
0
0
0
0
0
0
0
0
0
0
0
0
0
0
-2.74854e-14
7.26287e-15
0
8.36567e-15
0
0
0
0
0
0
0
0
0
-4.68794e-16
0
0
-6.18919e-14
-2.33405e-14
5.96797e-16
0
1.48305e-14
-1.58885e-14
0
-8.9629e-16
-1.43249e-15
0
0
-8.73315e-14
4.89158e-14
-9.23781e-15
-3.44147e-15
0
0
0
0
0
0
0
2.16765e-15
-7.67494e-16
0
0
0
0
-2.86513e-14
7.82875e-14
0
0
0
-1.56575e-14
-8.80947e-14
0
0
0
0
0
0
0
0
0
0
0
0
0
-6.47342e-29
0
0
3.63164e-14
0
4.28232e-15
0
-5.9745e-16
-1.34129e-14
0
0
-3.76434e-14
0
0
0
0
0
0
6.25591e-16
0
0
0
0
0
0
0
0
0
0
0
-4.86918e-16
-9.67376e-16
0
0
0
0
-1.31011e-14
0
0
0
0
0
0
0
0
8.24633e-16
0
-1.71761e-14
-5.3499e-15
0
0
-5.03503e-15
-2.35219e-14
0
0
0
0
7.45942e-15
2.42886e-14
6.19622e-16
0
0
1.75471e-14
4.48398e-14
1.52211e-14
0
0
0
0
0
0
0
0
0
1.19852e-15
-2.11596e-14
-3.14882e-14
7.05483e-15
-4.70314e-15
0
0
1.31623e-14
0
0
0
0
0
-1.91058e-14
0
-5.06409e-16
-2.19655e-15
0
-1.35248e-14
-2.52426e-14
0
0
0
0
0
0
-1.2052e-12
-7.06509e-17
-5.60139e-13
0
-1.60166e-14
2.7362e-13
3.02291e-15
1.8839e-14
0
0
3.6537e-15
5.83927e-16
-5.4298e-15
1.02619e-14
4.8456e-29
-3.56754e-15
0
0
8.55461e-15
0
0
1.66095e-15
0
0
0
0
0
0
0
0
6.12998e-16
0
-4.01824e-16
0
0
0
0
0
0
-3.53114e-16
0
0
0
1.44246e-15
-1.0974e-16
2.08704e-14
3.13136e-13
4.29742e-15
5.00522e-14
-4.15753e-14
0
0
0
0
0
0
0
6.56831e-15
3.4194e-15
0
0
0
1.99205e-15
1.56725e-15
0
0
-8.46094e-14
0
0
0
0
0
-3.53886e-15
0
6.13427e-16
-4.39022e-14
2.52413e-14
5.9347e-15
0
0
0
3.26587e-15
-7.21497e-15
0
0
0
-3.38711e-16
0
1.37286e-14
-2.46799e-16
0
0
0
0
0
0
0
2.22017e-15
-2.91012e-15
0
0
0
0
0
0
0
0
0
0
0
0
0
0
0
-3.50671e-15
-3.4376e-15
3.17273e-14
-1.97102e-14
0
0
0
0
0
0
0
0
0
0
0
0
0
0
0
0
0
0
0
0
0
0
4.02223e-30
-1.33052e-15
0
1.62853e-15
0
-3.12807e-15
0
0
0
0
0
6.71782e-15
0
0
0
0
0
0
0
-2.60358e-15
0
-1.55181e-12
0
0
0
0
0
0
1.18441e-14
0
0
0
-3.52025e-15
0
0
5.06858e-15
0
0
0
0
-2.42597e-15
-9.8276e-14
0
0
0
0
0
-1.04968e-14
0
0
0
0
0
0
0
5.12503e-15
0
0
0
0
-2.3369e-14
-4.4515e-15
0
0
6.01106e-14
0
0
-3.37781e-15
0
0
0
0
0
0
0
0
0
0
0
0
0
3.75455e-14
-7.19568e-14
0
-1.37805e-15
0
0
0
0
0
0
-8.7082e-16
0
0
0
0
0
-2.07753e-15
0
0
0
0
0
0
0
0
0
0
0
1.65536e-15
5.55717e-15
0
0
0
0
0
1.05261e-14
4.07415e-14
0
0
0
0
0
0
0
0
0
0
0
0
0
0
0
0
0
0
0
0
7.22931e-16
0
0
0
0
-2.53795e-15
0
-3.25564e-29
0
0
-1.61394e-14
0
-9.70829e-15
0
0
0
0
5.12983e-15
0
0
0
0
-3.69176e-15
0
0
0
0
0
0
0
0
0
0
-1.55786e-15
3.478e-16
0
0
4.8109e-16
0
8.1391e-30
0
0
0
0
-1.68999e-14
0
1.03144e-15
0
0
-3.12616e-16
-1.45783e-15
-1.98961e-15
-4.21995e-16
1.13297e-13
-9.0263e-14
9.54611e-14
0
0
-2.96978e-16
1.65142e-13
9.85538e-15
0
0
0
0
0
0
0
0
0
-5.81881e-15
-2.26864e-14
6.94787e-14
4.75613e-14
-2.23928e-13
0
1.08388e-13
0
0
0
1.00346e-13
-4.00663e-13
0
0
0
0
-4.40836e-14
2.59003e-14
-9.72417e-14
0
1.45951e-15
-1.41445e-15
0
0
-2.63949e-15
0
0
-1.31789e-14
0
0
2.48605e-15
0
-1.20262e-14
4.27394e-14
-5.58928e-14
0
0
0
-8.6914e-16
0
1.03908e-14
-4.3764e-14
0
0
6.43639e-14
-1.01196e-14
0
0
0
4.56841e-14
4.49011e-15
0
0
4.23201e-16
0
0
7.93625e-16
4.27033e-14
-8.96917e-15
-7.7626e-15
-9.09954e-15
-3.87416e-14
-5.04013e-15
0
0
9.20826e-16
0
0
1.72908e-14
0
0
3.98681e-14
0
0
0
0
0
1.74705e-16
0
0
0
0
0
0
0
0
0
-1.59127e-14
0
0
2.92202e-15
-2.81282e-15
0
0
0
0
0
0
0
0
8.76993e-15
0
0
0
8.75856e-14
-7.32729e-14
5.09076e-14
-1.00265e-13
-1.38426e-15
0
-3.73479e-16
0
0
0
0
0
0
0
0
0
0
0
0
9.37615e-16
0
-7.44456e-15
0
0
0
0
0
0
0
0
8.89027e-15
0
0
0
0
0
0
-7.59349e-14
-3.95464e-13
0
0
0
0
0
0
0
0
0
0
0
0
0
0
0
0
0
0
0
0
0
2.22e-16
-5.38236e-15
0
0
0
0
-4.57354e-16
1.97596e-15
7.96411e-16
-3.2581e-14
0
1.71312e-14
-2.06248e-16
0
0
0
0
0
0
0
3.58211e-14
1.51577e-16
0
0
0
0
0
0
-4.32e-15
2.60068e-14
0
0
0
0
0
1.44869e-14
-2.59547e-14
0
1.66706e-15
0
0
0
0
2.46971e-16
0
0
0
5.69337e-16
0
0
0
-3.53512e-15
3.05074e-13
0
0
0
0
0
0
7.71754e-16
0
-8.55445e-15
0
0
0
0
0
0
0
0
0
0
1.32179e-15
0
0
0
-5.90094e-15
0
4.42022e-16
-7.22241e-16
0
0
-7.01891e-16
5.91504e-33
0
0
0
1.27171e-15
0
-4.08296e-15
0
0
0
0
0
7.00858e-16
0
0
0
0
0
0
0
0
0
0
0
0
0
0
0
0
0
0
0
0
-6.73649e-14
0
0
-8.1902e-14
-4.12724e-14
-4.26886e-14
0
0
0
0
0
6.41219e-15
-1.03708e-14
0
0
0
0
0
1.64299e-14
0
0
0
0
0
0
0
0
5.53128e-16
-6.96039e-16
0
0
0
0
0
-2.27164e-14
-1.61481e-29
1.61836e-29
0
0
0
0
0
0
0
0
-7.51795e-14
-4.87197e-14
-4.79133e-14
-4.11031e-15
0
0
0
0
0
0
0
0
0
0
0
0
0
0
0
0
0
0
0
5.85892e-15
9.93757e-16
-1.40279e-15
0
0
0
0
0
0
0
0
-1.0228e-16
3.10954e-16
0
0
-1.64891e-12
-1.61836e-29
0
0
0
0
1.05883e-14
1.85073e-14
1.22674e-16
0
0
7.94993e-14
0
0
0
0
-2.78979e-16
1.06194e-15
0
0
0
0
0
0
0
0
0
0
0
0
0
0
0
0
0
0
0
0
0
0
0
0
0
0
0
0
3.98408e-15
7.10217e-15
0
0
-1.82201e-15
1.57856e-15
1.39639e-15
0
0
0
0
0
0
0
0
0
0
0
0
3.25564e-29
0
-6.93307e-14
6.87083e-15
0
0
0
-9.04401e-14
-4.43206e-14
0
0
6.02625e-13
-5.75885e-14
-1.932e-13
0
0
0
3.02848e-15
2.13505e-14
9.68673e-15
0
-4.75635e-15
0
0
0
-2.35902e-16
0
0
4.7394e-14
0
0
0
-9.62862e-15
0
3.66682e-15
-2.9281e-15
-4.02223e-30
-6.44819e-29
0
0
0
0
0
0
0
0
0
0
0
0
0
0
0
0
0
0
0
0
0
0
0
0
0
-4.26871e-16
0
0
0
0
0
0
0
0
0
0
0
0
0
0
0
0
0
0
0
3.31771e-14
0
-1.61362e-15
0
0
0
0
0
0
0
0
0
-2.88968e-14
-2.44741e-14
3.25137e-14
-1.39514e-15
3.76096e-15
-2.49729e-15
0
0
0
0
0
0
0
0
0
0
0
0
0
0
0
0
-2.51956e-15
-6.36561e-15
0
0
0
0
-1.15609e-15
0
0
0
0
0
0
0
2.26992e-14
0
0
-1.31517e-14
0
0
0
0
0
0
0
0
0
0
0
0
0
0
0
0
0
0
0
0
0
4.13702e-14
4.71284e-15
0
0
0
0
0
0
0
0
0
-2.11702e-15
3.79176e-15
8.1391e-30
0
0
1.76207e-14
0
0
0
0
0
0
0
3.94912e-14
-1.09477e-14
-1.86305e-15
0
-1.02676e-13
0
0
0
0
0
5.28234e-14
0
0
0
0
0
6.33614e-14
1.14716e-13
0
0
0
-5.07158e-17
0
0
0
0
0
0
0
0
0
0
0
0
0
0
9.87807e-14
-2.9485e-14
0
0
0
2.05963e-13
-3.73998e-14
1.15143e-13
0
0
-7.56229e-15
0
-5.51225e-16
-1.41666e-16
0
0
0
0
0
0
0
2.63543e-15
2.61814e-14
0
4.06116e-14
1.7382e-14
-4.11322e-14
6.82502e-14
1.09593e-14
-5.40782e-15
-3.42517e-14
0
0
0
4.71885e-14
0
0
0
-8.50761e-15
-7.83487e-14
0
0
0
0
1.34488e-16
2.07285e-16
0
-9.79693e-15
-1.0605e-14
-2.0162e-19
6.42424e-16
-4.35297e-14
0
0
0
0
0
0
0
0
0
-2.34538e-15
0
-1.09707e-14
5.87929e-16
0
0
0
0
0
6.40488e-16
0
1.6781e-16
0
0
0
0
0
1.20922e-15
0
0
0
0
0
0
0
0
0
0
-1.36399e-15
0
0
0
0
3.67276e-13
1.21375e-14
0
0
0
0
0
6.97509e-15
-7.98745e-15
0
0
2.00909e-16
1.16398e-15
0
-4.05473e-16
0
0
0
0
-1.93593e-16
-1.27027e-15
0
7.27173e-16
1.13023e-15
0
0
0
0
0
0
0
-2.64601e-15
1.37144e-15
0
-2.62263e-16
0
0
4.03576e-16
0
0
0
3.64727e-14
0
0
0
0
0
0
0
0
0
0
1.45642e-14
-4.49804e-14
0
-2.22384e-16
0
-1.50564e-14
0
-4.13962e-14
0
0
0
0
0
0
-1.9119e-14
0
0
0
0
4.48283e-14
0
0
0
0
0
0
1.00556e-30
0
0
0
0
0
0
0
0
0
0
0
0
0
0
-2.07314e-16
0
0
0
0
0
0
6.23324e-16
0
2.01079e-14
0
5.06909e-15
-7.43011e-15
3.34157e-15
0
-5.08324e-15
0
0
0
0
-4.05788e-16
0
-1.94887e-15
0
0
0
0
0
0
-7.44008e-17
0
0
0
0
0
0
0
0
0
0
0
0
0
0
-1.73133e-14
2.18725e-14
-3.28396e-14
0
0
0
-7.43875e-14
0
0
0
0
0
-2.2049e-14
0
0
0
5.43075e-16
0
-1.00981e-15
0
0
0
0
0
0
0
0
0
0
-4.2349e-14
0
0
0
0
0
0
0
0
0
0
0
0
0
0
0
0
0
0
0
0
0
2.9411e-14
-1.1125e-14
1.60085e-14
0
-3.30607e-15
0
0
0
0
0
-1.30549e-14
0
0
0
0
0
0
0
0
0
0
0
0
0
0
0
0
0
0
0
0
2.627e-15
0
-5.42086e-14
0
0
0
0
0
0
0
-3.26475e-16
0
0
0
0
0
0
0
0
0
0
0
0
0
0
0
0
8.22444e-15
0
1.8962e-16
0
0
0
0
0
0
0
0
0
0
0
0
0
0
0
0
0
0
0
0
0
0
0
0
0
0
0
0
0
0
-6.50524e-14
0
0
1.45672e-15
9.20479e-15
3.98166e-14
0
0
3.30036e-16
0
0
0
0
0
0
0
0
0
2.0606e-14
2.0602e-15
0
0
0
0
0
0
-1.38008e-15
-2.00736e-15
0
-1.16817e-14
0
0
0
0
0
0
0
0
-2.2527e-16
0
0
0
0
0
0
0
0
0
0
0
1.73847e-16
0
8.04347e-16
0
0
0
0
0
0
0
0
8.24625e-16
0
0
0
0
-8.5397e-16
0
0
0
2.30228e-15
0
0
0
0
0
0
0
0
0
0
7.67414e-16
0
0
0
0
0
0
0
0
0
0
0
0
-5.18071e-14
2.90758e-14
0
0
-1.48226e-13
-5.65072e-14
6.37059e-16
1.11061e-16
5.10706e-16
0
0
0
0
0
0
-2.30464e-16
0
-1.25292e-13
0
-1.20367e-13
1.29529e-14
0
0
0
0
0
0
0
3.34827e-16
-1.91321e-14
3.72631e-15
0
0
0
0
0
0
-2.81956e-14
0
1.89506e-15
0
0
0
5.71712e-16
5.73766e-14
-1.75081e-13
0
0
0
0
-6.33713e-17
6.4171e-16
-4.49471e-15
0
-1.22942e-13
-1.63214e-14
0
-7.5123e-14
-4.65289e-14
0
4.13293e-16
-5.88494e-15
0
0
0
0
0
0
0
0
0
0
0
0
0
0
0
0
0
0
0
-6.96114e-14
0
0
0
0
0
0
0
0
0
0
0
1.07085e-13
-4.37434e-15
0
0
0
0
0
0
1.07005e-14
0
0
0
0
0
0
0
0
0
0
0
5.21555e-16
0
0
0
0
0
0
0
0
0
0
-3.16876e-14
2.35669e-13
0
0
0
0
-3.40817e-14
-3.77284e-14
-3.38607e-14
0
0
0
0
0
0
0
0
0
0
0
-1.66799e-16
6.057e-30
7.6933e-17
7.93017e-13
0
-6.46044e-16
0
0
-1.83638e-14
0
0
0
0
0
0
0
-2.81794e-14
4.12459e-14
0
-2.86405e-15
0
0
0
0
0
0
0
0
0
-1.84411e-14
0
0
0
0
0
0
0
-9.94367e-15
0
-1.68138e-14
-1.19258e-15
0
0
-8.54051e-14
0
-1.91654e-14
3.54426e-14
8.42678e-15
0
0
0
0
1.94468e-15
6.54473e-15
-1.37762e-16
0
0
0
0
0
0
0
0
0
0
0
0
0
0
0
2.10088e-15
0
0
0
0
0
0
0
0
0
0
0
0
-1.28111e-14
2.94084e-15
0
0
0
0
0
0
0
0
0
1.16011e-15
-5.71921e-16
0
0
0
7.55359e-13
0
-5.67266e-14
0
0
0
0
0
0
0
0
0
-7.23482e-15
0
0
0
-7.26849e-16
0
0
0
0
0
0
-1.23608e-14
0
0
0
0
0
0
0
0
0
0
0
0
0
0
0
0
-1.26236e-14
0
5.26332e-14
2.81691e-15
-4.18503e-14
-7.66316e-15
0
-1.15983e-15
0
0
0
0
0
0
0
0
0
-2.39134e-14
-3.12571e-14
1.63407e-14
0
0
0
0
0
0
0
0
1.30112e-15
-2.32202e-15
0
0
0
0
0
0
0
0
0
-2.87498e-14
0
0
0
0
0
0
6.7905e-14
1.1114e-13
-3.29267e-13
0
0
0
0
5.23662e-16
-1.09472e-15
0
0
1.06504e-13
-8.42003e-14
3.20154e-16
1.25396e-16
0
0
0
0
0
0
0
0
0
0
0
0
0
0
0
1.77066e-14
-2.78806e-14
-8.35897e-14
3.87701e-15
0
0
0
0
0
0
0
0
0
0
-1.28214e-14
-1.7147e-14
-9.68955e-16
3.5124e-14
3.73345e-15
0
-1.62782e-29
5.27041e-15
0
0
0
-8.75531e-15
2.56309e-14
0
0
1.29726e-14
0
-3.50984e-14
3.30366e-14
8.4227e-15
2.84247e-14
5.52132e-15
1.23773e-14
6.77592e-15
6.68264e-16
0
0
0
0
0
0
0
2.91434e-13
-3.71121e-14
7.48474e-14
0
0
0
0
2.03647e-14
0
3.36519e-16
1.43543e-15
1.15285e-14
-1.22589e-14
0
0
0
0
0
-1.91317e-13
3.85436e-13
0
0
0
0
0
0
1.30277e-14
0
-4.8456e-29
-1.33039e-14
1.21345e-14
0
0
0
0
0
0
1.03356e-15
0
-2.07708e-14
0
1.13782e-14
0
0
0
-2.56058e-14
0
0
0
0
0
0
8.62808e-15
-4.98864e-15
0
0
0
0
0
-4.87233e-16
-1.86298e-15
3.25821e-15
-5.47398e-15
7.48513e-17
3.50944e-14
0
1.53092e-14
-1.50893e-14
-2.38246e-14
-1.02201e-14
-3.60476e-15
1.7814e-15
0
1.39955e-15
0
0
0
-2.53525e-16
0
4.8456e-29
0
-3.53185e-15
0
0
0
0
0
0
0
0
0
0
0
0
1.90909e-14
-1.17787e-14
2.66406e-15
0
0
0
0
0
-1.35996e-14
0
0
0
0
0
0
0
0
0
0
0
0
0
0
0
0
1.33088e-14
0
0
0
-1.6894e-14
-1.19607e-14
0
0
0
0
0
0
0
0
0
0
0
0
0
2.59335e-14
-2.5546e-14
0
0
0
0
0
0
0
0
0
0
0
0
0
0
0
0
0
0
0
0
0
-2.1204e-15
1.06743e-14
0
0
0
0
0
0
0
0
0
0
0
0
0
0
0
0
0
-7.11986e-15
2.36602e-32
0
1.17374e-13
0
-5.87884e-14
2.88701e-14
-4.45153e-14
0
0
0
0
0
-7.9007e-15
0
1.3921e-14
0
0
0
0
0
0
0
0
0
0
0
0
0
0
0
0
0
0
-4.78342e-15
4.11747e-15
0
0
0
0
0
0
5.17855e-14
0
1.74955e-15
0
0
0
0
-1.04218e-14
0
0
0
0
0
0
0
2.13245e-15
0
0
0
0
2.58461e-14
0
-1.5493e-13
7.6997e-14
0
0
0
3.97644e-15
-6.02253e-15
-1.47193e-14
0
0
5.37565e-14
8.56411e-16
0
0
0
0
0
1.92496e-12
2.31797e-12
0
0
0
0
-3.41497e-15
0
0
-3.95069e-16
0
-1.73268e-15
0
1.19951e-15
3.20705e-14
0
0
0
0
0
0
0
0
0
0
0
0
0
0
0
0
0
0
0
0
3.51881e-16
-1.26652e-15
0
0
0
0
0
3.10244e-14
-2.36066e-14
0
0
0
0
0
-6.40781e-15
0
-4.04589e-30
0
0
0
0
0
0
0
0
0
0
0
0
0
0
0
0
-6.85697e-14
0
1.90101e-14
-1.34695e-14
0
0
0
-1.41603e-15
0
0
0
0
0
0
2.67815e-16
-4.80101e-16
0
0
0
-3.16463e-15
0
-3.25564e-29
0
0
0
-4.47939e-14
1.1334e-14
0
0
0
0
-2.65469e-14
0
-9.49668e-15
0
2.43878e-15
0
0
0
0
0
-2.72073e-14
5.08358e-14
0
0
-1.05975e-15
0
0
0
0
0
0
0
0
0
0
0
0
0
0
0
0
0
0
0
0
0
6.51905e-14
8.04426e-14
0
6.87462e-15
0
0
0
0
0
0
0
0
0
0
0
0
0
0
0
0
0
-1.40278e-14
-3.60517e-15
0
0
0
0
0
0
0
0
0
0
0
0
0
1.34391e-15
0
0
0
0
0
0
3.52343e-16
-8.3711e-16
6.04044e-14
4.75823e-14
0
0
0
-2.26052e-15
0
3.11178e-16
0
0
-1.00851e-30
0
0
0
0
0
0
0
0
0
-4.69029e-15
0
8.09178e-30
0
0
0
8.02279e-16
0
1.67118e-14
-2.09075e-14
-2.69192e-14
0
3.24519e-14
1.22184e-14
0
0
0
0
0
0
2.6267e-14
0
1.97354e-14
9.90931e-14
-1.6413e-13
0
0
0
0
0
0
-1.34456e-16
0
-2.41702e-16
0
0
0
0
0
0
0
0
0
8.64194e-15
-7.32417e-16
0
0
-4.14356e-15
9.83557e-15
0
-2.23614e-16
-2.64833e-15
0
0
0
0
0
0
0
0
1.04149e-16
-8.32324e-15
-3.5117e-14
0
0
0
0
0
0
0
2.53425e-15
5.6385e-15
0
0
0
0
0
0
0
0
0
7.23372e-16
9.06959e-16
0
0
2.19508e-16
0
0
0
0
0
0
0
0
0
0
0
0
0
0
0
0
0
0
0
0
0
0
0
0
0
0
0
0
-9.10276e-15
-5.87287e-14
0
0
0
0
0
-3.87882e-15
0
0
0
1.29813e-14
0
0
0
0
1.12462e-14
0
0
0
0
0
0
0
0
0
0
0
-3.06478e-15
3.65316e-16
0
0
0
0
0
0
0
0
-3.03139e-14
-4.5445e-14
0
0
0
-3.81562e-16
0
-3.31928e-15
3.0212e-15
0
-3.42686e-15
0
1.29678e-15
-2.3408e-15
0
0
0
0
0
0
0
0
0
0
0
0
-9.68252e-15
-8.61842e-15
2.21461e-14
0
0
0
0
1.99498e-15
-6.58446e-17
0
2.75555e-16
0
-4.7254e-14
0
0
-4.85614e-15
2.60883e-15
0
0
-1.72831e-14
0
0
0
0
0
0
0
0
0
0
0
0
0
0
0
0
0
0
0
0
0
-3.90918e-15
2.37687e-13
-3.45907e-15
-8.0255e-14
-6.43009e-14
-2.226e-14
5.7696e-15
6.68164e-15
0
0
0
0
0
8.35543e-15
7.56359e-15
0
-3.28838e-14
-1.48167e-14
8.8613e-15
-1.44714e-13
0
0
0
0
1.59353e-13
-8.88217e-14
5.47414e-13
0
0
0
0
5.40494e-15
0
0
0
0
0
0
0
0
0
0
0
0
0
0
0
0
0
-2.59862e-15
-1.54905e-14
-1.08729e-14
0
0
0
0
0
0
0
0
0
0
6.89615e-16
0
4.28931e-15
0
0
0
0
0
0
0
0
0
0
0
0
0
0
0
0
0
0
0
0
0
0
0
0
-1.79944e-14
-2.05355e-15
0
0
5.56055e-15
4.29588e-15
0
0
0
0
0
-1.12314e-15
0
0
0
-2.92988e-14
4.41744e-14
0
0
0
0
0
0
0
0
0
0
0
0
0
4.23086e-16
1.08728e-14
0
3.29705e-15
0
0
0
0
0
0
4.47824e-15
0
0
0
0
1.37151e-15
-1.53899e-15
0
0
0
-1.82107e-15
5.16364e-15
-4.36176e-15
-2.4114e-15
0
0
0
0
1.07419e-13
-1.09662e-14
1.89281e-31
4.06727e-15
0
0
3.70084e-14
0
0
0
-3.88412e-15
0
1.59074e-14
-2.36717e-15
-6.13024e-14
0
0
0
0
0
0
0
0
0
0
0
0
0
0
0
0
0
0
0
0
0
0
0
0
0
0
0
0
0
0
0
0
0
0
0
0
0
0
0
0
0
0
0
0
0
0
0
0
0
0
0
0
-1.10699e-15
0
0
0
-5.33245e-14
0
4.34213e-15
0
0
0
0
-1.32042e-15
3.27061e-15
0
-7.50208e-15
0
-1.13161e-14
0
0
0
0
0
0
0
0
0
0
0
-1.42605e-14
0
0
0
0
0
0
0
0
0
0
0
0
5.4469e-14
0
5.50386e-15
1.24645e-13
-6.78436e-14
-5.24884e-14
-3.54731e-15
0
0
0
-2.96276e-14
0
5.44813e-14
-5.82851e-14
8.32732e-15
0
0
-1.98791e-14
5.33933e-14
-5.21636e-14
0
0
0
7.9992e-16
0
-3.24677e-16
2.19146e-13
-5.76443e-14
-1.1888e-15
0
3.80887e-14
8.06854e-14
1.07169e-14
-6.09314e-15
0
-7.66477e-16
1.88692e-15
0
9.47707e-15
1.94418e-14
-3.563e-14
0
0
0
0
0
1.44284e-14
0
0
0
0
-8.62018e-15
2.25408e-15
8.83515e-15
-2.34079e-15
0
0
4.61384e-14
-2.07533e-14
0
0
0
0
0
0
0
0
0
0
0
0
0
0
0
0
0
0
0
0
0
0
0
3.28483e-14
-2.90281e-15
0
0
0
0
0
0
-2.23252e-15
6.50898e-16
-9.30729e-16
0
0
0
0
0
0
0
0
0
0
0
0
0
0
0
0
-3.40265e-14
0
2.80209e-15
0
0
0
0
0
0
2.86159e-14
0
0
-3.36599e-15
0
0
0
0
0
0
0
0
-3.25105e-15
-3.55567e-15
0
0
0
0
0
0
0
0
0
0
0
0
0
2.70891e-15
0
0
0
0
0
0
0
0
0
0
0
0
-1.27031e-14
-1.97336e-14
-3.56421e-14
1.68742e-14
0
0
0
0
0
0
0
0
0
0
0
0
0
0
0
4.46385e-15
0
0
0
0
0
-3.83314e-15
0
0
0
0
0
0
0
0
0
0
0
0
9.00709e-15
-2.13635e-14
4.89928e-16
0
-5.48083e-13
1.97823e-14
5.80246e-16
1.43092e-15
2.92431e-14
0
0
0
0
0
0
0
0
0
1.12462e-14
-9.68442e-16
-1.81833e-15
1.35175e-14
0
0
-2.7683e-15
0
0
0
0
0
0
0
0
-2.60059e-14
3.22398e-14
0
0
0
0
0
0
0
0
0
-7.19768e-14
0
0
0
0
0
1.15973e-13
1.23173e-15
0
0
1.88609e-14
0
0
0
8.28563e-15
0
2.10289e-15
-2.23036e-14
0
3.20125e-15
0
0
0
0
0
0
5.02475e-16
0
0
0
0
0
0
0
0
0
-1.66375e-15
-4.15424e-15
-1.34712e-14
6.43557e-29
2.83659e-14
0
0
-1.48247e-14
0
0
0
0
0
0
0
0
0
0
4.82259e-15
-2.17048e-14
6.96719e-14
0
0
0
0
0
0
0
0
0
0
2.38557e-15
0
-4.00723e-14
-2.98796e-14
-8.7938e-14
-3.47728e-14
-8.33328e-15
0
0
0
0
0
0
0
0
0
0
0
0
0
0
0
0
0
-3.51392e-14
2.51783e-14
0
1.0867e-14
1.02684e-14
0
0
0
0
0
0
0
0
0
0
0
-5.58612e-15
-6.94598e-16
-1.46997e-14
0
5.12559e-14
0
0
0
0
0
-9.19344e-15
-2.58005e-14
0
0
0
4.52622e-14
-8.10464e-15
0
0
0
0
0
0
0
0
0
0
0
0
0
0
0
0
3.20778e-14
8.31157e-15
0
0
0
0
-1.39716e-15
-7.28862e-17
4.69707e-14
0
0
0
0
0
0
0
0
0
0
0
0
0
0
0
0
0
0
-7.4971e-16
5.07626e-14
0
-5.70534e-14
-1.35403e-14
0
0
0
8.71515e-16
-2.35494e-15
3.21201e-15
2.68225e-15
3.41141e-15
-4.26886e-15
0
-3.06961e-15
0
0
0
0
-4.49173e-15
1.30948e-14
0
0
0
0
0
0
0
0
0
-1.9512e-16
0
0
0
0
0
0
0
0
0
-6.73589e-14
2.97977e-14
0
0
7.05962e-14
1.11739e-13
-2.67084e-13
0
0
0
1.91004e-14
0
0
0
0
1.4094e-15
-6.48641e-16
2.12154e-15
0
-2.21468e-14
0
0
0
0
-6.40301e-14
2.26257e-14
0
3.13292e-15
-9.33242e-16
0
-3.21778e-29
-8.28436e-14
-5.96121e-15
-8.09178e-30
0
0
0
0
0
4.34416e-14
2.07415e-14
0
0
0
2.40007e-16
-5.39372e-16
-1.28711e-28
0
-4.07077e-14
0
0
0
-2.01488e-12
1.6319e-13
0
0
0
0
0
0
0
-8.98936e-16
0
0
0
0
-1.13585e-14
-4.04589e-30
0
0
0
1.11012e-14
0
0
0
2.8612e-14
-1.48051e-14
-1.57801e-15
0
0
0
2.73633e-14
0
-3.23868e-14
4.71728e-14
0
-2.10448e-15
3.03705e-15
4.57885e-15
0
0
-1.23987e-14
5.02555e-15
8.84414e-14
1.75777e-14
0
0
2.28581e-15
0
0
0
0
0
0
0
0
0
0
0
4.38019e-14
-4.30816e-14
0
0
4.609e-14
-1.21454e-14
0
0
0
0
0
0
0
0
0
0
0
0
0
-3.55583e-16
0
0
-7.572e-14
0
0
0
0
0
0
0
0
2.57784e-14
-1.08727e-14
0
0
0
0
0
1.05252e-13
1.60496e-13
-6.37606e-13
0
0
0
-8.87648e-15
6.9046e-14
0
-7.07084e-14
0
0
0
0
-1.14744e-13
0
0
0
1.53807e-14
0
0
0
0
0
0
0
0
0
-1.6249e-13
-8.71927e-16
0
0
0
0
0
0
0
0
2.62623e-13
1.47108e-13
-9.00224e-13
3.43532e-15
-8.88848e-16
0
0
1.27722e-15
0
0
-3.15403e-15
0
0
0
0
0
0
0
0
0
0
0
0
0
0
0
0
0
0
0
0
0
0
0
0
0
0
0
0
0
0
0
0
0
0
0
0
0
0
0
0
0
0
0
0
0
0
0
0
0
0
0
5.13659e-14
1.41675e-14
0
0
1.76682e-14
0
-9.06523e-15
-2.91036e-16
-2.57586e-16
0
1.49281e-13
3.54942e-13
-8.11689e-13
0
0
0
0
0
0
0
0
0
0
0
0
0
0
1.9069e-14
0
0
0
0
-1.0793e-14
4.32418e-16
-1.16469e-14
-1.26188e-31
0
4.95251e-14
-1.74736e-15
0
5.75291e-16
5.51504e-17
-9.53345e-15
1.4452e-14
0
1.23185e-13
-6.25821e-14
-1.83122e-13
0
-2.51659e-14
-6.36993e-15
0
0
0
0
1.02789e-14
-4.97669e-16
0
0
-1.78512e-14
0
0
0
0
0
-3.94966e-14
-1.69209e-14
0
0
0
0
0
0
0
0
-1.11838e-15
3.1397e-14
0
0
0
0
7.94982e-30
1.12736e-14
0
0
0
0
0
-2.41594e-15
0
0
7.3109e-15
2.61383e-14
0
-3.79473e-15
-4.60595e-14
0
0
1.2338e-15
0
0
0
0
0
0
0
-5.64633e-15
-1.30512e-15
5.70792e-16
0
7.87458e-14
-6.13368e-14
0
-3.39734e-15
6.89183e-14
1.26593e-13
1.77815e-15
-3.99914e-14
-8.5808e-15
0
0
0
-2.70329e-14
-3.87983e-14
0
2.23809e-15
0
0
0
0
0
0
0
0
0
0
0
0
-1.12489e-14
2.23313e-15
0
0
0
0
0
0
1.39563e-16
0
0
0
0
-9.50262e-15
0
0
0
0
0
0
0
0
0
0
0
2.65541e-14
-5.46293e-14
9.8654e-15
0
0
0
0
1.555e-14
-3.02903e-14
0
0
0
0
0
0
0
0
0
0
0
0
1.23468e-14
0
0
0
4.81834e-15
0
0
0
0
0
0
0
-1.2036e-14
0
0
0
0
0
0
0
0
0
1.24003e-14
-3.79634e-15
0
0
0
0
-2.88991e-16
0
0
0
0
0
0
3.55188e-14
9.03073e-14
0
-3.24655e-15
0
0
0
9.91546e-15
0
0
7.9737e-15
-5.99746e-15
-8.1391e-30
2.3047e-15
0
0
0
0
0
0
-1.21301e-15
-7.19428e-15
0
0
0
0
0
0
-1.01147e-30
0
-9.43861e-16
4.84876e-17
0
-7.72798e-17
0
0
0
0
0
0
-7.83677e-14
-6.13799e-14
0
-9.30206e-14
-2.19976e-13
-4.63272e-14
-1.07946e-13
0
-3.00425e-13
0
0
0
0
0
-2.89941e-16
1.07353e-15
0
0
2.29693e-14
0
0
0
0
5.63325e-16
-1.57475e-16
0
0
0
0
0
0
0
0
0
0
8.83392e-14
0
0
-2.56078e-15
0
-4.23483e-14
0
0
0
-4.09409e-16
-1.18198e-15
-4.98004e-15
0
0
0
0
0
0
0
0
0
0
0
0
-5.98643e-15
-1.43477e-14
0
2.42483e-14
0
0
0
0
0
0
0
-2.12436e-16
0
0
0
-9.33507e-15
7.95015e-14
0
0
0
0
0
0
0
0
0
0
0
-3.22725e-29
0
0
0
0
3.97268e-15
0
0
0
0
0
-2.35231e-14
-8.4558e-15
-3.78638e-14
0
0
0
0
0
0
0
0
0
0
0
-6.65651e-14
0
0
0
0
3.83084e-14
1.5448e-13
0
0
0
0
0
0
0
0
0
0
0
0
0
0
0
0
0
0
0
0
0
0
0
0
-2.87876e-14
-8.79296e-14
0
0
0
0
0
-3.17794e-15
-1.83885e-15
0
-6.34408e-15
0
0
4.23467e-15
-2.15757e-15
0
0
0
0
0
6.79579e-14
0
0
0
0
0
0
0
-2.85832e-14
-1.11018e-14
-5.41882e-14
4.27736e-14
4.42621e-14
0
0
0
0
0
0
0
0
1.9107e-14
0
0
0
-8.30378e-15
0
0
0
0
0
0
0
5.26771e-14
0
0
0
-1.24599e-14
0
0
3.64476e-15
1.10011e-15
4.3462e-15
0
0
0
0
0
0
0
0
0
0
4.4548e-15
0
0
-2.83737e-14
0
0
0
-2.23269e-14
-1.15559e-14
0
0
0
0
0
0
0
0
0
0
1.26713e-13
-7.49796e-14
9.91565e-15
-1.40125e-14
-2.9068e-14
-4.4005e-15
0
0
0
0
0
1.88725e-16
0
0
0
2.45937e-15
0
0
0
0
4.86557e-16
0
0
0
0
0
0
0
0
0
0
0
0
0
0
0
-3.94236e-15
0
0
-3.54423e-14
0
1.32159e-14
-2.86187e-14
-5.44312e-14
-8.23548e-14
0
1.54836e-13
0
-1.46396e-13
4.92122e-15
2.78332e-15
0
0
0
0
0
0
0
0
0
0
0
0
0
0
0
0
4.45657e-15
0
-3.95339e-14
2.12783e-14
0
-1.58653e-16
0
0
0
0
0
0
0
-6.43453e-14
0
0
1.37757e-14
-8.10877e-14
0
0
0
0
0
0
0
0
0
0
0
0
0
0
0
0
0
0
0
0
0
0
-4.21619e-14
-1.32323e-14
4.31372e-14
-6.47339e-14
-4.31186e-14
0
0
0
0
0
0
0
3.89081e-16
2.72909e-14
0
0
0
0
0
0
0
0
0
-4.45468e-14
0
0
0
0
0
2.88587e-14
0
0
0
0
0
0
0
0
0
0
0
9.79656e-14
0
0
0
0
0
0
0
0
0
0
0
0
0
0
-4.06785e-15
-2.08242e-14
-1.25379e-14
1.95343e-14
0
0
0
-1.35582e-15
0
-3.85352e-14
0
0
8.42101e-15
9.30748e-15
-4.73855e-14
0
0
0
0
0
0
0
0
0
0
0
0
0
0
-9.84203e-14
0
0
1.12023e-13
-5.85513e-14
0
0
0
0
0
0
0
0
0
0
0
0
0
0
0
0
0
0
0
0
8.39624e-15
-1.28611e-14
0
0
0
2.84338e-14
0
0
0
0
0
0
0
0
0
0
0
0
0
0
0
0
0
0
0
-4.91813e-16
-7.61245e-15
-4.29092e-14
5.29144e-14
0
-1.84075e-15
2.38897e-14
-1.32331e-14
0
0
-5.87844e-15
0
0
2.16405e-14
0
0
0
0
0
0
0
0
0
0
0
0
0
0
-1.70784e-14
0
0
0
0
0
1.12097e-13
-6.71675e-14
0
0
0
0
2.32534e-14
0
0
0
0
2.5879e-14
-3.99582e-14
-2.73463e-14
6.14927e-15
-9.47261e-15
-3.54024e-14
-1.29468e-28
6.4545e-29
0
-4.54101e-14
0
0
0
0
0
0
0
2.88794e-15
0
0
0
0
0
1.0488e-14
-4.76713e-14
0
0
-1.53744e-14
1.18036e-14
1.71496e-14
3.312e-14
0
0
0
5.09477e-14
0
2.85368e-15
0
0
0
2.09741e-14
7.738e-14
-1.08841e-13
0
0
0
0
0
0
-1.84094e-14
0
0
0
-1.51269e-16
0
9.81344e-15
-6.23438e-14
0
0
-2.74162e-14
-3.092e-14
0
0
0
0
0
0
0
0
0
0
0
0
0
0
-1.3019e-15
-7.34106e-15
0
0
0
0
0
0
0
0
0
0
1.79181e-14
-1.654e-13
0
0
0
0
0
0
0
0
-8.05211e-14
-2.94287e-14
0
0
0
-5.77328e-15
-4.22088e-15
-1.92708e-14
0
0
0
0
0
0
0
0
0
0
0
2.03477e-30
0
2.12553e-14
0
3.04009e-14
0
-5.77482e-15
0
0
0
0
0
0
0
0
0
0
0
0
0
0
0
0
0
0
1.43116e-13
-5.83577e-14
0
0
0
0
0
0
2.02615e-14
0
0
0
-3.91502e-14
5.71997e-14
0
0
0
0
1.35985e-15
1.29362e-14
6.47342e-29
-5.97023e-14
0
0
0
6.76265e-15
-3.40477e-15
-1.72992e-16
1.41509e-15
0
0
0
0
0
0
-5.92454e-14
0
-3.16326e-14
1.70948e-14
-5.62445e-14
1.4798e-15
9.88602e-15
2.5559e-14
1.42756e-14
-2.61167e-15
9.26154e-14
-1.86847e-14
0
0
0
0
3.71889e-14
0
0
0
0
0
-1.52107e-15
0
0
0
-7.05801e-15
2.15804e-13
0
0
0
0
0
0
0
0
0
0
0
0
0
0
0
-2.53479e-14
0
0
0
0
0
-7.02362e-15
6.01963e-15
0
0
0
0
4.38543e-15
0
-2.90984e-14
0
0
0
0
0
0
0
0
2.94775e-14
0
0
-2.9535e-14
0
0
0
0
0
0
0
0
0
0
0
0
0
0
0
0
0
0
0
0
0
0
0
0
4.16799e-15
1.95117e-14
4.27862e-14
5.12831e-15
0
0
0
0
0
0
0
0
0
0
0
0
0
0
0
0
0
0
0
0
-3.71192e-14
0
0
0
0
0
0
-1.28036e-14
6.42566e-15
0
0
0
0
1.60889e-29
0
-5.56673e-15
0
-2.91628e-15
0
0
0
0
0
0
0
0
0
0
0
0
0
0
0
0
0
0
0
0
1.03405e-14
-1.39014e-14
-2.90469e-14
0
0
-3.44242e-15
-1.31348e-14
-1.53714e-14
0
0
0
0
0
0
0
0
3.1974e-16
-1.04293e-16
0
1.69329e-14
0
0
0
0
0
1.55741e-14
0
0
0
1.36923e-14
0
0
0
-8.41042e-14
0
0
0
0
0
0
0
0
0
5.10302e-14
8.89568e-14
7.02199e-14
0
0
-3.42524e-14
-1.28134e-14
0
0
0
0
0
0
0
0
0
0
0
0
0
-4.34379e-14
1.52128e-13
0
0
0
0
0
0
0
0
0
0
0
2.08578e-15
7.27269e-14
-1.14925e-13
0
0
0
0
0
0
0
0
0
0
0
0
0
0
0
0
0
0
0
0
0
0
0
0
0
0
0
-1.19257e-15
0
0
0
0
0
0
0
-1.82634e-14
0
0
0
0
0
0
0
0
0
0
0
0
0
0
0
0
0
0
0
0
0
0
0
0
0
0
0
0
0
0
-3.05569e-15
0
0
-1.44839e-14
0
6.25175e-15
0
0
8.71541e-14
4.66282e-14
-8.48186e-14
0
0
0
0
0
0
-4.74063e-14
4.82945e-14
0
0
0
0
0
0
0
-4.09735e-15
0
0
0
0
0
0
0
-8.10755e-30
0
-8.36021e-15
0
0
-7.24169e-15
3.56868e-15
0
0
0
0
0
0
0
0
0
0
-1.21887e-15
0
1.90884e-14
-4.29798e-14
-2.77619e-14
2.92604e-14
0
0
0
0
-1.33979e-14
8.91034e-15
7.52254e-14
-4.01961e-14
0
0
0
0
0
0
0
0
0
5.63626e-14
0
0
0
0
-3.81326e-15
1.24612e-14
1.05215e-14
0
0
0
-3.01949e-14
0
0
7.73723e-16
5.16738e-28
0
0
0
0
0
0
2.34218e-14
-3.7533e-14
0
0
-1.46911e-15
5.27751e-15
0
0
0
0
0
0
0
0
0
0
0
0
0
0
-7.33837e-15
0
0
0
0
0
-4.54144e-14
1.02402e-14
4.70415e-14
-1.5535e-13
0
0
0
0
-1.64921e-15
2.71989e-15
0
0
0
0
0
0
0
0
0
0
6.75754e-15
0
-2.70148e-15
5.99705e-14
-6.57886e-14
0
0
0
0
0
0
0
0
9.41302e-15
0
0
0
-6.05252e-15
2.85911e-14
0
0
0
0
0
0
-3.41017e-14
-4.8144e-14
-4.04888e-14
0
0
-2.85936e-14
0
0
0
0
0
0
0
0
0
0
0
0
0
2.84513e-14
0
0
0
0
3.77833e-14
5.77262e-14
0
0
0
0
0
0
0
0
-1.03151e-14
0
0
0
0
0
0
-4.22569e-15
-1.34411e-14
0
0
0
8.73285e-16
0
0
0
0
0
0
0
0
0
3.67877e-14
6.78135e-15
1.16333e-14
0
0
0
0
0
0
0
0
0
0
0
0
0
0
-8.86806e-14
-1.8013e-15
0
0
0
0
0
-1.23803e-14
0
0
0
0
0
1.40514e-14
0
0
0
0
0
0
0
0
0
0
0
0
0
3.8294e-14
5.07396e-16
-8.00571e-16
0
0
0
0
0
-2.57453e-14
0
0
0
-2.16668e-14
-2.28077e-14
0
0
0
0
0
0
0
0
0
0
0
-3.7269e-14
0
0
0
0
0
0
5.17451e-15
7.12799e-14
0
0
0
0
0
0
0
0
-8.74577e-15
0
-1.00422e-14
0
0
0
0
2.96993e-14
0
0
0
0
0
0
0
0
0
0
0
-1.31478e-14
0
0
0
0
0
0
0
0
0
-1.39559e-13
0
0
0
0
0
0
0
0
0
0
0
0
0
0
1.64879e-16
0
0
0
0
-5.65185e-15
6.03938e-14
-2.50137e-14
-8.03794e-14
0
0
0
0
0
0
0
0
0
0
0
0
0
0
0
0
0
0
4.35624e-14
1.56466e-14
0
0
0
0
0
0
0
0
0
0
0
0
0
0
0
0
0
0
0
0
0
0
0
0
0
0
-4.27609e-15
-2.19569e-15
0
0
0
0
0
0
0
8.29268e-15
0
0
0
-1.00484e-15
1.08103e-14
0
0
-8.96044e-14
-5.7599e-14
3.89403e-14
1.97637e-15
2.86361e-15
0
0
0
0
0
0
0
0
-1.25934e-13
-9.67699e-14
-3.06608e-14
0
0
0
0
0
0
1.40456e-15
0
0
0
0
0
0
0
0
0
0
0
0
0
0
0
-2.12687e-14
7.33941e-15
0
0
0
0
0
0
0
0
0
0
0
0
0
0
6.43297e-14
-1.31054e-13
0
0
0
0
0
0
0
0
2.34388e-14
-7.76233e-15
0
-2.12607e-14
0
0
0
0
-6.96536e-14
0
-5.36541e-14
0
-5.87806e-14
-1.56277e-14
5.31813e-13
1.90654e-13
0
0
0
0
0
0
0
0
0
0
0
0
0
0
0
0
0
0
0
0
0
3.84027e-14
-4.27876e-15
0
0
-2.97141e-14
0
0
0
0
0
0
2.90541e-14
0
-4.05385e-14
0
0
0
0
0
0
0
0
0
0
0
0
0
0
0
0
0
0
0
0
0
0
0
0
0
0
0
0
0
0
0
1.23121e-14
0
0
0
0
0
0
9.52443e-15
0
0
-1.02583e-14
0
0
0
4.24655e-14
0
-4.29308e-14
0
0
0
0
0
0
0
0
0
1.29279e-28
2.80152e-14
0
0
9.9572e-15
0
1.08285e-13
-8.08013e-14
-9.23235e-14
6.01941e-14
2.37138e-15
0
0
0
0
-1.66703e-14
0
2.09022e-15
0
0
0
0
0
0
0
0
1.40773e-14
0
0
0
0
-6.43557e-29
-2.16016e-14
2.79885e-15
0
-7.31317e-14
0
0
0
0
0
0
0
0
0
0
0
0
0
0
0
0
0
0
0
0
0
0
0
0
0
0
0
0
1.44582e-14
0
0
0
0
0
-6.52002e-14
2.85159e-15
3.82357e-14
0
0
0
0
0
0
0
0
0
0
0
0
0
0
0
0
0
0
0
0
0
0
6.77252e-14
0
0
0
0
0
-2.72769e-16
0
0
0
0
0
0
0
0
0
0
0
0
0
0
0
0
0
0
0
0
0
0
-1.23948e-14
0
0
3.89036e-14
0
4.95714e-14
0
0
0
0
0
0
0
0
0
0
0
0
0
0
0
0
0
0
0
0
0
0
0
0
0
0
0
0
0
9.25088e-15
0
0
0
-1.2548e-15
-9.22022e-16
0
0
0
0
0
0
0
0
0
0
0
0
0
0
0
0
0
0
0
0
3.93739e-15
0
0
0
-6.68905e-14
0
0
0
0
0
0
0
0
0
0
0
0
0
0
0
0
0
0
0
0
0
0
0
0
0
0
0
0
0
0
0
0
0
0
0
0
0
0
0
0
0
0
0
-7.52507e-14
0
-8.32201e-14
0
0
0
0
-1.00636e-14
0
-1.0778e-14
-5.82141e-14
1.2175e-13
0
0
0
0
1.9895e-14
0
-5.92851e-14
0
0
0
0
0
0
0
0
0
0
0
0
0
0
1.95344e-14
0
3.16052e-16
0
0
0
0
0
0
0
0
0
0
0
0
0
0
0
0
0
0
0
0
0
0
0
0
0
0
0
0
0
0
7.19847e-14
-6.04102e-14
0
1.32381e-15
0
0
0
0
0
0
0
0
0
0
0
0
0
0
-2.423e-14
0
0
0
0
0
0
0
0
0
0
0
-1.56518e-14
0
0
0
0
0
0
0
0
-1.44172e-14
0
0
0
0
0
0
0
0
0
0
0
0
0
2.76865e-14
0
0
0
0
0
0
0
0
1.10431e-13
3.61553e-14
0
0
0
-7.56424e-15
0
0
0
0
0
0
0
0
0
0
0
0
0
0
0
0
0
0
0
0
0
0
0
0
0
0
0
0
0
0
0
0
0
0
0
0
0
0
0
2.44042e-15
0
0
0
0
0
0
0
0
0
0
0
0
0
0
5.38435e-14
-7.77186e-14
0
0
0
0
1.25355e-14
0
0
0
0
0
0
0
-4.94112e-15
0
0
9.1518e-16
-1.9506e-14
0
7.97673e-14
0
0
0
0
0
0
0
0
0
0
0
0
0
1.13688e-13
0
1.06336e-14
0
0
0
0
0
0
0
0
0
0
0
0
0
0
0
0
0
0
0
3.46877e-14
-1.57596e-14
0
0
0
0
0
0
0
0
0
0
0
0
0
-4.88087e-15
0
0
0
0
0
0
0
0
0
0
0
-3.23198e-29
8.60365e-14
0
0
0
-1.12824e-15
7.34151e-16
2.17141e-14
0
0
0
0
0
0
0
0
0
0
0
0
0
0
0
0
0
0
-4.08737e-14
0
1.29279e-28
0
0
-4.0169e-15
0
0
0
0
2.08355e-16
0
0
0
0
0
0
0
0
0
0
0
0
0
0
0
0
0
0
-1.06064e-13
0
0
0
-1.78992e-15
1.56999e-13
0
0
0
0
0
0
0
0
0
0
0
0
0
-2.27e-14
0
0
0
0
0
1.12827e-15
-4.02279e-14
2.41485e-15
1.49541e-14
0
3.08669e-14
-5.31615e-14
2.02982e-14
1.29468e-28
0
0
-2.52168e-14
1.29153e-28
4.84756e-16
-3.09393e-15
2.36679e-15
-2.49048e-14
2.10583e-14
0
0
0
0
0
0
0
0
0
0
0
0
0
0
-4.56651e-14
-2.06828e-14
0
0
-7.57834e-15
-8.58934e-14
0
0
0
0
0
0
0
-2.99794e-14
1.97499e-14
0
0
0
0
0
0
0
0
0
0
0
0
0
0
0
0
-2.16142e-14
-1.21956e-13
0
0
0
-1.4746e-13
4.21938e-14
4.08669e-14
-1.73705e-14
-2.27186e-15
0
0
0
0
0
0
0
0
0
0
0
3.44546e-16
0
-2.04308e-14
0
0
0
0
0
0
0
0
0
0
0
0
0
0
0
0
0
0
0
0
0
0
0
0
0
0
0
0
0
0
0
0
0
0
1.29538e-14
0
0
0
0
0
0
0
-2.12663e-13
0
0
0
-2.05653e-15
0
8.99111e-15
0
0
0
0
0
0
0
0
0
0
0
0
6.88335e-15
0
0
0
0
0
0
0
0
0
-1.16098e-14
4.06492e-14
0
0
0
0
0
0
9.66209e-15
0
2.0707e-14
3.34661e-14
0
0
-1.73709e-14
0
0
0
0
0
0
0
0
0
0
0
0
0
0
0
0
0
0
0
0
0
0
0
0
6.31215e-14
-4.13556e-14
2.40885e-14
0
0
0
0
-2.32345e-15
0
8.16196e-14
-8.66465e-14
0
0
0
4.56468e-16
0
0
0
4.17191e-14
-2.28178e-14
0
0
0
0
0
0
0
0
0
0
0
0
0
0
0
0
0
0
7.53452e-14
0
-5.46795e-15
0
0
0
-2.78164e-14
7.61167e-14
-1.41365e-14
8.21829e-14
0
0
0
0
0
0
0
0
5.94376e-14
-2.02196e-14
-1.23706e-14
0
0
0
0
0
0
-1.08392e-15
0
0
0
0
0
0
0
0
0
0
0
0
0
7.69752e-14
0
0
0
0
0
1.05859e-14
-3.64335e-14
1.23325e-14
0
0
0
0
0
0
0
-2.42298e-14
0
0
2.87331e-15
0
0
0
0
0
0
0
0
0
0
0
0
0
0
0
0
0
0
0
0
6.25706e-14
8.08469e-14
4.14246e-14
0
-2.37377e-14
5.10703e-15
0
0
8.74825e-15
2.99449e-14
0
0
0
0
-6.17581e-14
0
-1.00376e-16
0
0
0
0
1.26416e-15
0
-2.0745e-14
0
0
0
0
0
0
0
0
0
0
0
0
0
0
0
0
0
0
1.7682e-16
1.4282e-15
0
0
0
0
0
0
0
0
0
0
0
0
0
0
0
0
-6.51016e-14
0
0
0
0
0
0
0
0
0
0
0
0
0
0
0
0
0
0
0
0
0
2.01734e-14
1.18655e-14
0
0
0
3.61723e-15
0
0
0
0
0
-1.2724e-13
0
0
0
0
0
0
0
0
0
0
0
0
0
0
-1.54362e-14
-7.62021e-15
0
0
0
0
0
0
0
0
0
0
0
4.16131e-14
6.44027e-14
0
0
0
0
0
0
0
0
0
0
0
0
0
0
0
0
0
-2.65558e-14
0
0
0
0
0
0
0
0
0
0
0
0
0
0
0
0
0
0
0
0
0
0
-5.30163e-14
3.07836e-14
0
0
0
0
0
0
0
0
0
0
0
0
0
0
0
0
0
0
0
0
0
0
2.70641e-14
2.60885e-14
0
0
0
0
0
0
0
0
0
0
-5.39198e-14
-3.75513e-14
0
0
0
0
0
0
0
0
0
0
0
0
0
0
0
0
-5.25405e-14
-5.16833e-15
0
0
0
1.32833e-15
-6.43824e-15
0
0
0
2.02759e-15
-5.6511e-14
0
0
0
0
0
-2.89082e-15
0
0
0
0
0
0
0
0
0
0
0
0
0
0
0
0
0
0
0
0
0
0
0
5.56113e-14
1.14067e-14
0
0
0
0
0
0
0
0
-1.51172e-14
0
0
0
0
0
0
0
0
0
0
0
0
0
0
0
0
0
0
0
0
9.11686e-15
-1.04062e-14
4.50575e-15
0
0
0
0
0
0
0
0
0
0
0
0
0
0
0
0
0
0
0
0
0
0
-1.49788e-14
0
0
0
0
0
0
0
0
0
0
0
0
0
0
0
0
0
0
0
0
0
0
0
0
0
0
0
0
0
0
0
0
0
0
0
0
0
0
0
0
0
0
0
0
0
0
0
0
0
0
0
0
0
0
0
0
0
0
0
-4.85799e-14
0
0
0
0
0
0
0
0
0
0
0
0
0
0
0
0
0
0
0
0
0
0
0
0
0
0
0
0
0
0
0
7.36662e-14
-4.74808e-14
0
0
0
0
0
0
0
0
0
0
0
0
0
0
-2.84511e-14
0
0
0
0
0
0
1.94488e-14
0
0
0
0
0
0
0
0
0
0
0
0
0
0
1.17475e-14
-1.28198e-14
0
0
0
0
0
0
0
0
0
0
0
0
0
0
0
0
0
0
0
0
0
0
0
0
0
0
0
0
0
0
0
0
0
0
0
0
-3.82937e-14
0
0
0
0
0
0
0
0
0
0
0
0
0
0
0
0
0
0
0
0
0
0
0
0
0
0
0
-1.87946e-14
4.73807e-14
0
0
0
0
0
0
0
0
0
0
0
0
0
0
0
-6.13719e-14
6.60036e-14
0
0
0
0
0
0
0
0
0
1.33561e-14
0
0
0
0
0
0
0
0
0
0
0
0
0
0
0
0
0
0
0
0
0
0
0
0
0
0
0
0
0
0
0
0
0
0
0
0
0
0
0
1.07452e-14
2.83648e-14
0
8.55856e-14
0
0
0
0
0
0
0
0
0
0
0
0
0
0
0
0
0
0
0
0
0
0
0
0
0
0
0
0
-4.57924e-15
0
0
-2.51171e-14
0
0
0
0
0
0
0
0
0
8.176e-16
0
0
0
0
0
0
0
0
0
0
0
0
0
0
0
0
0
0
0
-7.31228e-15
2.37114e-14
-4.26981e-14
0
0
0
0
0
0
0
0
0
0
0
0
0
0
0
0
0
0
0
0
0
0
0
1.77535e-15
-6.45296e-16
1.94904e-15
0
0
0
0
0
0
0
0
0
0
0
0
0
0
0
0
6.51128e-29
0
0
0
0
0
0
0
0
0
0
0
0
0
0
0
4.05077e-14
0
0
0
0
0
0
0
0
0
0
0
0
0
0
0
0
0
0
0
0
0
0
0
7.59102e-15
-2.35732e-14
0
0
0
0
0
0
0
0
0
0
0
0
0
0
0
0
0
0
0
0
0
0
0
0
0
9.70308e-15
0
0
0
0
0
0
0
0
0
0
0
0
0
0
-9.70258e-15
0
0
0
-4.47546e-14
0
0
0
0
0
0
0
-1.05854e-15
0
0
0
0
0
0
0
6.35985e-29
0
0
0
0
0
0
0
0
0
0
0
0
0
0
0
0
0
0
0
0
0
0
0
0
0
0
0
0
0
0
0
0
0
0
0
0
0
0
0
0
0
0
0
0
0
0
0
0
0
0
0
0
0
0
0
0
0
0
0
0
0
0
0
0
0
0
0
0
0
0
0
0
0
0
0
0
0
0
0
0
0
0
0
0
0
0
0
0
0
0
7.71691e-14
-9.64209e-15
0
0
0
0
0
0
0
0
0
0
0
0
0
0
0
0
5.25671e-14
2.04215e-14
0
0
0
0
0
0
0
0
0
0
0
0
-2.70777e-14
0
0
0
0
0
0
0
0
0
0
0
0
0
0
0
0
0
0
9.28657e-15
0
0
0
0
0
0
0
0
0
0
0
0
0
0
0
0
0
0
0
0
0
0
0
0
0
0
0
0
0
-3.69713e-16
1.63982e-16
0
0
0
0
0
0
0
0
0
0
0
0
0
0
0
1.71661e-14
0
3.16652e-14
-1.29434e-14
0
0
0
0
0
0
0
0
0
0
0
0
0
0
1.28964e-28
-3.36925e-15
0
-5.53094e-15
0
0
0
0
0
0
0
-1.19366e-14
0
-3.05959e-14
3.33181e-13
3.87648e-28
0
0
0
0
0
0
0
0
0
0
0
0
0
0
0
0
1.9593e-14
-1.28572e-13
0
0
0
0
0
0
0
0
0
0
0
0
0
0
0
0
0
-1.41869e-15
0
0
0
0
0
0
0
0
0
0
0
0
0
0
0
0
0
0
0
0
0
0
0
0
0
-7.66947e-15
0
0
-1.97139e-14
0
5.37936e-14
0
0
0
0
0
0
0
0
0
0
2.01971e-14
5.80044e-15
0
0
0
0
0
0
0
-5.08459e-14
0
0
-7.58245e-15
0
0
0
0
0
0
-4.62523e-16
0
0
0
0
0
0
0
0
0
0
0
0
0
0
0
0
0
1.6537e-14
-1.9166e-14
0
0
0
0
0
0
0
0
0
0
0
0
0
0
0
0
0
0
0
0
0
0
0
0
0
0
0
0
0
0
-1.98574e-14
0
0
0
0
0
-5.42271e-15
0
0
0
0
0
0
0
0
0
0
0
0
0
0
0
0
0
0
0
0
0
0
0
0
0
0
0
0
0
0
0
0
0
0
0
0
3.69869e-15
0
3.15469e-29
0
0
0
0
0
0
0
0
0
1.94326e-14
0
0
0
0
0
0
0
0
0
0
0
0
0
0
0
0
0
0
0
0
0
0
0
0
0
0
0
0
0
0
0
0
0
0
0
-9.04791e-16
0
0
0
0
0
0
0
0
-6.19658e-16
0
0
0
0
0
0
0
0
0
0
0
-2.29442e-14
0
0
0
0
0
0
0
0
0
0
0
0
0
0
0
0
0
0
4.00269e-15
0
0
0
0
0
0
0
0
0
0
0
0
0
0
0
0
0
0
0
0
0
0
0
0
0
0
0
0
0
0
0
0
0
0
0
0
0
0
0
0
0
0
0
0
0
0
0
0
0
0
-4.34013e-14
0
0
0
0
-2.17275e-14
0
0
0
0
1.12865e-13
4.63485e-14
0
-9.14013e-14
4.05078e-14
4.74167e-14
-1.75849e-13
0
0
0
0
0
0
0
0
0
0
0
0
0
0
0
0
0
0
0
-4.11019e-14
0
0
0
0
0
0
0
0
0
0
-2.28772e-14
4.38888e-14
0
0
0
0
0
0
0
0
0
0
0
0
0
0
0
0
0
0
0
0
0
0
0
0
0
0
0
0
0
0
0
0
0
0
0
0
0
0
0
0
0
0
0
0
0
0
0
0
0
0
0
0
0
0
0
0
5.91783e-14
0
0
0
0
0
0
0
1.55133e-16
0
0
0
0
0
0
0
0
0
-9.22432e-17
-4.09072e-14
0
0
0
0
0
0
0
0
0
0
0
0
0
0
0
6.7397e-17
0
0
0
0
0
0
0
0
0
0
0
0
0
0
0
0
0
0
0
0
0
0
0
0
0
0
0
0
0
0
0
0
0
0
0
0
0
0
0
-1.48673e-15
0
0
0
0
-2.76063e-14
0
-1.38148e-14
-1.54378e-14
0
1.88021e-16
0
0
0
0
0
0
0
0
0
0
0
0
0
0
0
0
0
0
0
0
8.04446e-30
2.6814e-15
4.5946e-16
0
0
0
0
0
0
1.38994e-15
0
-4.16898e-15
0
0
0
0
0
0
0
0
0
0
0
0
0
0
0
0
0
0
0
0
0
0
0
0
0
0
0
0
0
0
0
0
0
0
0
0
0
0
0
0
0
0
0
0
0
0
0
0
0
0
0
0
0
0
0
0
0
0
0
0
0
0
0
0
0
0
0
0
0
0
0
0
0
0
0
0
0
0
0
0
0
0
0
0
0
0
0
0
0
0
0
0
0
0
0
0
0
0
0
0
0
0
0
0
0
0
0
0
0
0
0
0
0
0
0
0
0
0
0
0
0
0
0
0
0
0
0
0
0
0
0
0
0
0
0
0
0
0
0
0
0
0
0
0
0
0
0
0
0
0
0
0
0
0
0
0
0
0
0
0
0
0
0
0
0
0
0
0
0
0
0
0
0
0
0
0
0
0
0
0
0
0
0
0
0
0
0
0
0
0
0
0
0
0
0
0
0
0
0
0
0
0
0
0
0
0
0
0
0
0
0
0
0
0
0
0
0
0
0
3.54886e-14
-2.67301e-14
0
0
-3.53048e-14
0
0
0
0
0
7.32859e-14
0
0
0
0
0
0
0
0
0
0
0
0
0
0
0
0
0
0
-1.29802e-16
-3.26141e-14
0
0
0
0
0
0
0
0
0
0
0
0
0
0
0
0
0
0
0
0
0
0
0
0
0
0
0
0
0
0
0
0
0
0
0
0
0
0
0
0
0
0
0
0
0
0
0
0
0
0
0
0
0
0
0
0
0
0
0
0
0
0
1.81915e-14
0
0
0
0
0
0
0
0
0
0
0
0
0
0
0
0
0
0
0
0
0
0
0
-6.30505e-14
5.99464e-14
0
0
0
0
0
0
-3.94086e-14
1.08947e-14
0
0
0
0
0
0
0
0
0
0
0
0
0
0
0
0
0
0
0
0
0
0
0
0
0
0
0
0
0
0
0
0
0
0
0
-7.57126e-31
0
0
0
0
0
0
0
0
0
0
0
0
0
0
0
0
0
0
0
0
0
0
0
0
0
0
0
0
0
0
0
0
0
0
0
0
0
0
0
0
0
0
0
0
0
0
0
-9.29974e-14
-1.03712e-14
0
0
0
0
0
0
0
0
0
0
0
0
0
0
0
0
0
0
0
0
0
0
0
0
0
0
0
0
0
0
0
0
0
0
0
0
-3.49688e-14
0
0
0
0
0
0
0
0
0
0
0
0
0
0
0
0
0
0
0
0
0
0
0
0
0
0
0
0
0
0
0
0
0
0
0
0
0
0
0
0
0
0
0
0
0
0
0
0
0
3.4496e-14
-3.75444e-15
0
0
0
0
0
0
0
0
0
0
0
0
0
0
2.7716e-13
-7.69225e-14
-1.05442e-13
0
0
0
0
0
0
0
0
0
0
0
0
0
0
0
0
0
0
0
0
0
0
0
0
0
0
0
0
0
0
0
0
0
0
0
0
0
0
0
0
0
0
0
0
0
1.20998e-13
0
0
0
0
0
0
0
0
0
0
0
0
0
0
0
0
0
0
0
0
0
0
0
0
0
-2.19881e-16
0
0
0
-8.09826e-14
0
0
0
0
0
0
0
0
0
0
0
-7.81161e-14
0
0
0
0
0
0
0
0
0
0
0
0
0
0
0
0
0
0
0
0
0
0
0
0
0
0
0
0
0
-2.40404e-15
-7.13855e-15
0
0
0
0
0
0
0
0
5.18393e-14
0
0
0
0
0
0
-7.80802e-14
0
0
0
0
0
0
0
0
0
0
0
0
0
0
0
0
0
0
0
0
0
0
0
0
0
0
0
0
-1.141e-14
0
0
0
0
0
0
0
0
0
0
0
0
0
-7.94197e-14
3.77985e-14
0
1.16271e-14
1.89281e-31
4.73203e-32
0
0
0
0
-6.79546e-16
0
0
0
0
0
0
0
0
0
0
0
0
0
0
0
0
0
0
8.10076e-15
-1.57236e-15
0
0
0
0
0
0
0
0
0
0
0
0
0
0
0
0
0
0
0
0
0
0
-1.256e-14
0
0
0
0
0
3.98875e-14
-8.00928e-14
0
0
0
0
0
0
0
0
0
0
0
-1.79159e-15
-8.1391e-30
0
0
0
0
0
0
0
0
0
0
0
0
0
0
0
0
1.57112e-14
0
0
0
0
0
0
0
0
0
0
0
0
0
-7.32178e-14
0
0
0
0
0
0
0
0
0
0
0
0
0
0
0
0
-9.37762e-14
-2.28544e-13
0
0
0
0
0
0
0
0
0
0
0
0
0
0
0
0
0
0
0
0
2.93581e-14
0
0
0
0
0
0
0
0
0
0
0
0
0
0
0
0
0
0
0
0
0
0
0
6.04665e-14
-1.60791e-13
0
0
0
0
0
0
0
0
0
0
0
0
0
0
0
0
0
0
0
0
0
0
0
0
0
0
0
0
0
0
3.17425e-14
0
0
1.26012e-14
0
0
0
0
0
0
0
0
0
0
0
0
0
0
0
0
0
0
0
0
0
0
0
0
0
0
0
0
0
0
0
-1.02255e-14
0
0
0
0
0
0
0
0
0
0
0
0
0
0
0
0
0
0
1.37182e-14
6.83823e-14
0
0
0
5.42515e-14
2.04685e-14
0
0
0
0
0
0
0
0
0
0
0
0
0
0
0
0
0
0
0
0
0
0
1.20182e-15
0
0
0
0
0
0
0
0
0
0
0
0
0
-2.49182e-15
0
0
0
0
0
0
0
0
0
0
0
0
0
0
-6.94733e-14
0
0
0
0
0
0
0
0
0
0
0
0
0
0
0
0
0
0
-1.91976e-14
0
0
-9.46544e-15
-1.22992e-14
0
0
0
0
3.07742e-14
-8.50586e-14
0
0
0
0
0
0
0
0
0
0
0
0
0
0
0
0
0
0
0
0
0
7.97426e-14
0
0
0
0
0
0
0
0
0
0
0
0
0
0
0
0
0
0
0
0
0
0
0
0
0
0
0
0
-1.00974e-14
0
0
0
0
0
0
0
0
0
0
0
0
0
0
0
0
0
0
-1.32451e-14
8.33315e-14
-2.54293e-13
0
0
0
0
3.60131e-15
-6.21493e-15
0
4.1872e-16
0
0
0
0
0
-1.04108e-14
0
0
0
0
0
0
0
0
0
0
0
0
0
0
0
0
0
0
0
0
0
0
0
-8.08637e-14
0
2.90516e-14
0
-1.17797e-14
0
0
0
0
0
-1.13339e-14
0
0
0
0
0
-3.90531e-16
2.69175e-16
-2.58205e-15
0
0
0
0
0
0
0
0
-3.42451e-15
0
0
0
0
0
0
0
0
0
0
0
-7.88644e-14
2.8352e-14
0
0
0
0
0
0
0
0
0
0
0
-6.70295e-16
0
0
0
0
0
0
0
0
0
0
0
0
0
0
0
0
0
0
1.03871e-13
0
0
0
0
0
5.19119e-14
-8.11091e-14
0
0
0
-3.3359e-14
0
0
0
0
0
0
0
0
0
0
0
0
0
0
0
0
0
0
0
0
5.60588e-14
0
0
0
0
0
0
0
0
0
0
0
0
0
0
4.07508e-14
9.01114e-14
-9.31033e-15
0
0
0
0
0
0
0
0
0
0
0
0
0
5.51247e-17
0
0
0
0
0
0
0
0
9.72512e-15
-7.84501e-14
0
0
0
0
0
0
0
0
0
0
0
0
0
0
0
-4.85294e-14
-3.52286e-14
0
0
0
0
-2.64391e-14
2.03792e-14
0
0
0
0
0
0
0
0
0
0
0
0
0
0
0
0
0
0
0
0
0
0
0
0
0
0
0
0
0
9.19776e-15
1.49389e-13
-1.19277e-13
0
4.32459e-14
8.95561e-14
1.64525e-13
2.5818e-28
0
0
0
0
0
0
0
0
0
0
0
0
0
0
0
0
0
-2.52967e-16
0
0
0
0
0
0
0
0
0
0
0
0
0
0
0
0
0
0
0
0
0
0
0
0
0
0
0
0
0
0
0
0
0
0
0
0
0
0
0
0
0
0
0
0
0
0
0
0
7.28039e-14
-2.00116e-14
0
0
0
0
0
0
0
0
0
0
0
0
0
0
0
0
0
0
0
0
0
0
0
0
0
0
0
0
0
0
0
0
0
0
0
0
6.24639e-14
0
0
0
0
0
0
0
0
0
0
0
0
0
0
4.91245e-15
0
-3.91922e-14
0
0
0
0
0
0
0
0
0
0
0
0
0
2.83318e-14
-7.9129e-14
0
0
0
0
0
0
0
0
0
0
0
0
0
0
0
0
0
0
0
0
0
0
0
0
4.65588e-14
0
0
0
0
0
0
0
0
0
0
0
0
0
0
0
0
8.65633e-14
0
0
0
0
0
0
0
-1.18007e-14
-3.79329e-14
0
0
0
0
-7.07529e-15
-2.73138e-15
0
0
0
0
0
0
0
0
0
0
-2.4228e-29
0
0
0
0
0
0
0
0
0
0
0
0
0
0
0
0
0
0
0
0
0
0
0
0
0
0
0
0
0
0
0
0
0
0
0
2.58857e-16
0
-7.78914e-14
0
0
0
0
-4.19535e-15
1.35047e-15
0
0
0
-4.25674e-14
0
0
0
-1.3239e-15
-6.77691e-15
0
0
0
0
0
0
0
0
0
0
0
0
0
0
0
0
0
0
0
0
0
0
0
0
0
0
0
0
0
0
0
0
0
0
0
-5.803e-16
0
0
0
0
-1.63212e-14
0
-2.19785e-16
0
0
0
0
0
0
0
0
0
0
0
1.23213e-14
0
0
0
0
0
0
7.54519e-14
0
0
0
0
2.81422e-14
0
0
0
0
0
0
0
3.12065e-14
0
0
0
0
0
0
0
0
0
9.56806e-14
-3.78052e-14
-1.40748e-13
0
0
0
0
0
0
0
0
0
-3.17632e-15
0
1.79208e-14
0
0
0
0
0
0
0
0
0
2.0982e-16
0
0
-8.98108e-15
-5.32246e-14
0
0
0
0
0
0
0
-4.05645e-16
0
0
0
0
0
0
0
0
0
0
0
0
0
0
0
0
0
0
0
0
0
0
0
0
0
0
0
0
0
4.87225e-16
0
0
0
0
0
-2.93405e-14
0
0
0
0
0
0
0
0
0
0
0
0
0
0
0
0
0
0
0
0
0
0
0
0
0
0
0
0
0
-6.38232e-15
0
-5.25307e-15
-3.41914e-14
0
0
0
0
0
0
0
0
0
0
0
0
0
2.92542e-14
-2.46743e-14
0
0
0
0
6.43557e-29
0
0
-2.03117e-14
0
0
0
0
-1.19688e-14
-1.81995e-14
-2.01172e-13
0
0
0
0
0
0
0
0
0
0
0
0
0
0
0
0
0
0
1.03361e-15
3.66423e-14
-1.04291e-13
0
0
0
0
0
1.11564e-14
1.42365e-14
0
0
0
0
0
0
0
0
0
0
0
0
0
0
0
0
0
0
0
-2.86703e-15
-1.43839e-15
0
0
0
0
0
0
0
0
0
0
0
0
0
0
0
0
0
0
0
0
0
0
0
0
0
0
0
0
0
0
0
0
0
0
0
0
0
0
0
0
-2.87386e-15
0
3.18988e-14
0
0
0
0
0
0
0
0
-5.14845e-28
-4.83632e-14
-1.17037e-13
0
0
0
0
0
0
-5.14845e-28
1.03821e-14
-9.79697e-15
0
0
0
0
0
0
0
0
0
0
0
0
0
0
3.42487e-15
0
1.43606e-14
1.79442e-16
0
1.31778e-15
0
0
0
0
0
0
0
0
0
0
0
0
2.52129e-14
-3.92208e-14
0
2.51922e-14
0
0
0
0
0
0
0
0
0
0
0
0
0
0
0
0
-8.30253e-14
-5.60015e-14
0
0
0
0
0
0
0
0
0
0
0
0
0
0
0
1.26189e-14
-6.66963e-14
0
0
4.85637e-14
3.02778e-14
0
0
0
0
0
0
0
0
0
0
0
0
0
0
0
1.52292e-13
-9.20981e-15
0
0
0
0
0
0
0
1.36719e-14
-4.29049e-15
-2.0399e-14
0
0
0
2.91352e-14
-2.35046e-14
0
0
0
0
0
0
-4.26054e-14
-1.81831e-14
0
0
0
0
0
-1.26094e-15
0
3.12115e-14
4.97316e-14
4.7519e-14
1.26991e-14
9.17846e-14
-8.1583e-14
0
0
0
0
0
0
0
0
-1.03273e-14
0
0
0
0
0
0
0
0
0
0
-4.30861e-14
0
0
0
0
0
0
0
0
0
0
9.1789e-15
7.77564e-14
0
2.33208e-14
0
0
0
0
0
-7.66833e-14
0
1.59872e-13
0
0
0
0
0
0
0
0
0
0
0
0
0
-1.90317e-14
0
0
0
0
0
0
0
0
5.28694e-14
0
0
0
0
0
0
-1.10716e-14
0
0
0
0
0
0
0
0
1.80867e-14
0
0
0
0
0
0
0
0
0
5.08391e-14
-1.8334e-14
2.323e-14
-2.13772e-14
0
0
0
0
0
0
0
3.06205e-16
6.81506e-16
5.19674e-14
0
0
0
0
0
0
0
0
5.11332e-14
0
0
-5.54074e-15
0
0
0
0
0
-7.69228e-14
-2.08267e-13
-1.09161e-13
8.50705e-14
0
0
0
0
-8.99848e-14
-3.19712e-14
0
0
0
0
2.68235e-16
0
0
6.08824e-14
0
0
0
0
0
0
0
0
0
0
0
0
0
0
0
0
0
0
0
0
0
0
0
0
0
0
0
0
0
0
0
0
0
0
0
-8.96725e-14
0
0
7.48929e-14
7.48846e-14
0
0
4.04941e-14
0
-1.41525e-14
0
0
0
0
-4.10205e-14
-1.30042e-14
0
0
-5.67715e-14
0
0
0
0
0
0
-4.10582e-14
-1.82175e-14
4.65428e-14
-2.69413e-14
0
0
0
0
1.09808e-14
-4.0264e-14
0
0
2.38515e-14
0
0
0
0
0
0
0
0
0
0
0
1.99382e-16
0
0
0
0
0
0
0
0
0
0
0
0
0
0
0
0
0
0
0
0
0
0
0
0
0
0
0
0
0
0
0
0
0
2.25449e-14
0
0
0
0
0
0
0
0
0
0
0
0
0
3.38285e-14
0
0
-2.93153e-14
0
0
0
0
0
0
-2.80535e-14
0
0
0
0
0
0
0
0
-8.82104e-14
0
0
0
0
0
0
0
0
0
0
0
0
0
0
0
0
0
0
1.24672e-14
-1.57284e-14
0
6.91777e-14
0
0
0
0
0
0
0
0
0
0
0
6.84044e-14
0
0
0
0
0
0
0
0
0
0
0
0
0
0
0
-1.27499e-15
0
0
0
0
0
0
0
0
0
0
0
0
0
0
0
-5.79192e-14
1.68336e-14
0
0
0
0
0
0
0
0
0
0
0
0
0
0
0
0
0
0
-1.45184e-13
-1.46296e-14
2.88129e-14
0
0
0
-8.42384e-14
-3.09291e-14
7.00405e-15
-7.31129e-15
0
0
0
0
0
0
7.32413e-16
0
1.05172e-14
0
0
-1.51025e-15
-5.29831e-15
0
0
0
-1.76069e-14
0
0
-1.52476e-15
0
-2.96176e-15
0
0
0
0
0
0
0
0
0
0
0
-5.63731e-14
0
0
0
0
0
-8.26944e-14
0
0
0
0
0
0
1.40478e-14
0
0
0
0
0
0
0
0
0
0
0
0
0
0
0
0
0
0
0
0
8.59339e-14
-1.21405e-14
0
0
0
0
0
-4.07186e-14
0
0
0
0
0
0
0
0
0
-4.50101e-14
0
0
0
-3.82646e-14
0
5.31281e-14
-1.1154e-13
0
0
0
0
0
0
0
0
-4.04553e-14
0
0
0
3.64823e-14
-5.26434e-14
-9.73335e-17
-2.1303e-16
0
0
0
-6.89896e-16
0
0
0
-3.0243e-14
9.02217e-14
0
0
0
0
0
0
0
0
0
0
0
0
2.3288e-15
3.38233e-15
3.11695e-15
0
0
0
0
4.15224e-14
-8.7195e-16
0
0
0
0
0
0
0
0
0
0
0
0
0
0
0
0
0
0
0
0
0
0
0
0
0
8.42552e-14
1.10713e-14
-3.14685e-14
0
0
-5.35295e-15
8.43214e-14
0
2.94409e-14
1.24393e-14
0
0
0
0
0
0
0
0
0
0
0
0
0
0
0
0
0
0
0
0
-8.19223e-14
-2.97816e-14
0
0
-6.13533e-14
0
-1.68182e-14
4.21773e-15
0
0
0
0
0
0
0
0
-2.82368e-14
1.04284e-13
0
-8.19254e-16
0
-4.9904e-14
0
0
0
6.03438e-14
0
0
0
0
0
0
0
0
0
0
0
0
0
0
0
0
0
0
0
0
4.16202e-15
0
0
0
0
0
0
0
0
0
0
4.05644e-15
0
0
0
0
-1.29216e-28
0
0
0
0
0
0
0
0
0
0
0
0
0
0
0
0
0
0
0
0
0
0
0
-1.94225e-14
-2.83224e-14
-4.53573e-14
-1.68602e-13
0
1.5335e-14
7.80602e-15
0
0
0
0
1.90112e-14
0
0
0
0
0
-7.38238e-15
0
0
0
0
0
5.51485e-14
0
3.4835e-14
0
1.41993e-14
-1.93198e-14
0
-1.25577e-14
0
2.96379e-14
0
0
0
0
-2.91709e-14
0
0
0
0
-5.80379e-15
1.35249e-14
1.29468e-28
0
0
0
0
0
7.04569e-15
1.67641e-15
0
0
0
0
0
0
8.92969e-14
0
0
0
0
0
0
0
0
0
1.85929e-14
6.5904e-15
0
-2.45182e-14
5.03186e-14
0
0
0
0
0
-6.79986e-14
-2.84931e-14
2.69782e-14
0
-4.18221e-14
0
0
0
0
0
0
0
0
0
0
0
0
0
0
0
0
0
0
1.28082e-14
3.00288e-14
0
0
0
0
0
0
7.68044e-14
0
0
0
0
0
0
0
0
0
0
0
0
0
0
0
0
0
0
0
0
0
0
0
0
-1.9159e-14
0
0
0
0
0
0
0
0
0
-6.51128e-29
0
0
0
0
0
-5.91898e-14
0
0
0
0
3.13639e-14
0
0
0
0
0
-5.47239e-15
1.13773e-14
0
0
0
0
0
3.18843e-14
0
0
0
0
-7.14096e-14
0
1.0517e-14
0
0
0
0
0
0
0
0
0
0
0
0
-1.22732e-14
0
7.18949e-15
1.60979e-15
0
0
0
0
-2.01373e-14
0
0
0
1.2346e-15
0
0
0
0
0
0
0
0
0
0
0
0
2.56988e-14
7.61559e-15
-2.95123e-14
-1.14054e-13
0
0
0
1.81904e-14
4.25012e-14
0
0
0
0
0
0
0
0
0
0
0
0
0
0
0
0
0
0
-1.86255e-15
0
0
0
0
2.96599e-14
-2.24888e-14
8.71582e-16
0
0
-2.21102e-14
0
0
0
0
0
0
0
0
0
0
-2.33901e-14
0
0
1.68118e-14
1.02749e-14
-3.12376e-14
-1.14102e-13
0
0
0
0
3.80798e-15
2.50723e-14
0
0
-7.92442e-15
0
1.06846e-14
3.31558e-14
-2.63992e-14
0
-1.41876e-14
0
0
0
0
-2.43503e-15
-3.28033e-14
0
0
0
0
0
-1.16702e-14
-1.08342e-14
0
0
0
-1.31789e-13
6.48961e-14
0
0
2.60719e-15
3.63401e-15
0
0
0
0
0
0
0
0
0
0
0
0
0
-1.10468e-13
-4.41273e-15
0
0
0
0
0
0
0
0
0
0
0
0
0
-4.46653e-14
0
-9.7543e-29
0
0
0
0
3.95077e-14
0
0
0
0
0
0
0
0
0
0
0
0
0
0
0
2.40718e-14
0
-2.81849e-14
-5.80735e-15
-2.8095e-15
0
0
0
0
0
0
0
0
-7.69042e-14
-6.54483e-14
2.62888e-14
0
0
0
0
0
0
0
0
0
0
0
0
1.39872e-14
6.36879e-14
0
0
0
0
0
0
0
0
0
0
0
-2.6006e-14
6.8924e-14
0
0
0
0
0
0
0
0
0
0
0
0
2.29906e-14
-1.61836e-29
0
0
0
0
0
0
0
0
0
0
0
0
0
0
2.58937e-28
0
8.34349e-14
1.87677e-14
0
0
0
0
-5.52326e-14
7.8514e-14
0
0
0
0
0
-1.2588e-14
0
7.70524e-15
0
0
0
0
0
0
0
0
0
0
-2.03015e-14
0
-8.70831e-15
0
0
0
0
0
0
0
0
0
0
0
0
0
0
0
0
4.23852e-14
0
0
0
0
0
0
-1.45433e-14
2.00915e-14
0
0
-8.46976e-15
0
-1.96803e-14
-3.298e-14
0
0
0
1.17834e-13
-5.83958e-14
-3.024e-14
0
0
0
0
0
0
1.96641e-16
0
7.04838e-15
0
0
0
0
0
0
0
0
0
0
0
0
4.41188e-15
0
0
-2.05099e-14
0
0
1.6765e-14
0
9.75413e-15
0
0
1.14017e-13
0
0
0
3.30187e-14
1.83236e-14
0
0
0
0
0
0
3.2449e-15
-1.67123e-14
0
0
0
0
0
0
0
0
-1.51219e-14
0
3.13073e-14
-1.0046e-15
0
0
0
0
0
0
-1.51425e-30
0
0
2.57067e-14
0
0
0
0
0
0
2.76718e-14
0
0
0
0
0
0
0
0
0
0
0
0
0
0
0
4.25845e-15
-2.24182e-14
0
0
0
3.89957e-14
0
0
0
0
0
0
-1.00996e-14
0
0
0
0
0
0
0
0
0
0
0
0
0
0
0
0
0
0
-1.41106e-15
0
0
0
-2.56781e-15
0
0
2.78892e-13
3.90648e-14
-1.98868e-14
-4.4113e-15
0
0
-5.72292e-14
0
-2.56947e-15
0
0
0
0
0
0
0
0
0
0
0
0
0
0
0
0
0
0
0
0
0
0
0
1.22391e-14
-2.72156e-14
0
-1.4497e-15
0
0
0
-2.93915e-14
0
0
0
0
0
0
0
0
0
0
0
0
0
0
7.53646e-14
0
0
0
0
0
1.43603e-14
0
5.77765e-15
0
0
7.17772e-15
0
2.29388e-14
-3.045e-14
0
0
0
0
2.39777e-15
0
0
-3.05549e-14
-7.59955e-14
-6.09611e-14
0
0
0
0
0
0
-8.32232e-15
0
0
6.07292e-15
0
0
0
0
0
0
0
0
0
0
2.24346e-15
0
-2.20609e-14
0
0
0
0
0
0
0
0
0
8.89905e-14
-1.20962e-13
3.00237e-14
0
0
0
0
6.43557e-29
2.75875e-14
-6.07712e-14
1.77119e-14
0
0
-1.30844e-14
0
0
0
0
-1.84375e-14
0
0
0
-1.75098e-13
0
0
0
0
0
0
0
0
0
0
6.4545e-29
1.77689e-14
0
0
0
0
0
0
0
0
0
0
0
0
0
0
0
0
-1.03234e-14
-7.78001e-14
0
0
0
0
0
0
0
0
0
0
0
0
0
0
0
-3.48925e-14
3.82947e-14
0
0
0
0
0
0
0
0
0
-2.91102e-14
0
0
0
0
0
0
0
0
0
0
0
0
0
0
-8.23316e-14
0
0
0
0
0
0
-7.27907e-15
0
0
0
0
0
0
5.71316e-16
0
0
1.19731e-14
-1.58311e-14
2.87985e-15
-6.43557e-29
1.70292e-14
0
0
0
1.66585e-14
-8.38338e-15
0
0
0
0
0
0
-7.30907e-15
0
0
1.20246e-14
0
0
0
0
0
-1.38215e-14
0
0
-4.82804e-14
-4.39536e-14
0
0
0
0
0
0
0
-4.03303e-15
2.34619e-14
1.40435e-14
-4.22778e-14
0
0
-2.23168e-14
1.03304e-14
0
0
0
0
-5.42182e-15
-6.10126e-14
1.22858e-13
0
0
0
0
0
0
0
0
0
0
-5.29055e-16
0
0
0
0
0
1.86453e-15
0
-2.192e-13
-2.71622e-14
0
0
0
0
0
5.57405e-15
0
0
-3.33135e-29
0
0
0
0
0
0
0
0
0
0
0
0
0
-2.57423e-28
-2.67528e-14
0
0
0
0
0
9.0159e-14
-4.70282e-14
-3.14676e-15
-3.64257e-14
0
0
4.77087e-15
0
0
-5.24461e-15
-3.39601e-14
9.51733e-15
0
0
0
0
0
0
0
0
0
3.82766e-15
0
0
0
-3.18924e-15
0
0
0
-1.59498e-14
8.00395e-16
0
0
0
0
0
0
0
0
0
0
0
7.60968e-16
6.86402e-15
-1.30389e-15
0
0
0
0
0
0
0
0
0
0
3.85628e-14
-5.97619e-14
0
0
0
2.23637e-14
2.87559e-14
0
0
0
0
0
0
0
0
0
0
0
-6.47342e-29
0
0
-1.21517e-14
2.11451e-14
0
-5.02902e-16
0
0
-4.23336e-15
0
5.86515e-15
0
0
0
-9.24044e-16
0
0
0
-2.92637e-15
-1.55341e-13
0
0
0
0
0
-1.2909e-28
-2.6378e-14
0
2.82013e-14
0
0
0
0
0
0
0
0
0
0
-6.51128e-29
0
0
0
0
0
0
0
0
-4.57442e-14
-3.96463e-14
2.73635e-14
-5.1623e-15
0
0
0
0
0
0
0
-1.41465e-15
0
0
0
0
-8.88927e-15
-9.13226e-15
1.46426e-15
-3.05042e-15
0
0
4.13788e-14
8.24969e-15
-2.38672e-14
0
0
0
0
0
0
0
-9.78095e-15
0
0
0
0
0
0
0
0
0
0
0
0
0
0
0
0
-4.25367e-14
1.19733e-13
0
0
0
0
0
0
0
0
0
-1.38446e-15
0
0
0
0
0
0
0
0
-7.04863e-15
0
0
0
-2.16654e-14
0
0
0
0
0
1.77717e-13
2.00086e-14
0
0
0
-1.20742e-13
6.05105e-14
-2.58937e-28
0
0
0
6.95668e-14
0
0
0
0
0
0
0
0
0
0
0
0
2.69791e-14
0
0
0
0
7.3527e-15
0
0
0
0
0
0
3.20445e-14
2.08182e-15
0
0
1.35516e-14
0
0
-9.6837e-16
0
0
0
0
0
0
0
0
0
1.19868e-14
1.55225e-15
0
0
0
0
0
0
3.41802e-14
0
-9.29372e-15
0
0
1.99619e-14
0
0
0
0
0
0
0
0
2.43802e-14
0
0
0
0
0
0
8.48663e-14
0
-1.04161e-14
-6.49286e-14
0
0
0
0
0
0
0
0
0
0
0
0
0
0
0
0
0
1.11414e-14
0
0
0
0
0
0
0
2.63577e-15
0
0
1.84912e-14
0
0
3.21778e-29
1.80749e-15
0
-1.8739e-13
0
0
0
-2.32337e-14
0
0
0
0
0
0
0
0
0
0
0
0
-1.39493e-15
0
0
0
0
0
0
0
0
0
0
0
0
0
6.90483e-14
-3.67037e-14
0
0
-2.75546e-14
0
-1.15285e-14
0
-1.93156e-15
-1.46454e-14
0
0
0
8.37086e-14
-3.69751e-14
2.77413e-14
0
0
-1.50291e-14
-1.00369e-14
0
-2.38191e-15
0
0
0
0
1.84138e-14
3.34203e-15
-5.9638e-14
0
0
0
0
0
1.2061e-13
0
0
0
0
0
0
0
0
0
1.02231e-14
0
0
0
0
0
0
0
0
0
0
0
1.07079e-14
0
0
0
-2.68612e-14
0
0
0
0
0
2.76383e-14
-1.46112e-13
-2.38248e-14
0
0
0
0
0
0
0
0
-7.19116e-14
-1.03915e-14
0
0
0
0
0
0
5.6614e-14
0
-3.25163e-14
0
0
0
0
0
0
-4.58215e-15
7.3584e-15
0
0
7.05206e-14
-2.12568e-14
0
0
0
0
0
0
0
0
0
0
0
0
0
0
0
0
4.04203e-14
3.10293e-15
0
0
0
0
0
0
0
0
0
0
0
0
0
2.94435e-15
0
0
-2.2234e-14
1.70356e-14
-1.85563e-15
2.94598e-14
0
0
0
-1.87424e-13
1.07774e-14
2.2065e-14
0
0
0
-1.36456e-14
-1.71109e-13
-3.44898e-14
8.98e-14
7.06318e-14
0
0
0
0
0
0
0
3.28439e-14
-2.82894e-14
0
0
0
0
0
0
1.33194e-14
0
-3.97408e-15
0
0
0
5.47269e-14
-5.44901e-14
0
0
1.29578e-14
-5.02705e-14
0
0
0
-3.13195e-16
0
0
0
0
0
0
2.43354e-14
0
0
0
4.29708e-15
0
0
-7.00101e-14
0
0
-3.96693e-15
0
0
5.47941e-15
-7.26952e-14
-3.54724e-14
0
0
0
0
0
-2.96208e-15
0
0
0
0
0
0
0
-3.65198e-14
0
-7.85533e-14
0
0
2.29738e-16
0
0
0
-5.53585e-14
1.23068e-13
0
8.07601e-30
0
0
-8.60393e-14
1.57261e-13
0
0
3.83729e-14
0
0
-4.59229e-13
0
0
0
0
0
0
9.26031e-15
0
-2.80336e-15
7.66803e-15
0
0
6.00917e-14
-1.08285e-14
0
0
0
-2.01483e-15
0
-1.80489e-15
0
0
0
0
0
0
0
0
0
0
1.93734e-14
6.70572e-16
0
0
1.76828e-14
0
0
0
-2.29522e-14
-5.759e-14
3.88869e-14
0
0
1.54942e-14
-6.16221e-15
0
0
0
0
0
0
0
8.68588e-14
0
0
0
0
0
0
0
0
0
0
0
-2.73292e-14
-5.03716e-16
0
0
0
0
0
0
0
0
0
0
0
0
0
0
0
0
0
1.76556e-14
0
1.00263e-14
0
0
0
0
-4.47713e-16
0
0
-3.21953e-14
0
1.80679e-15
0
0
0
0
0
0
0
-5.34794e-15
0
0
0
0
0
0
0
0
0
0
0
0
0
0
0
0
0
0
0
0
0
0
0
0
0
0
0
0
-6.4545e-29
-1.11853e-14
0
0
0
-9.85046e-14
0
0
0
0
0
0
0
0
0
0
0
0
0
0
0
0
0
0
0
-3.56595e-14
0
0
-1.6967e-14
-2.68367e-14
0
-7.23974e-16
0
1.99961e-16
4.11128e-14
0
0
-8.56377e-16
-1.76205e-14
3.19206e-14
0
0
0
0
0
0
3.83625e-08
6.02732e-08
3.43597e-08
4.52686e-08
3.2481e-08
5.34391e-08
4.67147e-08
5.12881e-08
2.31091e-08
6.23997e-08
3.23609e-08
7.11686e-08
1.96168e-08
0
0
0
0
0
0
0
0
0
2.9909e-14
1.5991e-14
-1.23876e-13
0
0
0
0
0
0
0
0
0
0
0
-2.48072e-14
0
0
-2.14215e-14
-1.33727e-14
0
0
2.5818e-28
0
0
0
0
0
0
0
0
0
0
0
0
0
-8.76785e-14
0
0
-8.03834e-14
0
0
0
0
0
0
0
0
-2.40803e-14
5.84046e-14
0
0
-1.18601e-14
1.46941e-14
-1.58459e-14
6.31857e-15
0
0
0
0
0
0
0
0
0
0
-1.19056e-14
0
0
0
0
0
0
0
0
-3.32239e-15
0
0
0
0
0
0
4.52334e-14
-4.67733e-15
0
0
0
-1.5012e-15
0
0
0
0
2.31753e-08
4.99518e-08
0
0
-4.09142e-14
-1.83538e-14
3.15015e-14
-4.29866e-15
0
0
0
0
0
-6.23379e-15
-3.93845e-14
-3.13652e-14
0
-1.29468e-28
2.78745e-13
0
0
0
0
0
0
0
0
6.48076e-15
0
0
0
0
0
5.66017e-08
1.89832e-08
0
0
3.36827e-15
-3.87648e-28
0
-1.25951e-14
-1.98856e-14
-5.76634e-15
0
0
0
0
0
-2.75517e-15
-9.72814e-14
-5.40752e-14
0
0
0
0
0
0
0
0
0
0
0
0
0
0
0
0
0
0
0
0
0
0
-5.50726e-14
0
8.7445e-14
0
0
0
0
0
0
-5.82436e-14
0
0
4.7907e-08
3.29764e-08
-6.55839e-14
0
0
0
0
0
0
0
0
0
0
0
0
0
0
0
-2.93488e-14
-3.23671e-29
0
-3.0713e-15
5.08424e-15
-7.67371e-16
0
0
0
0
0
0
3.2388e-15
1.16654e-15
-8.33721e-14
-3.8264e-14
0
0
0
7.30488e-14
0
0
8.77059e-14
0
0
0
0
0
0
0
0
0
0
0
0
0
3.33177e-14
0
1.29754e-14
0
0
-1.82104e-15
0
0
0
0
0
0
0
0
2.24048e-08
6.71539e-08
5.77912e-08
2.93373e-08
0
-7.30989e-14
0
1.58996e-29
6.60894e-16
0
2.19288e-08
4.99226e-08
0
0
0
0
-2.77846e-15
0
0
0
0
0
0
5.83248e-15
0
0
0
0
0
0
1.12449e-13
-2.64512e-14
0
0
0
-1.22679e-14
0
0
0
0
0
0
-6.38468e-14
0
0
0
0
0
0
0
2.87632e-15
0
0
0
0
0
0
0
0
0
0
-4.54977e-15
0
0
0
0
0
0
6.18426e-08
1.49384e-08
0
0
0
-1.98368e-14
-3.58002e-14
0
0
0
0
0
0
0
0
0
0
0
0
0
0
0
0
0
0
0
0
0
9.0142e-15
0
0
0
-3.7398e-15
0
-6.95682e-15
-9.40495e-15
-8.28248e-14
0
0
0
0
0
3.66279e-15
-8.5985e-16
0
0
0
0
0
-7.54461e-14
0
0
0
0
0
0
0
0
0
0
0
-8.59643e-15
0
0
0
0
0
0
0
0
0
0
0
0
0
6.04157e-08
0
0
0
0
0
0
0
-1.00914e-14
4.08932e-14
0
-1.27348e-14
0
0
0
6.47342e-29
0
0
0
1.09061e-15
0
-2.61684e-16
0
0
1.53631e-15
1.07925e-15
9.69436e-29
0
0
-8.67338e-17
0
0
0
0
0
3.92221e-15
-9.31523e-15
-7.6229e-16
0
0
0
0
0
0
1.6478e-15
0
0
0
0
-2.37922e-15
0
0
0
0
0
0
-5.08296e-14
0
0
-4.91133e-15
0
0
0
0
0
0
0
0
0
0
1.75675e-14
0
0
-2.14035e-15
0
0
0
0
0
0
0
0
0
-7.36639e-15
0
-4.34913e-15
0
6.82537e-15
0
0
0
0
0
0
0
0
0
0
0
0
0
-1.81372e-14
3.43945e-14
0
3.28296e-14
-1.93842e-14
0
0
0
0
0
0
2.27682e-15
0
0
0
0
-6.71822e-14
0
0
1.61711e-14
0
-1.87244e-14
-6.40106e-14
0
0
0
0
0
-1.35382e-13
0
0
4.41721e-15
0
4.29011e-14
1.36341e-13
0
0
0
0
0
0
0
0
0
2.94649e-08
5.89321e-08
0
4.68983e-15
-3.24289e-15
0
0
0
0
0
1.2475e-16
0
0
1.25969e-14
-3.68708e-14
6.84806e-14
1.15163e-13
0
0
0
0
0
0
0
0
-6.78953e-15
0
0
0
0
0
0
0
0
0
0
0
-3.32568e-14
-1.95623e-14
0
0
0
0
0
8.28243e-15
0
0
0
0
0
-1.04339e-13
0
0
0
0
0
0
0
0
0
9.22554e-14
-3.40633e-14
0
-8.33316e-15
0
0
1.30243e-13
0
0
0
0
-5.39264e-14
0
0
0
0
0
0
0
6.60559e-14
0
0
0
0
0
-3.23734e-14
0
-2.03892e-15
0
0
0
0
6.21361e-15
-1.7125e-14
-7.20071e-14
0
0
0
0
4.02223e-30
-5.67552e-15
2.08916e-14
-1.06185e-14
0
0
0
0
0
-5.7186e-14
1.08625e-14
0
0
-7.35007e-15
0
0
0
0
0
0
-2.76025e-16
1.29745e-15
-3.72509e-14
0
-3.72318e-16
0
0
0
-5.43169e-15
0
0
-5.41974e-16
-6.70093e-14
0
6.1056e-15
0
0
0
0
8.62652e-15
-3.84561e-14
0
0
0
0
0
2.80938e-14
0
-3.08893e-14
-8.69911e-14
-3.68953e-14
0
0
0
0
0
0
0
0
0
0
1.60987e-14
0
0
0
0
0
0
0
0
0
0
-9.09182e-15
0
0
0
0
0
0
0
2.53906e-14
-3.25564e-29
0
0
0
-6.40281e-14
-1.12124e-13
0
0
0
8.85496e-16
4.47858e-14
-4.09765e-14
0
0
0
2.13987e-14
0
0
-1.19792e-14
1.59941e-14
0
1.40838e-13
-4.53741e-14
0
-4.66502e-14
1.47849e-14
-6.01662e-15
1.0435e-14
0
0
0
0
0
0
0
2.81486e-15
0
-1.88441e-15
0
0
0
0
0
0
0
0
0
0
0
0
0
0
0
0
0
0
0
0
-2.38104e-14
-1.0612e-15
0
0
0
9.83902e-16
0
0
0
0
0
3.8336e-14
2.94167e-14
3.62331e-14
2.2761e-14
0
0
0
0
8.20844e-15
8.89621e-15
0
0
0
0
0
0
0
0
-2.10779e-14
7.00912e-15
0
0
0
0
0
0
5.75444e-08
4.24148e-08
7.59086e-14
8.35979e-14
3.35115e-15
0
0
4.06423e-14
-1.73942e-14
1.90414e-14
7.8831e-15
-3.64165e-14
-1.29131e-14
0
0
0
0
0
2.5622e-13
-2.93758e-14
0
0
0
0
0
0
0
0
0
0
0
0
-3.60646e-15
0
3.24246e-15
0
0
0
0
0
0
0
-9.93037e-14
2.09651e-13
1.66806e-14
-1.26674e-14
-3.41139e-14
0
0
0
0
0
0
0
0
0
0
0
1.3423e-14
0
3.24195e-15
0
1.03966e-14
0
0
0
0
2.97084e-14
0
0
0
0
0
0
0
0
0
0
0
1.86998e-15
0
0
0
0
0
0
0
-1.27257e-15
-2.68188e-15
0
0
0
1.29692e-16
7.12456e-14
-2.35215e-14
0
0
0
0
0
0
0
0
2.87827e-14
4.49638e-15
0
0
0
0
0
0
0
0
0
0
1.1442e-14
1.1091e-14
0
0
0
0
0
0
0
5.40664e-15
0
0
0
2.38432e-14
1.69854e-14
0
-3.82679e-13
0
0
3.44409e-15
0
0
0
6.43557e-29
-1.49916e-14
-4.80688e-15
0
0
0
0
0
2.80716e-15
0
0
0
0
0
0
0
0
-3.12434e-15
-6.99548e-15
0
0
0
0
0
0
0
-1.38824e-14
0
0
3.04904e-15
2.90296e-15
0
0
0
0
-3.06291e-15
0
0
0
0
0
0
0
0
0
0
-1.9705e-15
0
0
0
0
0
0
0
-1.82118e-15
0
-9.93836e-16
6.7923e-16
0
8.66155e-15
-2.1849e-15
0
0
0
7.13854e-15
0
0
0
0
0
0
0
1.01147e-30
0
0
0
0
0
0
0
0
0
0
1.64406e-14
-3.36014e-15
0
0
3.19404e-14
-3.84811e-15
0
0
0
0
3.94481e-16
0
0
0
0
0
0
0
0
0
0
8.02915e-16
0
0
0
0
0
1.79825e-15
-2.55327e-14
0
0
0
0
0
0
0
0
0
0
0
0
0
0
0
0
0
0
0
0
0
0
0
0
0
0
1.15711e-15
0
0
3.09935e-15
-7.25049e-15
0
0
-7.49041e-14
-2.3737e-15
0
8.46113e-15
0
3.06435e-15
-2.89106e-15
-2.69434e-15
0
0
0
0
0
0
0
0
0
0
0
0
0
0
0
0
0
0
0
0
0
0
0
-4.67763e-15
3.31283e-15
0
0
0
0
0
7.38402e-14
-1.19823e-14
6.73169e-14
4.28549e-14
0
0
0
0
4.05256e-15
1.74529e-15
0
4.93912e-15
0
0
-4.1273e-15
0
0
-2.53148e-14
0
0
0
0
0
0
8.92957e-15
1.44468e-15
0
0
0
0
0
0
0
0
0
0
0
0
0
0
0
0
0
0
0
0
-1.92466e-14
0
0
0
-6.05241e-14
2.19455e-14
0
0
0
0
0
0
0
0
0
0
0
5.34097e-14
0
0
0
0
-2.4786e-14
4.1124e-14
8.35771e-16
0
0
0
0
0
0
0
0
0
0
0
1.35951e-14
8.1391e-30
0
0
0
0
1.21878e-15
6.04653e-15
0
0
0
0
0
0
2.27475e-13
0
-1.57882e-15
2.54768e-15
0
0
0
0
0
0
0
0
0
2.58558e-28
0
0
0
0
0
0
0
0
0
0
0
4.94508e-15
0
0
0
9.78548e-15
2.86356e-14
0
0
0
0
-8.91791e-15
0
0
0
0
0
0
0
0
0
0
0
0
0
-1.20922e-14
0
0
0
1.874e-15
5.09772e-15
-3.66669e-15
4.4063e-14
8.32203e-16
-7.7854e-15
0
0
0
0
0
1.18593e-14
0
0
0
0
0
0
0
0
0
0
0
0
0
0
0
-1.5525e-14
0
9.14765e-15
1.28766e-15
0
-1.08873e-15
3.53432e-15
0
0
0
0
0
0
0
0
0
0
0
4.48975e-15
1.71137e-14
0
0
0
0
1.38975e-14
0
-2.9681e-14
0
0
0
1.58996e-29
-8.48457e-16
0
0
0
0
0
-5.88888e-14
0
0
0
0
0
0
3.1978e-15
0
4.37998e-15
0
0
-6.13408e-15
-8.4669e-15
0
0
0
0
0
-2.84697e-15
-5.59504e-15
2.11992e-15
0
0
0
0
0
0
0
0
-1.42481e-16
9.28749e-15
-1.04759e-14
0
-1.27782e-14
0
0
0
0
0
0
0
0
-5.81558e-14
0
0
0
0
0
8.77499e-15
0
0
-1.92904e-14
0
0
0
0
0
0
0
0
0
-2.90601e-14
0
0
0
0
0
0
0
0
0
-1.15336e-14
-2.75753e-14
0
0
0
0
0
9.34188e-15
-1.12944e-15
0
0
0
0
0
0
0
0
0
-1.3831e-14
0
0
0
0
0
0
9.05956e-15
-8.09178e-30
0
0
0
0
1.58551e-15
0
0
-2.2258e-15
6.54634e-08
3.567e-08
-3.06467e-14
0
0
8.57987e-15
0
0
2.32464e-14
-1.94801e-15
0
0
0
0
0
0
0
0
0
0
0
0
0
-7.41266e-15
0
0
0
0
0
2.37916e-15
-1.5293e-14
0
0
0
0
0
0
-2.95547e-14
0
0
0
0
0
-3.38741e-14
0
0
0
0
0
0
0
-2.13939e-13
0
0
0
0
0
-3.04337e-15
0
4.06453e-15
-2.14629e-15
0
0
0
0
0
0
0
0
0
0
0
0
0
0
0
0
0
0
3.10247e-16
9.4698e-17
2.64915e-15
0
-1.60922e-15
-7.64455e-15
6.93195e-15
0
0
-4.50722e-15
0
0
0
0
0
0
-1.39917e-14
8.68584e-15
0
0
0
0
0
0
0
0
0
0
0
0
-7.78376e-17
0
0
0
0
0
0
0
0
0
0
0
0
0
-4.39703e-14
0
4.92328e-16
-7.50884e-16
0
0
0
0
0
0
0
6.43176e-15
0
0
0
0
0
1.15839e-14
-6.08758e-16
0
0
0
0
0
0
0
2.93918e-14
0
0
0
0
-8.05265e-15
0
-7.35998e-16
0
0
0
-9.2182e-16
0
0
0
0
0
1.38423e-15
-3.64613e-15
-1.94029e-14
0
0
0
0
0
0
0
0
0
0
0
0
0
0
0
0
0
0
0
1.51377e-16
0
0
0
0
0
0
0
0
0
0
0
-5.44184e-14
0
0
0
0
0
0
0
0
-1.71083e-14
0
0
0
0
0
0
0
2.90308e-15
0
0
0
0
0
0
0
0
0
0
0
0
0
0
0
8.90938e-15
7.98511e-13
0
0
0
0
0
0
0
0
0
2.49088e-15
0
-2.49412e-14
0
0
0
0
0
-2.60437e-15
-2.88012e-14
2.85215e-13
0
0
0
-4.24887e-14
0
0
0
0
0
0
0
0
0
0
0
0
1.11331e-15
0
-2.89751e-14
-2.54313e-14
1.72015e-14
0
-3.23671e-29
0
-1.26712e-15
-1.36679e-12
-2.63143e-12
0
0
0
0
0
0
0
0
0
0
0
0
-8.04446e-30
-1.52233e-13
0
0
0
0
0
0
1.23708e-12
0
0
0
0
0
0
0
0
0
5.4047e-16
2.78687e-16
0
0
0
-4.50139e-14
0
0
-7.75505e-16
0
0
0
0
0
0
0
0
0
0
0
0
0
0
-1.02878e-14
0
0
0
0
0
-1.36779e-14
3.46207e-14
1.57734e-32
2.32659e-15
-8.29821e-16
0
0
0
0
-2.30649e-14
0
0
0
0
0
0
5.36965e-13
-7.04257e-14
0
0
8.39169e-14
0
0
-4.69357e-14
0
0
0
0
0
0
0
0
1.45936e-16
4.17182e-16
0
0
0
0
4.51278e-15
0
0
-5.08045e-15
0
0
0
0
0
0
0
0
0
-1.01935e-14
0
0
0
-6.67951e-15
0
0
0
0
0
0
8.31294e-15
0
0
0
0
0
0
0
0
0
0
0
0
0
0
0
0
3.84807e-15
9.88988e-14
1.38286e-15
-3.05178e-16
0
0
0
0
0
0
0
0
0
3.53536e-15
0
0
0
0
0
0
0
-4.60739e-15
-9.74103e-14
0
0
0
0
0
-9.80011e-15
1.68225e-14
0
0
0
0
0
0
0
0
-6.38975e-15
0
0
0
0
0
0
0
0
0
0
0
0
0
0
0
0
0
0
-2.76894e-15
-1.73637e-14
0
0
0
0
1.41756e-14
0
0
0
0
8.36313e-15
1.68823e-14
1.01434e-14
-8.15788e-15
6.01559e-15
0
0
0
0
-8.42677e-14
0
0
0
0
0
0
0
0
-3.12068e-16
1.78952e-14
0
0
0
-5.85618e-14
2.0801e-15
0
0
0
0
0
0
0
0
0
0
0
4.80735e-15
0
0
0
0
0
0
-5.79255e-15
0
0
0
0
0
0
3.55629e-14
0
8.3911e-16
5.25412e-16
-2.69864e-14
1.68536e-14
0
0
0
0
0
0
0
0
0
0
0
0
0
0
-1.07946e-13
0
0
0
0
0
0
0
-3.72699e-13
6.23612e-13
0
0
-9.11835e-15
0
0
0
0
0
0
0
0
0
0
2.67698e-14
5.97858e-14
-9.38754e-17
0
0
-3.81752e-14
0
0
6.27863e-15
0
0
0
0
0
3.68295e-14
0
0
0
0
0
0
0
0
0
0
0
0
0
0
4.97368e-16
-7.06023e-15
0
0
0
0
0
0
1.66926e-14
0
0
0
0
0
0
0
0
0
0
0
0
-6.57069e-15
0
0
0
0
-1.38213e-14
0
0
4.43705e-15
-1.06668e-15
0
0
0
0
-1.1366e-15
0
8.40465e-15
0
0
0
0
0
0
0
0
0
7.19952e-15
9.22414e-15
-1.03764e-14
0
0
0
0
0
0
0
0
0
0
2.15038e-15
6.66469e-15
3.18815e-15
0
0
0
0
0
0
0
0
0
0
0
0
1.53935e-14
0
0
0
0
0
-1.87038e-15
-5.44047e-15
0
-1.10793e-14
0
0
0
0
0
0
1.58996e-29
0
0
0
-2.03167e-14
0
-4.31287e-14
0
8.46678e-14
1.7842e-13
-1.47372e-13
1.28973e-13
5.30327e-14
0
0
0
1.62756e-15
0
1.24708e-17
0
0
0
0
0
2.66219e-14
-1.61836e-29
0
0
0
0
0
0
0
0
0
0
0
0
0
0
0
0
-2.0975e-14
-1.69259e-13
0
0
0
0
0
6.47342e-29
0
0
1.89561e-15
0
0
0
0
0
0
0
3.10186e-15
0
0
0
0
0
0
0
-2.50723e-15
0
0
0
0
0
0
0
0
0
0
0
0
5.99913e-14
-1.6626e-14
0
0
0
-7.98036e-14
7.43424e-14
0
0
0
0
0
0
0
0
0
-6.77792e-14
0
0
0
0
0
3.8545e-14
1.76342e-14
0
0
0
0
0
0
0
0
0
0
0
0
0
0
7.37674e-15
-2.01218e-15
0
0
0
0
0
7.73849e-14
-3.33135e-29
0
0
0
0
-5.81699e-15
0
0
0
0
-5.91951e-17
0
0
0
0
0
0
7.23181e-15
0
0
3.23198e-29
4.61237e-15
0
0
0
1.45075e-15
0
0
5.70173e-16
0
0
0
-4.07912e-16
0
0
0
0
0
8.04785e-16
0
0
6.5962e-14
-1.26321e-14
1.24636e-14
-6.73262e-16
-8.76586e-16
7.7763e-16
0
1.01147e-30
5.48492e-16
0
0
0
0
0
1.35229e-13
0
1.03578e-14
0
0
0
0
0
0
0
0
0
0
0
0
0
3.72098e-16
0
-2.90568e-16
3.33861e-15
2.98265e-14
0
0
0
0
4.13898e-14
0
0
0
0
0
0
6.04347e-14
0
0
0
1.25299e-16
-3.63159e-15
0
5.56822e-16
0
0
0
0
0
3.28751e-16
-3.62148e-16
0
0
0
5.93913e-16
0
3.71308e-14
-7.27047e-15
0
0
0
1.31835e-14
-5.38552e-08
-1.32929e-13
3.91634e-14
0
0
0
0
0
0
5.33431e-14
0
0
0
0
1.08249e-14
-6.49245e-15
-1.07536e-13
0
0
0
0
0
0
-3.97752e-14
0
0
0
-3.25564e-29
-7.47928e-15
0
0
0
0
0
0
0
0
0
0
-8.73361e-15
0
0
0
7.66352e-15
4.19117e-15
-9.30571e-15
0
1.10515e-14
0
0
0
-6.80755e-16
-5.41267e-15
0
-1.89046e-15
0
0
0
-4.7715e-15
-6.29565e-14
-8.67013e-15
0
0
0
0
-2.8652e-14
0
0
0
0
0
0
0
0
0
0
0
0
8.41768e-16
2.0735e-15
0
0
0
-3.85875e-16
2.35943e-16
0
0
0
0
5.42336e-16
-1.23716e-15
0
0
0
0
0
0
0
0
0
0
0
0
0
0
0
0
-4.08714e-14
-7.78827e-15
1.43212e-14
0
0
0
-4.49751e-16
7.65282e-08
0
0
0
0
0
0
0
0
0
0
0
0
0
2.51394e-15
-2.89776e-15
0
0
0
0
1.38453e-14
0
0
0
0
5.55534e-14
0
0
0
0
0
0
0
0
0
0
0
1.01405e-13
3.3888e-14
0
0
0
0
0
0
0
-1.02613e-13
0
-1.32975e-16
-9.6508e-17
6.51982e-16
6.40062e-12
0
0
0
0
0
0
-2.75273e-15
0
0
0
0
4.34738e-14
-4.32869e-15
0
0
0
2.53006e-15
-2.56917e-15
0
0
2.33236e-15
1.28341e-15
0
0
0
0
0
0
0
0
0
-1.6687e-13
0
-6.00713e-15
0
1.94129e-14
0
0
4.83556e-16
0
1.8928e-16
-7.934e-18
-1.63442e-14
0
0
1.13235e-15
-7.75521e-16
0
0
0
0
-1.02084e-14
2.80384e-14
0
0
0
0
0
0
-2.82507e-15
0
0
0
0
0
-4.74004e-15
0
0
0
0
5.48146e-15
1.61836e-29
1.23416e-16
-9.02235e-16
-1.60266e-16
-2.01703e-30
3.39461e-16
3.04798e-16
0
-9.70199e-16
1.71146e-14
-6.29736e-15
0
2.21805e-13
-4.56254e-15
0
0
0
0
0
0
0
0
4.15908e-15
1.26773e-14
0
2.43143e-14
0
0
0
0
0
9.01094e-15
0
4.17193e-15
0
0
-1.43727e-15
5.21937e-12
0
1.82285e-16
0
0
0
3.97172e-15
0
0
0
0
0
0
4.91196e-14
1.31105e-14
0
0
0
0
0
0
0
0
0
0
0
0
0
0
0
0
5.78776e-15
-1.61599e-29
0
1.20128e-14
2.84144e-14
0
0
0
0
0
4.3522e-15
0
0
0
0
-3.84305e-14
-8.75942e-15
0
0
-5.89097e-14
1.46475e-15
3.94843e-17
0
0
0
0
-1.73699e-14
0
-3.55359e-15
0
0
0
-1.36817e-14
-1.09622e-13
-4.40982e-14
0
0
0
0
0
0
0
0
0
0
0
0
0
0
0
-7.03785e-15
0
0
0
0
0
-2.30643e-14
4.30215e-14
0
0
0
0
0
0
0
0
0
0
0
0
0
0
0
0
0
0
6.26084e-17
0
0
0
0
0
0
-4.3579e-14
0
0
0
0
4.72528e-15
0
0
2.05156e-15
0
0
0
0
0
0
0
1.39059e-13
3.4677e-14
0
0
0
0
0
0
0
0
0
0
0
-1.21718e-14
1.66518e-08
0
0
0
0
0
0
0
0
-2.40048e-15
-1.2158e-15
0
0
0
-5.38861e-08
-9.73094e-13
0
0
-1.54695e-13
0
0
0
0
-1.44271e-14
0
0
0
0
0
-1.35769e-16
0
0
0
0
0
0
0
0
0
0
3.29278e-16
-2.00323e-30
-4.02544e-08
7.19014e-14
4.66894e-13
0
2.57704e-13
-4.36213e-14
0
0
0
0
-1.99787e-16
-2.10649e-16
0
0
0
0
0
0
0
1.00556e-30
0
0
0
0
0
1.29213e-16
0
0
0
0
0
0
0
0
-5.10117e-14
0
0
0
0
0
-1.22357e-15
0
9.76528e-15
0
0
0
0
0
3.51924e-14
0
0
0
0
0
0
1.45777e-14
0
0
0
0
2.60254e-15
-2.20249e-14
0
0
0
0
0
-1.58119e-14
6.03854e-14
2.8908e-14
0
2.41637e-14
0
2.60948e-15
0
0
0
-1.41563e-15
-5.63066e-15
0
0
3.22331e-14
-2.27079e-14
-2.91796e-15
0
0
0
1.93854e-14
0
0
0
0
-6.87194e-14
0
0
0
-9.30831e-16
8.79646e-14
1.28823e-14
0
0
0
0
0
0
0
2.42553e-14
0
0
0
2.47041e-14
-3.59632e-14
-6.32498e-15
0
0
0
0
0
0
0
0
0
0
0
0
0
0
0
0
0
0
0
0
0
0
0
0
0
0
-1.27496e-13
0
4.31567e-15
0
-5.15777e-15
-1.07071e-14
-8.70739e-16
0
0
0
0
0
-2.99557e-15
0
0
2.02754e-15
-3.45616e-14
0
-2.4883e-15
0
3.17993e-29
8.25656e-15
0
5.43987e-14
0
-3.19743e-15
-1.72983e-14
0
0
0
4.64621e-15
0
0
0
0
0
0
0
-4.33655e-08
4.6144e-14
0
0
0
0
-3.08555e-14
0
0
-3.26635e-15
6.60984e-13
0
-1.13137e-14
0
0
0
0
0
0
0
0
0
2.01585e-29
-5.05588e-15
0
0
0
0
0
0
0
0
0
0
0
0
0
0
0
0
0
0
0
-6.56556e-08
0
0
0
-4.34491e-15
-7.36713e-14
0
0
0
0
0
-6.14454e-14
0
0
0
0
0
0
0
0
0
1.63837e-14
0
0
0
0
0
0
0
0
0
7.13016e-14
4.07337e-14
0
0
2.84726e-14
0
5.57813e-15
0
3.54609e-16
4.72497e-16
0
0
0
0
6.85615e-14
0
0
0
4.46295e-14
0
8.66423e-15
-1.75776e-14
0
0
0
0
-4.05095e-16
0
0
0
0
2.28118e-15
0
-6.27984e-15
0
0
0
0
0
-5.61856e-14
-2.45246e-13
0
0
0
0
0
0
-4.42101e-14
5.31158e-15
0
0
0
0
0
1.65248e-15
0
0
-1.53085e-14
0
0
0
0
5.71101e-08
0
0
0
-9.90139e-14
0
0
0
0
0
0
0
0
0
0
0
0
0
0
0
0
0
-6.06548e-15
5.01624e-14
0
0
0
2.15838e-15
0
0
0
0
0
1.59986e-14
0
0
0
0
0
0
4.15298e-14
1.48087e-15
0
0
0
0
0
0
0
0
0
8.61333e-14
8.58527e-16
0
0
-9.97148e-15
0
-2.645e-14
0
0
0
0
0
0
-6.45161e-15
-1.9183e-14
0
0
-6.21542e-15
3.73097e-14
1.48029e-14
2.39761e-14
-3.39016e-15
3.08047e-15
-2.45479e-14
0
0
0
0
0
0
0
0
0
0
-1.70147e-14
3.36891e-15
-2.96619e-15
5.48275e-15
5.71399e-16
0
0
0
0
5.30974e-14
0
5.92492e-16
0
0
0
-1.00828e-14
0
0
-1.23936e-14
0
0
1.5396e-14
0
0
0
0
2.85829e-15
-1.79079e-12
0
0
0
0
0
0
0
-1.42529e-15
0
0
-1.35148e-14
0
0
0
0
0
0
0
0
2.42621e-15
0
0
-1.26602e-14
-2.7496e-14
7.38403e-15
-6.51798e-15
0
0
0
0
0
0
0
0
0
0
-2.58937e-28
0
0
0
0
0
0
0
0
0
0
0
0
2.09132e-14
-3.56403e-15
0
0
0
-7.59305e-14
0
3.27157e-15
0
0
0
2.14944e-15
0
0
0
0
0
0
0
0
-1.03369e-15
0
0
0
0
-5.31946e-16
0
0
0
0
0
0
0
-1.53578e-15
2.74741e-15
-2.16314e-14
5.49385e-15
1.37393e-15
0
0
0
0
0
0
0
0
0
0
0
0
-5.15671e-14
-4.10482e-14
2.66117e-15
0
0
0
-6.95129e-14
0
0
0
0
0
0
1.07026e-13
-2.45632e-14
0
-8.52466e-15
0
-5.92824e-08
0
0
0
0
2.79643e-14
-1.09588e-14
1.65795e-14
0
0
0
3.56749e-14
0
0
0
-9.28809e-15
0
0
0
-1.01147e-30
0
0
0
0
0
-4.49449e-14
0
-1.25645e-14
0
0
-3.14311e-16
0
0
1.90433e-14
-2.88588e-15
0
-1.35617e-14
0
0
0
0
0
0
0
0
0
0
0
0
0
0
0
2.57276e-14
4.12514e-14
0
0
0
0
-2.67474e-14
0
0
0
0
2.55579e-14
0
2.85948e-14
0
-2.85171e-08
0
0
0
-7.79526e-16
0
0
0
0
-4.85487e-14
0
-1.77228e-14
0
-4.84689e-14
-6.25882e-15
0
-2.25095e-15
0
0
0
1.34416e-15
0
0
-5.76117e-16
-8.17309e-15
0
0
0
1.31353e-13
0
0
0
2.15198e-14
0
1.67217e-14
0
-6.32789e-14
6.5304e-14
0
0
0
0
-2.05869e-14
0
0
0
-4.97149e-08
0
0
0
0
0
0
0
0
0
0
0
-4.25704e-14
0
0
5.02732e-08
0
0
0
0
0
0
2.8066e-16
0
0
1.78216e-14
0
0
0
0
0
3.03339e-08
0
0
0
2.00669e-15
1.11424e-13
0
-4.31047e-15
-3.98095e-14
-5.52304e-14
3.2515e-13
0
0
0
0
0
5.5104e-14
-3.86576e-14
-1.02156e-13
-9.77296e-15
0
0
0
0
2.57927e-28
4.08075e-14
0
0
0
-2.2837e-14
0
0
0
0
0
0
0
0
0
0
0
0
0
0
3.66551e-15
-1.53981e-15
0
-1.76454e-14
-8.56838e-15
0
7.37455e-15
0
0
0
-2.03544e-14
0
0
0
-1.05921e-14
0
0
3.03575e-15
9.962e-15
0
0
-2.91929e-15
2.12329e-14
0
0
0
0
0
0
0
6.33228e-14
0
0
0
2.26348e-14
0
0
2.59398e-15
1.87225e-15
0
0
0
-5.16305e-14
-2.01569e-14
4.81842e-15
0
0
3.85314e-15
0
5.7285e-15
0
0
0
0
0
-4.2586e-15
0
0
0
0
0
4.7412e-15
6.96422e-16
0
0
0
0
0
0
0
0
0
-6.76399e-13
0
0
0
0
7.77726e-16
-1.33574e-15
0
0
0
9.34546e-16
0
3.52498e-16
0
0
0
0
0
0
0
0
0
0
0
0
0
-4.9279e-16
0
-1.78474e-14
-7.16982e-15
0
0
-9.16839e-15
0
0
0
0
0
0
0
1.04386e-14
-3.4552e-14
0
5.27579e-14
0
-1.02328e-15
0
-1.05498e-14
-1.29474e-14
0
0
0
0
2.76985e-14
0
0
0
0
0
0
0
0
0
0
0
0
0
0
0
0
0
0
0
2.30746e-15
0
0
0
0
8.93173e-16
2.69564e-14
-2.46077e-14
-1.29585e-13
0
0
0
0
0
8.87475e-15
1.40535e-14
0
0
0
0
0
0
0
0
0
0
0
-1.0919e-15
0
0
0
-5.9781e-15
1.93824e-28
0
5.51012e-15
0
0
5.52326e-15
1.21808e-14
1.48787e-16
8.86018e-17
0
0
0
5.30274e-14
0
-1.57556e-15
0
0
-1.06931e-13
2.86091e-14
0
-7.0316e-16
0
0
0
0
0
0
0
0
0
0
0
0
3.79191e-15
0
0
0
0
0
0
0
-3.31633e-14
0
0
-2.35556e-14
-8.75549e-14
0
0
0
0
0
0
0
0
0
0
0
0
0
0
0
0
0
0
0
-1.23551e-14
0
-6.55949e-16
-1.10691e-13
-8.10277e-14
0
0
0
-3.25424e-15
0
5.13414e-15
0
2.02294e-30
0
-1.48104e-13
0
-2.70762e-14
0
0
0
0
1.10793e-15
0
0
0
0
0
0
0
-1.11778e-15
1.04359e-13
-4.31664e-16
3.29352e-14
0
0
0
0
0
0
0
0
0
0
0
0
0
4.77908e-14
-1.03366e-13
0
0
0
0
6.52792e-15
2.60503e-15
0
0
0
0
7.51416e-14
3.80238e-14
-2.10473e-14
0
8.03146e-17
0
-7.93522e-15
0
0
0
0
0
0
-9.67882e-16
2.82333e-14
0
-5.22443e-14
0
0
1.00518e-12
-3.06834e-08
1.87795e-14
0
0
0
0
3.44282e-15
0
0
5.81042e-14
-7.28714e-15
2.29882e-14
1.45254e-12
0
0
0
0
0
-3.57057e-14
-2.84489e-15
0
-5.06636e-16
0
0
0
0
0
0
0
0
0
0
-4.12547e-16
0
0
0
0
0
0
0
0
0
0
-4.3556e-14
1.01322e-14
0
0
0
-5.08604e-15
0
0
-3.09104e-14
0
-1.17233e-14
0
0
0
0
0
0
0
0
0
0
0
0
0
0
0
0
-2.87646e-14
0
0
0
0
0
0
0
0
0
0
0
-1.86812e-14
1.08643e-13
0
0
0
-7.85957e-16
8.59411e-16
-9.91267e-15
2.77588e-14
0
0
0
-7.15532e-14
-1.03314e-15
0
0
0
0
-2.54511e-14
-3.41103e-16
-3.81586e-15
0
0
0
-2.97425e-14
0
0
-3.0533e-14
0
0
0
-8.30967e-16
0
0
0
0
0
0
0
-5.81023e-15
1.63985e-15
2.71782e-15
0
0
0
6.40861e-15
0
0
0
0
0
0
0
0
6.35771e-15
2.2923e-15
-8.73479e-15
0
0
0
0
0
-4.17295e-14
0
-3.36446e-16
0
0
0
0
0
0
0
0
0
4.99473e-15
-1.30241e-15
0
2.07125e-14
0
0
-3.29202e-08
0
0
0
0
0
0
0
0
0
-4.16073e-15
1.84971e-14
0
0
2.9435e-14
0
-1.0121e-14
-9.59155e-15
0
0
-2.97697e-14
0
0
2.51453e-15
2.93646e-15
0
0
0
-1.50871e-14
6.10454e-15
0
0
0
3.25564e-29
0
0
-5.2775e-15
0
0
0
-3.77325e-14
0
0
0
0
0
0
0
0
0
0
0
0
0
0
3.98926e-15
0
0
0
-6.36296e-14
5.98097e-14
0
0
0
0
0
0
0
0
9.40341e-15
0
6.43056e-16
0
-7.12946e-16
0
0
0
0
0
0
-2.40697e-15
0
0
0
-1.05778e-14
0
0
0
0
0
0
0
0
0
0
0
3.6784e-15
0
0
-1.2389e-15
1.78067e-14
0
0
0
0
0
0
0
-6.76277e-15
1.18047e-14
-1.74745e-14
0
-1.23598e-15
0
0
0
0
0
0
0
0
-6.5315e-14
8.27921e-14
0
-1.89158e-14
4.02403e-14
1.93824e-28
0
0
0
-5.32316e-16
1.7693e-14
0
0
0
0
4.22299e-14
0
0
-3.36125e-14
0
0
0
0
0
5.195e-14
0
0
0
2.03627e-14
7.84488e-15
0
0
-4.61049e-16
0
0
0
0
0
0
0
0
4.25297e-13
0
6.55473e-15
0
0
0
1.2036e-14
0
0
0
2.21824e-14
0
-4.16326e-15
0
0
0
0
0
0
-4.70186e-15
7.10848e-15
0
0
0
-4.26191e-14
0
0
0
0
-9.53804e-15
0
-2.81071e-14
0
0
0
0
0
0
0
0
0
0
0
0
0
0
0
0
0
0
0
0
7.1679e-15
0
7.63628e-14
-7.52469e-14
0
0
0
0
0
0
0
0
0
0
0
-1.36251e-14
0
0
1.79978e-13
3.97129e-14
5.94043e-14
0
0
0
0
0
0
-2.27153e-15
7.28551e-15
0
0
0
0
0
0
0
0
0
0
0
0
0
0
0
0
0
0
2.21001e-14
0
0
0
0
0
4.67202e-14
5.03708e-14
0
0
0
-3.31813e-13
0
0
0
0
0
0
0
0
0
0
0
-1.29866e-14
0
0
0
0
-9.63145e-15
0
0
0
0
0
-1.21211e-15
-3.0786e-14
1.05361e-15
0
0
-4.80767e-15
0
8.75539e-15
1.4167e-14
-3.01535e-14
0
-1.22766e-15
-1.29077e-15
0
0
7.4535e-14
1.37947e-14
0
0
0
0
0
8.66415e-15
0
0
-3.10688e-15
-2.83297e-15
0
-2.72705e-15
0
0
2.73218e-16
0
0
-1.94017e-14
0
0
0
0
0
0
-1.28086e-14
0
0
0
0
3.03928e-15
5.10352e-15
0
-1.20424e-15
0
-8.34393e-15
0
0
0
0
0
-2.91945e-16
0
1.26174e-14
0
0
-1.72594e-14
9.39118e-15
1.55514e-14
0
0
0
0
4.97659e-14
0
0
0
0
0
0
0
1.65877e-14
0
0
0
-3.38551e-14
1.60889e-29
0
0
0
0
0
0
0
-2.71839e-14
0
0
0
0
0
0
2.13183e-14
4.24218e-14
0
0
0
0
-5.4998e-14
0
-1.5423e-14
0
0
1.37186e-15
0
0
0
1.89655e-14
0
-1.06854e-13
0
0
0
0
0
0
0
0
0
2.49984e-14
1.72654e-14
0
7.4109e-15
4.65745e-14
0
0
0
0
2.45917e-14
0
7.43463e-15
0
0
0
0
0
1.77673e-14
-1.38759e-13
0
1.93257e-14
8.06242e-16
0
0
0
-1.44248e-14
-3.09472e-14
0
1.3356e-15
0
1.19871e-14
0
0
0
0
0
0
0
0
0
0
0
-6.34002e-16
0
0
6.5918e-15
0
0
0
0
0
2.13334e-15
-7.28399e-15
5.06316e-15
3.90534e-15
-2.33895e-14
0
7.04107e-16
3.83246e-14
0
0
0
0
4.29734e-14
0
0
0
0
0
0
0
0
0
0
0
0
0
0
0
1.2747e-15
-6.057e-30
0
0
-7.95768e-14
0
0
0
-1.61722e-14
1.69479e-15
0
0
-1.74184e-16
3.09656e-16
0
0
0
-8.90069e-15
6.52359e-15
-1.21899e-14
0
-3.02284e-15
0
0
0
0
0
0
0
0
-5.32993e-14
0
0
1.4689e-14
0
0
0
0
0
1.29766e-14
-9.7929e-15
0
0
-6.75573e-14
1.56912e-14
0
0
0
0
0
-6.84417e-15
-1.38555e-14
0
0
0
0
-4.45631e-14
0
0
0
0
0
0
0
0
0
0
0
0
0
-1.45893e-15
0
1.97692e-14
0
0
2.01865e-14
0
8.85665e-16
0
1.07286e-15
0
0
0
0
0
0
-3.01725e-15
0
0
0
0
1.08715e-17
0
0
-7.09361e-14
0
0
-2.79667e-15
0
0
0
0
0
0
0
5.82273e-14
0
8.11135e-15
0
0
0
9.05417e-14
2.25875e-13
0
0
2.8081e-14
1.09599e-13
0
-2.80942e-14
-3.69532e-15
1.21353e-13
0
3.97491e-30
6.80503e-15
0
0
0
0
0
-8.11228e-16
0
0
0
-2.45678e-15
-2.90494e-14
0
0
0
0
0
-6.6495e-14
7.80592e-16
-7.36066e-16
0
0
-5.06887e-14
0
2.07571e-13
0
0
-9.76772e-14
1.27773e-17
0
0
-3.20516e-29
1.03981e-15
0
0
0
0
0
0
1.19063e-14
0
0
0
-3.58671e-15
1.80148e-13
2.19297e-13
0
0
5.05604e-14
-6.54799e-14
7.05649e-16
1.83072e-14
1.8035e-14
0
0
-2.53694e-15
0
0
0
0
0
-6.43557e-29
5.54181e-15
0
9.75682e-14
0
0
0
0
0
7.07841e-16
0
0
0
0
9.84051e-15
1.35868e-14
0
0
0
0
0
4.37963e-15
0
0
0
-6.24447e-15
0
0
-2.52375e-31
0
0
0
3.93111e-15
2.36988e-14
0
-4.65076e-16
0
0
0
-4.6924e-15
0
0
2.01458e-14
0
0
3.81942e-15
0
0
0
0
0
-4.89874e-16
0
0
0
0
0
0
0
0
0
0
0
0
0
0
0
0
0
0
0
0
0
-6.07355e-15
0
0
0
-1.74529e-14
0
-7.88672e-33
3.59012e-16
2.45951e-18
0
0
0
0
5.74614e-16
0
0
0
0
0
-3.34405e-14
0
2.37765e-14
0
-2.49172e-14
1.72429e-14
0
0
-1.9176e-13
0
0
0
0
0
8.06318e-14
0
0
0
0
6.88719e-14
6.48073e-15
0
0
0
0
0
0
1.63899e-15
-1.94086e-14
0
0
-9.49372e-15
0
0
0
0
0
0
0
0
1.58258e-14
-1.1096e-15
0
-1.98465e-13
0
0
0
0
0
0
0
-1.05398e-14
0
0
0
0
5.60667e-14
-2.65517e-16
0
0
-8.63616e-14
0
0
0
-2.84122e-14
1.01444e-14
-1.00451e-14
-2.43195e-14
0
-1.62782e-29
0
-3.02409e-14
0
0
0
0
0
0
0
-8.51864e-15
0
0
0
0
7.98289e-15
0
0
0
0
-1.99099e-13
0
-3.61196e-14
5.42026e-16
0
-2.03536e-14
0
0
0
0
0
0
0
1.9452e-14
0
3.5718e-15
-1.71713e-14
-1.28459e-15
0
1.93824e-28
-1.23059e-15
2.61437e-14
0
-2.39886e-14
0
0
0
0
0
0
0
0
0
0
0
0
0
0
0
-2.28763e-15
0
0
-1.96432e-15
0
-7.87381e-15
0
0
2.22011e-15
0
0
0
0
0
0
0
0
0
-3.21419e-16
0
0
-3.06672e-15
3.14366e-15
0
0
0
0
1.55152e-14
0
0
0
0
0
0
0
0
0
0
0
0
1.07834e-16
0
1.54584e-14
2.57702e-14
)
;

boundaryField
{
    frontback
    {
        type            empty;
        value           nonuniform List<scalar> 0();
    }
    topbottom
    {
        type            calculated;
        value           uniform 0;
    }
    outlet
    {
        type            calculated;
        value           uniform 0;
    }
    inlet
    {
        type            calculated;
        value           nonuniform List<scalar> 0();
    }
    walls
    {
        type            calculated;
        value           nonuniform List<scalar> 
29
(
2.16364e-08
2.41818e-08
-1.66727e-07
-1.38727e-07
-1.97273e-07
-1.59091e-07
-1.71818e-07
-1.36182e-07
-1.48909e-07
-1.89637e-07
-1.82e-07
-1.46364e-07
-1.51455e-07
-1.61637e-07
-1.79455e-07
-1.74364e-07
-1.43818e-07
-1.54e-07
-1.64182e-07
-1.76909e-07
-1.99818e-07
-2.02364e-07
-1.41273e-07
-1.94728e-07
-1.87091e-07
-1.92182e-07
-1.84546e-07
-1.56546e-07
-1.69273e-07
)
;
    }
    procBoundary1to0
    {
        type            processor;
        value           nonuniform List<scalar> 
104
(
3.59684e-17
-1.27811e-13
0
-2.05354e-14
2.57294e-15
2.019e-30
0
9.257e-17
-1.1431e-13
0
0
0
2.78461e-15
7.78207e-16
-2.15049e-16
0
0
4.54732e-15
0
3.33714e-16
4.1037e-15
0
-1.68812e-15
0
0
-3.64983e-15
-5.28423e-16
2.02883e-15
-1.17789e-15
2.82239e-16
0
-4.21656e-15
-5.11734e-15
-2.69315e-15
0
0
-3.48367e-15
0
0
0
0
-3.03823e-14
0
0
7.24022e-15
0
0
0
-6.73757e-17
8.89075e-15
0
0
-3.3502e-15
0
4.18479e-16
0
0
4.53165e-15
0
5.46469e-15
0
0
4.34839e-15
0
0
5.02207e-15
1.30527e-14
1.20255e-12
-8.82359e-15
0
0
0
0
0
2.33287e-15
-8.04446e-30
-2.1567e-16
-2.91609e-15
0
-1.69932e-15
9.9035e-15
4.46889e-16
0
-9.13415e-15
0
1.45035e-15
2.49448e-14
0
-3.49138e-15
0
0
0
0
0
0
0
-2.2753e-15
2.01017e-15
0
-2.84062e-08
0
1.90832e-15
0
0
)
;
    }
    procBoundary1to3
    {
        type            processor;
        value           nonuniform List<scalar> 
205
(
-1.26713e-07
1.08909e-13
-2.08321e-15
0
1.63916e-16
0
0
0
0
8.33339e-16
0
0
0
-9.41113e-15
0
0
0
-5.0803e-16
-3.9735e-16
0
0
0
0
-2.21706e-15
1.274e-16
-9.20121e-16
1.56748e-15
-3.47147e-14
0
0
0
0
-1.13968e-15
1.08459e-16
9.67769e-17
0
0
2.82916e-14
8.4546e-15
0
-9.27722e-15
0
0
0
0
0
0
-7.75932e-16
1.11512e-15
2.6779e-15
0
0
0
-2.75951e-16
8.01427e-16
0
0
0
0
0
0
0
0
0
7.4777e-17
0
0
0
0
0
0
0
0
0
0
0
0
0
0
0
0
-9.75061e-16
0
0
0
0
0
0
3.42673e-15
-3.06449e-15
0
5.8344e-16
0
0
-6.56574e-16
0
0
0
-2.12706e-14
0
0
0
0
0
0
0
0
0
0
4.67761e-16
4.55681e-17
0
0
0
0
0
0
0
0
5.8461e-16
0
0
0
6.02959e-16
6.74651e-16
-1.24734e-15
0
0
0
0
0
0
0
0
0
0
0
-1.39104e-15
0
0
0
0
0
-1.42649e-16
0
0
0
0
0
0
0
0
0
0
0
0
0
0
0
0
-5.393e-16
-7.7757e-15
0
1.6767e-15
0
0
0
0
1.52161e-16
0
7.79278e-15
0
0
6.27072e-16
-1.49826e-16
-1.58788e-14
7.6435e-15
0
-3.93092e-16
-7.92591e-15
-7.52645e-15
0
0
0
0
-2.84604e-15
0
0
-1.90051e-15
0
0
7.91527e-16
-1.07874e-15
0
-2.09197e-14
0
0
-1.35743e-12
9.52289e-17
0
0
0
0
0
-5.33802e-16
)
;
    }
}


// ************************************************************************* //
