/*--------------------------------*- C++ -*----------------------------------*\
| =========                 |                                                 |
| \\      /  F ield         | OpenFOAM: The Open Source CFD Toolbox           |
|  \\    /   O peration     | Version:  v2012                                 |
|   \\  /    A nd           | Website:  www.openfoam.com                      |
|    \\/     M anipulation  |                                                 |
\*---------------------------------------------------------------------------*/
FoamFile
{
    version     2.0;
    format      ascii;
    class       surfaceScalarField;
    location    "1000";
    object      meshPhi;
}
// * * * * * * * * * * * * * * * * * * * * * * * * * * * * * * * * * * * * * //

dimensions      [0 3 -1 0 0 0 0];
oriented        oriented;


internalField   nonuniform List<scalar> 
20537
(
0
-3.81347e-14
-1.49193e-14
-5.30199e-15
1.71441e-15
-2.46139e-16
0
0
0
1.20116e-14
0
2.03416e-14
0
0
0
0
0
0
0
0
0
0
0
0
0
0
0
0
7.36259e-15
-3.17871e-15
0
0
0
0
0
0
2.44134e-15
0
1.09635e-16
-3.44386e-17
2.10515e-15
-9.66915e-17
0
0
0
0
0
0
0
0
0
0
0
0
0
0
0
0
0
1.89635e-14
0
0
0
0
0
0
0
0
0
0
0
0
0
0
0
0
3.20864e-08
1.66465e-12
0
0
0
0
0
0
0
0
0
0
0
0
0
0
0
0
0
0
0
0
2.51017e-16
1.0538e-15
0
0
0
0
0
0
0
0
0
0
0
0
0
-1.77333e-12
5.06996e-17
-1.39655e-12
0
0
0
0
0
0
0
0
0
0
0
0
6.47347e-16
2.89945e-14
0
0
0
0
0
0
0
0
0
0
0
1.10164e-17
-7.31718e-13
-2.17786e-12
0
4.34867e-14
-5.85284e-14
0
0
0
0
0
0
0
0
1.34938e-15
1.22221e-15
3.0024e-17
0
0
0
-3.60483e-14
3.29626e-15
0
0
0
0
0
0
0
0
0
0
0
0
0
0
0
0
0
0
0
-7.27801e-18
4.2841e-17
0
0
0
0
0
3.95728e-13
3.56124e-15
-6.96964e-13
0
0
0
8.58639e-16
-3.59477e-16
0
0
7.24991e-14
-2.24892e-14
-8.41314e-14
0
0
0
-2.46061e-15
-4.51659e-15
-5.25618e-13
-3.15487e-16
-2.63183e-13
0
0
0
-4.07448e-15
-3.05464e-13
-3.14962e-14
-3.40217e-15
0
6.94179e-17
0
8.74186e-14
0
0
0
1.40354e-15
2.0253e-17
-1.36841e-15
0
0
0
0
0
0
0
0
0
0
0
0
0
0
0
0
0
0
0
0
0
2.79369e-17
0
0
0
0
0
0
0
0
0
0
0
0
0
0
0
0
0
2.91943e-16
-2.07813e-16
1.77145e-15
0
0
0
0
0
0
0
0
0
0
0
0
0
0
0
0
0
0
0
0
0
0
0
0
0
0
0
0
0
0
0
0
0
0
0
-5.08253e-16
5.1924e-16
0
0
0
0
0
0
7.08812e-14
1.41701e-13
5.48966e-14
0
-3.50844e-14
8.80937e-13
-5.29581e-12
0
0
0
5.471e-16
-7.30911e-17
0
0
0
0
0
0
0
0
0
0
0
7.91637e-15
0
0
0
0
0
0
5.07166e-14
-4.79255e-14
-1.83285e-14
2.42065e-16
-4.18921e-15
-2.25589e-15
1.21594e-16
0
0
0
0
0
0
0
0
0
0
0
-5.6565e-15
3.88027e-16
0
-1.82625e-15
-2.89303e-16
-1.44467e-14
-6.08523e-14
0
0
0
0
0
0
0
0
0
0
0
0
0
0
0
0
0
0
0
0
1.38897e-15
0
3.99982e-14
1.25448e-14
0
-1.91284e-17
9.0992e-16
0
0
0
0
0
0
0
0
0
0
0
0
0
0
0
0
0
0
0
0
0
0
0
9.24813e-16
4.80737e-16
0
0
0
0
0
0
0
0
0
0
0
0
0
0
0
0
0
-1.15027e-12
7.54163e-14
0
0
0
0
0
5.68625e-17
-4.00798e-15
0
0
-2.18189e-15
-2.59399e-14
0
0
0
0
0
0
0
0
0
0
0
0
0
0
-4.01652e-14
0
1.15359e-14
0
0
0
0
0
0
0
0
0
0
5.3401e-14
2.88198e-14
0
0
0
0
0
0
3.06537e-17
8.10242e-17
-1.06966e-17
0
0
0
0
0
0
0
0
0
0
0
0
0
0
0
0
0
0
0
0
0
0
0
-1.87162e-15
2.45673e-15
0
0
0
0
0
0
0
0
0
0
-6.06558e-14
-8.24608e-16
0
-3.68128e-16
0
0
0
-4.98235e-16
0
1.45282e-16
0
0
0
0
-5.74271e-16
-1.43512e-15
0
0
0
0
0
0
0
0
0
0
0
0
0
0
0
0
0
0
0
-6.18611e-15
-3.08606e-14
3.5196e-14
6.12286e-17
-1.52179e-16
0
0
-1.6829e-14
0
0
-1.03975e-16
-1.72652e-16
0
0
0
0
9.93795e-16
7.22515e-16
0
0
0
0
-3.36805e-15
1.10817e-15
0
0
-2.15611e-17
-1.06652e-33
1.09457e-15
0
0
0
0
-1.30931e-14
0
1.08729e-15
0
0
0
0
0
0
0
0
0
9.17923e-16
2.32484e-15
0
0
0
0
-8.03151e-15
2.93656e-14
0
0
0
0
0
0
0
0
0
0
0
0
0
0
0
0
0
-4.36542e-14
0
3.39926e-16
0
0
0
0
0
0
0
0
0
0
0
0
0
0
0
0
0
0
0
0
0
0
0
0
0
2.40079e-12
-1.44183e-08
-3.96975e-08
0
0
0
0
0
0
0
0
0
0
0
0
0
0
0
0
0
0
0
0
0
0
0
0
0
0
0
0
0
0
0
0
0
0
0
0
0
6.16821e-14
0
-2.26272e-17
3.43109e-16
0
0
0
0
0
0
0
0
0
0
0
0
0
0
0
0
0
0
0
0
3.80691e-14
2.17793e-14
5.62753e-16
0
0
0
0
0
0
0
0
0
0
0
0
0
0
0
0
0
0
0
0
0
0
0
0
0
0
0
0
0
0
-1.20037e-13
2.15612e-14
0
0
0
0
0
0
0
0
0
0
0
0
0
0
0
0
0
0
0
0
0
0
0
0
0
0
0
0
0
0
0
0
0
0
0
0
0
0
0
0
0
0
0
0
0
0
0
0
0
0
7.6532e-15
0
0
0
1.51611e-14
0
8.68786e-15
2.20395e-13
1.87693e-12
0
0
0
0
0
0
0
0
0
0
0
0
0
0
0
1.21409e-14
0
0
0
0
0
0
0
0
0
1.3684e-15
4.66685e-16
0
0
0
0
0
0
0
0
0
0
0
0
0
0
0
0
0
0
0
0
0
0
0
0
0
0
0
-2.73818e-14
-1.94141e-15
0
0
0
0
0
0
0
0
0
0
0
0
0
0
1.31809e-14
0
0
0
0
2.04639e-17
0
0
0
-5.59303e-16
0
0
2.88241e-14
0
0
0
0
0
0
0
0
0
0
0
0
0
0
0
0
0
0
0
0
0
0
0
0
0
0
-1.4817e-16
3.2297e-14
-3.01562e-16
2.30163e-16
0
0
0
0
0
0
0
1.96079e-14
2.81207e-16
0
0
0
0
0
0
0
0
-1.91499e-15
-5.85684e-16
-1.34419e-15
0
0
0
0
0
0
0
0
1.02058e-13
0
8.11489e-14
-1.047e-14
0
0
0
0
0
0
0
0
0
0
0
0
0
0
-5.90576e-17
0
0
0
0
0
0
0
0
0
0
0
0
0
0
0
2.85556e-15
1.22253e-14
0
7.97042e-15
0
0
0
0
0
0
0
0
0
0
0
0
0
0
0
0
0
0
0
0
0
0
0
0
0
0
0
0
0
0
0
-4.68188e-16
1.64211e-16
-9.7239e-16
0
0
0
0
0
0
0
0
0
0
0
0
0
0
0
0
0
0
0
0
0
0
0
0
0
3.51827e-16
-2.16878e-15
0
1.61066e-16
3.26508e-16
0
0
0
0
0
-2.74142e-13
0
0
0
1.04769e-13
0
0
7.90635e-15
-1.42168e-14
0
0
0
0
0
0
0
0
0
0
0
0
0
0
0
-2.87557e-16
5.92359e-16
0
0
0
0
0
0
0
0
-1.6392e-15
0
0
0
0
0
0
0
0
0
0
0
0
0
0
0
0
0
0
0
0
-1.18702e-14
-3.15913e-15
-4.09263e-16
0
0
0
0
-1.27047e-16
-1.76134e-16
0
0
0
0
0
0
0
0
0
-6.15547e-15
0
0
0
0
0
0
0
0
0
0
0
0
0
0
0
0
0
0
0
0
0
0
0
0
0
0
0
0
0
0
0
0
0
0
0
-1.13542e-15
3.5217e-16
0
0
0
0
0
0
-4.09287e-14
1.8449e-14
0
0
-1.22598e-16
-4.48323e-17
7.62987e-17
0
0
4.08712e-14
0
-2.64859e-14
0
0
0
0
0
0
-1.73914e-16
0
0
0
0
0
0
0
0
0
0
0
0
0
2.25688e-17
0
0
0
0
0
1.64364e-12
-4.71173e-12
0
0
0
0
0
0
0
3.14325e-15
-6.4045e-16
1.67494e-15
2.2697e-15
-2.00763e-15
-1.28039e-15
-3.44332e-16
8.39787e-17
0
0
0
0
0
0
0
0
0
0
0
0
0
0
0
0
0
0
0
0
0
0
0
0
0
0
0
0
0
0
0
0
0
0
0
0
0
0
0
0
0
6.43971e-16
2.59103e-16
0
0
-2.96186e-14
-4.53061e-14
-2.22403e-14
-1.00945e-16
1.06255e-16
-2.60953e-16
0
0
0
0
0
0
0
0
0
0
0
0
0
0
0
0
0
0
1.36939e-15
5.45819e-15
0
0
0
0
0
0
0
0
0
0
0
0
0
0
0
0
0
0
0
0
0
0
4.25069e-15
3.27733e-15
0
0
0
-1.29031e-14
2.02735e-15
0
0
0
-3.19792e-16
0
0
0
0
0
0
0
0
0
0
0
0
0
0
0
0
0
0
0
0
0
0
0
0
0
0
0
0
0
0
0
0
-1.16349e-15
7.80419e-14
4.07362e-16
0
0
0
0
0
0
0
0
0
0
0
0
0
0
0
0
0
0
0
0
0
0
0
0
0
0
0
0
0
0
0
0
0
0
0
0
0
0
0
0
0
0
0
0
0
0
0
0
0
0
0
0
0
0
0
0
0
0
-9.69985e-16
1.50534e-16
1.49576e-16
0
2.37956e-16
-1.62801e-16
1.75858e-15
-5.23478e-17
1.46481e-16
0
0
0
-2.77508e-13
-1.85347e-13
0
0
0
0
0
0
0
0
0
0
0
0
0
0
0
0
-3.14832e-16
0
0
0
0
0
0
0
0
0
0
0
0
0
0
-6.48955e-16
9.3307e-18
0
-3.82941e-15
1.47228e-15
-1.52521e-14
0
0
0
0
0
0
0
0
0
0
0
-1.19559e-14
-1.79206e-14
0
0
0
0
0
0
0
0
0
0
0
0
0
0
0
0
0
0
0
0
0
0
3.8541e-16
0
0
0
0
0
0
0
0
0
0
0
-2.98408e-16
1.27829e-16
0
0
0
0
0
0
0
0
0
0
0
0
0
0
0
0
0
0
0
0
0
0
0
0
0
0
0
0
0
0
0
0
0
0
0
0
0
0
0
0
0
0
0
0
0
0
-3.01677e-16
0
2.63394e-16
-2.59933e-15
1.49051e-15
-5.85117e-15
0
0
0
0
0
0
0
0
0
0
0
0
0
0
-1.5879e-16
3.36587e-15
1.97046e-16
0
0
0
0
0
0
0
0
0
0
0
-1.08684e-15
-1.99983e-16
5.93141e-17
0
0
1.7654e-15
4.57108e-16
-3.81308e-16
-5.82678e-16
0
-2.96664e-14
0
0
4.54619e-18
0
3.6216e-16
1.56694e-15
0
-2.0615e-14
0
-1.40758e-15
-1.99051e-15
0
0
-2.80263e-14
-1.49261e-16
0
0
0
0
-1.80462e-16
0
0
0
0
0
0
0
0
0
0
0
0
0
0
-4.02116e-17
1.63818e-30
-3.97812e-15
0
0
0
0
0
0
0
0
0
3.10448e-17
-1.80175e-15
0
0
0
0
0
0
0
0
0
0
0
0
0
9.76547e-17
0
0
0
0
0
0
0
0
0
0
0
0
0
0
0
0
0
1.40009e-16
0
1.09105e-30
0
0
0
0
0
0
0
0
0
1.94462e-14
2.05891e-14
1.703e-12
-4.94407e-12
8.04385e-13
0
0
0
0
0
0
0
0
0
0
0
0
0
0
0
0
0
0
0
0
0
0
0
0
0
4.77864e-16
-6.9599e-16
0
0
0
0
0
0
0
4.82037e-16
0
0
0
0
0
0
0
0
0
0
0
0
0
0
0
0
0
0
0
0
0
0
0
0
0
0
0
0
0
0
0
0
0
0
0
0
0
0
0
0
0
0
0
0
0
0
0
0
0
0
0
0
0
0
0
0
0
0
0
-4.54344e-16
1.28647e-15
0
0
0
0
4.14559e-14
5.80959e-14
0
6.7433e-16
0
0
0
0
0
0
0
0
0
0
0
0
0
0
0
0
0
0
-3.75309e-15
-3.85624e-14
-1.28036e-13
0
0
0
0
-2.1991e-16
-4.08872e-16
0
0
0
0
-6.42781e-15
-1.55662e-14
0
0
-1.16833e-15
-5.9054e-16
0
0
0
0
0
0
0
0
0
0
-6.53253e-16
0
3.05022e-15
0
0
3.77686e-15
0
-2.44521e-16
1.63951e-16
-2.0882e-17
0
0
0
0
0
0
0
0
0
0
0
0
6.65046e-17
1.17061e-15
1.49902e-16
0
0
0
0
0
0
0
0
0
0
0
0
0
0
1.88505e-17
-2.18939e-12
1.47574e-13
0
0
-3.1645e-14
0
1.35331e-14
-9.54174e-16
2.60893e-13
3.87515e-17
1.40287e-13
0
0
0
0
9.5066e-15
0
8.08158e-18
-1.00022e-12
8.85833e-18
-8.50713e-16
0
0
0
0
0
2.1333e-16
0
0
0
0
-1.65171e-16
0
0
0
0
0
0
0
2.55576e-16
-1.22356e-14
0
0
0
0
8.68348e-15
0
0
0
-1.01733e-15
0
0
4.76884e-15
4.50638e-16
-4.12152e-16
0
0
0
0
0
0
-8.50297e-14
-1.22517e-14
0
0
0
-4.09182e-15
-2.3231e-15
2.30681e-15
0
0
0
0
0
0
0
0
0
0
0
0
0
0
0
0
0
0
-7.8778e-16
0
0
0
0
0
0
0
0
-1.89407e-14
0
-1.50578e-14
-9.99619e-15
0
0
0
4.05797e-13
-1.63587e-14
0
0
0
0
0
0
0
0
-6.67462e-16
-3.56947e-17
0
0
0
0
0
0
4.56234e-14
-1.68741e-14
0
0
0
4.77864e-15
-7.44807e-14
2.14263e-16
2.18239e-18
0
0
0
0
0
0
0
0
0
2.13167e-15
0
0
3.10516e-15
1.7028e-16
0
0
0
0
0
0
-2.39686e-16
9.20429e-15
0
0
-9.24894e-17
0
0
0
0
0
0
0
0
0
0
-1.0822e-15
8.60078e-17
0
0
0
0
0
0
-8.02633e-14
-1.4998e-14
0
4.90004e-14
9.65947e-14
-5.8469e-14
-3.6472e-16
0
0
0
0
0
0
0
3.39473e-15
1.23723e-14
0
4.55774e-14
0
1.16508e-13
3.58283e-13
0
1.23071e-15
1.98045e-16
0
0
0
0
0
0
0
0
0
-2.36966e-14
0
4.50927e-14
0
0
0
3.43635e-14
-3.52208e-29
2.8531e-16
4.26612e-16
0
0
0
-3.2951e-15
0
0
0
0
0
-1.57469e-12
0
-1.02473e-12
0
-5.12232e-15
0
0
0
0
1.8452e-16
-1.02062e-15
3.82539e-16
0
0
0
0
0
-2.69158e-13
0
0
-1.47687e-15
9.28605e-15
3.16292e-16
0
0
0
5.40501e-17
-2.04151e-12
5.206e-14
0
0
0
0
0
0
0
0
0
4.9988e-15
0
0
2.94023e-15
-5.56553e-16
0
0
0
0
-2.02502e-16
1.13915e-16
0
0
0
0
0
0
0
0
0
0
8.17444e-14
0
0
0
0
0
-1.27505e-15
1.03347e-15
0
0
0
-2.04042e-16
0
0
0
0
0
-9.23498e-17
3.31279e-17
0
0
0
0
0
0
0
-6.15808e-14
0
0
0
0
0
0
0
0
0
0
0
0
0
3.77853e-16
-2.98778e-15
-1.77551e-16
0
0
0
0
0
0
0
0
0
0
0
0
0
0
-1.65188e-16
2.31385e-17
0
0
0
0
0
0
0
-6.98867e-14
-5.00128e-14
0
0
0
0
2.25999e-15
8.35147e-17
-4.52715e-17
0
0
0
0
0
0
0
0
0
0
0
0
0
0
0
0
0
0
0
0
0
0
0
1.8783e-14
-3.87006e-14
0
0
0
0
0
0
0
0
0
0
0
0
0
0
0
0
0
0
0
0
0
0
0
0
0
0
0
0
0
0
0
0
0
0
0
0
4.42935e-16
-7.35163e-17
-1.00218e-16
0
0
1.09985e-15
0
9.61984e-16
2.41079e-16
1.01208e-15
0
-5.18256e-18
0
0
0
0
0
0
0
0
0
0
0
0
0
0
0
0
0
0
0
0
0
0
0
0
0
0
0
0
0
0
-1.70522e-15
0
0
0
0
0
0
0
0
0
0
0
0
0
0
0
0
0
0
4.79631e-17
0
0
0
0
0
0
0
0
0
0
0
0
0
0
0
0
0
-1.98853e-13
-1.69566e-13
-2.73375e-16
0
0
-1.98675e-14
0
0
0
0
0
0
0
0
0
0
0
0
0
0
0
0
0
0
0
0
0
0
0
0
0
0
0
0
0
0
0
0
0
0
0
0
0
0
0
0
0
0
0
0
0
0
0
0
0
2.53475e-17
-1.62505e-16
-2.3768e-16
0
0
0
0
0
0
0
0
0
0
0
2.08519e-14
0
-2.91439e-14
8.47757e-16
6.38596e-17
0
0
0
0
0
0
0
0
0
0
0
0
0
0
0
0
0
0
0
0
0
0
-8.23592e-17
0
1.1067e-16
4.16643e-17
0
1.16661e-14
-5.28053e-16
-4.29326e-14
4.59792e-14
1.44669e-14
0
0
0
0
-4.40457e-16
0
0
0
0
0
0
0
0
-1.26911e-15
-9.42944e-17
7.63224e-15
0
-8.92424e-16
-4.58712e-16
0
-1.66306e-15
0
-2.88208e-15
0
0
0
0
0
0
0
0
0
0
0
0
0
0
0
0
0
0
0
0
0
0
0
0
0
0
0
0
0
0
-1.11604e-16
-1.95624e-12
5.96097e-14
0
6.32253e-16
0
0
0
0
0
0
0
0
0
0
0
0
0
0
0
0
0
0
0
0
0
2.44794e-16
0
0
0
0
0
0
-4.50804e-14
-1.31078e-13
-2.35747e-14
0
0
-2.01214e-13
0
-1.83337e-13
0
0
1.69135e-16
-1.51586e-15
0
4.23506e-14
4.78191e-14
-7.28102e-15
0
0
3.71903e-14
-1.01806e-17
-5.43925e-31
0
0
0
0
0
0
0
0
-5.38254e-16
7.55316e-16
-4.34125e-16
0
0
0
0
0
0
0
0
0
0
0
0
0
0
0
0
0
0
0
0
0
0
-3.31806e-12
1.89748e-13
0
0
0
-4.15678e-14
7.37569e-14
0
0
-2.80576e-15
0
0
0
0
0
-2.96859e-14
0
0
0
0
0
-1.08459e-15
-1.43908e-16
-4.45386e-17
0
0
0
0
0
0
0
1.01093e-15
3.43105e-14
2.13304e-32
0
1.15603e-15
0
0
0
0
0
0
2.92073e-14
0
2.33262e-14
0
0
0
0
0
0
0
0
0
-1.10065e-30
0
0
0
0
-2.7767e-16
-2.36451e-13
0
0
0
0
0
0
0
0
0
0
0
0
0
0
0
3.8038e-18
3.32618e-17
0
0
0
0
0
0
0
-8.37904e-15
0
3.34499e-14
0
2.51271e-16
-3.28847e-16
0
0
0
0
0
0
0
0
0
0
0
0
0
0
0
0
0
0
0
0
0
0
0
0
0
0
0
1.32829e-14
0
7.06594e-15
2.6914e-16
2.70018e-15
8.31439e-17
0
0
0
0
1.99912e-15
-1.90533e-15
0
0
0
8.43289e-17
-7.48733e-16
0
0
0
0
2.56635e-14
0
-1.99932e-14
0
0
0
0
0
0
0
0
-3.77111e-16
-7.7557e-16
0
-6.269e-16
1.02773e-16
0
0
0
0
0
0
0
0
0
0
0
0
0
3.18265e-14
0
0
0
0
0
0
0
0
0
0
0
0
0
0
0
0
0
0
0
0
0
1.70647e-15
-7.96976e-17
-5.0699e-17
0
0
0
0
0
0
0
0
0
0
-5.06439e-14
0
0
0
-1.51314e-17
-1.10109e-15
0
0
-1.60239e-16
-1.39737e-16
0
4.34911e-17
0
0
0
0
0
0
0
0
0
0
0
0
0
0
0
0
0
0
0
9.9714e-14
0
0
0
0
0
0
0
0
0
0
0
0
0
1.70536e-13
1.00301e-13
0
0
0
0
0
0
0
0
0
0
0
0
0
1.926e-15
1.52617e-15
0
0
0
0
0
0
0
0
0
0
0
0
0
0
0
0
0
0
0
0
0
0
0
0
0
0
0
0
0
0
0
0
0
0
0
0
0
0
0
0
0
0
0
0
0
0
0
0
0
0
0
0
0
0
0
0
-1.57977e-15
-1.24326e-15
0
0
0
0
0
0
0
0
0
0
0
0
0
0
0
0
0
0
0
0
0
1.69699e-16
0
0
0
0
0
0
0
-1.09105e-30
-2.62007e-16
0
0
0
0
0
0
-8.78583e-16
0
0
0
0
0
0
0
0
-5.91718e-17
1.15335e-15
-3.52068e-14
0
0
0
0
0
0
0
0
0
0
0
0
0
0
0
0
0
0
0
0
0
0
0
0
0
0
0
0
0
0
0
0
0
2.72152e-17
-1.43222e-16
0
0
0
0
0
0
0
0
0
0
0
0
0
0
0
0
0
3.02313e-16
-1.88873e-15
2.2013e-30
-5.11581e-16
0
0
0
0
0
0
0
0
0
0
0
0
0
0
0
0
0
0
0
0
0
0
0
0
0
0
2.97185e-15
4.36617e-16
0
0
0
0
0
0
0
0
0
0
0
0
-1.61685e-15
2.71402e-16
-2.82084e-17
0
-7.75779e-16
0
0
0
0
-1.13937e-15
0
0
0
0
0
0
0
0
0
4.12305e-15
5.4602e-15
0
0
0
0
0
0
1.07753e-14
-6.88138e-15
0
0
0
1.23279e-13
-6.78032e-13
0
0
0
0
0
1.8412e-18
3.94322e-16
0
0
0
0
1.37937e-15
0
-6.08505e-16
0
0
4.68447e-14
6.76081e-14
0
0
0
0
0
0
0
3.34554e-17
9.48342e-16
5.32214e-18
0
0
0
0
0
0
0
0
0
0
0
0
0
0
-1.4142e-15
1.73428e-15
0
0
0
0
0
0
0
0
0
0
0
0
-1.09212e-15
0
3.81792e-16
-1.56025e-16
-3.89653e-16
3.16825e-15
0
0
0
-2.16017e-14
0
6.38281e-15
0
3.3237e-17
0
0
0
0
0
0
0
0
0
0
0
0
0
0
0
0
0
0
0
0
0
-5.17487e-13
0
-2.64376e-13
-9.31567e-16
-3.39372e-16
-2.37887e-14
-2.86924e-14
0
0
0
0
0
0
0
0
0
0
0
8.19986e-17
5.78708e-16
0
0
0
0
0
0
0
0
0
0
0
3.09437e-15
0
0
0
0
6.10462e-17
-2.23545e-15
0
0
0
0
0
0
0
-2.83425e-15
0
0
-8.16456e-17
-1.16077e-15
0
0
0
0
0
5.93862e-17
-2.48831e-16
0
0
0
-6.55994e-16
0
1.41132e-16
0
0
0
0
0
0
0
0
0
-5.17669e-15
0
-5.12998e-15
0
0
1.96907e-15
0
0
1.39207e-14
0
0
0
0
-9.7331e-16
0
6.3905e-16
0
0
0
0
0
0
0
0
0
-7.32167e-15
0
3.14614e-15
0
0
0
0
0
0
1.64956e-16
0
0
1.27973e-15
0
0
0
0
0
0
0
1.11375e-14
-7.28192e-13
-6.01129e-17
0
2.40646e-16
0
-2.71624e-16
3.60215e-17
0
0
-6.05247e-16
0
0
0
0
0
0
0
0
0
0
0
-3.76791e-15
0
0
2.40686e-14
0
0
1.0618e-14
0
6.09526e-16
-1.37171e-15
0
0
0
0
0
-4.66109e-17
0
0
0
0
0
0
0
0
0
0
0
-7.31228e-16
0
0
0
0
0
0
0
0
0
0
0
0
-2.09757e-13
-4.43874e-12
0
0
0
0
0
0
0
0
0
0
0
0
0
-1.83696e-15
0
0
0
0
0
0
0
0
0
0
0
0
0
0
0
0
0
7.58898e-17
0
0
1.524e-15
0
0
0
0
0
0
0
0
0
0
0
-2.43787e-13
-1.53126e-12
0
0
0
-6.28262e-13
2.12549e-17
0
0
0
0
0
0
0
0
0
0
0
0
0
0
0
0
0
0
0
-4.64203e-17
-5.81455e-16
0
0
0
0
0
0
0
0
8.81483e-17
0
0
0
0
0
0
0
0
0
0
0
0
0
1.08084e-16
5.53917e-17
-3.28301e-16
0
0
0
0
0
0
0
-1.22879e-14
-2.1885e-30
0
0
0
0
0
0
0
0
0
0
0
0
1.34984e-14
3.14125e-15
0
0
4.93385e-16
5.6576e-17
-1.82621e-15
-1.39043e-16
0
0
0
0
0
0
4.19723e-16
0
3.77775e-15
0
0
1.55134e-16
0
0
0
0
0
0
0
2.43049e-15
0
0
0
0
0
0
0
0
0
0
0
0
0
0
0
0
-1.34995e-15
0
0
-1.08147e-14
0
0
0
0
0
0
0
-1.14823e-12
0
0
0
0
0
0
0
0
0
0
0
0
0
0
0
0
0
0
-3.40465e-15
0
-4.45641e-15
0
0
0
0
5.31907e-16
-4.65028e-16
0
0
0
-3.53215e-16
0
0
0
0
0
0
0
-1.71045e-15
3.92481e-16
5.88513e-17
0
0
0
0
4.78374e-15
2.18263e-14
0
0
0
6.41526e-13
0
0
0
-4.61425e-16
0
0
0
0
0
0
0
0
0
0
0
0
0
0
2.96043e-16
-3.19735e-16
0
1.99642e-15
1.59424e-15
2.92468e-17
0
0
0
0
0
0
0
0
0
0
-1.13279e-14
1.57939e-15
0
0
0
0
0
0
0
0
0
0
8.43509e-15
0
0
0
0
0
-8.0727e-15
-5.65064e-14
0
0
0
0
0
2.87227e-15
-4.26996e-15
0
0
0
-3.39098e-16
0
-3.15089e-17
-2.2761e-16
0
0
0
-6.67572e-15
-1.22416e-14
0
0
0
0
0
0
0
0
0
0
0
0
0
0
0
0
0
0
0
0
0
0
-9.00355e-16
0
0
0
0
0
0
0
0
0
0
0
0
0
0
0
3.2045e-14
0
0
0
0
0
0
0
0
0
0
0
0
0
0
-1.05983e-15
-9.05963e-16
-5.03681e-17
0
-9.33311e-16
0
1.29825e-15
0
0
-1.7844e-16
0
0
0
0
0
0
0
0
8.32461e-15
-1.85726e-15
0
0
0
0
0
0
0
0
0
0
-1.23544e-15
-1.01801e-16
0
0
0
0
0
0
0
0
0
0
0
0
0
0
0
0
-6.40748e-17
0
0
0
0
0
0
0
0
2.20157e-16
1.47926e-15
0
0
0
-9.41612e-17
0
9.70318e-17
5.87473e-17
-1.09626e-15
0
0
0
0
0
0
-1.74852e-15
0
0
0
0
0
0
0
0
0
0
0
0
0
0
0
0
0
0
0
-1.07172e-15
0
0
0
4.74591e-15
0
0
0
0
0
0
0
1.91837e-14
1.53695e-15
0
0
0
0
1.47615e-15
0
-1.07783e-16
0
0
-3.31879e-15
1.33145e-16
-1.96074e-15
0
0
-2.23445e-15
1.15091e-15
9.6487e-17
0
0
1.16555e-16
0
0
0
-6.88534e-16
0
0
0
0
0
-1.40956e-14
0
0
0
0
0
0
0
1.2284e-15
0
0
0
0
0
0
9.30542e-17
1.3582e-15
2.6234e-15
0
0
0
0
0
-2.392e-15
0
0
0
0
0
0
0
0
0
0
0
0
0
0
0
0
0
0
0
0
0
0
0
0
0
0
0
0
0
0
0
0
0
0
0
0
-1.74056e-29
0
0
-1.28278e-15
0
0
0
0
0
0
0
0
0
0
0
0
0
0
0
0
0
0
0
0
0
0
0
0
0
0
0
0
0
0
0
0
0
0
0
-1.68298e-14
0
0
0
5.44565e-15
0
2.29291e-15
0
0
0
0
0
0
0
0
0
0
0
0
0
0
0
0
0
0
0
0
0
0
1.18442e-16
-1.28111e-16
0
0
0
0
0
0
-4.78093e-14
-1.0331e-14
0
0
-1.9947e-15
0
0
0
0
0
0
0
0
0
0
0
0
0
0
0
0
-2.11436e-17
0
0
0
4.26016e-16
0
0
-1.09905e-16
-1.79838e-15
0
0
0
0
-7.04415e-29
0
0
0
0
0
0
0
0
0
0
0
0
0
0
0
0
0
0
0
0
7.77465e-16
2.21169e-17
-1.1516e-15
0
0
1.65986e-15
0
-3.8474e-16
1.79318e-16
0
0
0
1.52494e-16
0
0
0
1.02106e-15
0
0
0
0
0
0
0
0
0
0
0
0
0
0
0
-4.54769e-16
0
-1.13113e-15
-1.09105e-30
0
0
1.61606e-13
0
0
0
0
0
0
0
0
0
0
0
-5.39441e-17
7.59282e-17
0
0
0
0
0
8.1452e-16
-1.93809e-15
6.34944e-16
-5.63377e-17
0
-6.48061e-17
0
0
0
0
0
0
0
0
0
0
0
4.67895e-14
0
0
0
0
0
0
0
0
0
0
0
0
0
0
0
2.4764e-16
-4.45722e-16
5.724e-16
6.96927e-16
0
0
-4.69575e-14
1.53161e-14
0
0
0
0
-1.96423e-14
0
0
0
0
0
0
0
0
0
0
0
0
0
0
0
0
0
0
-5.43288e-16
-7.07212e-15
-6.15544e-16
0
0
0
0
0
0
0
-3.64313e-14
0
0
0
0
3.91408e-14
0
0
0
1.05285e-14
3.71116e-14
0
0
0
0
0
0
0
3.05867e-16
0
0
0
0
0
0
0
0
0
0
0
-8.14335e-17
0
0
0
-3.84547e-15
0
0
0
0
0
0
0
0
0
-1.81262e-14
0
0
0
0
0
5.97481e-15
0
0
0
-1.1001e-15
0
0
0
0
0
-7.32858e-16
0
0
0
0
0
0
0
4.79381e-15
0
0
0
0
0
0
0
0
0
0
0
-9.35346e-13
0
0
0
0
0
0
0
0
0
0
0
0
0
0
0
0
0
0
0
0
0
0
0
0
0
0
0
0
0
0
0
1.45395e-16
-6.9668e-16
0
0
0
0
0
7.24027e-16
0
2.3272e-16
4.24894e-16
0
0
0
0
0
0
0
0
0
-4.2019e-17
0
3.46638e-15
0
0
0
0
0
3.96633e-15
0
0
0
0
0
0
0
0
0
0
0
0
0
0
0
0
0
0
0
0
0
0
0
-3.31438e-16
0
0
0
-1.39405e-14
-3.3856e-16
0
0
0
0
0
0
0
0
-2.13777e-15
3.7673e-15
-6.10939e-16
0
0
0
0
0
0
7.49909e-16
9.13259e-16
5.4451e-16
0
0
0
0
0
0
0
0
0
0
0
0
0
0
0
0
-1.50622e-16
0
4.67489e-16
0
0
0
0
0
0
0
0
0
0
0
0
-2.31641e-14
0
-3.26466e-14
0
0
0
0
0
0
0
0
0
0
0
0
-1.20109e-16
9.24787e-17
0
0
0
0
-1.06078e-16
0
0
0
0
0
0
0
0
3.949e-15
6.19279e-16
0
0
7.57411e-17
0
1.54623e-16
0
0
0
0
0
0
0
0
0
0
0
0
0
0
0
0
0
0
0
0
0
0
0
0
0
0
0
0
0
0
0
0
1.01089e-16
0
0
0
0
0
0
0
0
0
0
0
0
0
7.05824e-16
-1.28738e-16
0
0
2.7401e-17
9.7122e-16
0
-5.25808e-15
0
0
0
0
0
0
0
0
0
0
0
0
0
0
0
0
0
0
0
0
0
1.16399e-15
-1.51021e-16
0
0
0
0
0
0
-1.09436e-14
0
-1.75584e-14
0
0
0
0
0
0
0
0
0
0
0
0
0
-4.77317e-15
0
1.29051e-15
0
-1.3652e-15
0
0
0
0
0
0
0
0
0
0
0
0
0
0
0
0
-2.02687e-17
0
0
0
0
0
0
0
0
0
0
0
0
-4.57133e-16
0
2.37555e-15
-1.10116e-15
0
0
0
0
0
0
0
0
0
0
0
0
0
-2.93148e-14
0
3.09283e-17
3.12935e-17
0
0
2.09046e-15
0
0
0
0
0
-1.0478e-17
-1.05249e-16
0
0
0
0
-4.01673e-16
0
0
-2.65548e-16
-2.24982e-13
0
0
2.57118e-16
3.80487e-16
0
6.24354e-16
7.02146e-16
0
0
0
2.44443e-15
2.71453e-15
2.251e-14
-3.53691e-14
0
0
0
0
0
0
0
0
0
-1.50135e-16
0
2.97715e-16
0
0
0
0
0
0
0
0
0
0
0
5.79403e-14
0
0
0
0
0
-2.78475e-15
0
0
1.55832e-16
0
3.06138e-15
0
0
0
0
0
0
0
-3.48112e-29
0
0
0
0
0
0
0
0
0
0
0
0
0
0
2.94732e-14
-4.64628e-14
0
0
0
0
0
0
0
0
0
0
0
0
0
0
0
0
0
0
0
0
6.02182e-17
1.14233e-15
0
0
0
-8.08626e-14
-1.02206e-14
0
0
0
0
0
0
5.15448e-16
0
0
0
0
0
0
0
0
0
0
-3.01114e-16
1.2673e-14
2.72673e-16
0
0
0
0
0
0
0
3.09891e-16
-6.29245e-16
0
0
0
0
0
0
0
0
-9.46208e-15
0
-5.54991e-16
0
0
0
0
0
-1.73001e-17
9.59368e-17
1.6936e-15
0
0
0
3.91767e-14
0
0
0
-1.93901e-14
-1.49374e-14
0
0
0
0
0
0
0
0
0
0
0
0
0
2.22276e-17
0
0
0
0
0
0
0
0
0
0
0
0
0
0
0
0
0
0
1.95408e-15
0
2.23406e-16
0
0
0
0
0
0
0
0
0
0
-2.5973e-13
-3.40625e-13
0
9.21262e-17
0
0
0
0
0
0
0
0
0
0
0
0
0
0
0
0
0
0
0
0
0
0
-1.59906e-16
0
0
0
0
0
0
0
0
0
0
0
0
0
-7.93216e-17
0
0
0
0
0
0
0
0
0
0
0
0
0
0
-6.75602e-17
-7.56622e-17
0
0
0
-1.00147e-16
0
0
0
5.44984e-16
0
0
0
0
0
0
0
0
0
-5.59042e-16
-6.56587e-16
0
0
0
0
0
0
0
0
0
0
0
1.21836e-15
0
0
0
0
0
-8.90788e-16
7.94016e-16
8.00665e-16
-1.1248e-15
0
0
0
0
0
0
0
0
0
0
0
0
0
0
0
0
0
0
0
0
0
0
0
0
0
0
0
0
0
0
-3.46332e-16
0
0
0
0
0
0
0
0
0
0
0
0
0
0
0
0
0
0
0
0
0
0
0
-6.59474e-16
0
0
-1.61723e-14
-2.00467e-15
0
0
0
0
0
0
3.6482e-13
-1.52714e-16
-4.5262e-17
0
0
0
0
0
0
0
-2.2885e-14
0
0
0
0
0
0
0
0
0
0
0
0
0
0
6.66825e-14
0
0
0
0
0
0
0
0
0
0
0
0
0
-6.28237e-17
0
0
-1.83633e-12
0
0
0
0
0
0
0
2.3435e-17
0
0
0
0
0
0
0
0
-4.45482e-17
1.31464e-16
0
0
0
0
0
0
0
1.82184e-16
-1.52207e-16
0
0
0
0
0
0
0
0
0
0
0
0
0
0
0
-4.07693e-17
-2.47121e-17
0
0
0
0
0
0
0
0
0
5.40229e-15
0
3.12483e-15
0
0
0
0
0
0
0
0
0
0
0
0
0
0
0
0
0
0
0
0
0
0
0
0
0
0
0
0
0
-3.24439e-15
-2.21307e-16
3.10935e-16
0
0
0
2.38684e-14
0
-5.00723e-14
0
0
0
0
0
0
0
0
0
0
0
0
0
0
0
0
0
0
0
0
7.6416e-16
1.41984e-15
0
0
0
0
0
0
0
-1.07236e-16
5.86617e-17
0
1.64177e-15
0
0
0
0
0
0
-2.49239e-15
0
0
0
0
0
0
0
0
0
0
0
0
0
0
0
0
0
0
0
0
0
0
0
0
0
0
0
0
0
0
0
-6.19775e-16
0
0
0
0
0
5.13236e-16
0
0
0
1.03356e-15
2.06239e-16
0
0
0
0
0
0
0
-3.1274e-15
1.23739e-16
0
0
0
0
0
0
0
6.85399e-15
0
0
0
0
0
3.81674e-14
0
0
0
0
0
0
0
0
0
0
0
0
0
0
0
0
0
0
0
0
0
0
0
0
0
0
0
0
0
0
0
0
0
0
0
0
0
0
0
3.94886e-16
0
0
0
0
0
0
0
0
0
0
0
0
0
0
0
0
0
0
0
-5.43925e-31
5.50325e-31
6.37579e-17
0
0
0
0
0
0
0
0
0
0
0
0
0
0
0
0
0
0
0
0
0
-5.44132e-15
-3.32216e-16
0
0
-2.35133e-16
4.49725e-16
1.44002e-15
0
5.15961e-16
0
0
0
0
0
-1.92723e-15
0
0
0
0
0
0
0
0
0
0
0
0
0
0
0
0
0
0
0
-1.92804e-16
0
0
0
0
-4.28902e-17
0
0
0
0
0
0
0
2.95763e-16
-2.62692e-16
0
0
0
0
0
0
-1.94037e-15
1.02347e-14
0
0
0
0
-4.69265e-14
0
0
0
0
0
0
0
0
0
1.70115e-16
-1.23836e-15
0
0
0
0
0
0
0
0
0
0
0
0
0
0
0
0
0
0
0
-1.55397e-15
1.3809e-15
0
0
0
0
-1.51564e-13
0
0
0
0
0
0
0
0
0
0
1.73005e-15
0
0
0
0
0
0
9.37328e-16
-6.08131e-16
0
0
0
0
0
0
0
0
0
0
0
0
0
0
0
0
0
0
0
0
0
0
0
0
0
0
0
0
0
0
0
0
0
0
0
0
0
0
0
0
0
0
0
-8.40277e-15
-8.35887e-16
0
0
-1.90378e-15
-1.79645e-16
0
0
0
0
0
2.51663e-14
0
1.24947e-14
0
0
0
0
0
0
0
0
-4.82889e-17
0
0
0
0
0
0
0
0
0
0
0
0
0
0
0
0
0
0
0
5.64331e-17
-1.26194e-15
0
0
0
0
0
0
0
0
0
0
0
0
0
0
-8.55437e-16
0
-3.6198e-15
0
-1.63351e-16
-3.09452e-14
-9.27606e-15
0
0
0
0
0
0
0
1.63818e-30
0
0
0
0
0
0
0
0
0
0
0
0
0
0
4.20239e-14
4.74829e-15
0
0
0
0
0
0
0
0
0
0
0
0
0
0
0
0
0
0
0
0
0
0
0
-2.77151e-14
0
0
0
0
0
0
0
0
0
0
0
0
0
0
0
0
0
0
0
0
0
1.55266e-15
-1.70615e-15
-7.99176e-16
0
1.32714e-16
0
0
0
0
0
0
0
0
-6.75554e-15
0
1.24563e-15
0
0
0
0
0
0
0
-3.64984e-15
0
0
0
0
0
0
0
1.36038e-14
0
1.14695e-14
0
0
0
0
0
0
0
0
0
0
0
0
0
8.88735e-16
0
0
0
2.59592e-15
0
0
0
0
0
0
0
0
0
0
0
0
0
0
0
0
0
0
0
-2.73556e-14
0
5.50987e-14
0
0
0
0
0
0
0
0
0
0
0
0
0
0
0
0
0
0
0
0
0
0
0
0
0
0
0
0
0
0
0
0
0
-4.377e-30
0
0
0
0
-1.38338e-16
-3.08271e-16
0
0
5.5313e-15
-1.7851e-15
0
0
0
0
0
0
0
1.70083e-14
0
0
0
0
0
0
0
0
0
0
-2.44942e-17
0
0
0
0
0
0
0
0
0
0
1.24564e-16
0
0
0
0
0
0
0
0
0
0
0
-4.37424e-15
1.72008e-29
-7.07485e-15
0
0
0
0
0
0
0
0
0
0
0
0
0
0
0
0
0
0
0
0
0
0
0
0
0
0
0
0
0
0
0
0
0
0
0
4.26539e-17
-1.29147e-14
0
0
0
0
0
0
0
0
0
0
0
0
0
0
0
0
0
0
6.37775e-15
0
0
0
0
2.1757e-30
0
0
0
0
0
0
0
0
0
0
0
0
0
0
0
0
0
0
0
0
0
0
0
0
0
0
0
0
0
0
0
0
0
0
0
0
0
0
0
0
-2.90562e-16
2.46002e-14
0
0
0
0
0
0
0
0
0
0
0
0
0
4.55328e-16
0
0
0
0
0
0
-2.69161e-16
1.55073e-15
2.59358e-15
0
0
0
0
0
0
0
0
0
0
0
0
0
0
0
0
0
0
-1.31405e-16
-2.09257e-15
0
0
0
0
0
0
0
0
6.62367e-18
0
0
0
0
0
0
0
0
0
0
0
0
-1.25322e-15
0
0
0
0
0
0
1.809e-15
-3.85286e-17
0
3.57414e-14
0
0
0
0
0
8.29496e-17
7.95367e-15
0
0
0
0
0
0
-1.81373e-16
2.68664e-15
0
0
0
0
0
2.19296e-15
-6.92898e-16
1.25333e-14
4.17909e-16
0
0
0
0
0
0
0
0
0
0
0
0
0
0
0
0
0
0
0
0
0
0
0
0
-2.90257e-14
3.18163e-14
0
0
0
0
0
0
0
0
0
0
0
0
0
0
0
-5.26999e-16
-2.4793e-14
1.32496e-16
0
0
0
0
0
-1.37645e-14
1.67075e-14
0
0
0
0
0
0
0
6.38178e-14
-1.08785e-30
2.01399e-16
-1.27216e-14
0
0
0
0
0
0
0
0
0
0
-4.63132e-16
-1.62141e-16
3.62567e-15
0
0
0
-3.48713e-15
0
-3.19371e-14
0
0
0
0
0
0
0
0
0
0
0
0
0
0
0
0
0
0
0
0
5.91578e-16
-8.37616e-16
0
0
0
0
0
0
0
0
0
0
0
0
0
0
0
0
0
1.75618e-15
0
0
0
3.41947e-16
-3.19527e-16
0
1.01741e-15
1.53633e-16
0
0
0
0
0
0
0
0
0
1.86488e-16
8.66942e-17
0
0
0
0
0
0
1.38626e-14
6.72299e-14
-4.20554e-14
0
0
0
0
0
0
0
0
0
0
0
0
0
0
0
0
0
0
0
0
0
0
0
0
0
0
0
0
0
0
0
0
0
0
0
0
0
0
0
0
0
0
5.09393e-15
-3.41287e-32
-1.49002e-14
0
0
0
0
0
0
0
0
0
0
0
0
0
0
3.83881e-14
0
-2.85756e-14
0
0
3.81185e-14
0
0
0
0
0
0
0
0
0
0
0
0
0
0
0
0
0
0
0
0
0
0
0
0
-7.09325e-17
-2.81406e-16
0
0
0
0
0
0
0
0
0
0
0
0
0
0
0
0
2.79975e-15
2.34487e-15
0
0
0
0
0
0
0
0
0
0
0
0
0
0
2.33803e-15
0
0
0
0
0
0
0
0
0
0
0
0
0
0
0
0
0
0
0
0
0
4.27782e-16
0
0
0
0
0
0
0
4.69954e-15
-1.22011e-14
0
0
0
0
0
-2.42151e-17
0
0
6.04761e-15
-5.22671e-14
0
0
0
0
0
0
-1.33278e-14
1.27353e-14
0
-1.61004e-14
0
1.18844e-14
-1.53181e-16
0
0
0
0
0
0
0
0
2.50428e-15
0
0
0
0
0
0
0
0
0
0
0
0
0
0
0
0
0
0
0
0
0
0
0
0
0
0
0
0
0
0
0
0
8.06798e-15
-2.66621e-16
0
0
0
0
0
0
0
7.45662e-16
-1.52105e-15
0
-3.31997e-16
7.24681e-16
0
0
0
0
0
0
-1.2397e-15
-3.92146e-16
-1.97236e-16
-1.74478e-16
0
0
0
0
0
0
0
0
0
0
-2.45345e-16
4.92957e-14
0
0
0
0
0
0
0
0
0
0
0
0
0
0
0
0
0
0
0
0
0
0
0
0
0
0
0
0
0
0
0
0
0
0
0
1.26618e-15
0
0
0
0
0
0
0
0
0
0
0
0
0
-2.5437e-15
0
0
0
0
0
0
0
0
8.13845e-14
-3.77193e-15
0
0
0
7.48197e-15
0
0
0
0
0
0
0
0
0
0
0
0
0
0
0
0
0
0
0
0
0
0
0
0
0
-5.73469e-14
0
0
0
0
0
0
0
0
0
0
0
0
-2.25038e-15
2.00934e-15
0
0
0
0
0
0
-3.10605e-14
0
0
0
0
0
0
0
0
0
0
0
0
0
0
0
0
0
0
0
0
0
0
-5.97308e-16
0
0
0
-4.61429e-14
-4.22078e-14
0
0
0
0
0
0
0
0
0
0
1.15706e-14
0
0
0
0
0
4.76238e-15
-4.51911e-12
0
0
0
-3.30307e-14
0
0
0
0
0
0
2.31033e-14
0
0
0
0
0
0
0
0
0
0
0
0
0
0
0
0
0
0
-6.17702e-16
0
0
0
0
0
0
0
0
2.48429e-17
6.22013e-17
-1.50455e-17
-3.77092e-16
0
0
0
0
0
0
0
0
0
0
0
0
0
0
0
0
9.74556e-16
2.38941e-14
0
0
0
0
0
0
0
0
0
0
-1.56529e-14
0
0
0
0
0
1.09105e-30
-3.42921e-14
0
0
0
0
0
0
0
0
0
0
0
0
-3.41542e-17
3.90217e-16
-1.46919e-16
-2.49103e-14
0
0
0
0
0
0
0
0
0
0
0
0
0
0
0
0
0
0
0
0
0
0
0
0
0
0
0
0
0
0
0
0
0
0
0
0
0
0
0
0
0
0
0
0
0
0
0
0
0
0
0
0
0
6.27165e-17
0
0
0
4.07797e-16
0
0
0
0
0
0
0
0
0
0
0
0
0
0
0
0
0
0
0
0
0
1.00167e-16
-1.06186e-17
0
0
0
0
-5.44855e-14
0
0
0
0
0
0
0
0
0
0
0
0
0
0
-3.39881e-16
-5.67797e-16
0
0
0
0
0
0
0
0
0
0
0
0
0
0
0
0
0
0
0
0
0
0
0
0
0
0
0
0
1.98443e-16
0
0
0
0
0
0
0
0
1.0307e-15
0
0
-1.09511e-14
-9.97904e-15
0
0
0
0
0
0
0
-5.44604e-17
0
0
0
0
0
0
0
0
0
0
0
0
0
0
0
0
0
0
0
0
0
0
0
0
3.48046e-14
0
0
0
0
0
0
0
0
0
0
0
0
0
0
0
0
1.12581e-15
1.00554e-16
0
0
0
0
0
0
0
0
0
-2.0203e-16
-2.35603e-15
0
0
0
0
0
0
0
0
0
0
0
0
0
0
0
0
0
0
0
0
0
0
0
0
3.13181e-16
0
0
-9.979e-17
0
0
0
0
0
0
0
0
0
0
0
0
0
0
0
8.07173e-15
0
0
0
-1.00842e-13
0
0
0
0
0
0
0
0
0
0
0
0
0
0
0
0
0
0
1.0172e-14
0
0
0
0
0
0
0
0
0
1.79617e-14
0
-2.93365e-14
4.11372e-14
-2.34905e-14
0
0
0
0
0
0
0
0
0
0
0
0
0
0
0
0
0
0
0
0
0
0
0
0
0
0
0
0
-1.26148e-14
0
0
0
0
0
0
0
0
0
0
0
0
-3.17815e-16
5.57802e-17
0
0
0
0
0
0
0
2.33407e-16
-3.5062e-15
-6.42702e-15
0
0
0
0
0
0
0
0
0
0
0
0
0
3.87526e-14
0
2.13355e-14
0
0
-3.06113e-17
-1.09105e-30
0
0
0
0
0
0
0
0
0
-6.61327e-15
0
0
0
0
0
0
0
0
0
0
0
0
0
0
0
0
0
0
0
-1.40913e-16
0
0
0
0
0
0
0
0
0
0
0
0
0
0
0
0
-6.60664e-14
4.47228e-14
0
0
0
7.51001e-14
0
0
0
0
0
0
0
0
0
0
0
0
-2.31138e-14
0
0
0
0
0
0
0
0
0
0
0
0
0
0
0
0
0
9.81714e-14
-1.67594e-14
0
0
0
0
-3.48508e-14
0
0
0
0
0
0
-1.48044e-17
0
0
0
0
0
0
0
0
0
0
0
0
0
0
0
0
1.43903e-14
-1.03207e-14
0
0
0
0
0
-6.32529e-15
-2.38205e-16
0
0
0
0
0
0
0
0
0
0
0
0
2.25579e-16
0
0
0
0
2.20642e-15
0
2.68622e-14
0
0
0
0
0
0
0
0
0
0
0
0
0
0
0
1.60272e-16
0
0
0
0
0
0
0
0
0
0
0
0
0
1.09796e-13
-1.21967e-15
0
0
0
0
0
0
0
0
0
0
0
0
7.07279e-17
-5.97453e-16
9.33544e-17
0
-1.32108e-14
0
0
0
0
0
-6.03042e-17
0
4.02655e-16
0
0
0
0
3.04159e-15
0
0
0
0
0
0
0
0
0
0
0
0
0
0
0
0
0
0
0
0
0
0
0
0
-2.40969e-15
1.26254e-15
0
0
0
0
0
0
0
0
0
0
0
0
0
0
0
0
0
0
0
0
0
0
0
0
0
0
0
0
0
0
0
0
0
0
0
0
0
0
1.43636e-15
8.80551e-16
0
0
0
0
0
0
0
0
0
0
0
-1.04234e-15
0
0
0
1.52624e-16
0
0
0
0
0
0
0
0
0
0
0
0
0
0
0
0
0
0
0
6.54838e-17
0
5.53441e-15
0
0
0
0
0
0
0
0
0
0
0
0
0
0
0
0
0
0
-5.18915e-17
0
0
0
0
0
0
0
0
0
0
0
0
0
0
0
0
0
0
0
0
0
0
0
0
0
0
0
0
0
0
0
0
0
6.07014e-16
0
0
0
0
0
0
0
0
0
1.46334e-16
0
0
0
0
0
4.27682e-17
-4.83512e-16
3.2172e-16
0
0
0
0
0
0
0
1.08546e-17
0
0
0
0
-9.02482e-14
0
0
0
-2.24305e-15
0
1.22178e-14
0
-1.49001e-16
0
0
0
0
0
0
0
0
0
0
0
0
0
0
0
0
-1.40761e-14
0
-1.918e-14
5.39534e-14
0
0
0
3.02862e-16
0
0
0
0
0
0
0
0
0
0
0
0
0
-1.5833e-14
0
0
0
0
0
0
0
0
0
0
0
0
0
0
0
0
0
0
0
2.56599e-17
1.10273e-15
0
0
0
0
0
0
4.65431e-14
-9.57763e-14
0
0
0
0
0
0
0
0
0
0
0
0
0
0
0
0
0
0
0
0
-7.85394e-15
0
0
0
0
-4.377e-30
-9.33754e-17
0
0
0
0
0
0
0
0
0
0
0
0
0
0
0
0
0
0
0
0
0
0
0
0
0
-2.09587e-16
-1.36679e-16
0
0
0
0
0
-3.82812e-14
4.15054e-14
0
0
0
0
0
0
0
0
0
0
0
0
0
0
0
0
0
0
0
0
0
0
0
0
0
0
0
0
-2.21533e-16
-5.96242e-16
3.4875e-14
0
0
0
0
0
0
0
0
1.40259e-16
0
0
0
0
0
0
0
0
0
0
0
0
0
0
0
0
0
0
0
0
0
0
0
0
0
0
0
0
0
-7.51944e-15
-3.1319e-15
0
0
0
0
0
0
0
2.09587e-14
0
0
0
0
0
0
0
0
0
0
0
0
0
0
0
0
0
0
0
0
0
0
0
0
0
0
0
0
0
0
0
-4.41256e-14
0
0
0
0
0
0
0
0
0
0
0
5.03619e-14
-1.49301e-14
1.00661e-14
1.81104e-15
0
0
0
0
0
0
0
0
0
0
0
0
0
0
1.82083e-14
0
0
0
0
0
0
4.99391e-16
-5.71089e-16
0
0
0
0
0
0
0
0
0
0
0
0
0
0
-1.35731e-14
0
0
7.18069e-15
0
0
0
0
0
0
0
0
0
0
0
0
0
0
0
0
0
0
0
0
0
0
0
0
0
0
0
0
0
0
0
0
0
0
-1.77148e-16
0
0
0
0
0
0
0
0
0
0
0
0
0
0
0
0
0
0
0
0
0
0
0
0
-1.45899e-16
1.30821e-14
0
0
0
0
0
0
0
0
0
0
0
0
0
0
0
0
0
0
0
0
0
0
0
2.17369e-16
-6.11964e-16
0
0
0
0
0
0
0
0
0
0
0
0
0
0
0
0
0
0
0
0
0
0
0
3.48112e-29
-1.26388e-14
0
0
0
0
0
0
0
0
0
0
0
0
0
0
0
0
0
-6.09104e-16
-7.14648e-14
-2.91382e-16
1.30227e-15
0
0
0
0
0
0
0
0
0
0
0
0
0
0
0
0
0
0
9.72448e-16
0
0
0
0
0
0
0
0
0
0
0
0
-8.64026e-17
2.3982e-17
0
0
0
0
0
0
0
0
0
0
0
0
0
0
0
0
0
0
0
2.4677e-15
4.02303e-14
0
0
0
0
0
0
0
0
0
0
0
0
-7.82384e-14
-8.78198e-14
0
0
0
0
0
0
0
0
0
0
0
0
0
0
0
0
0
0
0
0
0
0
0
0
0
0
0
0
0
0
0
0
0
0
0
0
0
0
0
0
0
0
0
0
0
0
0
0
0
0
0
0
0
0
0
0
0
0
0
0
0
0
0
0
0
0
0
0
0
0
0
0
0
0
0
0
0
0
0
0
0
0
0
0
0
0
0
0
0
0
0
0
0
0
-8.33464e-17
2.34616e-17
0
0
0
0
0
0
0
0
0
0
0
0
0
0
0
0
0
0
0
3.27564e-14
0
0
0
0
0
0
7.9052e-17
-3.54223e-15
0
0
0
0
0
0
0
0
0
0
-5.73918e-14
0
2.98537e-14
0
0
0
0
0
0
0
0
0
0
0
0
0
0
0
0
0
0
0
0
0
-2.52459e-17
-6.30265e-17
0
0
0
0
0
0
0
0
0
0
0
0
0
0
0
0
0
2.68382e-14
0
0
0
0
0
0
0
0
0
0
0
0
0
0
0
0
0
0
0
0
0
0
0
0
0
0
0
0
0
0
0
-8.41985e-15
3.0674e-16
2.07139e-16
-6.66783e-16
-7.27609e-15
1.66248e-14
1.16111e-14
0
0
0
0
0
0
0
0
0
0
0
0
0
0
0
0
0
0
0
0
0
0
0
0
0
0
2.48438e-14
0
0
0
0
0
0
0
0
0
0
0
0
0
0
0
0
0
0
0
0
0
0
0
0
0
0
0
0
0
0
0
0
0
-6.14768e-16
0
0
0
0
0
0
0
0
0
0
0
0
0
0
0
0
0
0
0
0
2.4163e-16
-1.13246e-14
2.8209e-15
-8.64374e-15
0
0
0
0
0
0
0
0
0
0
0
0
0
0
0
0
0
0
4.08691e-17
-5.63026e-14
0
0
0
1.18492e-15
2.55845e-14
0
0
0
0
0
6.00027e-17
2.327e-17
0
0
5.17885e-15
-7.08135e-14
0
0
0
0
0
0
0
0
0
0
0
0
0
0
0
0
0
0
0
0
0
0
0
0
0
0
0
0
0
0
0
0
0
0
0
0
0
-2.97174e-16
2.12341e-17
1.06119e-16
0
0
0
0
0
0
0
0
0
-3.1098e-17
-8.17553e-17
0
0
0
0
0
0
0
0
-1.45081e-14
-1.47008e-14
0
-1.00821e-14
0
1.45159e-14
3.81656e-15
0
-1.3416e-16
-5.71572e-16
0
0
0
0
0
0
0
0
0
0
0
0
0
0
0
0
-3.94769e-17
0
-7.23208e-17
0
0
0
0
0
0
0
0
0
0
0
0
0
0
0
0
0
-2.72113e-16
0
0
0
0
0
0
0
0
0
0
0
0
0
0
0
0
0
0
0
2.17352e-15
0
-1.72703e-16
1.21903e-15
0
0
0
0
0
0
0
0
0
0
-7.19686e-16
-6.00674e-16
0
0
0
0
0
0
0
-3.37045e-14
0
0
0
0
0
0
0
0
0
0
0
0
0
0
0
0
0
0
0
0
0
0
0
0
0
0
0
0
0
0
0
0
0
0
0
0
0
0
0
1.68786e-16
0
0
0
0
0
0
0
0
0
0
0
0
0
0
1.06232e-14
0
0
0
0
0
0
0
0
-4.39296e-16
0
0
0
0
0
0
0
0
0
0
0
1.01593e-13
-2.82893e-15
-1.1407e-14
0
0
0
0
0
0
0
0
0
0
0
0
0
0
0
0
0
0
0
0
0
0
0
2.78338e-15
-1.13525e-14
7.32743e-15
0
0
-3.32478e-14
3.63566e-14
0
0
0
0
0
0
0
0
0
0
0
0
2.28053e-14
1.42142e-16
0
0
0
4.43461e-17
-9.71219e-16
0
0
0
0
0
3.08291e-14
2.90077e-14
0
0
0
0
0
0
0
0
0
0
0
0
0
0
0
0
0
5.22978e-14
0
0
0
0
0
0
0
0
0
0
0
0
0
0
0
0
0
-1.13458e-16
0
0
0
0
0
-8.83644e-17
0
0
0
0
0
0
0
0
0
0
0
0
0
0
0
0
0
0
0
0
0
0
0
0
0
0
0
6.24915e-17
0
0
0
-2.65115e-14
3.18306e-14
0
0
0
0
0
0
0
0
0
0
0
0
0
0
0
0
0
0
0
0
0
0
-2.52273e-17
8.82645e-17
0
2.27336e-15
-9.77456e-16
-2.1693e-30
0
0
0
0
0
0
7.17838e-17
0
0
0
0
0
0
0
0
6.9732e-15
-1.06751e-14
0
0
0
0
0
0
0
0
0
-4.4026e-30
0
0
0
0
0
0
0
0
0
0
0
0
0
0
0
0
0
0
0
0
0
0
0
0
0
0
0
0
0
0
0
0
0
0
0
0
0
0
0
0
0
0
0
0
0
0
0
0
0
0
0
0
0
0
0
0
0
0
0
0
0
0
0
0
0
0
0
0
0
0
0
0
0
0
0
0
0
-5.91289e-16
2.13514e-16
0
0
0
0
0
0
0
0
-1.86359e-14
0
0
0
0
0
0
0
0
2.08309e-15
0
0
0
0
0
0
0
0
0
0
0
0
0
0
0
0
0
0
0
0
0
0
0
0
0
0
0
0
0
0
0
-1.27683e-15
0
0
0
0
0
0
1.25795e-16
0
0
0
0
-5.03941e-16
0
0
0
0
0
0
0
0
0
6.20522e-16
-2.74304e-16
0
0
0
0
0
0
0
0
0
0
0
0
0
0
0
0
0
0
0
0
0
0
0
0
0
0
0
0
0
0
0
0
0
0
0
0
-4.89343e-15
0
0
0
0
0
0
0
0
0
0
0
0
0
0
0
0
0
0
0
0
0
0
0
0
0
0
0
0
0
0
0
0
0
0
0
0
0
0
0
0
0
0
0
0
0
0
0
0
0
0
0
0
0
-4.76942e-16
-6.71232e-15
0
0
0
0
0
0
0
0
0
7.43333e-16
0
0
0
0
0
0
0
0
0
0
0
0
-5.3771e-17
0
0
0
0
1.94706e-16
2.67284e-15
0
0
0
0
0
0
0
0
0
0
0
0
0
0
0
0
0
0
0
0
0
0
0
0
0
0
0
0
0
0
0
0
0
0
0
0
0
0
0
0
0
0
0
0
-2.19857e-17
0
0
0
0
0
0
0
0
0
0
-7.77693e-16
4.377e-30
0
1.81764e-15
0
0
0
0
0
0
0
0
0
0
0
0
0
0
0
0
0
0
0
0
0
0
0
0
0
0
0
-5.92983e-14
0
0
0
0
0
2.50611e-14
8.41772e-15
0
0
0
0
0
0
0
0
0
0
0
0
0
0
0
0
0
0
0
0
2.76326e-16
0
0
0
0
0
0
0
0
0
0
-1.22565e-14
0
0
0
0
0
0
0
0
0
0
0
0
0
0
0
0
0
0
1.24598e-16
0
0
0
0
0
0
0
0
0
0
0
0
0
0
0
0
0
0
0
0
0
0
0
0
0
0
0
0
0
0
0
0
0
0
0
0
0
0
0
0
0
0
0
0
0
0
0
0
0
0
0
-5.96551e-16
-3.09753e-14
0
0
0
0
4.4026e-30
0
0
0
0
0
0
9.52868e-15
2.86307e-16
0
0
0
0
0
1.89633e-16
0
0
0
0
0
0
0
0
0
0
0
0
0
0
0
0
0
0
0
0
0
0
0
0
0
0
0
0
0
0
0
0
0
0
0
0
0
0
0
0
0
0
0
0
0
0
0
0
0
0
0
0
8.53844e-14
0
0
0
0
0
0
0
0
0
0
0
0
0
0
0
0
0
0
0
0
0
0
0
0
0
-8.15238e-14
0
0
0
0
0
0
0
0
0
0
0
0
0
0
0
0
0
0
0
0
-3.82208e-14
6.41563e-16
0
0
0
0
0
0
0
0
0
0
0
0
0
0
0
6.04776e-17
0
0
0
0
0
0
0
0
0
0
0
0
0
0
0
0
0
0
0
0
0
0
0
0
0
0
0
0
0
-2.30599e-16
0
0
0
0
0
0
0
0
0
-3.39399e-16
7.71945e-15
0
0
0
0
0
0
0
0
0
0
-2.27971e-14
0
0
0
0
0
0
0
0
0
0
0
0
0
0
0
0
0
0
0
0
0
0
0
0
0
0
0
0
0
0
0
0
0
0
0
0
0
0
0
0
0
0
0
0
0
0
0
0
0
0
0
0
0
8.54352e-14
0
0
0
0
0
0
0
0
0
0
0
0
0
0
0
0
0
0
0
0
3.18992e-15
-2.02947e-15
0
0
-1.95012e-15
-8.63774e-14
0
4.51269e-14
6.05487e-14
0
0
0
0
0
0
0
0
0
1.05025e-15
0
0
0
0
0
0
-5.63682e-15
1.65582e-16
0
0
6.70283e-16
8.22235e-16
0
0
0
0
0
0
0
0
0
0
0
0
0
0
0
0
0
0
0
0
0
0
0
0
0
0
2.48197e-13
0
0
0
0
0
0
0
8.90064e-15
-8.42804e-15
0
0
0
0
0
0
0
0
0
0
0
0
0
0
0
0
0
0
0
0
0
0
0
0
0
0
0
0
0
0
0
0
0
0
1.20457e-15
0
0
0
0
0
9.95997e-15
0
0
0
0
0
0
0
0
0
0
0
0
0
0
0
0
0
0
0
0
0
0
0
0
0
0
0
0
0
0
0
-4.9004e-17
0
0
0
0
0
0
0
0
0
0
0
0
0
0
0
0
0
0
0
0
0
0
0
0
0
0
0
0
0
0
0
0
0
0
0
0
0
0
0
0
0
0
0
0
0
0
0
0
0
0
0
0
0
0
0
0
0
0
0
0
0
0
0
0
6.84035e-14
-1.72124e-13
0
0
0
2.7075e-15
0
0
0
0
0
0
0
0
0
0
0
-1.08488e-14
0
0
0
0
0
0
0
0
0
0
0
0
0
0
0
0
0
0
3.08902e-16
-2.26944e-16
0
0
0
0
0
0
0
0
0
0
0
0
0
3.6422e-14
-4.52698e-16
0
0
0
0
0
0
0
0
0
3.23684e-14
-8.3465e-15
0
0
0
0
0
0
0
0
0
0
0
0
0
0
0
0
0
0
0
0
0
0
0
0
0
0
0
0
0
0
0
0
0
0
0
0
0
0
0
0
0
0
0
0
0
0
0
0
0
0
0
0
0
0
0
0
0
0
0
0
0
0
0
0
0
0
0
0
0
0
0
0
0
0
0
0
0
0
0
0
0
0
0
0
0
0
0
0
0
0
0
0
0
0
0
0
0
0
0
0
0
0
0
0
0
0
0
1.78801e-13
0
0
0
0
0
0
-1.4529e-16
0
0
0
0
0
0
0
0
0
0
0
0
0
0
0
0
0
0
0
0
0
0
0
0
0
0
0
0
0
0
0
0
0
0
0
0
0
0
0
0
0
0
0
0
0
0
0
0
0
0
0
0
0
0
0
0
0
0
0
0
0
0
0
0
0
0
0
0
0
0
0
0
0
0
0
0
0
0
0
0
0
0
0
0
0
0
0
0
0
0
0
0
0
0
0
0
0
0
0
0
0
0
0
0
0
0
0
0
0
1.99586e-16
-7.46639e-17
0
0
0
0
0
0
0
0
0
0
0
0
0
0
0
0
0
0
0
0
0
0
0
-5.53224e-14
0
0
0
2.52991e-15
-1.22431e-15
0
0
0
0
0
0
0
0
0
0
0
0
0
0
0
0
4.64731e-15
1.65394e-14
0
0
0
0
0
0
0
0
0
0
0
0
0
0
0
0
0
0
0
0
0
0
0
0
0
0
0
0
0
0
0
0
0
0
0
0
0
0
0
0
0
0
0
0
0
0
0
0
0
0
0
0
0
0
0
0
0
1.55441e-14
0
0
0
0
0
0
0
0
-1.32712e-16
0
0
0
0
0
0
0
0
0
5.88786e-14
3.0922e-14
0
0
0
0
0
0
0
0
0
0
0
0
0
0
0
0
0
0
0
0
0
0
0
0
0
0
0
0
0
0
0
0
0
0
0
0
0
0
0
0
0
0
0
0
0
0
0
0
0
0
0
0
0
0
0
0
0
0
0
0
0
0
0
0
0
0
0
0
0
0
0
0
0
0
0
0
0
0
0
0
0
0
1.14909e-16
0
0
0
0
0
0
0
0
0
0
0
0
0
0
0
0
0
0
0
0
0
0
0
0
0
0
-3.14849e-14
6.26986e-15
0
0
0
0
0
0
0
0
0
0
0
0
0
0
0
0
0
0
0
0
0
0
0
0
0
-6.93741e-16
-2.88661e-14
0
0
0
0
0
0
0
0
0
0
0
0
0
0
0
0
0
0
0
0
0
0
0
0
0
0
0
0
0
0
0
0
0
0
0
0
0
0
0
0
0
0
0
0
0
0
6.65101e-14
0
0
0
0
0
0
0
0
0
0
0
0
0
0
0
0
0
0
0
0
0
-5.00899e-16
0
0
0
0
0
0
0
0
0
0
0
0
0
0
0
0
0
0
0
0
0
0
0
0
0
0
0
0
0
0
0
0
0
0
-1.73085e-16
0
0
-2.22389e-16
0
0
0
0
2.87036e-15
0
0
0
0
0
0
0
0
0
0
0
0
0
0
0
0
0
0
0
0
0
0
0
0
0
0
-1.95735e-15
0
0
0
0
0
0
0
0
0
0
0
8.68053e-16
4.55897e-14
0
0
0
0
0
0
0
0
0
0
0
0
0
0
0
0
0
0
0
0
0
0
0
0
0
0
0
0
0
0
0
0
0
0
0
0
0
0
0
0
0
0
0
0
0
6.54547e-14
8.81483e-17
0
0
0
0
0
0
0
0
0
0
0
0
0
0
0
0
0
0
0
0
0
0
0
0
0
0
0
0
0
0
0
0
0
0
0
0
0
0
0
0
0
0
0
0
0
0
0
0
3.87484e-15
2.24268e-15
0
0
0
0
0
0
0
0
0
0
0
0
0
0
0
0
0
0
0
0
0
0
0
0
0
0
0
0
0
0
0
0
0
0
0
0
0
0
0
0
0
0
0
0
0
0
0
0
0
-4.97704e-15
0
0
0
0
0
0
0
0
0
0
0
0
0
0
0
0
0
0
0
0
0
0
0
0
0
0
0
0
0
0
0
0
0
0
0
0
0
0
0
0
0
0
0
3.16029e-16
0
0
0
0
0
0
0
0
0
0
0
0
0
0
0
0
3.03236e-14
-1.91963e-14
0
0
0
0
0
0
0
0
0
0
0
0
0
0
0
0
0
0
0
0
0
0
0
0
0
0
0
0
0
0
0
0
0
5.92952e-16
0
0
0
0
0
0
0
0
0
0
0
0
0
0
0
0
0
0
0
0
0
0
0
0
0
0
0
0
0
0
0
0
0
0
0
0
0
0
0
0
0
0
0
0
0
0
0
0
0
0
0
0
0
0
0
0
0
0
0
0
0
0
0
0
0
0
0
0
0
0
0
0
0
0
0
0
0
0
0
0
0
0
0
0
0
0
0
0
0
0
0
0
0
0
0
0
0
0
0
0
0
0
0
0
0
0
0
0
0
0
0
0
0
0
0
0
0
0
0
0
0
0
0
0
0
0
0
0
0
0
0
0
0
0
0
0
0
0
0
0
0
0
0
0
0
0
0
0
0
0
0
0
0
0
0
0
0
0
0
0
0
-6.59996e-17
-1.44942e-17
0
0
0
0
0
0
0
0
0
0
0
0
0
0
0
0
0
-8.33818e-17
6.07915e-16
0
0
-4.76685e-16
0
0
0
0
0
0
0
0
0
0
0
0
0
0
0
0
0
0
0
3.31559e-14
3.03792e-14
0
0
0
0
0
0
0
0
0
0
0
0
0
0
0
0
0
0
0
0
0
0
0
0
0
0
0
0
0
0
0
0
0
0
0
0
0
0
0
0
0
0
0
0
0
0
0
0
0
0
0
0
0
0
0
0
0
0
0
0
0
0
0
0
0
0
0
0
0
0
0
0
0
0
0
0
0
0
0
0
0
0
0
0
0
0
0
0
0
0
0
7.57101e-15
0
0
0
0
0
0
0
0
0
0
0
0
0
0
4.66745e-16
-5.12867e-17
0
0
0
0
0
0
0
0
0
0
0
0
0
0
0
0
0
0
0
0
0
0
0
0
0
0
0
0
0
0
0
0
0
0
0
1.63699e-14
0
0
0
0
0
0
0
0
0
0
0
0
0
0
0
0
0
0
0
0
0
0
0
0
0
0
0
-3.68084e-16
0
0
0
0
0
0
0
0
0
0
0
0
0
0
0
-2.25725e-15
0
0
0
0
0
-9.01641e-14
0
0
0
0
0
0
0
0
0
0
0
0
0
0
0
0
0
0
0
0
0
0
0
0
0
0
0
0
0
0
-7.4864e-14
-9.02783e-14
0
0
0
0
0
0
0
0
0
0
0
0
0
0
0
0
0
-6.21645e-14
4.11402e-14
0
0
0
0
0
0
0
0
0
0
0
0
0
0
0
0
0
0
3.19224e-14
2.85014e-14
0
0
0
0
0
0
0
0
0
0
0
0
0
0
0
0
-3.28092e-16
0
0
0
0
0
0
0
0
0
0
0
0
0
0
0
0
0
0
0
0
0
1.18022e-16
4.34805e-17
0
0
0
0
0
0
0
0
0
0
0
0
0
0
0
0
0
0
0
0
0
0
0
0
-1.45865e-14
0
0
0
0
0
0
0
0
0
0
0
0
0
0
0
0
0
0
0
0
0
0
0
0
0
0
4.02596e-16
0
0
0
0
0
0
0
0
0
0
0
0
0
0
0
0
0
0
0
0
0
0
0
0
0
0
0
0
0
0
0
0
0
0
0
0
0
0
0
1.5564e-16
-1.5564e-16
0
0
0
0
0
0
0
0
0
0
0
0
0
0
0
0
0
0
0
0
0
0
0
0
0
0
0
0
0
0
0
0
0
0
0
0
0
0
0
0
0
0
0
-3.30489e-18
0
0
0
0
-2.36012e-14
0
0
0
0
0
0
0
0
0
0
0
0
0
0
0
0
1.75075e-14
-3.6798e-14
0
0
0
0
0
0
0
0
0
0
0
0
0
0
0
0
0
0
0
0
0
0
0
0
0
-2.14173e-14
0
0
0
0
0
0
0
0
0
0
0
1.02076e-16
0
2.48696e-17
0
0
0
0
0
0
0
0
0
0
0
0
0
0
0
0
0
0
0
0
0
0
0
3.56632e-14
0
0
0
0
0
0
0
0
0
0
0
3.82861e-15
0
0
0
0
0
0
0
0
0
0
0
0
0
0
0
0
0
0
0
0
0
0
0
0
0
0
0
0
0
0
0
0
0
0
0
0
0
0
0
0
0
0
0
0
0
0
5.78071e-14
4.57136e-14
0
0
0
0
0
0
0
0
0
0
0
0
0
0
0
0
0
0
0
0
0
0
0
0
0
0
0
0
0
0
0
0
0
0
0
0
0
0
0
0
0
0
0
0
0
0
0
0
0
0
0
0
0
0
0
0
0
0
0
0
0
0
0
0
0
0
0
0
0
0
0
0
0
0
0
0
0
0
0
0
0
0
0
0
0
0
0
0
0
0
0
0
0
0
0
0
0
0
0
-5.16605e-15
-2.87605e-14
0
0
0
0
0
0
0
0
0
0
0
0
0
0
0
0
-1.54228e-16
0
0
0
0
0
0
0
0
0
0
0
0
0
0
0
0
0
0
0
0
0
0
0
0
0
0
0
0
0
0
0
0
0
0
0
0
0
0
0
0
0
0
0
0
0
0
0
0
0
0
0
3.79429e-14
0
0
0
0
0
0
0
0
0
0
0
0
0
0
0
0
0
0
0
0
0
0
0
0
0
0
0
0
0
0
0
0
0
0
0
0
0
0
0
0
0
0
0
0
0
0
0
0
0
0
0
0
0
0
0
0
0
0
0
0
0
0
0
0
0
0
0
2.67575e-14
0
0
0
0
0
0
0
0
0
0
0
0
0
1.17427e-13
8.48357e-14
0
0
0
0
0
0
0
0
0
0
0
0
0
0
0
0
0
0
0
0
0
0
0
0
0
0
0
0
0
0
0
0
0
0
0
0
0
0
0
0
0
0
0
0
0
0
0
0
0
0
0
0
0
0
0
0
0
0
0
0
0
0
0
0
0
0
0
0
0
0
0
0
0
0
0
0
0
0
0
0
0
0
0
0
0
0
0
-2.95108e-16
0
0
0
0
0
0
0
0
0
0
0
-2.76028e-16
0
0
0
0
0
0
0
0
0
0
0
0
0
0
0
0
0
0
0
0
0
0
0
0
0
0
0
0
0
0
0
0
0
0
0
0
0
0
0
0
0
0
0
0
0
0
0
4.86746e-15
0
0
0
0
0
0
0
0
0
0
0
0
0
0
0
0
0
0
0
0
0
0
0
0
0
0
0
0
0
0
0
0
0
0
0
0
0
0
0
0
0
1.99998e-16
5.31497e-16
0
0
0
0
0
0
0
0
0
0
0
0
0
0
0
0
0
0
0
0
0
0
0
0
0
0
0
0
0
0
0
0
0
0
0
0
0
0
0
0
0
0
0
0
0
-8.74479e-17
2.48143e-17
0
0
0
0
0
0
0
0
0
0
0
0
0
0
0
0
0
0
0
0
0
0
0
0
0
0
0
0
0
0
0
0
0
0
0
0
0
0
0
0
0
0
0
0
0
0
0
0
-1.12714e-14
-1.88343e-13
0
0
0
0
0
0
0
0
0
0
0
0
0
0
0
0
0
0
0
0
0
0
0
0
0
0
0
0
0
0
0
0
0
0
0
0
0
0
0
0
0
0
0
0
0
0
0
0
0
0
0
0
0
0
0
0
0
0
0
0
0
0
0
0
0
0
0
0
0
0
0
0
0
0
0
0
0
0
0
0
0
0
0
0
0
0
0
0
0
0
0
0
0
0
0
0
0
0
0
0
0
0
0
0
0
0
0
0
0
0
0
0
0
0
0
0
0
0
0
0
0
0
0
0
0
0
0
0
0
0
0
0
0
0
-1.8738e-13
-7.27841e-15
0
0
0
0
0
0
0
0
0
0
0
0
0
0
0
0
0
0
0
0
0
0
0
0
0
0
0
0
0
0
0
0
0
0
0
0
0
0
0
0
0
0
0
0
0
0
0
0
0
1.15114e-14
0
0
0
0
0
0
0
-4.27323e-14
0
0
0
0
0
0
0
0
0
0
0
0
0
0
0
0
0
0
0
0
0
0
0
0
0
0
0
1.95826e-13
0
0
0
0
0
0
-4.54779e-14
0
0
0
0
0
0
0
0
0
0
0
0
0
0
0
0
0
0
0
0
0
0
0
0
0
0
0
0
0
0
0
0
0
0
0
0
0
0
0
0
0
0
0
0
0
0
8.05427e-15
0
0
0
0
0
0
0
0
0
0
0
0
0
0
0
0
0
0
0
-3.48698e-14
0
0
0
0
0
0
0
0
0
0
0
0
0
0
0
0
0
0
0
0
0
0
0
0
0
0
0
0
0
0
0
0
0
0
0
0
0
0
-6.59919e-14
0
0
0
0
0
0
0
0
0
0
0
0
0
0
0
0
0
0
0
0
0
0
0
0
0
0
0
0
0
0
0
0
0
0
0
0
0
0
0
0
0
0
0
0
0
0
0
0
0
0
0
0
0
0
0
-6.26622e-17
0
0
0
0
0
0
0
0
0
0
0
0
0
-3.74886e-17
0
0
0
0
0
0
0
0
0
0
0
0
0
0
0
3.8264e-16
0
0
0
0
0
0
0
0
0
0
0
0
0
0
0
0
0
0
0
0
0
0
3.38929e-17
-1.42085e-15
0
0
0
0
0
0
0
0
0
0
0
0
0
0
0
0
0
0
0
0
0
0
0
0
0
-2.82781e-16
0
0
0
0
0
0
0
0
0
0
0
0
0
0
0
0
0
0
0
0
0
0
0
0
0
0
0
0
0
0
0
0
0
0
0
0
0
0
0
0
0
0
0
0
0
0
0
0
0
0
0
0
0
0
0
0
0
0
0
0
0
0
0
0
5.11732e-16
0
0
0
0
0
0
0
0
0
0
0
0
0
0
0
0
0
0
0
0
0
0
0
0
0
0
0
0
0
0
0
0
0
0
0
0
0
0
0
0
0
0
0
0
0
0
0
0
0
0
0
0
0
0
0
0
0
0
0
0
0
0
0
0
0
0
0
0
0
0
0
0
0
0
0
0
0
0
0
0
0
0
0
0
0
0
0
0
0
0
0
0
0
0
0
0
0
0
0
0
0
0
0
0
0
0
0
0
0
0
0
9.09821e-14
0
0
0
0
0
0
0
0
0
0
0
0
0
0
0
0
0
0
0
0
0
0
0
0
0
0
0
0
0
0
0
0
0
0
0
0
0
0
0
0
0
0
0
0
0
0
0
0
0
0
0
0
0
0
0
0
0
0
0
0
0
0
0
0
0
0
0
0
0
0
0
0
0
0
0
0
0
0
0
0
0
0
0
0
0
0
0
0
0
0
0
0
0
0
0
0
0
0
0
0
0
0
0
0
0
0
0
0
0
0
0
0
0
0
0
0
0
0
0
0
0
0
0
0
0
0
0
2.48012e-17
0
0
0
0
0
0
0
0
0
0
0
0
0
0
0
0
0
0
0
0
0
0
0
0
0
0
0
1.26432e-17
-4.13294e-17
0
0
4.82923e-16
0
0
0
9.08727e-14
0
0
0
0
0
0
0
0
0
0
0
0
0
0
0
2.46611e-16
0
0
0
0
0
0
0
0
0
0
0
0
9.64108e-15
0
0
0
0
0
0
0
2.14342e-15
0
0
0
0
0
0
0
0
0
0
0
0
0
0
0
0
0
0
-6.29408e-17
-2.52279e-17
0
0
0
0
0
0
0
0
0
0
0
0
0
0
0
0
0
0
0
6.22796e-16
1.65591e-14
0
0
0
0
0
0
0
0
0
0
0
0
0
0
0
0
0
0
0
0
0
0
0
0
0
0
0
0
0
0
0
0
1.88107e-15
0
0
0
0
0
0
0
0
0
2.55763e-16
0
0
0
0
0
0
0
1.16245e-13
-4.48139e-14
0
0
0
3.49136e-29
0
0
0
0
0
0
0
0
0
0
0
0
0
0
0
0
0
0
0
0
0
0
0
0
0
0
0
-1.43687e-14
3.20236e-14
0
0
0
0
0
0
2.64224e-15
0
0
0
0
0
0
0
0
0
-2.89568e-14
0
0
0
0
0
0
0
0
0
0
0
0
0
0
0
0
0
0
0
0
0
0
0
0
0
0
0
0
0
0
0
0
0
0
0
0
0
0
0
0
0
0
0
0
0
0
0
0
0
0
0
0
0
0
0
0
0
0
0
0
0
0
0
-1.86729e-16
0
0
0
0
0
0
0
0
0
0
0
0
0
0
0
0
0
0
0
0
0
0
0
0
0
0
0
0
0
0
-1.26867e-15
0
0
0
0
0
0
0
0
0
0
0
0
0
0
0
0
0
0
-1.23071e-14
-8.85611e-15
0
0
0
0
0
0
0
0
0
0
0
0
0
0
0
0
0
0
0
0
0
0
0
0
0
0
0
0
0
0
0
0
0
0
0
0
0
0
0
0
0
0
0
0
0
0
0
0
0
0
0
0
0
0
0
0
0
0
0
0
0
0
0
0
0
0
0
0
0
0
0
0
0
0
0
0
0
0
0
0
0
0
0
0
0
0
0
0
0
0
0
0
0
3.0918e-14
0
0
0
0
0
0
0
0
0
0
0
0
0
0
0
0
0
0
0
0
0
0
0
0
0
0
0
0
0
0
0
0
0
0
0
0
0
0
0
0
0
0
0
0
0
0
0
0
0
0
0
0
0
0
0
0
0
0
0
0
0
0
0
0
0
0
0
0
0
0
0
0
0
0
0
0
0
0
0
0
0
0
0
0
0
0
0
0
0
0
0
0
0
0
0
0
0
0
0
0
0
0
0
0
0
0
0
0
0
0
0
0
0
0
0
0
0
1.41456e-15
0
0
0
0
0
0
0
0
0
0
0
0
0
0
0
0
0
0
0
0
0
0
0
0
0
0
0
0
0
8.79081e-17
0
0
0
0
0
0
0
0
0
0
0
0
0
0
0
0
0
0
0
0
0
0
0
0
0
0
0
0
0
0
0
0
0
4.58462e-15
0
0
0
0
0
0
0
0
0
0
0
0
0
0
0
0
0
0
0
0
0
0
0
0
0
0
0
0
0
0
0
0
0
0
0
0
0
0
0
0
0
1.59284e-16
0
0
0
0
0
0
0
0
0
0
0
0
0
0
0
0
0
0
0
0
0
0
0
0
0
0
0
0
0
0
0
0
0
0
0
0
1.032e-14
0
0
0
0
0
0
0
0
0
0
0
0
-2.76585e-16
1.26637e-15
0
0
0
0
-6.96571e-16
0
0
0
0
0
0
0
0
0
0
0
0
0
0
0
0
-3.89014e-16
0
-3.01564e-16
0
0
0
0
0
0
0
0
0
0
0
0
0
0
0
0
0
0
0
0
0
0
0
0
-5.8262e-16
2.53323e-16
-1.467e-15
0
0
0
0
0
0
0
0
0
0
0
0
0
0
0
0
0
0
0
0
0
0
0
0
0
0
0
0
1.31176e-16
0
0
0
0
0
0
0
0
0
0
0
0
0
0
2.78122e-16
0
0
0
0
0
0
0
0
0
0
0
0
0
0
0
0
0
0
0
0
0
0
0
0
0
0
0
0
0
0
0
0
6.34161e-15
0
0
0
0
0
0
0
0
0
0
0
0
0
0
0
0
0
0
0
0
0
0
0
0
0
0
0
0
0
0
0
0
0
0
0
0
0
0
0
0
0
0
0
0
0
0
0
0
0
0
0
0
0
0
0
0
0
0
0
0
0
0
0
0
0
0
0
0
4.42214e-17
0
0
0
0
0
0
0
0
0
0
0
-3.09879e-14
0
0
0
0
0
0
0
0
0
0
-6.78061e-14
0
0
0
0
0
0
0
0
0
0
0
0
0
0
0
-7.51411e-14
0
0
0
0
0
0
0
0
0
0
0
0
0
0
0
0
0
0
0
0
0
0
0
1.35555e-16
-5.42514e-14
-1.45286e-14
0
0
0
0
4.15163e-14
0
0
0
0
0
0
0
0
0
0
0
0
0
0
0
0
0
0
0
0
0
0
0
0
0
0
0
0
0
0
0
0
0
0
0
0
0
0
0
0
0
0
0
0
0
0
0
0
0
0
0
0
0
0
0
0
0
0
0
1.93025e-14
3.01359e-14
0
0
0
0
0
0
0
0
0
0
0
0
0
0
0
0
0
0
0
0
0
0
0
0
0
0
0
0
0
0
0
0
0
0
0
0
0
0
0
0
0
0
0
0
0
0
0
0
0
0
0
-1.12428e-14
0
0
-1.09791e-14
0
0
1.00016e-14
0
0
0
0
0
0
0
0
0
0
0
0
0
0
0
0
0
0
0
0
0
0
0
0
0
0
0
0
0
0
0
0
0
0
0
0
0
0
0
0
0
0
0
0
0
0
0
0
0
0
0
0
0
0
0
0
0
0
0
0
0
-7.0032e-29
2.88987e-14
0
0
0
0
0
0
0
0
0
0
0
0
0
0
0
0
-1.29697e-14
0
0
0
0
0
0
0
0
0
0
0
0
0
0
0
0
0
0
0
0
0
0
0
0
0
0
0
0
0
0
0
0
0
0
0
0
0
0
0
0
0
3.55812e-14
0
-2.01975e-16
0
0
0
0
0
0
0
0
0
0
0
0
0
0
0
0
0
0
0
0
0
0
0
0
0
0
0
0
0
0
0
0
0
0
0
6.14403e-14
0
0
0
0
0
0
0
0
0
0
0
0
0
0
0
0
0
0
0
0
0
0
0
0
0
0
0
8.07319e-14
0
5.42365e-15
1.31193e-14
0
0
0
0
0
0
-1.41423e-14
0
0
0
0
0
0
0
0
0
0
0
0
0
0
0
0
0
0
0
0
0
0
0
0
0
0
0
0
0
0
0
0
0
0
0
0
0
0
0
3.919e-14
6.86081e-15
0
0
0
0
0
0
0
0
0
0
0
0
0
0
0
0
0
0
0
0
0
0
0
0
0
0
0
0
0
0
0
0
0
0
0
0
0
0
0
0
0
0
0
0
0
0
0
0
0
0
-1.30405e-16
0
0
0
0
0
0
0
0
0
0
0
0
0
0
0
0
0
0
0
0
0
0
0
0
0
0
-1.55354e-16
7.46638e-17
0
0
0
0
0
0
0
0
0
0
0
0
0
0
0
0
0
0
0
0
0
0
0
0
0
0
0
0
-1.13912e-16
5.34425e-15
0
0
0
0
0
0
0
0
-8.86208e-14
0
0
0
0
0
0
0
1.84334e-14
-9.77981e-15
0
0
0
0
0
0
0
0
0
0
0
0
0
0
0
0
0
0
0
0
0
0
0
0
0
0
0
0
0
0
0
0
0
0
0
0
0
0
0
0
0
0
0
0
0
0
-4.61179e-12
7.02618e-13
0
-3.84253e-14
0
0
0
0
0
0
0
0
0
0
0
0
0
0
0
0
0
0
0
0
0
0
0
0
0
1.66714e-15
-1.38379e-15
-1.89877e-16
-2.59144e-13
0
0
0
0
0
-1.84103e-15
-2.65907e-16
0
0
0
0
0
0
0
0
0
0
0
0
0
0
0
-9.39271e-13
0
0
0
-7.58168e-17
-6.74335e-17
0
0
0
0
0
-4.75372e-15
0
0
0
0
0
0
0
0
0
0
0
0
0
0
-2.44752e-14
0
0
0
0
0
0
0
0
-4.73706e-15
0
0
0
0
0
0
0
0
0
0
0
0
0
0
0
0
0
0
0
0
0
0
0
0
0
0
0
0
0
0
0
0
0
0
0
0
0
0
0
0
0
0
0
0
0
0
0
0
0
0
0
0
0
0
0
0
0
0
0
0
0
0
0
0
0
0
0
0
0
0
0
0
0
0
0
0
0
0
0
0
0
0
0
0
0
0
0
0
0
3.03794e-14
-9.06281e-14
0
0
0
0
0
0
0
0
0
0
0
0
0
0
0
0
0
0
0
0
0
0
0
0
0
0
0
0
0
0
0
0
0
0
0
0
0
0
0
0
0
0
0
0
0
0
0
0
0
0
0
-3.81885e-15
-3.31687e-15
0
0
0
0
0
0
0
0
0
0
0
0
0
0
0
0
0
0
0
0
0
0
0
0
4.09298e-14
4.19927e-14
0
9.14073e-14
0
0
0
-1.26635e-16
1.43716e-15
0
0
0
0
0
0
4.92574e-15
3.41287e-32
0
0
0
0
0
0
0
0
0
0
0
0
0
0
0
0
0
0
0
0
0
0
0
0
0
0
0
0
0
0
0
0
0
-1.33094e-16
0
0
0
0
0
0
0
1.30485e-14
0
0
0
0
0
0
0
0
0
0
0
0
0
0
0
3.33445e-14
0
0
0
0
0
0
0
0
0
0
6.57903e-14
0
0
0
0
0
0
0
0
0
0
0
0
0
0
-1.90207e-14
-2.18716e-14
0
0
0
0
0
0
0
0
0
0
0
0
0
0
0
0
0
0
0
0
0
0
0
0
1.47271e-14
0
0
0
0
0
0
0
0
0
0
0
0
0
0
0
0
1.07516e-14
0
-2.07853e-14
0
0
0
0
0
0
0
0
0
0
0
0
0
0
0
0
0
0
-9.25401e-16
1.37295e-17
0
0
0
0
0
0
0
0
0
0
0
0
0
0
0
0
0
0
0
0
0
0
0
0
0
0
0
0
0
0
0
0
0
0
0
0
0
0
0
0
0
0
0
0
0
0
0
-4.40349e-15
-2.97774e-14
0
0
0
0
0
0
3.60998e-15
-1.89571e-14
0
0
0
0
0
0
0
0
0
0
0
0
0
0
0
0
0
0
0
-2.62189e-14
0
0
0
0
0
0
0
0
0
0
0
0
0
0
0
0
0
0
0
0
0
0
0
0
0
0
0
0
0
0
0
0
0
0
0
0
0
0
0
0
0
0
0
0
0
0
0
0
0
0
0
0
0
0
0
0
0
0
0
0
0
0
0
0
0
0
0
0
0
0
0
0
0
0
0
0
0
0
0
0
0
0
0
0
0
0
0
0
-1.53307e-15
3.94406e-15
0
0
0
0
0
0
0
0
0
0
1.33287e-15
-4.47568e-17
4.13333e-14
0
0
0
0
0
0
0
0
0
0
0
0
0
0
0
0
0
0
0
0
0
0
0
0
0
0
0
0
0
0
0
0
0
0
-2.36957e-14
3.16456e-16
0
0
0
0
0
0
0
0
0
0
0
0
0
0
0
0
1.96301e-14
-2.85417e-14
0
0
0
0
0
0
0
0
-2.21494e-16
0
-2.54558e-15
0
0
0
0
0
0
0
0
0
0
0
0
0
0
0
0
0
0
0
0
0
0
0
3.4405e-15
1.23339e-15
0
0
0
0
0
0
-2.15073e-15
0
0
0
0
0
0
0
0
0
0
0
0
0
0
0
0
0
0
0
0
9.28375e-16
-2.30758e-16
0
0
0
0
0
4.18889e-14
0
-2.87885e-14
0
0
0
0
0
0
0
0
0
0
0
0
0
-8.27289e-15
0
0
0
0
0
0
0
0
0
0
0
0
6.47731e-17
0
0
0
0
0
0
0
0
0
0
0
0
0
0
7.21574e-16
1.12615e-16
0
0
0
0
0
0
0
0
0
0
0
-1.94903e-16
0
0
0
0
0
0
0
0
0
0
0
0
0
0
0
0
0
0
0
0
0
0
0
0
0
0
0
0
0
0
0
0
0
0
0
2.06123e-16
-3.90484e-16
0
0
0
0
0
0
0
0
0
0
0
0
0
0
0
0
0
0
0
0
0
0
0
0
0
-3.81211e-14
0
0
2.16754e-15
0
0
0
0
0
0
0
0
0
1.13044e-14
0
0
0
9.92223e-16
0
0
0
0
0
0
0
0
0
0
0
0
0
0
0
0
0
0
0
0
0
-1.06473e-14
0
0
0
0
0
0
0
0
0
0
0
0
0
0
0
0
0
0
0
0
0
0
0
0
0
0
0
0
0
0
0
0
0
0
0
-4.77974e-14
-2.9714e-14
0
0
0
1.40476e-14
-1.90431e-14
0
0
0
0
0
0
0
0
0
1.92589e-15
0
0
0
0
0
0
0
0
0
0
0
0
0
0
0
0
0
0
0
0
0
0
0
-1.14897e-14
0
0
0
0
0
0
0
0
0
-1.15778e-14
0
0
0
0
0
1.15972e-14
0
0
0
0
0
0
0
0
5.57795e-14
2.17172e-14
0
0
0
0
0
0
0
0
0
0
0
0
-2.81536e-16
0
0
0
0
0
0
0
0
0
0
0
0
0
0
0
1.19934e-14
0
0
0
0
0
0
0
0
0
0
0
0
0
0
0
0
0
0
0
0
0
0
0
0
0
0
0
0
0
0
0
0
0
0
0
0
0
0
0
0
0
0
0
0
0
0
0
0
1.97597e-14
0
0
1.40038e-16
0
0
0
0
0
0
0
0
0
-2.42415e-15
0
2.56296e-14
-3.34004e-14
0
9.35941e-16
8.45347e-16
0
0
0
0
0
0
0
0
4.07303e-15
0
0
0
0
0
0
0
0
0
0
0
-4.33722e-14
0
0
0
5.86807e-15
3.83194e-16
0
0
0
0
0
0
0
0
0
0
0
0
0
0
0
0
0
0
0
0
0
0
0
0
0
0
0
0
0
0
0
0
0
0
0
0
0
0
0
0
0
0
0
0
0
0
0
0
0
0
0
0
0
0
0
0
0
0
0
0
0
0
-8.7284e-30
0
0
0
0
0
0
0
0
0
0
0
0
0
0
0
0
0
0
0
0
0
0
1.30242e-14
0
7.39619e-14
0
0
0
0
0
0
0
0
0
-3.41871e-14
0
0
0
0
0
0
0
0
0
0
0
0
0
0
0
0
0
0
0
0
0
0
0
0
-1.56576e-15
-2.54373e-15
0
0
0
0
0
0
6.30518e-17
0
0
0
0
0
0
0
0
0
0
0
0
0
0
0
0
0
0
0
-1.3396e-14
-3.47706e-14
0
0
0
0
0
0
0
0
0
-1.34551e-15
0
0
-2.31625e-14
0
0
0
0
0
0
0
0
2.50031e-14
0
0
0
6.39856e-15
0
8.60042e-30
1.70528e-15
0
0
0
0
0
0
0
0
0
0
0
0
0
0
0
0
0
0
0
0
3.84459e-14
0
0
0
0
0
0
0
0
0
0
0
0
0
0
0
0
0
-6.42673e-16
0
0
0
0
0
0
1.55399e-14
0
0
0
0
0
0
0
0
0
0
0
0
0
0
0
0
1.07523e-16
3.0419e-15
0
0
0
0
0
0
0
0
0
0
0
0
0
0
0
0
0
-1.23476e-14
0
0
0
0
6.79812e-14
-3.35115e-14
0
0
0
0
0
0
0
0
-4.21294e-15
0
0
0
0
0
0
0
0
0
0
0
0
-1.53315e-16
2.18072e-17
0
-6.31552e-16
0
0
0
0
0
0
0
0
0
0
0
0
0
0
0
0
0
0
0
0
3.60606e-08
-3.99283e-08
3.9667e-08
-3.83391e-08
4.0196e-08
0
1.30062e-15
0
0
0
0
0
3.07831e-16
0
0
0
0
-3.77675e-16
-8.25137e-15
0
0
0
0
0
0
0
0
0
4.54457e-14
0
1.28109e-15
0
0
-3.51806e-08
3.33057e-08
0
0
0
0
0
0
0
0
0
0
0
0
0
0
-3.89733e-08
3.49934e-08
0
0
0
0
0
0
0
0
0
0
0
0
0
1.96972e-08
8.30239e-09
9.69602e-09
2.09236e-08
2.76008e-08
1.29587e-08
2.66405e-08
5.99615e-09
1.33391e-08
2.5661e-08
2.23758e-08
1.29731e-08
2.64122e-08
1.09938e-08
0
0
0
0
0
0
-1.99456e-17
6.99803e-17
0
0
0
0
0
0
0
0
0
0
0
0
0
0
0
-1.45321e-16
7.3777e-16
0
0
0
0
0
0
0
0
-1.29509e-16
-5.26281e-16
1.03647e-15
0
0
0
0
0
0
0
0
0
0
-6.25934e-15
0
-8.96961e-15
0
0
0
0
0
0
0
0
0
0
0
0
0
0
0
0
0
0
0
0
0
0
0
0
6.70891e-16
0
0
0
0
0
0
0
0
0
0
0
0
0
0
0
0
0
0
0
0
0
0
0
0
0
0
0
0
0
-1.31479e-15
0
0
0
0
0
0
0
0
0
0
0
0
2.19277e-30
0
0
0
0
-1.15267e-14
-1.46095e-14
0
0
0
0
0
1.43983e-16
2.37021e-14
0
0
0
0
0
0
0
0
0
0
0
0
0
0
0
0
0
-3.48996e-16
0
0
0
0
0
0
0
0
0
0
0
0
0
0
0
-1.18601e-14
0
0
-1.76025e-12
-4.02439e-17
0
0
2.44262e-15
-1.0869e-15
0
0
0
0
0
0
0
0
0
0
0
0
0
0
0
0
0
0
0
0
1.5922e-15
0
0
0
0
-3.05142e-14
0
0
0
0
5.58062e-16
-2.74141e-16
6.34251e-16
0
0
0
-1.75864e-16
4.26075e-17
0
0
0
0
0
0
0
0
2.76757e-16
-3.34427e-17
0
0
1.66492e-16
0
7.13355e-15
0
0
5.50325e-31
-2.72283e-16
0
0
0
0
0
0
0
0
0
0
-1.04705e-15
0
0
0
3.24852e-16
0
-4.54482e-14
0
0
0
0
0
0
-6.8132e-16
0
0
0
0
0
0
0
0
0
1.36579e-16
8.65954e-17
1.99592e-08
8.56451e-09
0
0
0
0
0
0
9.38186e-17
0
0
0
0
0
0
0
0
0
-2.5168e-14
-4.23256e-15
0
0
0
0
0
0
0
0
0
0
0
0
-2.93754e-14
5.04858e-16
0
0
0
1.34446e-14
0
0
0
6.37725e-09
2.57483e-08
2.11681e-08
9.97385e-09
0
0
0
0
0
0
0
0
-1.40337e-14
0
9.08051e-15
0
0
3.01193e-16
0
0
0
0
0
0
0
0
0
0
0
0
0
0
0
0
0
-2.25822e-16
0
0
0
0
0
0
0
1.06161e-08
1.95112e-08
0
0
0
0
0
0
0
0
1.24534e-16
1.36105e-08
2.12301e-08
0
0
0
0
0
0
0
0
0
0
0
0
0
0
0
0
0
0
0
0
-1.88971e-16
0
0
0
0
0
0
0
0
0
0
0
0
1.04502e-16
0
0
0
2.59431e-08
1.35809e-08
0
8.16707e-14
0
0
0
0
0
0
0
8.21771e-15
-5.69821e-16
0
0
1.24811e-08
2.44246e-08
0
0
-4.58345e-17
-1.95567e-17
6.686e-17
0
0
0
0
0
0
0
0
0
-2.55008e-16
1.03589e-08
1.92257e-08
0
0
0
0
0
0
4.67381e-15
0
0
0
0
0
4.20109e-16
-7.22085e-16
-3.86324e-16
0
0
0
0
0
0
0
0
0
0
0
0
0
0
0
0
0
0
0
0
0
0
-1.01928e-13
0
0
-7.22942e-14
0
0
0
0
0
0
0
1.51182e-16
0
0
0
0
0
0
0
0
0
0
0
0
0
0
0
0
0
0
0
0
0
0
0
0
0
0
0
0
0
0
0
0
0
0
2.31846e-08
5.82462e-09
0
0
3.70436e-08
-3.68203e-08
0
0
0
0
0
0
0
0
0
0
0
0
0
0
0
0
0
0
3.783e-08
-3.92083e-08
0
0
0
0
0
0
0
0
0
0
0
0
0
0
0
0
1.74504e-14
0
0
0
0
0
0
0
0
0
0
0
0
0
0
0
0
0
0
0
0
0
0
0
0
0
0
0
0
0
0
0
0
0
0
0
9.17225e-09
2.24774e-08
0
0
0
0
0
0
0
0
0
0
0
9.37019e-15
-4.53067e-14
0
0
0
0
0
0
0
0
0
0
0
0
0
0
0
0
0
9.83236e-15
0
0
0
0
0
0
0
0
0
0
0
0
0
0
7.03919e-17
-1.31368e-16
0
0
0
0
0
0
0
0
0
0
0
0
0
0
0
0
0
0
0
0
0
0
0
0
0
0
0
2.28846e-15
0
0
0
0
0
0
0
0
0
0
0
0
0
0
-8.45828e-15
-1.3152e-14
0
0
0
0
0
0
0
0
3.88652e-08
-3.65636e-08
-3.43556e-08
3.77158e-08
0
0
0
0
0
0
-3.12206e-15
-3.52692e-16
0
0
0
0
0
0
0
0
0
0
0
0
0
0
0
0
0
0
-4.23748e-08
3.99785e-08
0
0
0
0
1.29816e-15
0
0
1.50005e-08
1.93388e-08
0
3.57797e-08
-3.92519e-08
0
0
0
0
0
0
0
0
0
0
0
0
0
0
0
-8.18302e-16
5.14963e-16
0
0
0
0
0
0
0
0
0
0
0
0
0
0
0
0
0
0
0
0
0
0
0
0
0
0
4.89818e-17
-3.51988e-15
0
0
0
0
0
0
0
0
0
0
0
0
0
0
0
0
0
4.37127e-16
0
0
0
0
-9.92361e-15
4.70393e-16
0
0
0
0
0
0
3.09424e-14
3.92632e-15
0
3.48642e-15
-5.41569e-15
0
0
0
0
0
0
0
0
0
0
0
0
0
0
0
1.40484e-08
2.60059e-08
0
0
0
0
0
0
0
0
0
0
0
0
0
0
0
0
0
0
0
0
-2.00513e-16
0
-4.0344e-14
0
0
0
0
0
0
0
0
0
0
0
0
0
0
1.44811e-08
2.19298e-08
0
0
0
-1.10134e-15
-2.71946e-15
0
0
0
0
0
0
0
6.66395e-17
1.42396e-16
0
0
0
0
4.00464e-15
0
0
0
0
0
0
0
0
0
0
0
0
0
0
0
0
0
0
0
0
0
0
0
-1.63654e-16
0
0
0
0
0
0
0
4.93861e-16
0
0
0
0
0
0
0
0
0
0
-2.77648e-15
-9.63797e-17
-3.98064e-16
0
0
0
0
0
0
0
0
0
0
0
0
0
0
0
0
0
0
0
6.30254e-16
0
0
0
0
0
0
0
0
0
0
0
-4.11864e-17
-1.20848e-16
0
0
0
0
0
0
0
0
0
0
0
0
0
0
0
0
0
-8.01592e-15
-1.14974e-15
0
0
0
0
0
3.07533e-15
-1.85234e-15
0
0
0
0
0
0
0
-1.62495e-16
0
1.1662e-16
0
0
0
0
0
0
0
0
0
0
-6.07142e-15
0
0
1.10498e-14
-1.51261e-15
-8.68946e-17
0
0
9.02815e-17
0
0
0
0
0
0
0
0
0
0
0
0
0
0
0
4.48186e-16
0
0
0
0
0
0
0
0
0
0
0
0
9.11752e-16
0
-4.49067e-15
0
0
0
0
0
0
0
0
0
0
0
0
-1.64196e-16
0
0
0
-7.24121e-17
7.07996e-17
3.67431e-08
-3.59789e-08
0
0
0
0
0
0
0
0
0
0
0
0
3.3577e-15
0
0
0
0
0
0
0
7.38965e-15
0
1.14437e-15
0
7.63842e-15
1.04675e-14
0
0
0
0
-2.18299e-15
-1.84078e-14
0
0
0
0
0
2.91533e-15
-9.5601e-17
0
0
0
0
0
0
0
0
-3.89397e-16
0
0
0
0
0
0
0
0
0
0
0
0
0
0
0
0
-2.15654e-15
-1.59823e-16
0
-2.1757e-30
-7.4252e-15
0
0
-1.92211e-15
0
0
3.32966e-16
-6.33777e-16
0
0
0
0
0
1.88039e-17
0
0
0
5.1953e-15
-8.70281e-30
0
0
0
0
4.83153e-15
5.58087e-16
-9.49125e-16
0
0
-2.93062e-15
9.05471e-17
-7.81581e-15
0
0
0
0
0
0
0
0
0
0
0
0
0
0
-3.86525e-08
3.41667e-08
0
2.92136e-15
4.56366e-16
2.71963e-31
0
0
0
0
0
0
1.56394e-15
0
0
0
0
0
0
0
0
0
0
-1.93145e-16
0
0
0
1.59531e-14
0
0
-5.43925e-31
2.6255e-15
0
0
0
0
0
0
0
0
0
0
0
0
-2.16973e-14
0
0
0
0
0
-4.78731e-16
-8.44703e-15
0
0
0
0
0
0
0
0
0
1.54945e-16
-9.31514e-17
-2.76394e-15
0
0
0
0
0
0
0
0
0
-4.28789e-14
8.55394e-14
0
0
0
0
0
0
0
0
0
0
0
0
-5.80753e-16
0
0
0
0
-1.16756e-15
2.1211e-16
0
0
0
4.83684e-16
-1.90872e-15
0
-4.15267e-17
0
0
0
0
0
2.73594e-14
0
0
0
0
0
0
0
0
0
0
0
0
0
3.81747e-08
-3.53453e-08
0
0
0
0
0
0
0
0
0
0
2.0346e-15
0
0
0
0
0
-1.03106e-15
0
6.6349e-16
0
0
0
-3.4717e-14
0
0
0
9.54352e-15
5.99147e-17
-5.50325e-31
0
0
0
0
0
0
0
0
0
0
-3.64844e-08
3.35725e-08
0
0
0
0
0
0
0
0
0
0
0
0
0
0
0
0
0
0
0
0
0
0
0
0
0
6.21505e-16
-2.22358e-15
2.84602e-14
0
0
0
0
0
0
0
0
0
0
0
0
2.72596e-15
-2.7843e-15
-1.52839e-16
0
0
0
0
0
0
0
0
0
0
0
0
0
0
0
-1.38978e-16
0
-5.18986e-16
0
-2.13216e-15
2.83609e-16
0
0
0
0
0
0
0
0
0
0
0
0
0
0
0
0
0
0
0
0
0
0
0
0
0
2.07479e-15
0
0
0
0
0
-1.13823e-14
0
0
0
0
0
0
0
0
0
0
0
2.76346e-15
-3.94965e-16
-4.54754e-12
4.89229e-13
0
9.23348e-17
0
0
0
0
0
0
0
0
0
0
0
0
0
0
0
0
0
7.09949e-17
0
0
-1.25284e-15
2.38061e-16
0
0
0
0
-1.13726e-15
-2.1757e-30
4.7054e-15
0
1.68458e-13
0
0
0
0
0
0
0
0
0
0
1.89426e-15
0
0
0
0
0
0
0
0
0
0
0
0
0
4.3801e-13
0
0
0
0
0
0
0
0
0
0
0
0
0
-1.87525e-16
2.77129e-15
1.44568e-17
0
0
0
0
0
2.67849e-17
0
0
0
0
3.46662e-15
0
1.15669e-14
0
0
0
0
0
0
0
0
0
7.07143e-13
0
6.80461e-13
0
0
0
0
0
0
0
0
0
0
0
0
0
0
0
1.04891e-14
0
0
0
0
0
-1.61841e-12
-6.90091e-13
0
1.75794e-16
-1.43416e-16
0
0
0
0
0
0
0
3.7661e-14
5.89682e-14
0
0
0
0
6.30772e-16
0
0
9.95691e-14
0
0
0
0
0
0
-9.74791e-16
0
0
0
0
0
0
0
0
6.31979e-16
0
0
0
0
0
0
0
0
0
0
0
0
0
0
2.96407e-14
0
0
0
2.53381e-16
8.24122e-16
0
0
0
4.98116e-12
0
0
2.57647e-15
5.50256e-17
0
0
0
-7.6708e-16
0
0
0
0
0
0
0
0
-1.68097e-16
0
0
0
0
0
0
-1.43734e-14
0
4.82168e-12
0
0
0
0
0
0
0
0
-6.24668e-17
-2.00622e-17
0
0
0
0
1.12808e-16
0
-2.75398e-16
0
0
0
0
0
0
0
0
2.42834e-15
0
1.6065e-15
0
0
0
0
0
0
0
0
0
0
0
0
0
0
0
0
0
0
0
0
0
0
0
0
0
0
0
0
5.53342e-12
0
6.57794e-16
0
0
0
0
0
0
0
0
0
0
0
0
0
0
0
0
7.61302e-15
0
0
0
0
0
0
0
0
0
0
2.86923e-15
6.8291e-16
2.78217e-14
0
-1.36896e-16
-1.58957e-16
0
0
0
0
0
0
0
0
5.55742e-15
0
1.94217e-15
7.03898e-17
0
-1.35925e-15
0
0
0
5.71258e-16
0
0
0
1.72172e-15
0
-6.22845e-15
0
0
0
0
0
0
0
-8.19088e-31
-3.70868e-16
0
0
0
-1.6422e-15
0
0
0
0
0
0
0
0
1.89458e-13
0
5.73944e-17
0
0
-2.54365e-15
1.97417e-14
-5.15257e-14
0
0
0
0
0
0
0
0
0
0
0
0
0
0
0
0
0
0
0
0
0
0
0
-3.35438e-16
0
0
0
0
0
0
0
0
0
0
-2.80897e-16
0
0
0
-4.15441e-15
0
0
0
0
0
0
0
0
0
0
-2.21826e-13
2.2532e-13
0
0
0
0
0
0
0
0
0
0
0
0
0
0
0
0
0
0
0
0
0
9.28761e-15
-6.589e-16
0
8.27205e-14
0
0
0
0
2.67711e-08
1.43241e-08
0
0
0
0
-3.67626e-14
0
0
-5.24209e-16
-1.08245e-15
0
0
0
2.73029e-31
0
-3.99875e-08
3.49802e-08
0
0
0
-1.13789e-14
-5.26174e-15
0
0
0
0
0
0
1.87106e-15
6.27858e-16
0
3.15586e-14
8.97393e-17
0
0
0
1.41508e-14
-1.31351e-15
3.51504e-16
0
0
0
0
0
0
0
0
-1.27209e-15
0
2.31499e-14
0
7.9853e-15
0
0
0
0
0
0
0
0
0
0
0
3.36951e-16
-4.3642e-30
0
0
0
0
0
0
0
4.47171e-16
3.22412e-16
0
0
0
0
-1.09425e-30
0
0
0
0
0
0
0
0
0
0
4.27016e-15
0
-3.31149e-16
0
-1.95751e-15
0
0
0
0
0
0
5.75162e-17
-5.88683e-17
0
0
0
0
0
0
0
0
0
5.30672e-12
0
0
0
3.83473e-16
0
0
0
0
0
7.77389e-17
0
-2.24069e-15
0
1.4592e-15
0
0
0
0
0
-4.76918e-16
-2.07821e-17
-6.3884e-17
0
5.63785e-13
0
0
-5.36918e-16
0
0
0
0
0
0
0
0
0
0
0
0
0
0
0
0
0
0
0
0
0
0
0
0
2.42434e-15
0
0
-3.32274e-15
0
0
0
0
0
0
0
4.64254e-14
-1.00164e-14
0
0
0
0
0
0
6.37886e-16
3.10946e-16
0
0
0
6.7268e-15
0
0
-1.98636e-15
0
0
0
0
0
3.00565e-17
0
0
0
0
0
-3.2421e-15
-6.05474e-17
2.89537e-16
0
0
0
0
0
1.19279e-14
0
0
0
0
-2.77188e-16
-2.9425e-16
0
-8.70359e-17
0
0
0
0
0
0
0
2.78797e-15
0
0
4.42274e-14
0
0
0
6.18712e-17
0
0
0
0
0
3.48262e-16
0
1.4819e-14
0
0
0
0
0
0
0
0
0
0
0
0
0
0
0
0
-3.35038e-17
-1.87467e-17
0
0
0
0
0
0
0
0
0
0
-7.81359e-17
0
1.91751e-15
-5.27075e-17
0
0
0
0
2.48374e-15
0
0
0
0
0
0
0
0
0
0
0
0
0
0
0
0
-2.09214e-17
0
0
0
0
1.2702e-08
2.57665e-08
0
-2.8069e-15
0
0
-1.28267e-16
8.41045e-15
-1.0731e-17
0
5.24413e-15
0
0
0
2.71998e-08
1.20565e-15
-1.10319e-17
0
0
0
0
0
0
0
0
0
0
0
-3.97232e-17
1.93653e-16
0
7.60213e-17
-8.39757e-15
0
-1.01404e-16
-2.24876e-16
0
0
7.58107e-16
0
0
0
0
0
0
2.15874e-15
1.04845e-16
1.01589e-16
-1.53573e-14
0
0
0
0
0
0
0
0
0
0
0
0
0
-5.408e-16
0
0
1.57031e-15
0
0
0
0
0
0
0
0
1.57301e-15
-3.9526e-16
7.57374e-16
0
0
-4.2943e-12
0
0
0
0
0
-1.50446e-15
0
0
0
0
0
-1.28111e-14
0
0
0
0
0
2.00418e-17
0
0
0
0
0
0
0
0
0
0
0
0
0
0
4.24364e-13
0
0
0
0
0
-2.52839e-16
0
0
0
1.21324e-14
0
0
0
0
0
0
0
0
0
0
0
0
0
2.26406e-15
0
-2.00619e-16
0
-3.83619e-14
2.76585e-14
0
0
0
0
-1.68223e-14
5.87466e-15
0
1.54665e-14
0
0
0
0
0
0
7.93284e-13
0
0
5.35411e-15
0
0
0
0
0
0
0
0
0
0
0
0
0
-4.67438e-14
-1.04413e-14
0
0
1.36179e-16
0
0
0
0
0
0
0
0
6.87477e-17
0
0
0
0
0
5.44701e-15
3.65293e-16
0
1.86142e-15
0
0
0
0
0
0
0
0
6.39089e-16
4.49853e-12
0
0
0
0
0
0
0
0
0
0
0
0
7.13651e-14
-7.41979e-13
2.77933e-13
1.11553e-13
0
0
0
0
0
0
4.50729e-12
0
0
0
0
0
0
0
0
0
0
0
0
0
0
0
0
0
0
-2.75195e-08
0
0
2.09478e-17
0
0
0
0
0
0
0
-8.40618e-14
0
0
-8.56246e-16
0
0
0
0
0
0
0
0
0
0
0
1.71195e-16
0
0
0
0
0
0
-2.41525e-16
0
0
0
0
0
0
3.89638e-15
0
0
0
0
0
0
0
0
0
6.25381e-17
1.06773e-16
5.29426e-17
-7.42523e-17
0
0
0
0
0
0
0
-1.14716e-17
-6.28551e-17
0
0
0
0
0
0
0
0
0
0
0
0
0
-1.26606e-16
7.20465e-16
0
0
0
0
0
0
0
0
0
4.17868e-16
0
0
0
0
0
0
0
0
0
0
0
0
0
0
0
0
0
0
1.0399e-08
0
0
0
0
0
0
6.75917e-16
-1.61609e-16
0
0
0
0
0
0
0
0
0
0
0
0
0
0
0
0
3.74545e-17
0
0
0
0
0
1.04501e-13
1.17478e-14
0
0
0
-2.44063e-14
0
3.53348e-16
0
0
0
0
0
0
0
0
0
0
0
0
-4.47169e-16
0
0
0
0
0
0
0
0
0
0
0
0
0
0
0
0
0
0
0
0
0
2.06491e-15
0
0
0
0
0
0
0
0
0
-7.20714e-16
0
0
1.39601e-17
7.94084e-15
0
0
0
0
2.83365e-15
0
0
0
-2.14146e-16
0
0
-1.33257e-16
0
0
0
0
0
0
0
0
-1.84324e-15
-1.07144e-15
2.84568e-15
0
0
5.97235e-17
0
0
0
0
0
0
0
0
0
1.19314e-15
9.55496e-16
0
0
0
0
0
1.06549e-17
3.20737e-17
0
0
0
0
0
0
0
0
1.29119e-13
1.42568e-15
0
3.43803e-14
0
0
0
-1.09281e-15
0
0
0
0
0
0
1.53922e-15
1.44483e-15
0
0
0
0
0
0
0
0
0
0
0
0
-1.20048e-15
1.5736e-15
0
0
-9.71019e-15
0
0
0
0
0
0
0
0
0
0
0
-2.00931e-12
4.03172e-13
0
-2.90327e-14
0
0
0
0
0
0
0
0
0
0
0
0
0
0
2.00018e-16
0
0
0
0
0
0
0
0
0
0
-1.08785e-30
0
0
0
0
0
0
0
0
0
0
0
0
0
0
0
0
0
0
0
0
0
0
0
0
0
0
0
0
0
0
0
0
-2.47367e-16
0
-7.47917e-16
-2.05995e-15
0
0
-8.48957e-13
1.3598e-13
0
0
0
0
0
0
0
0
-7.41476e-16
-4.58757e-16
0
0
0
0
0
0
0
0
0
5.05274e-17
-2.54928e-15
0
0
0
0
0
0
0
0
0
0
0
0
0
0
0
0
0
4.4899e-12
0
0
2.76362e-14
0
0
0
0
0
0
0
0
0
0
0
0
1.03685e-14
3.59457e-14
0
0
-1.39393e-12
0
0
0
0
0
0
0
0
0
0
0
0
0
-3.4599e-14
-8.86666e-15
0
0
0
0
0
0
0
0
0
0
0
0
7.74882e-13
0
0
0
0
1.2576e-16
0
9.28018e-15
6.08443e-15
0
0
0
0
0
0
0
0
-2.43643e-15
0
0
0
0
0
0
0
-2.85855e-16
5.88994e-17
0
0
9.46246e-16
0
-1.22964e-12
0
0
0
0
0
0
0
0
0
0
0
0
0
0
0
0
4.26076e-15
1.92047e-17
0
0
0
0
0
0
2.89288e-17
0
-2.05774e-15
5.68654e-17
0
0
0
0
2.72383e-14
0
0
0
0
0
0
0
0
0
0
0
0
0
0
0
0
0
0
0
0
0
0
0
0
-8.90185e-15
3.67656e-14
0
0
0
0
-2.22246e-15
0
0
0
0
0
0
0
0
0
0
0
0
0
0
0
0
-6.5545e-16
0
2.32917e-16
0
0
0
0
0
0
0
0
0
0
0
0
0
0
0
0
0
2.68088e-15
3.53294e-16
0
0
0
0
0
0
0
0
0
0
0
0
-2.47473e-15
0
0
0
0
0
0
0
0
0
0
0
1.40339e-17
0
7.40026e-17
0
0
0
0
0
0
-2.44338e-15
0
0
0
0
0
0
0
0
0
0
0
0
0
-6.82778e-17
0
0
0
0
0
0
0
0
0
0
0
0
-3.54479e-16
-1.68724e-15
2.09185e-15
0
0
0
0
0
0
0
0
0
0
0
4.50101e-16
0
0
0
0
0
1.53665e-15
0
0
-8.35276e-15
0
0
0
4.78536e-14
-7.57768e-14
0
0
0
0
0
-1.22461e-15
-5.84668e-16
0
0
6.89243e-14
0
0
2.10976e-12
0
0
0
0
0
0
0
0
0
0
2.1757e-30
-1.84857e-15
0
0
3.8385e-16
0
0
0
-1.08785e-30
0
0
0
0
0
6.23056e-17
0
0
0
0
0
-2.01889e-14
-7.14948e-15
6.12818e-15
0
5.30481e-16
0
0
0
0
0
0
0
0
0
0
0
0
0
0
0
8.31509e-17
0
0
0
0
0
0
0
5.94751e-14
0
0
0
0
0
0
0
0
0
0
0
0
0
0
0
0
0
-3.80445e-16
0
0
0
0
0
0
0
0
0
0
0
9.42765e-16
0
0
0
0
-7.28853e-16
0
0
0
0
0
0
0
0
0
0
0
0
0
0
0
0
0
0
0
0
0
0
0
0
1.12107e-14
1.76438e-14
3.70894e-16
-3.94141e-13
4.48536e-18
0
0
0
0
0
0
0
0
0
0
0
0
0
0
0
0
0
0
0
0
7.82833e-16
-8.34829e-16
0
0
0
0
0
0
-7.70214e-14
3.15687e-14
-1.33363e-16
0
0
0
0
0
0
0
0
0
0
0
0
0
0
0
0
0
0
0
0
0
-6.77961e-14
0
0
0
0
0
0
0
0
-7.09519e-14
1.43564e-13
0
1.74714e-16
0
0
0
0
2.40397e-16
0
0
-6.48533e-16
0
0
0
0
0
0
0
0
0
0
0
0
0
0
0
0
0
0
0
0
0
0
0
0
0
0
0
0
0
0
0
4.91732e-14
0
0
0
-6.79689e-16
0
0
0
0
0
-4.18713e-15
0
0
0
0
0
0
-3.58631e-14
0
0
0
0
0
0
0
0
0
0
0
1.20841e-14
0
0
0
-7.12606e-29
1.32553e-16
-4.28157e-17
0
-4.34526e-17
-1.69043e-12
-8.61781e-16
0
0
0
0
0
0
0
0
0
0
-3.24851e-16
1.96384e-16
0
0
0
-1.19104e-14
0
0
0
0
0
1.89623e-15
8.87723e-16
0
0
0
0
0
0
0
0
0
0
0
-2.17397e-08
0
0
0
8.67527e-15
5.69568e-16
2.25603e-14
0
0
7.63156e-16
0
0
-1.49705e-17
-1.92892e-17
0
0
0
0
0
0
-3.96208e-16
0
0
0
0
0
0
0
0
0
0
0
0
0
0
1.55339e-16
0
1.6224e-14
0
0
0
0
0
0
0
0
0
-3.3832e-17
0
7.38161e-15
0
0
0
0
0
0
-1.52702e-15
-5.02417e-15
2.77874e-14
-1.7847e-14
0
0
0
0
7.61513e-14
0
4.24282e-16
0
0
1.48488e-15
0
0
0
-2.86289e-16
-1.56027e-15
0
0
0
0
-2.70862e-16
0
0
0
0
0
1.325e-17
0
0
0
0
0
0
0
0
0
0
0
0
1.51877e-16
0
0
0
7.37023e-17
0
0
0
0
0
0
0
0
0
0
0
0
0
0
0
0
0
1.23349e-13
-1.71032e-14
0
2.48924e-15
0
0
0
0
0
3.82886e-16
0
0
0
0
0
0
0
-4.95389e-16
0
-1.41428e-08
0
-3.25388e-17
0
0
0
0
0
0
0
0
0
0
0
0
0
0
0
0
0
0
0
0
0
0
0
0
0
0
6.64115e-16
0
0
0
3.44483e-14
0
0
0
0
0
0
0
0
0
0
0
0
0
0
0
0
0
0
0
0
0
0
0
0
-5.37226e-16
1.8152e-14
0
0
0
-2.11737e-08
-2.55965e-32
1.57881e-14
0
0
0
5.08026e-14
0
0
0
0
-4.98973e-12
0
0
0
0
-6.38045e-17
0
-8.54528e-17
0
0
-1.50363e-15
2.43757e-16
0
0
-1.61768e-08
0
0
0
-3.08617e-15
0
0
0
0
0
0
0
0
0
0
0
0
0
0
0
0
0
0
-1.41074e-15
0
0
0
0
0
-8.71388e-15
0
0
-2.88135e-17
0
-4.13155e-16
4.48992e-16
0
0
0
0
0
0
0
0
0
0
2.83293e-16
0
0
0
1.12582e-15
2.36525e-15
0
0
0
0
0
0
0
0
0
0
2.79171e-08
0
0
8.12332e-15
2.62757e-08
0
0
0
1.62885e-15
0
0
4.03145e-15
0
1.05642e-16
-2.11404e-14
0
-6.56666e-16
0
0
0
0
0
0
1.11475e-15
0
0
0
-2.94169e-16
0
0
0
0
2.31133e-17
-1.05071e-17
0
1.07147e-17
-1.97874e-16
1.49857e-16
-3.40472e-16
0
0
0
0
7.50491e-14
0
3.43885e-15
0
0
0
0
2.22479e-17
0
0
0
0
0
0
0
0
0
5.63459e-17
0
0
0
0
0
-2.71151e-08
0
0
0
0
0
0
0
0
0
-8.44344e-14
6.78096e-14
1.4236e-15
1.37151e-16
0
0
0
0
0
0
-2.24403e-15
0
0
0
0
0
0
3.89326e-16
0
-3.13075e-17
0
0
0
0
-4.0102e-16
0
0
0
0
0
0
0
0
0
0
0
-1.26098e-15
0
1.58923e-14
0
0
0
0
0
0
0
0
0
0
0
-3.09529e-17
-2.97611e-14
0
0
0
0
-5.19186e-17
0
0
0
0
0
-2.75701e-08
0
0
0
0
0
0
0
0
-1.02712e-15
0
0
0
1.40498e-17
0
0
1.46957e-13
4.94908e-15
0
0
0
0
5.67298e-16
0
0
0
0
0
0
0
-2.51428e-16
0
-5.89861e-16
0
-8.3434e-16
0
0
0
0
0
0
0
0
-1.11484e-14
0
0
0
0
0
0
4.41342e-15
-7.09024e-16
0
0
2.01574e-15
3.73932e-17
0
0
0
0
1.57682e-13
1.20827e-16
0
0
0
0
0
0
0
0
0
-1.31406e-16
0
1.61179e-15
-9.0324e-16
-3.22807e-15
0
-1.59586e-14
0
0
0
0
0
-1.73469e-14
0
0
0
0
0
0
0
0
0
-1.21398e-15
0
0
0
0
-9.95834e-17
6.88373e-16
0
0
0
0
0
0
0
0
0
0
0
0
0
0
0
0
-5.06197e-14
0
0
0
3.52208e-29
0
0
0
0
-3.99822e-14
7.04415e-29
0
0
0
0
0
0
-1.08593e-15
0
-3.28994e-15
-1.75596e-15
0
0
0
0
0
0
-1.51574e-17
0
0
0
0
-7.48966e-14
0
0
0
0
0
0
4.50574e-16
0
-1.18376e-16
-7.50691e-14
0
0
0
0
0
0
-1.41603e-14
0
0
0
0
0
0
8.4656e-17
0
0
0
0
0
0
0
0
0
0
0
0
1.52981e-14
0
0
0
2.35972e-17
0
-1.40337e-28
0
0
0
0
0
2.51167e-16
-8.8811e-17
0
0
-1.29564e-14
3.39311e-15
0
1.26197e-15
-5.82733e-17
0
0
0
0
0
0
0
-2.62189e-15
0
0
6.82785e-14
0
4.30825e-16
0
0
0
0
0
0
6.07996e-15
0
-1.15293e-16
0
0
0
-5.3751e-14
-1.83704e-14
0
0
0
0
0
0
0
0
0
1.62184e-14
-5.78245e-15
0
-6.59055e-14
-3.55085e-15
0
0
0
0
0
0
0
0
-2.46701e-14
2.49687e-14
0
0
0
0
0
0
0
0
3.18859e-16
0
0
0
0
0
0
0
0
0
0
-1.82617e-14
0
0
0
0
0
0
0
0
0
0
0
0
0
0
0
0
0
0
0
1.38791e-16
0
0
0
0
0
0
0
0
0
0
0
0
0
-2.41909e-15
0
0
4.00156e-17
0
0
-2.61456e-15
0
0
0
0
0
0
0
0
0
0
1.11527e-15
0
0
0
0
0
0
0
0
0
-4.87411e-15
0
0
0
0
0
0
-4.69713e-16
-1.11892e-16
1.09798e-16
0
0
0
0
0
0
0
0
0
0
0
0
0
0
0
0
0
0
0
0
0
0
0
-2.38096e-14
0
0
0
0
0
0
0
0
0
0
0
0
0
4.92103e-17
0
3.2929e-15
4.92026e-17
5.50832e-17
0
0
0
0
0
0
0
0
0
0
7.41353e-15
0
0
0
0
0
0
-4.46073e-14
0
0
0
-7.40342e-15
0
0
1.16504e-14
0
-6.21138e-16
1.86967e-16
-8.01677e-16
0
0
0
0
0
0
-1.3913e-14
0
0
0
0
0
0
-1.9727e-16
0
4.36847e-30
0
0
0
0
0
0
-2.55578e-15
0
0
3.86389e-14
0
5.89821e-16
0
0
0
0
0
0
0
1.89519e-15
0
0
0
0
0
0
0
0
0
0
0
0
0
0
0
3.47965e-15
0
0
1.28988e-15
0
0
0
0
0
0
0
0
0
0
0
0
0
0
-1.33176e-14
0
0
0
0
0
0
0
0
0
0
0
0
0
0
0
0
1.76579e-08
0
0
-2.60955e-13
0
0
0
0
0
3.14642e-15
0
0
-1.33601e-16
5.46059e-31
0
0
-4.84844e-16
0
0
0
0
0
2.93708e-15
0
0
0
0
0
0
0
0
0
0
3.74642e-15
0
0
0
0
0
0
0
0
0
-1.40883e-28
0
0
0
-3.07587e-16
0
0
0
0
0
0
0
0
0
0
0
0
0
0
0
0
-5.23454e-16
0
0
0
0
0
0
2.34483e-16
0
0
0
0
0
0
0
0
0
0
0
0
1.0249e-15
5.4211e-16
0
0
0
-1.23118e-12
0
0
0
0
0
1.31945e-16
-6.17883e-17
1.50119e-15
0
9.60768e-17
0
0
0
0
0
0
0
0
0
0
0
4.02173e-16
0
0
0
0
0
0
0
0
0
2.99822e-14
0
0
0
0
1.8175e-16
0
1.20646e-08
0
7.70033e-15
0
0
0
0
0
0
0
0
0
0
0
0
0
0
0
0
1.08422e-14
0
0
0
0
0
0
0
0
0
0
0
1.03271e-15
1.27982e-32
3.91269e-15
0
0
1.56717e-15
-2.03703e-14
-1.13844e-13
0
0
0
0
0
0
0
0
0
-3.31557e-15
1.81134e-15
0
0
0
0
0
0
0
0
0
0
0
0
0
-8.06258e-14
-3.70352e-15
0
0
0
-2.24033e-14
0
-1.05351e-16
0
0
0
-2.22862e-15
0
0
0
0
0
0
0
0
0
1.25657e-12
0
0
0
0
0
0
0
0
5.24884e-14
0
0
0
0
0
0
2.79139e-15
-1.2507e-15
0
0
0
0
0
0
0
-1.11977e-13
1.34054e-13
0
0
0
0
4.989e-17
0
0
0
-3.87736e-17
0
1.91828e-14
0
0
0
0
0
4.62455e-15
0
0
0
0
0
0
0
0
0
0
0
0
0
0
0
-2.97052e-14
0
0
0
0
0
0
0
0
0
0
0
0
0
0
0
0
0
0
0
0
0
0
0
0
0
0
0
0
0
0
0
0
0
0
0
9.24729e-14
1.26559e-13
0
0
0
0
0
0
-9.39438e-16
0
0
0
0
0
0
0
0
0
1.07247e-13
-3.92628e-14
1.40629e-14
0
0
0
2.86839e-16
0
0
0
0
3.14945e-15
0
1.39116e-16
0
0
3.9721e-16
0
0
2.3704e-16
0
0
0
0
0
0
0
0
0
0
0
0
0
0
0
0
0
0
-2.45835e-14
0
0
0
1.04396e-15
0
0
0
0
0
0
0
0
0
0
1.32255e-15
0
0
0
8.46132e-15
6.39617e-14
0
0
0
0
0
0
-2.26888e-14
-3.73165e-14
0
0
0
0
0
0
0
0
0
0
0
0
0
0
0
0
0
0
0
0
0
0
0
0
0
0
0
0
0
0
0
0
0
0
0
0
0
0
0
0
0
0
0
0
0
8.4219e-14
0
1.87841e-15
-1.09983e-13
0
0
0
0
1.73486e-15
0
0
0
0
0
0
3.17381e-15
0
0
0
0
9.2884e-14
0
1.81097e-16
0
0
0
9.80932e-13
0
0
0
0
0
0
0
5.05289e-17
0
0
4.38269e-16
-5.29251e-16
0
0
-5.03624e-14
0
0
0
0
1.098e-12
0
0
0
0
0
0
0
-1.78337e-14
0
0
0
0
0
0
0
0
-2.97584e-14
)
;

boundaryField
{
    frontback
    {
        type            empty;
        value           nonuniform List<scalar> 0();
    }
    topbottom
    {
        type            calculated;
        value           uniform 0;
    }
    outlet
    {
        type            calculated;
        value           uniform 0;
    }
    inlet
    {
        type            calculated;
        value           nonuniform List<scalar> 0();
    }
    walls
    {
        type            calculated;
        value           nonuniform List<scalar> 
45
(
-7.85704e-09
5.23801e-10
-3.66662e-09
3.66662e-09
7.85704e-09
-5.60469e-08
-6.12849e-08
-8.11894e-08
-6.54753e-08
-7.80466e-08
-7.07134e-08
-7.49038e-08
-5.70945e-08
-6.44277e-08
-6.23325e-08
-6.02373e-08
-6.96657e-08
-7.90942e-08
-7.38562e-08
-5.91897e-08
-5.81421e-08
-5.23805e-10
2.61901e-09
-6.33801e-08
-4.71422e-09
-6.80944e-09
4.71422e-09
-6.86181e-08
6.80943e-09
-8.01418e-08
-7.28086e-08
-1.57141e-09
8.90465e-09
-5.76183e-09
5.76183e-09
-8.2237e-08
9.95225e-09
-7.6999e-08
-8.32846e-08
-7.59514e-08
-7.1761e-08
-6.75705e-08
-6.65229e-08
1.57141e-09
-2.61901e-09
)
;
    }
    procBoundary3to1
    {
        type            processor;
        value           nonuniform List<scalar> 
205
(
-5.21825e-08
0
0
-6.43372e-16
2.22327e-17
0
-2.60732e-15
0
-8.92979e-16
5.6288e-17
0
0
0
-1.33709e-16
0
0
5.61919e-17
0
-5.92401e-16
0
-6.46421e-15
0
0
4.17254e-16
3.20387e-15
0
-1.58843e-16
-7.57402e-14
0
0
0
4.12622e-17
3.08124e-16
-5.71912e-17
-6.54322e-15
0
0
0
0
0
0
-3.50419e-14
0
-3.63052e-16
0
0
0
3.84736e-17
2.56012e-17
5.64155e-15
6.88897e-17
1.71405e-16
0
-1.13153e-16
-2.17176e-17
-5.38589e-17
2.52668e-16
-1.98933e-15
0
0
0
0
2.99897e-14
-7.40392e-17
0
1.45703e-16
0
6.44882e-16
0
0
0
3.04175e-16
3.01406e-16
-3.92591e-14
0
0
2.40425e-15
1.96646e-16
8.34678e-17
7.68039e-17
-6.4856e-16
0
0
0
0
0
0
0
-3.32814e-15
1.05564e-16
-3.89429e-16
0
-1.53666e-16
0
0
0
0
5.67234e-16
1.69739e-16
-1.54321e-15
-1.37037e-15
0
0
0
0
0
0
-1.31464e-13
0
0
0
0
0
0
5.04496e-16
0
0
6.52245e-16
0
0
0
0
0
0
0
0
8.45906e-17
7.05643e-16
0
0
2.15838e-14
-2.92609e-14
0
0
8.99005e-17
0
0
0
0
0
1.57836e-16
0
-5.95745e-17
-7.79901e-14
-4.28455e-14
0
0
-2.3831e-15
0
0
4.29249e-17
0
2.24038e-16
0
8.34732e-17
0
6.4722e-16
1.11224e-16
2.37356e-16
0
0
0
0
1.13419e-15
-2.73405e-17
0
0
0
0
-2.7378e-15
-3.68122e-17
0
0
5.87576e-15
0
0
8.30213e-15
-9.68042e-15
0
0
0
-1.94518e-16
0
0
3.03233e-15
-3.24967e-17
0
2.40141e-15
2.74127e-15
-2.29853e-15
4.01601e-17
-2.01211e-14
-1.4567e-16
0
2.10544e-14
0
0
5.81709e-13
2.93758e-15
0
0
1.61719e-16
7.559e-17
0
0
)
;
    }
    procBoundary3to2
    {
        type            processor;
        value           nonuniform List<scalar> 
99
(
0
0
2.73992e-13
0
-1.89694e-15
0
9.83342e-17
0
1.86624e-15
-2.78293e-16
0
0
0
0
0
0
0
0
0
0
0
0
0
0
0
0
0
0
-6.16221e-16
0
0
-1.37833e-14
0
0
6.44085e-16
1.47017e-14
0
0
4.07293e-16
0
0
0
0
0
0
0
0
0
0
0
0
0
0
0
0
0
0
0
0
0
0
0
0
0
0
0
0
0
0
-8.58381e-09
0
0
0
0
0
0
0
0
-8.40959e-16
-4.57154e-16
0
0
0
7.00567e-16
0
0
0
0
0
0
0
0
0
6.59987e-15
3.02213e-14
0
0
0
0
)
;
    }
}


// ************************************************************************* //
