/*--------------------------------*- C++ -*----------------------------------*\
| =========                 |                                                 |
| \\      /  F ield         | OpenFOAM: The Open Source CFD Toolbox           |
|  \\    /   O peration     | Version:  v2012                                 |
|   \\  /    A nd           | Website:  www.openfoam.com                      |
|    \\/     M anipulation  |                                                 |
\*---------------------------------------------------------------------------*/
FoamFile
{
    version     2.0;
    format      ascii;
    class       surfaceScalarField;
    location    "100";
    object      meshPhi;
}
// * * * * * * * * * * * * * * * * * * * * * * * * * * * * * * * * * * * * * //

dimensions      [0 3 -1 0 0 0 0];
oriented        oriented;


internalField   nonuniform List<scalar> 
20537
(
0
0
0
0
0
0
0
0
0
0
0
0
0
0
0
0
0
0
0
0
0
0
0
0
0
0
0
0
0
0
0
0
0
-4.20692e-16
8.24823e-15
0
0
0
0
2.73902e-15
-1.91194e-17
-5.17705e-17
0
0
0
0
0
0
0
0
0
0
0
0
0
0
0
0
0
0
0
0
0
0
0
0
0
0
0
0
0
0
0
0
0
0
1.77267e-07
7.22398e-12
0
0
0
0
0
0
0
0
0
0
0
0
0
0
0
0
6.84491e-16
-8.91863e-17
0
0
0
0
0
0
0
0
0
0
0
0
0
0
0
0
0
-7.69234e-12
0
-6.05671e-12
0
0
0
0
0
0
0
0
-9.86453e-14
0
-8.93468e-16
0
0
0
0
0
0
0
0
0
0
0
0
0
0
-1.22121e-15
-3.17217e-12
-9.44853e-12
0
0
0
0
0
0
0
0
0
0
0
0
-3.10229e-17
5.9814e-17
0
0
0
0
0
0
0
0
0
0
4.08372e-15
-6.842e-15
-2.91314e-15
0
0
0
0
0
0
0
0
0
0
0
1.48078e-17
9.58805e-16
0
0
0
0
0
1.71992e-12
1.34178e-14
-3.02494e-12
0
0
0
7.2791e-17
4.57119e-17
0
0
0
0
0
0
0
0
0
0
-2.27129e-12
0
-1.14749e-12
0
0
0
-1.76596e-14
-1.32799e-12
0
0
0
0
0
0
0
0
0
0
-4.22895e-16
1.96315e-16
1.03931e-14
1.03861e-14
0
-4.51734e-16
0
0
0
0
0
0
0
0
0
0
0
0
-1.34663e-15
-3.8577e-16
0
0
0
-5.68403e-17
0
0
0
0
0
0
0
0
0
0
0
0
0
0
0
0
0
-1.38285e-15
-1.45343e-16
5.65644e-18
0
0
0
0
0
0
0
0
0
0
0
0
0
0
0
0
0
0
0
0
0
0
0
0
0
0
0
0
0
0
0
0
0
0
0
3.45503e-14
-6.39427e-16
0
0
0
0
0
0
0
0
0
0
0
3.82319e-12
-2.29775e-11
0
0
0
0
5.94843e-16
0
0
0
0
0
0
0
0
0
0
0
0
0
0
0
0
0
0
0
0
-7.76819e-14
2.30802e-16
0
0
-2.47395e-16
0
0
0
0
0
0
0
0
0
0
0
-2.912e-15
0
-6.76247e-17
-1.87354e-15
0
0
0
0
0
0
0
0
0
0
0
0
0
0
0
0
0
0
0
0
0
-2.87226e-15
-1.30767e-13
0
0
0
0
0
-1.7137e-15
1.18325e-16
0
0
0
0
0
0
0
0
0
0
0
0
0
0
0
0
0
0
0
0
0
-2.09807e-15
-4.15689e-15
0
0
0
0
0
0
0
0
0
0
0
0
0
0
0
0
0
0
0
-4.99081e-12
3.27144e-13
0
0
0
0
0
-3.47077e-16
2.16546e-15
0
0
-1.75123e-14
-2.34163e-15
0
0
0
0
0
0
0
0
0
0
0
0
0
0
0
0
0
0
0
0
0
0
0
0
0
0
0
0
0
0
0
0
0
0
0
-6.23679e-17
3.29703e-17
-5.44083e-17
0
0
0
0
0
0
0
0
0
0
0
0
0
0
0
0
0
0
0
0
0
0
0
0
0
0
0
0
0
0
0
1.03624e-15
-1.12075e-15
-1.1528e-15
0
0
0
0
0
0
0
0
0
-2.63011e-16
-3.45487e-16
0
0
0
0
0
0
0
0
0
0
0
0
0
0
0
0
0
0
0
0
0
0
0
0
0
0
0
0
0
0
0
0
0
0
0
0
0
0
0
0
0
0
0
0
0
0
0
0
0
0
0
0
0
0
0
0
0
0
0
0
0
0
0
0
0
0
0
5.4147e-16
0
-8.12605e-16
0
0
0
0
0
0
0
0
0
0
0
0
0
0
0
0
0
-8.93588e-15
0
0
0
0
0
0
0
0
1.03785e-16
-2.30537e-16
0
0
0
0
0
0
0
0
0
0
0
0
0
0
0
0
0
0
0
0
0
0
0
0
0
1.04199e-11
-7.96529e-08
-2.19318e-07
0
0
0
0
0
0
0
0
0
0
0
0
0
3.12854e-15
0
-2.84158e-16
0
0
0
0
0
0
8.85201e-17
-1.0145e-15
0
0
0
0
0
0
0
0
0
0
0
0
0
0
0
0
0
0
0
0
0
0
0
0
0
0
0
0
0
0
0
0
0
0
0
0
0
-5.64408e-16
0
0
0
0
0
0
0
0
0
0
0
0
0
0
0
0
0
0
0
0
0
0
0
0
0
-2.31308e-15
0
0
0
0
0
0
0
0
0
0
0
0
0
0
0
0
0
0
0
0
0
0
0
0
0
0
0
0
0
0
0
0
0
0
-1.98756e-15
-2.19996e-15
0
0
0
0
0
-1.33736e-15
7.51711e-17
7.61943e-16
0
0
0
0
0
0
0
0
0
0
0
0
0
0
0
0
0
0
0
0
0
9.59705e-13
8.1442e-12
0
0
0
0
0
0
0
0
0
0
0
0
0
0
0
0
0
0
0
0
0
0
0
0
0
0
0
0
0
0
0
0
0
0
0
0
0
0
0
0
0
0
-1.21366e-14
2.33305e-14
0
0
0
0
0
0
0
0
0
0
0
0
0
0
0
0
0
0
0
0
0
0
0
0
0
0
0
0
0
0
0
0
0
0
2.44701e-16
3.34651e-14
0
0
0
0
0
0
0
0
0
0
0
0
0
0
0
0
0
0
0
0
0
0
0
0
0
0
0
0
0
0
0
0
0
0
0
0
0
0
0
0
0
0
0
0
0
0
0
0
0
0
1.62662e-17
4.37863e-16
7.16094e-17
0
1.89754e-16
0
0
0
0
0
0
0
0
0
0
0
0
0
0
0
0
0
0
0
0
0
0
0
0
-3.00396e-17
2.38974e-16
0
0
0
0
0
0
0
0
0
0
0
0
0
0
7.76652e-15
5.16733e-14
0
0
0
0
0
0
0
0
0
0
0
0
0
0
0
0
0
0
0
0
0
0
0
0
0
0
0
0
0
0
0
0
0
-7.72736e-16
4.11347e-17
0
0
0
0
0
0
0
0
0
0
0
0
0
0
0
0
0
0
0
0
0
0
0
0
0
0
0
0
0
0
0
0
0
0
0
0
-1.18976e-12
0
0
0
0
0
0
0
0
0
0
0
0
0
0
5.6152e-16
-2.7454e-15
0
0
0
0
0
0
0
0
0
0
0
0
0
0
0
0
8.82254e-17
0
0
0
0
0
0
0
0
0
0
0
0
0
0
0
0
0
0
0
0
0
8.19642e-15
-3.30833e-17
-7.17831e-17
0
0
0
0
0
0
0
0
0
0
0
-9.63283e-15
6.66502e-15
0
0
0
0
0
0
0
0
0
0
0
0
0
0
0
1.18924e-15
2.1093e-15
0
0
0
0
0
0
0
0
0
0
0
0
0
0
0
0
0
0
0
0
0
1.15506e-15
3.58261e-16
0
0
0
0
0
0
0
0
0
0
-9.35387e-17
-7.29725e-17
-3.31513e-15
0
0
0
0
0
0
0
0
0
0
0
0
0
0
0
0
0
0
0
8.04211e-16
-3.45601e-15
0
0
0
0
0
0
0
0
0
0
7.13705e-12
-2.04547e-11
0
0
0
0
0
0
0
1.46474e-15
0
-1.85405e-15
0
0
0
0
0
0
0
0
0
0
0
0
0
0
0
0
0
0
0
0
0
0
0
0
0
0
0
0
0
0
0
0
-1.39009e-14
0
0
0
0
0
0
0
0
0
-2.43918e-17
0
0
0
2.01572e-16
0
0
0
0
0
0
0
0
0
0
0
0
0
0
1.49278e-16
2.60331e-14
0
0
0
0
0
0
0
0
0
0
0
0
0
0
0
0
0
0
0
0
0
0
0
0
0
0
0
0
0
0
0
0
0
0
0
0
0
0
0
0
3.04934e-15
0
0
0
0
0
0
0
0
0
0
0
0
0
0
0
0
0
0
0
0
0
0
0
0
0
0
0
0
0
0
0
0
0
0
0
0
0
0
0
0
0
0
0
0
0
0
0
0
0
0
0
0
0
0
0
0
0
0
0
0
0
0
0
-3.73131e-16
0
0
0
0
0
0
0
0
0
0
0
0
0
0
0
0
0
0
0
0
0
0
-2.00491e-15
0
0
0
0
0
0
0
0
0
0
0
0
6.12552e-17
0
0
0
0
0
7.98799e-17
-2.23522e-16
0
0
0
-1.20304e-12
-8.06466e-13
-9.06631e-16
0
0
0
0
0
0
0
0
0
0
0
0
0
0
0
0
0
0
-1.21594e-14
1.70316e-15
0
0
0
0
0
0
0
0
0
0
0
0
0
0
0
0
0
0
0
0
0
0
0
0
0
0
0
0
0
0
0
0
0
0
0
0
0
0
0
0
0
0
0
0
0
0
0
0
0
0
0
0
0
-6.50375e-14
2.8655e-14
0
0
0
0
0
0
0
0
0
0
0
0
0
0
0
0
-1.21773e-15
0
0
0
0
0
0
0
0
0
0
0
0
0
0
0
0
0
0
0
0
0
0
0
0
0
0
0
0
0
0
0
0
0
0
0
0
0
0
0
0
0
0
0
0
0
0
0
0
0
0
0
0
0
0
0
0
0
0
0
-8.07683e-17
-1.15954e-16
2.00455e-16
0
0
0
0
0
0
0
0
3.12109e-15
8.37387e-16
0
-2.75875e-17
2.54303e-17
-2.01134e-17
0
0
0
0
0
0
0
0
0
0
-1.82121e-15
0
0
-3.53609e-15
0
0
0
0
0
0
0
0
4.55529e-16
0
0
0
0
0
0
0
0
0
0
0
0
0
0
0
0
0
0
0
2.24979e-15
2.00674e-16
0
0
0
0
0
0
0
0
0
0
-1.72297e-15
-1.72519e-15
0
0
0
5.03629e-15
0
0
0
0
0
0
0
0
0
-1.49016e-16
0
0
0
0
0
0
0
0
0
0
0
0
0
0
0
0
0
0
0
0
0
0
-1.45573e-15
0
0
0
0
0
-2.74833e-16
8.15921e-14
8.79232e-14
7.39135e-12
-2.14604e-11
3.49128e-12
-1.20227e-15
9.1098e-16
0
0
0
0
0
0
0
0
0
0
0
0
0
0
0
0
0
0
0
0
0
0
0
0
0
0
0
0
0
0
0
0
0
0
0
0
0
0
0
0
0
0
0
0
0
0
0
0
0
0
0
0
0
0
0
0
0
0
0
0
0
0
0
0
0
0
0
-7.41264e-16
0
0
0
0
0
0
0
-3.20813e-15
0
1.38813e-15
-7.91104e-16
0
0
0
0
0
0
0
0
0
0
0
0
0
0
0
0
0
0
0
0
0
0
0
0
0
0
0
0
0
0
0
0
0
0
0
0
0
0
0
0
0
0
0
0
0
0
0
0
0
0
0
0
0
0
0
0
-3.42352e-15
0
0
0
0
0
0
0
0
0
0
0
0
0
0
0
0
0
0
0
0
0
1.66787e-16
2.03635e-15
0
0
0
0
0
0
0
0
0
0
0
0
0
3.04275e-17
-1.24325e-15
0
0
0
0
0
0
0
0
0
0
0
0
0
0
-2.87648e-17
-9.50751e-12
6.41205e-13
0
0
0
0
0
0
1.13208e-12
-7.81575e-17
6.06094e-13
0
0
0
0
0
0
-1.01917e-15
-4.34244e-12
0
0
0
0
0
0
0
0
0
0
0
0
0
0
0
0
0
0
0
0
2.16664e-16
2.4714e-14
0
0
0
0
3.72621e-14
0
0
0
0
0
0
0
0
0
0
0
0
0
0
0
0
0
0
0
0
0
0
0
0
0
0
0
0
0
0
0
-1.32136e-15
0
0
0
0
0
0
0
0
0
0
0
0
0
0
0
0
0
0
0
0
-3.73724e-15
2.45865e-14
0
0
0
1.76022e-12
-7.39673e-14
0
0
0
0
0
0
0
0
0
-1.26584e-15
0
7.74443e-17
0
0
0
0
0
0
0
-1.62068e-17
0
0
0
-6.53907e-16
2.94062e-14
-2.54295e-16
0
-1.44562e-15
0
0
0
0
0
0
0
0
0
0
-1.13123e-16
-2.94762e-15
0
0
0
0
0
0
0
0
0
0
0
0
0
0
0
0
0
0
0
0
0
0
0
0
0
0
0
0
0
0
0
0
0
0
0
0
0
0
0
0
0
0
0
0
0
0
0
5.04472e-13
1.55398e-12
0
0
-4.02941e-16
0
0
0
0
0
0
0
0
0
0
0
0
0
0
0
0
0
0
0
0
0
0
0
0
0
0
0
0
-6.83402e-12
-2.36548e-15
-4.44367e-12
0
0
0
0
0
0
8.5795e-16
0
1.39807e-15
0
0
0
0
0
-1.16716e-12
0
0
0
0
0
0
0
0
5.4985e-17
-8.86009e-12
2.26217e-13
3.61219e-15
6.77553e-16
0
1.0482e-13
0
-1.67263e-14
0
0
0
0
0
0
-2.57583e-15
8.54903e-17
-2.82289e-15
0
0
0
5.15011e-17
2.04378e-15
0
0
0
-2.84831e-16
-5.16189e-16
0
0
0
0
0
0
0
0
0
0
0
0
0
0
0
0
0
0
0
0
-7.7363e-15
5.32279e-15
5.74122e-17
2.05046e-15
0
0
0
0
0
3.80602e-14
-1.73498e-14
0
0
0
0
0
0
0
0
0
0
0
0
0
0
0
6.27639e-15
-5.16063e-17
2.7619e-14
0
0
0
0
0
0
0
0
0
0
0
-6.69751e-15
0
0
0
0
0
0
0
0
0
0
0
0
0
0
0
0
-1.12036e-15
0
1.16396e-15
0
0
0
1.29811e-16
1.13772e-15
0
0
0
0
0
0
0
0
0
0
0
0
0
0
0
0
0
0
0
0
0
0
0
0
0
0
0
0
0
0
0
0
0
0
0
0
0
0
0
0
0
0
0
0
0
0
0
0
0
0
0
8.17849e-16
0
0
0
0
2.81623e-16
0
-3.61992e-15
0
0
7.97086e-16
0
-9.78625e-16
3.65939e-16
0
-4.46482e-16
2.8071e-14
0
0
0
0
0
0
0
0
0
0
0
0
0
0
0
0
0
0
0
0
0
0
0
0
0
0
0
0
0
0
0
0
0
0
0
0
0
0
0
0
0
0
0
0
0
0
0
0
0
0
0
0
0
0
0
0
0
0
0
0
0
0
0
0
0
0
0
-8.59058e-13
-7.39036e-13
0
0
0
0
0
0
0
0
0
0
0
0
0
0
0
0
0
0
-1.20462e-15
-1.77209e-14
0
0
0
0
0
0
0
3.49277e-16
-6.70697e-17
0
0
0
0
0
0
0
0
0
0
0
0
0
0
0
0
0
0
0
0
0
0
0
0
0
0
0
0
0
4.03587e-15
0
-9.38437e-16
0
0
0
0
0
0
0
0
0
0
0
0
0
0
0
0
0
0
0
0
0
0
0
0
0
0
0
0
0
0
0
0
0
0
0
1.12584e-16
-1.48347e-16
0
0
0
0
0
0
0
0
0
0
-9.43317e-17
0
0
0
0
0
0
0
0
0
0
0
0
0
0
0
0
0
0
0
0
0
0
0
0
6.58034e-16
-8.90188e-16
0
0
0
0
0
0
0
0
0
0
0
0
0
0
0
0
0
0
0
0
0
0
0
-8.49035e-12
2.57847e-13
0
0
0
0
0
0
0
0
0
0
0
0
0
0
0
0
0
0
0
0
0
0
0
6.22572e-17
-9.37204e-17
0
0
0
0
0
0
0
0
0
0
-8.75784e-13
1.62894e-16
-7.91948e-13
0
0
0
0
0
0
0
0
0
0
0
0
0
-1.35141e-15
0
0
0
0
0
0
0
0
-1.53676e-15
3.35901e-15
0
0
0
0
0
0
0
0
0
0
0
0
0
0
0
0
0
0
0
0
0
0
-1.43975e-11
8.23626e-13
0
0
0
0
0
0
7.28133e-17
1.45425e-17
0
0
0
0
0
0
0
0
0
0
0
0
7.12996e-15
-2.26545e-17
0
0
0
0
0
0
0
0
0
0
0
0
0
0
0
0
0
0
0
0
0
0
0
0
0
0
0
0
0
0
0
0
0
0
0
5.92593e-16
-1.03232e-12
0
0
0
0
0
0
0
0
0
0
0
0
0
0
0
-1.84462e-15
-3.38372e-17
0
0
0
0
0
0
0
0
0
0
0
0
0
0
0
0
0
0
0
0
0
0
0
0
0
0
0
0
0
0
0
0
0
0
0
0
0
0
0
0
0
0
0
9.12653e-17
-5.11695e-17
0
0
0
0
0
-1.91136e-17
1.4841e-17
0
0
0
-7.85747e-16
4.77419e-16
0
0
0
0
0
0
0
0
0
0
0
0
0
0
0
0
0
0
0
0
0
0
0
0
-5.83484e-15
1.71564e-15
0
0
0
0
0
0
0
0
0
0
0
0
0
0
0
0
0
0
0
0
0
0
0
0
0
0
-3.06689e-16
-8.59812e-16
8.23039e-16
0
-1.09944e-15
-1.54728e-16
0
0
0
0
2.99117e-16
-1.28171e-15
0
0
0
0
0
0
0
0
6.15726e-17
-1.02418e-15
0
0
-5.56589e-31
0
-4.07428e-15
2.01106e-17
0
0
0
0
0
0
0
0
0
0
0
0
0
0
0
0
0
0
0
0
0
0
0
0
0
0
0
0
0
0
0
0
0
7.38409e-13
4.33197e-13
0
0
0
0
0
0
0
0
0
0
0
0
0
0
0
0
-9.88684e-15
0
0
0
0
0
0
0
0
0
0
0
0
0
0
0
0
0
0
0
0
0
0
0
0
0
0
0
0
0
0
-1.34543e-15
-7.75639e-16
0
0
0
0
0
0
0
0
0
0
0
0
0
0
0
0
0
0
0
0
0
0
-6.88618e-17
-9.00842e-16
0
0
0
0
0
0
0
0
0
0
0
0
0
0
0
0
0
0
0
0
0
0
0
0
0
0
0
0
0
5.75146e-17
-1.06616e-16
0
0
0
3.62605e-16
-1.50523e-16
0
0
0
0
0
0
0
0
0
0
2.00651e-17
1.19781e-15
0
0
0
0
0
0
0
0
0
0
0
0
0
0
0
0
0
0
0
0
0
0
0
0
0
0
0
0
0
0
0
0
0
0
0
-7.28499e-17
5.58216e-31
0
0
0
0
0
0
0
0
0
0
0
0
0
0
0
0
1.23017e-16
1.80345e-15
0
0
0
0
0
0
0
0
0
0
0
0
0
0
0
0
0
1.59241e-15
2.85762e-15
0
0
0
0
0
0
0
0
0
0
0
0
0
0
0
0
0
0
0
0
0
0
0
0
4.07614e-16
-1.14785e-16
0
0
0
0
0
0
0
0
0
0
0
0
0
0
0
0
0
0
0
0
0
0
0
0
0
0
0
0
0
5.33685e-13
-2.94192e-12
0
0
0
0
0
-6.67775e-15
-8.02285e-16
0
0
0
0
-2.86652e-15
1.32654e-15
0
0
0
0
0
0
0
0
0
0
0
0
3.40341e-17
0
-1.131e-16
0
0
0
0
0
0
0
0
0
0
0
0
0
0
0
0
0
0
0
0
0
-1.77067e-29
0
0
-1.28423e-14
0
0
0
0
0
0
0
-5.40946e-16
0
0
0
0
0
0
0
0
0
0
0
0
0
0
0
0
0
0
0
0
0
0
0
0
0
0
0
0
0
0
-2.24354e-12
0
-1.14504e-12
0
0
0
0
0
0
0
0
0
0
0
0
0
0
0
0
0
0
0
0
0
0
0
0
0
0
0
0
0
0
0
0
1.03368e-17
2.07007e-17
1.3874e-31
0
0
0
0
0
0
0
0
0
0
4.1529e-17
0
0
0
0
0
0
0
0
0
0
0
0
0
0
0
0
0
0
0
0
0
0
0
0
0
0
0
0
0
-1.86252e-15
0
0
0
0
0
0
-9.90146e-16
1.23017e-14
0
0
0
0
0
0
0
0
0
0
0
0
0
0
0
0
0
0
0
0
-1.38063e-15
0
0
0
0
0
0
0
0
0
5.02856e-14
-3.16116e-12
4.89222e-16
1.8296e-16
0
9.96729e-16
-1.09526e-15
1.12318e-15
0
0
0
-1.77519e-16
-9.46142e-17
3.25582e-15
0
0
0
0
0
0
0
0
0
0
0
0
0
0
0
0
0
0
0
0
0
0
0
0
0
0
0
0
0
0
0
0
0
0
0
0
0
0
0
0
0
0
0
-3.25574e-14
0
0
0
0
-9.10818e-13
-1.9263e-11
0
0
0
0
0
0
0
0
0
0
0
0
4.23821e-15
0
0
0
0
0
0
0
0
0
0
0
0
0
-4.2012e-15
0
6.98971e-15
0
0
-5.72003e-17
-1.03378e-15
0
0
0
0
0
0
0
0
0
0
0
0
0
-1.0566e-12
-6.6408e-12
0
0
0
-2.72638e-12
-1.82779e-15
0
0
0
0
0
4.05482e-15
0
0
0
0
0
0
0
0
3.7756e-15
0
0
0
0
0
0
0
0
0
0
0
0
0
0
0
0
0
0
0
0
-4.72935e-17
0
0
0
0
0
0
0
0
0
0
0
0
0
0
0
0
0
0
0
0
3.97705e-16
0
0
0
0
0
0
0
0
0
0
0
0
0
0
0
4.93325e-17
0
-1.06086e-16
0
0
0
0
3.16707e-15
0
0
0
0
0
0
0
0
0
0
0
0
0
0
0
0
0
0
0
0
0
0
0
0
0
0
0
0
0
0
0
0
0
0
0
0
0
0
0
0
0
0
-4.98045e-12
0
0
0
0
0
0
0
0
0
0
0
0
0
0
0
8.66387e-16
0
0
0
0
0
0
0
0
0
0
0
0
0
0
0
0
0
0
1.61031e-13
-3.84725e-16
0
0
-1.76198e-15
6.51853e-17
0
0
0
0
1.02049e-14
0
0
0
0
0
2.78301e-12
0
0
0
0
0
0
0
0
0
0
0
0
0
0
0
0
0
0
0
0
0
0
5.09332e-17
0
0
0
0
0
0
0
0
0
0
0
0
0
0
0
0
0
7.5732e-16
1.74862e-15
0
0
0
0
0
7.52038e-15
0
0
0
0
0
0
0
0
0
0
0
0
0
0
0
0
-4.92806e-16
-1.2015e-14
-6.41078e-17
0
0
0
0
0
0
0
0
0
0
0
0
0
0
0
0
0
0
0
0
0
0
0
0
0
0
0
0
-7.89536e-16
0
0
0
0
0
0
0
0
0
0
0
0
0
0
0
0
0
0
0
0
0
0
0
0
0
0
0
0
0
0
0
9.29742e-16
5.12393e-17
0
0
0
0
0
0
0
0
0
0
0
0
0
-8.05415e-16
0
0
0
0
0
0
0
0
0
0
0
0
-1.38102e-15
0
2.07124e-16
0
0
0
0
0
0
0
0
0
0
0
0
0
0
0
0
0
0
0
0
0
0
0
0
0
-3.35948e-16
-1.56185e-15
0
0
0
0
1.27871e-15
9.87103e-17
-2.98818e-17
2.80201e-17
0
0
0
0
0
0
0
0
0
0
0
0
0
0
0
0
0
0
0
0
0
0
0
0
0
-1.34273e-15
-1.43307e-15
0
0
0
0
0
0
0
0
0
0
0
0
0
0
0
0
0
0
0
0
0
2.87428e-15
-3.39502e-15
9.02986e-17
-3.57798e-17
0
0
0
0
0
0
0
0
0
0
0
0
0
0
0
0
0
0
0
0
0
0
0
0
-3.06467e-17
3.14554e-17
0
0
0
0
0
0
-6.62647e-17
0
1.81323e-17
0
0
0
0
0
0
0
0
0
0
0
0
0
0
0
0
0
0
0
0
0
-1.06441e-17
-8.50569e-18
-2.78837e-31
0
0
0
0
0
0
0
0
0
0
0
0
0
0
0
0
0
0
0
0
0
0
0
0
0
0
0
0
0
0
0
0
0
0
0
0
0
0
0
0
0
0
0
0
0
0
0
0
0
-1.5778e-15
0
0
-7.50756e-17
0
0
0
0
0
0
0
0
0
0
0
0
0
-2.29974e-17
0
0
0
0
0
0
0
0
0
0
0
0
0
0
0
0
0
0
0
-2.00818e-17
-8.68846e-17
0
0
0
0
0
0
0
0
0
0
0
0
0
0
0
0
0
0
0
0
0
0
0
0
0
0
0
-1.07547e-17
0
0
0
0
0
0
3.22489e-15
-3.2518e-15
0
0
0
0
0
0
0
0
0
0
0
0
0
0
0
0
0
0
0
0
0
0
0
0
0
0
-4.12491e-17
0
0
0
0
0
0
0
0
0
0
0
0
0
0
9.40426e-17
0
0
0
0
0
0
2.64867e-16
0
0
0
-5.16454e-18
-4.57493e-17
0
0
0
0
0
0
0
1.24403e-15
0
7.00249e-13
0
0
0
0
0
0
0
0
0
0
0
-6.58526e-16
-7.72415e-16
0
0
0
0
0
0
0
0
2.04262e-15
9.45833e-17
0
0
0
0
0
0
0
0
0
0
0
0
0
0
0
0
0
0
0
5.53334e-31
-2.88949e-16
0
0
0
0
0
0
0
0
1.5029e-15
1.55275e-16
0
0
0
0
0
0
0
0
0
0
0
0
0
0
0
0
-9.47208e-16
-9.97798e-16
0
0
0
0
0
0
0
0
0
0
-3.45429e-16
1.85159e-16
0
0
0
0
0
0
0
0
-5.07682e-17
0
0
0
0
0
0
0
0
0
0
0
0
0
0
0
0
0
0
0
0
0
0
0
0
0
0
0
0
0
-1.65684e-16
0
0
0
0
0
0
0
0
0
0
0
0
0
0
0
0
0
0
0
0
0
0
0
0
0
0
0
0
0
0
0
0
0
0
0
0
0
-2.21985e-30
0
0
0
0
0
0
0
0
0
0
0
-4.05809e-12
0
0
0
0
0
0
0
0
0
0
0
0
0
0
0
0
0
2.02092e-16
0
0
0
0
0
0
0
0
0
0
0
0
0
4.4373e-16
-1.80169e-16
9.88161e-16
8.30111e-17
0
0
0
0
0
0
-2.21985e-30
0
0
0
0
0
0
0
0
0
0
0
0
0
0
0
0
0
0
0
0
0
0
0
0
0
0
0
0
0
0
0
0
-4.81548e-15
-1.17949e-14
0
0
0
0
0
0
0
5.98402e-17
-4.23876e-17
0
0
-1.4563e-16
1.14805e-16
0
0
0
0
0
0
0
0
2.0405e-15
1.93553e-15
0
0
0
0
0
0
0
0
0
0
0
0
0
0
0
0
0
0
0
0
0
0
0
0
0
0
0
0
0
0
0
2.71319e-15
2.14773e-14
0
0
-3.97066e-16
0
0
0
0
0
0
0
0
0
0
0
0
0
-1.18522e-15
2.48177e-15
0
2.85695e-16
0
0
0
-1.28395e-15
-9.40784e-17
0
0
0
0
0
0
0
0
0
0
0
0
0
0
0
0
0
0
0
0
0
0
0
0
0
0
0
0
0
0
1.56412e-15
-3.94953e-15
0
0
0
0
0
0
0
0
0
0
0
0
0
0
0
0
0
0
-3.78429e-16
-6.23816e-16
-3.42794e-16
2.41486e-15
0
0
0
-8.43555e-17
7.57853e-16
0
0
0
0
0
0
0
0
0
0
0
-2.57307e-17
0
1.09023e-15
0
0
0
0
0
0
0
0
0
0
0
0
0
0
0
0
0
0
0
0
0
0
1.06129e-15
5.88928e-17
0
0
0
0
0
0
0
0
0
0
0
0
0
0
0
0
0
0
0
0
0
0
0
0
2.24052e-17
-4.44818e-17
0
0
0
0
0
0
0
0
0
0
0
0
0
0
0
0
-2.23481e-16
4.12386e-17
0
0
0
0
0
0
0
0
0
0
0
0
0
0
0
0
0
5.77659e-16
-1.53801e-16
0
0
0
0
0
0
0
0
0
0
0
0
5.24388e-17
-2.12232e-17
0
0
2.05179e-15
0
0
0
0
0
6.39553e-17
-1.71311e-16
-2.61242e-16
0
8.81566e-16
0
0
0
0
0
-9.70892e-13
0
0
0
0
0
4.76781e-16
2.52032e-16
0
0
0
0
0
0
0
0
0
0
0
0
-9.76297e-16
-1.11074e-30
0
0
3.55004e-16
1.42558e-16
0
0
0
0
0
0
0
0
0
4.515e-16
0
0
0
0
0
0
0
0
1.71786e-16
0
0
0
0
0
0
0
0
0
0
0
0
0
0
0
0
0
0
0
0
0
-1.62458e-16
2.29219e-16
0
0
0
0
0
0
0
0
0
0
0
0
0
0
0
0
0
0
0
0
0
0
0
0
0
0
-1.021e-16
-1.19118e-15
0
0
0
0
0
0
0
0
0
0
0
0
0
0
0
0
0
0
0
0
0
0
0
-2.69833e-17
-2.77389e-16
0
0
0
0
0
0
0
0
0
0
0
0
0
0
0
0
0
0
0
0
0
0
0
0
0
1.75994e-17
1.39423e-17
0
0
0
0
0
0
0
-4.84976e-16
-8.82342e-14
-5.97376e-14
-1.64817e-15
0
0
0
0
0
0
0
0
0
0
0
0
0
0
0
0
0
0
0
0
0
0
0
0
0
0
0
0
0
-2.39054e-16
1.18968e-14
-8.01948e-16
0
0
0
0
0
0
0
-3.40587e-16
0
0
0
0
-1.12777e-12
-1.47275e-12
0
0
0
0
0
2.38904e-14
0
0
0
0
0
0
0
0
0
0
0
0
0
0
0
0
-3.27306e-15
3.02441e-15
0
0
0
0
0
0
0
0
0
0
0
0
0
0
-1.02643e-14
0
0
0
0
0
0
0
0
0
0
0
0
0
0
-3.43644e-17
0
3.26404e-16
-7.49872e-16
0
0
-9.50933e-16
0
0
0
0
0
0
0
0
0
0
0
0
0
0
-7.97747e-16
0
0
0
0
0
0
0
0
0
0
5.85333e-17
0
0
0
0
0
0
0
0
0
0
0
0
0
0
0
0
0
0
0
0
0
0
0
0
0
0
0
0
0
0
0
0
0
0
0
0
0
0
0
1.17441e-16
0
0
0
0
0
0
0
0
0
0
0
0
0
0
0
0
0
0
0
0
0
0
0
0
0
0
0
0
0
0
0
0
0
0
1.58194e-12
0
0
-1.90035e-16
0
0
0
0
0
0
0
0
0
0
0
0
0
0
0
0
0
0
0
0
0
0
0
0
0
0
0
0
0
0
0
0
0
0
1.88164e-16
0
0
0
-7.96687e-12
0
0
0
-6.20303e-17
0
0
0
0
0
0
0
0
0
0
0
0
-4.53188e-17
0
0
0
0
-4.1121e-15
9.08919e-17
-3.37182e-16
0
0
0
-1.07927e-15
8.90585e-15
0
0
0
0
0
3.92221e-15
0
0
0
0
0
0
0
-4.14745e-17
6.0335e-17
0
0
0
0
0
0
0
0
0
0
0
0
0
0
0
0
0
0
0
0
0
3.06643e-16
0
0
0
0
0
0
0
0
0
0
0
0
0
0
0
0
0
0
0
-3.52073e-15
2.25135e-16
-7.02864e-15
0
0
-4.54927e-16
0
0
0
0
0
0
0
0
0
0
0
0
0
0
0
0
0
0
0
0
0
0
0
0
0
0
0
0
0
0
0
0
0
-5.96764e-17
1.55942e-16
1.64074e-15
0
0
0
0
0
0
4.48836e-17
0
0
0
0
-2.32828e-14
0
0
0
0
0
0
0
0
0
0
0
0
0
0
0
0
0
0
0
0
0
0
0
0
0
0
0
0
0
0
0
0
-2.08846e-16
-4.45271e-30
0
2.16775e-16
2.75631e-16
-3.59333e-16
0
0
0
0
0
0
0
9.81172e-16
0
0
-5.52675e-15
-1.24325e-13
0
0
0
0
0
0
0
0
0
0
0
0
0
0
0
0
0
0
0
0
0
0
0
0
0
0
0
0
0
0
0
0
0
0
0
0
0
0
0
0
0
0
0
0
0
0
0
0
0
0
-8.03434e-16
1.41466e-15
0
0
0
0
0
0
0
0
0
0
0
0
0
0
0
0
0
0
0
0
0
0
0
0
0
0
0
0
0
0
0
0
0
0
0
0
0
0
0
0
0
7.01234e-16
0
2.86296e-15
0
0
3.53687e-15
-1.14376e-16
0
0
0
4.56186e-16
0
0
0
0
0
0
0
0
0
0
0
0
0
0
0
0
0
0
0
0
0
0
-6.08801e-16
0
0
1.8899e-14
0
0
0
3.55152e-15
0
0
0
0
0
0
0
0
0
0
0
0
0
0
0
0
0
0
0
0
0
0
0
0
0
0
0
0
0
0
0
0
0
0
0
0
0
0
-9.04562e-15
0
0
0
0
0
0
0
0
0
-4.3097e-15
0
0
0
1.48426e-15
0
0
0
0
0
0
0
0
0
0
0
0
0
0
0
0
0
0
0
0
0
0
-7.36645e-17
0
0
0
0
0
0
0
0
0
0
0
0
0
0
0
0
0
0
0
0
0
0
0
0
0
0
0
0
0
0
0
0
0
0
0
0
0
0
0
0
0
0
0
0
0
0
0
0
2.59186e-16
-2.01895e-15
0
0
0
0
0
0
0
0
0
0
0
0
0
0
0
0
0
6.46371e-17
0
0
0
0
0
0
0
0
0
0
0
0
0
0
0
0
0
0
0
-1.28261e-14
2.05702e-15
0
0
0
0
0
0
0
0
0
0
0
0
0
0
0
0
0
0
0
0
0
0
0
0
0
0
0
0
-3.17833e-15
0
0
0
0
0
0
0
1.62631e-15
0
0
0
0
0
0
0
0
0
0
0
0
0
0
0
0
0
0
0
0
0
0
0
0
0
0
0
0
0
0
0
0
0
0
0
0
0
0
0
0
0
0
0
0
0
0
0
0
0
0
0
0
0
-1.50113e-15
0
0
1.50098e-16
0
0
0
0
0
0
0
0
0
0
0
0
0
0
0
0
0
0
0
0
0
0
0
0
0
0
0
0
0
0
0
0
0
0
0
0
0
0
0
0
0
0
0
0
0
0
0
0
0
0
0
0
0
0
0
0
0
0
0
0
0
0
0
0
0
0
0
0
0
0
0
0
0
0
0
0
0
0
0
0
0
0
0
0
0
0
0
0
0
0
0
0
0
0
0
0
0
0
0
0
0
0
0
-2.87763e-14
0
0
0
0
-1.05548e-16
-5.93303e-17
0
0
0
0
0
0
0
0
0
0
0
0
0
0
0
-8.32737e-17
0
0
0
0
0
0
0
0
0
0
0
0
0
0
0
-1.91249e-15
0
1.16369e-15
0
0
0
-1.16168e-14
0
0
0
0
0
0
0
0
0
0
0
0
0
0
0
0
0
0
0
0
6.14581e-16
1.15903e-15
0
0
0
0
0
0
0
0
0
0
0
0
0
0
0
0
0
0
0
0
0
0
-7.40792e-16
-1.05179e-15
0
0
0
0
0
0
0
0
0
0
0
0
0
0
0
0
0
0
0
0
0
0
0
0
0
0
0
0
0
0
0
0
-1.28707e-15
0
0
0
0
0
-1.4603e-16
7.26395e-17
0
0
0
0
0
0
0
0
-4.28358e-15
0
0
0
0
0
0
0
0
0
0
-6.74148e-15
0
0
0
0
0
0
0
0
0
0
0
0
0
0
0
0
0
0
0
0
0
0
0
0
0
0
0
0
-1.71525e-16
-1.33309e-15
0
0
0
0
0
0
0
0
0
0
0
0
0
0
0
0
0
0
0
0
0
0
0
0
0
0
0
0
6.73824e-18
0
0
0
0
0
0
0
0
0
0
0
0
0
0
0
0
0
0
0
1.15968e-17
2.76671e-17
0
0
0
0
0
0
0
1.25188e-14
1.59215e-14
4.35782e-15
0
0
0
0
0
0
1.80164e-17
2.74641e-15
0
0
0
0
0
0
1.20954e-16
2.12569e-16
0
0
0
0
0
0
0
0
0
0
0
0
0
0
0
0
0
0
0
0
0
0
0
0
0
0
0
0
0
0
0
0
0
0
0
0
0
0
0
0
9.82173e-16
1.46213e-16
-3.309e-16
-1.34787e-16
0
0
0
0
0
0
0
0
0
0
0
0
0
0
0
8.80038e-15
3.07324e-16
1.28693e-14
0
0
0
0
0
0
0
0
0
0
4.71143e-16
0
-3.9396e-15
0
0
0
0
0
0
0
0
0
0
0
0
0
0
0
0
0
0
0
0
0
0
0
0
0
0
0
0
0
0
0
0
0
0
0
0
0
0
0
0
0
-1.36489e-15
0
-2.10194e-15
-5.53334e-31
9.40964e-17
0
0
0
0
0
0
0
3.30642e-17
0
0
0
0
0
0
0
0
0
-9.79024e-15
1.34864e-14
0
0
0
0
0
0
0
0
0
0
0
0
0
0
0
0
0
0
0
0
0
0
0
0
0
0
0
0
0
0
0
0
0
0
0
0
-2.18789e-14
-8.43388e-15
0
0
0
0
0
0
0
0
0
0
0
0
0
0
0
-1.31403e-14
0
0
0
-2.12033e-14
0
0
0
0
0
0
0
0
0
0
0
0
0
0
0
0
0
0
0
0
0
0
0
0
0
0
0
0
0
0
0
0
0
0
0
0
0
0
0
0
-7.21595e-17
-7.15685e-17
0
0
0
0
0
0
0
0
0
4.91387e-15
0
-1.07387e-14
0
0
0
0
0
0
0
0
0
0
-5.61578e-16
0
0
0
0
0
0
0
0
0
0
0
0
0
0
0
0
0
0
0
0
0
0
0
0
0
0
0
0
0
0
0
0
0
0
0
0
0
0
1.22314e-15
2.28361e-14
1.81001e-15
0
0
0
0
0
-1.31808e-15
0
0
0
0
0
0
0
0
0
0
0
0
0
0
0
0
0
0
-1.13135e-16
0
0
0
0
0
0
0
0
0
0
0
0
0
0
0
0
0
0
0
0
0
0
0
0
0
0
0
0
0
0
0
0
0
0
0
0
0
0
0
0
9.04111e-17
0
0
0
0
0
0
1.21386e-16
-3.7928e-16
0
0
0
0
0
0
0
0
0
0
0
0
0
0
0
0
0
0
0
0
0
-3.75287e-15
-1.7915e-29
0
0
0
0
0
0
0
0
4.30294e-15
1.18039e-14
0
0
0
0
0
0
0
0
0
0
0
0
0
0
0
0
0
0
0
0
0
0
0
0
0
0
0
0
0
0
0
0
0
0
0
0
0
0
0
0
0
0
0
0
0
0
0
0
0
0
0
0
0
0
0
0
0
0
0
0
0
0
0
-1.51979e-14
0
0
0
0
0
0
0
0
0
0
0
0
0
0
0
0
0
0
0
0
0
0
0
0
0
0
0
0
0
0
0
0
0
0
0
0
0
0
0
0
0
0
0
0
0
0
0
0
0
0
0
0
0
0
0
0
0
0
0
0
0
0
-9.69833e-15
0
0
0
0
0
0
0
0
0
0
0
0
0
0
0
0
0
0
0
0
0
2.05156e-14
-1.96118e-11
0
0
0
0
0
0
0
0
0
0
0
0
0
0
0
0
0
0
0
0
0
0
0
0
0
0
0
0
0
0
0
0
0
0
0
0
0
0
2.52727e-17
6.32772e-17
0
-1.22432e-17
0
0
0
0
0
0
0
0
0
0
0
0
0
0
0
0
0
-2.89373e-17
0
0
0
0
0
0
0
0
0
0
0
0
0
0
0
0
0
0
0
0
0
0
0
0
0
0
0
0
0
0
-1.15817e-16
0
0
0
0
0
0
0
0
0
0
0
0
0
0
0
0
0
0
0
0
0
0
0
0
0
0
0
0
0
0
0
0
0
0
0
0
0
0
0
0
0
0
0
0
0
0
0
0
0
0
0
0
0
0
0
0
-3.19007e-17
0
0
0
-2.21334e-30
0
0
0
0
0
0
0
0
0
0
0
0
0
0
0
0
0
0
0
0
0
0
-3.2407e-17
0
0
0
0
0
0
0
0
0
0
0
0
0
0
0
0
0
0
-5.00586e-16
-9.81963e-16
0
0
0
0
0
0
0
0
0
0
0
0
0
0
0
0
0
0
0
0
0
0
0
0
0
0
0
0
0
2.23938e-30
0
0
0
0
0
0
0
0
-7.33969e-16
0
0
0
0
0
0
0
0
0
0
2.23938e-30
1.23315e-14
0
0
0
0
0
0
0
0
0
0
0
0
0
0
0
0
0
0
0
0
0
0
0
0
0
0
0
0
0
0
0
0
0
0
0
0
-1.45463e-15
0
0
0
0
0
0
0
0
0
0
0
0
0
0
-4.47528e-15
2.05525e-16
-3.12312e-15
5.85612e-15
0
0
0
0
0
0
0
0
0
0
0
0
0
0
0
0
0
0
0
0
0
0
0
1.062e-16
0
0
0
0
0
0
0
0
0
0
0
0
0
0
0
0
0
0
8.21136e-15
0
0
0
0
0
0
0
0
0
0
0
0
0
0
0
0
0
0
0
0
0
0
0
0
0
0
0
0
0
0
0
0
0
0
0
0
0
0
0
0
0
0
0
0
0
0
0
0
0
0
0
0
0
1.03075e-14
0
7.6296e-14
0
0
0
0
0
0
0
-1.33546e-14
2.67883e-14
0
1.13303e-14
-3.29812e-14
0
0
0
0
2.84758e-15
0
0
0
0
0
-1.07771e-16
-1.34436e-14
0
0
0
0
0
0
0
-2.96806e-16
3.00534e-16
6.6842e-15
0
0
0
0
0
0
0
0
0
0
0
0
0
0
0
0
0
0
9.21528e-15
2.71804e-17
0
0
0
0
0
0
0
0
0
0
0
0
0
0
0
0
-1.57933e-15
0
0
0
0
0
0
0
0
0
0
0
0
0
0
0
0
0
0
0
0
0
0
0
0
0
0
0
0
0
0
0
0
0
0
0
0
0
0
0
0
0
0
0
0
0
0
0
0
0
0
0
0
0
0
0
0
0
0
0
0
0
0
0
0
0
0
0
0
0
0
0
0
0
0
0
0
0
0
0
3.06688e-15
0
0
0
0
0
0
0
0
0
0
0
0
0
0
0
0
0
0
0
0
0
0
0
0
0
0
0
0
0
0
0
0
0
0
0
0
-1.72111e-16
0
0
0
0
0
0
0
0
0
0
0
0
0
0
0
0
0
0
0
0
0
0
2.44566e-16
0
0
0
0
0
0
0
0
0
0
0
0
0
0
0
0
0
0
0
0
0
0
0
0
0
0
0
0
-2.38872e-16
9.49692e-17
0
0
0
0
0
0
0
-2.14715e-16
5.94696e-16
-1.22886e-15
0
0
0
0
3.09421e-15
0
0
0
-1.0993e-16
-1.73298e-16
1.23292e-16
0
0
0
0
0
0
0
0
0
0
0
0
0
0
0
0
0
0
0
0
0
0
0
0
0
0
0
0
0
0
0
0
0
0
0
0
0
0
0
0
0
0
0
0
0
0
0
0
0
0
0
0
0
0
0
0
0
9.37658e-15
0
-3.3288e-14
0
0
0
0
0
5.00918e-16
0
0
0
0
0
0
0
0
0
-8.87224e-17
1.26899e-16
0
0
0
0
0
0
0
8.56763e-14
0
-1.61653e-14
0
0
0
0
0
3.28212e-14
0
0
-6.66165e-17
2.81126e-17
0
0
0
0
0
0
0
0
0
0
0
0
0
0
0
0
0
0
0
0
0
0
0
0
0
0
0
0
0
0
0
0
0
0
0
0
0
0
0
0
0
0
0
0
0
0
0
0
0
0
0
0
0
0
0
0
0
0
0
0
0
0
0
1.48865e-16
0
0
0
0
0
0
-1.40536e-16
1.81825e-16
0
0
0
0
0
0
0
0
0
0
0
0
0
0
0
0
0
0
0
0
0
0
0
0
0
0
0
0
0
0
0
0
0
0
0
0
0
0
0
0
0
0
0
0
0
0
0
0
0
0
0
0
0
0
0
0
0
0
0
0
0
0
0
0
0
0
0
0
0
0
0
0
0
0
0
0
0
0
0
0
0
0
0
0
0
0
0
0
0
0
0
0
0
0
0
0
0
0
0
0
0
0
0
0
0
0
0
0
0
0
0
0
0
0
0
0
0
0
0
0
0
0
0
0
0
0
0
0
0
0
0
0
0
0
0
0
0
0
0
0
-1.42142e-16
-8.34257e-16
0
-2.60393e-32
0
0
0
0
0
0
0
0
0
0
0
0
0
0
0
2.54001e-16
9.40184e-17
0
0
0
0
2.25338e-15
6.55069e-16
0
0
0
0
0
0
0
0
0
0
0
0
0
0
0
0
0
0
0
0
-1.21176e-16
2.85371e-16
0
0
0
0
0
0
0
0
0
0
0
0
0
0
0
0
0
0
0
0
0
0
0
0
0
0
0
0
0
0
0
0
0
0
0
0
0
0
0
0
0
0
0
0
0
0
0
0
0
0
0
0
0
0
0
0
0
0
0
0
0
0
0
0
0
0
0
0
0
0
0
0
7.7905e-14
0
0
0
0
0
0
0
0
0
0
0
0
0
0
5.14213e-14
-9.22422e-15
0
0
0
0
0
0
0
0
0
0
0
0
0
0
-1.19955e-14
2.34904e-14
0
0
-6.77372e-16
0
0
0
0
-3.47179e-14
0
0
0
0
0
0
0
0
-8.90263e-17
0
0
0
0
0
0
-1.63089e-15
1.66577e-14
0
0
0
0
0
0
0
0
0
0
0
0
0
0
3.80885e-16
0
0
0
0
0
0
0
0
0
0
0
0
0
0
0
0
-1.53137e-15
0
0
0
0
0
0
0
0
0
0
0
0
0
0
0
0
0
0
0
0
0
0
0
0
0
0
0
0
0
0
0
0
0
0
1.75601e-14
0
0
0
0
0
0
0
0
0
0
0
0
0
0
0
0
0
0
0
0
0
0
0
0
0
0
0
0
0
0
0
0
0
0
0
0
0
0
0
0
0
0
0
0
0
0
0
0
0
0
0
0
0
0
0
0
0
0
0
0
0
0
0
0
0
0
0
0
0
0
0
0
0
0
0
0
0
0
0
0
0
0
0
0
0
0
0
0
-5.33251e-16
0
0
0
0
2.63691e-16
2.43969e-17
0
0
0
0
0
0
0
0
0
0
0
0
0
0
0
0
0
0
0
0
0
0
0
0
0
0
0
0
0
0
0
0
0
0
0
0
0
0
0
0
0
0
0
0
0
0
0
0
0
0
0
0
0
0
0
0
0
0
0
0
0
0
0
0
0
0
0
0
1.24078e-15
0
0
0
0
0
0
0
0
0
0
0
0
0
3.34951e-14
0
0
0
0
0
0
0
0
0
0
0
0
0
0
0
0
0
0
0
0
0
0
0
0
0
0
0
0
0
0
0
0
0
0
0
0
0
0
0
0
0
0
0
0
0
0
8.47881e-17
8.79414e-14
0
0
0
0
0
0
0
0
0
0
0
0
0
0
0
0
0
0
0
0
0
0
0
0
0
0
-1.68486e-14
8.83887e-17
0
0
0
0
0
0
0
0
0
0
0
0
0
0
0
0
0
0
0
0
0
0
0
0
0
0
0
0
0
0
0
0
0
0
0
0
0
0
0
0
0
0
0
0
0
0
0
-5.8979e-17
0
0
0
0
0
0
0
0
0
0
0
0
0
0
0
0
0
0
0
0
0
0
0
0
0
0
0
0
0
0
0
0
0
0
0
0
0
0
0
0
0
0
0
0
0
0
0
0
0
0
0
0
0
0
0
0
0
0
0
0
0
0
0
0
0
0
0
0
0
0
0
0
0
0
0
0
0
0
0
0
0
0
0
0
0
0
0
0
0
0
0
0
0
0
0
0
0
0
0
0
0
0
0
0
0
0
0
0
0
0
0
0
0
0
0
0
0
0
0
0
-4.35933e-15
0
0
0
0
0
0
0
0
0
0
0
0
0
0
0
0
0
0
0
0
0
0
0
0
8.57205e-16
0
7.51723e-14
2.91047e-14
0
0
0
0
0
0
0
0
0
0
-6.10406e-17
8.68871e-14
0
0
0
0
0
0
0
-1.70348e-16
0
0
0
0
0
0
0
0
0
0
0
0
0
0
0
0
0
0
0
0
0
0
0
0
0
0
0
0
0
1.71558e-15
1.29934e-15
0
0
-4.53471e-16
0
-5.73893e-14
0
0
0
0
0
0
0
0
0
0
-2.04991e-14
0
0
0
0
0
0
0
0
0
0
0
0
0
0
0
0
0
0
0
0
0
0
0
0
0
0
0
0
0
0
0
0
0
0
-2.30315e-15
0
-2.51087e-16
0
9.84798e-17
0
5.31628e-14
-3.96804e-15
0
-1.71275e-16
6.1042e-16
0
0
0
3.05178e-15
0
0
0
0
0
0
0
0
0
0
0
0
0
0
0
0
0
0
0
0
0
0
0
0
0
0
0
0
0
0
0
0
0
0
0
0
0
0
0
0
0
0
0
0
0
0
0
2.55928e-14
0
0
0
0
0
0
0
0
0
0
0
0
0
0
0
0
0
0
0
0
0
0
0
0
0
0
0
0
0
0
0
0
0
0
0
0
0
0
0
0
0
0
0
0
0
0
0
0
0
0
0
0
0
0
0
0
0
0
0
0
0
0
0
0
0
0
0
0
0
0
0
0
0
0
0
0
0
0
0
0
0
0
0
0
0
0
0
0
0
0
0
0
0
0
0
0
0
0
0
0
0
0
0
0
0
0
0
0
0
0
0
0
0
0
0
0
0
0
2.57918e-14
0
0
0
0
0
0
0
4.51131e-17
-9.88019e-16
0
0
0
0
0
0
0
0
0
0
0
0
0
-6.43839e-14
0
0
0
0
0
0
0
0
0
0
0
0
0
0
0
0
0
0
0
0
0
0
0
0
0
0
0
0
-3.46262e-16
0
-2.50609e-16
0
0
0
0
0
0
0
0
0
0
0
0
0
0
1.68855e-15
-7.50566e-16
0
0
0
0
0
0
0
0
0
0
0
0
0
0
2.51499e-16
1.33594e-13
0
0
0
0
0
4.84488e-16
0
0
0
0
0
0
0
0
0
0
0
0
0
0
0
0
0
0
0
0
0
0
0
0
0
0
0
0
0
0
0
0
0
0
0
0
0
0
0
0
0
0
0
0
0
0
0
0
0
0
0
0
0
0
0
0
0
0
0
-1.27108e-16
2.34999e-14
0
0
0
0
0
0
0
0
0
0
0
0
0
0
0
0
0
0
0
0
0
0
0
-3.45238e-16
3.96316e-16
0
0
0
0
0
0
0
0
0
0
0
0
0
0
0
0
0
0
0
0
0
0
0
0
0
0
0
0
0
0
0
0
0
0
0
0
0
0
0
0
0
0
0
0
0
0
0
0
0
0
0
0
0
0
0
0
0
0
0
0
0
0
0
0
0
0
0
0
0
0
0
0
0
0
0
0
0
0
0
0
0
0
0
3.30064e-16
6.3446e-16
-1.79911e-15
0
0
0
0
0
0
0
0
0
0
0
0
0
0
0
0
0
-1.49299e-16
0
0
0
0
0
0
0
0
0
0
0
0
0
0
0
0
0
0
0
0
0
0
0
0
0
0
0
0
0
0
0
0
0
0
0
0
0
0
0
0
0
0
0
0
0
0
0
0
0
0
0
0
0
0
0
0
0
0
0
0
0
0
0
0
0
0
0
0
0
0
0
0
0
0
0
0
0
0
0
0
0
0
0
0
0
0
0
0
0
0
0
0
0
0
0
0
0
0
0
0
0
0
0
0
0
0
0
0
0
0
0
0
0
0
0
0
0
0
0
0
2.92227e-14
0
0
0
0
0
0
0
0
0
4.37609e-16
0
0
0
0
-1.98074e-16
-1.35954e-15
0
0
0
0
0
0
0
0
0
0
0
0
0
0
0
0
0
0
0
0
0
0
0
0
0
0
0
0
0
0
0
0
0
0
0
0
0
0
0
0
0
0
0
0
0
0
0
0
0
0
0
0
0
0
0
0
0
0
0
0
0
0
0
0
0
0
0
0
0
0
0
0
0
0
0
0
0
0
0
0
0
0
0
0
0
0
0
0
0
0
0
0
0
0
0
0
0
0
0
0
0
0
0
0
0
0
0
0
0
0
0
0
0
0
-2.81106e-16
0
0
0
0
0
0
0
0
0
0
0
0
0
0
0
0
0
0
0
0
0
0
0
0
0
0
0
0
0
0
0
0
0
0
0
0
0
0
0
0
0
0
0
0
0
0
0
0
0
0
0
0
0
0
0
0
0
0
0
0
0
0
0
0
0
0
0
0
0
0
0
0
0
0
0
0
0
0
0
0
0
-1.21374e-16
3.50366e-17
0
0
0
0
0
0
0
0
0
0
0
0
-9.36598e-15
0
0
0
0
0
0
0
0
0
0
0
0
0
0
0
0
0
0
0
0
0
0
0
0
0
0
0
0
0
0
0
0
0
0
0
0
0
0
0
0
0
0
0
0
0
0
0
5.85393e-16
-4.05871e-17
0
0
0
0
0
0
0
0
0
0
0
0
0
0
0
0
0
0
0
0
0
0
0
0
0
0
0
0
0
0
0
0
0
0
0
0
0
0
0
0
0
0
0
0
0
0
0
0
0
0
0
0
0
0
0
0
2.68277e-16
3.85663e-16
0
0
0
0
0
0
0
0
0
0
0
0
0
0
0
6.35932e-14
-2.8548e-16
0
0
0
0
0
0
0
0
0
0
0
0
0
0
0
0
0
0
0
0
0
0
0
0
0
0
0
0
-7.8196e-17
0
0
-1.34489e-15
0
0
0
0
0
0
8.63173e-17
-9.35928e-16
0
0
0
0
0
0
0
0
0
0
0
0
0
0
0
0
9.2773e-16
-8.88366e-17
3.54134e-29
0
0
0
0
0
0
0
0
0
0
0
0
0
0
0
0
0
0
0
0
0
2.87985e-14
0
0
0
0
0
0
0
0
0
6.84713e-16
6.2705e-14
0
-2.04939e-15
0
0
0
0
0
0
0
0
0
0
0
0
0
0
0
0
0
0
0
0
0
0
0
0
0
0
0
0
0
0
0
0
0
0
0
0
0
0
0
0
0
0
0
0
0
0
0
0
0
0
0
0
0
0
0
0
0
0
0
0
0
0
0
-8.9925e-14
0
0
0
0
0
0
0
0
0
0
0
0
0
0
0
0
0
0
0
0
0
0
0
0
0
0
0
0
0
0
-1.90938e-16
-5.03987e-17
0
0
0
0
0
0
0
0
0
0
0
0
0
0
0
0
0
0
1.31243e-15
0
-1.07505e-15
0
0
0
0
0
0
0
0
0
0
0
0
0
0
0
0
0
0
0
0
0
0
0
0
0
0
0
0
0
0
0
0
0
0
0
0
0
0
8.31172e-14
0
0
0
0
0
0
0
0
0
0
0
0
0
0
0
0
0
0
0
0
0
0
0
0
0
0
0
0
0
0
0
0
0
0
0
0
0
0
0
0
0
0
0
0
0
0
0
0
0
0
0
0
0
0
0
0
0
0
0
0
0
0
0
0
0
0
0
0
0
0
0
0
0
0
0
0
0
0
0
0
0
0
0
0
0
0
-2.45702e-15
2.86995e-15
0
0
0
0
0
0
0
0
0
0
0
0
0
0
0
0
0
0
0
0
0
0
0
0
0
0
4.04357e-14
0
0
0
0
0
0
0
0
0
0
0
0
0
0
0
0
0
0
0
0
0
0
0
0
0
0
0
0
0
0
0
0
0
0
0
0
0
0
0
0
0
0
0
0
0
0
0
0
0
0
0
0
0
0
0
0
0
0
0
0
0
0
0
0
0
0
0
0
0
0
0
0
0
0
0
0
0
0
0
0
0
0
0
0
0
0
0
0
0
0
0
0
0
0
0
0
0
0
0
0
0
0
0
0
0
0
0
0
6.16394e-15
0
0
0
0
0
0
0
0
0
0
0
0
0
0
0
0
0
0
0
0
0
0
0
0
0
0
0
0
0
0
0
0
0
0
0
0
0
0
0
0
0
0
0
0
0
0
0
0
0
0
0
0
0
0
0
0
0
0
0
0
0
0
0
0
0
0
0
0
0
0
0
0
0
0
0
0
0
0
0
0
0
0
0
0
0
0
0
0
0
0
0
0
0
0
0
0
0
0
0
0
0
0
0
0
0
0
0
0
0
0
0
0
0
0
0
0
0
0
0
0
0
0
0
0
0
0
0
0
0
0
0
0
0
0
0
0
0
0
0
0
0
0
0
2.90055e-17
0
0
0
0
0
0
0
0
0
-1.65136e-15
0
0
0
0
0
0
0
0
0
0
0
0
0
0
0
0
0
0
0
0
0
0
0
0
0
0
0
0
0
0
0
0
0
0
0
0
0
0
0
0
0
0
0
0
0
0
0
0
0
0
0
0
0
0
0
0
0
0
0
0
0
0
0
0
0
0
0
0
0
0
0
0
0
0
0
0
0
0
0
0
0
0
0
0
0
0
0
0
0
0
0
0
0
0
0
0
0
0
0
0
0
0
0
0
-1.35008e-16
0
0
0
0
0
0
0
0
0
0
0
0
0
0
0
0
0
0
0
0
0
0
0
0
0
0
0
0
0
0
0
0
0
0
0
0
0
0
0
0
0
0
0
0
0
0
0
0
0
0
0
0
0
0
0
0
0
0
0
0
0
0
0
0
0
0
0
0
0
0
0
0
0
0
0
0
0
0
0
0
0
0
0
0
0
0
0
0
0
0
0
0
0
0
0
0
0
0
0
0
0
0
0
0
0
0
0
0
0
0
0
0
0
0
0
0
0
0
0
0
0
0
0
0
0
0
0
0
0
0
0
0
0
0
0
0
0
0
0
0
0
0
0
0
0
0
0
7.84157e-17
-5.62921e-17
0
0
0
0
0
0
0
0
0
0
0
0
0
0
0
0
0
0
0
0
0
0
0
0
0
0
0
0
0
0
0
0
0
0
0
0
0
0
0
0
0
0
0
0
0
0
0
0
0
0
0
0
0
0
0
0
0
0
0
0
0
0
0
0
0
0
0
0
0
0
0
0
0
0
0
0
0
0
-1.03407e-14
0
0
0
0
0
0
0
0
0
0
0
0
0
0
0
0
0
0
0
0
0
0
0
0
0
0
0
0
0
0
0
0
0
0
0
0
0
0
0
0
0
0
0
0
0
0
0
0
0
0
0
0
0
0
0
0
0
0
0
0
0
0
0
0
0
0
0
0
0
0
0
0
0
0
0
0
0
0
0
0
0
0
0
0
0
0
0
0
0
0
0
0
0
0
0
0
0
0
0
0
0
0
0
0
0
0
0
0
0
0
0
0
0
0
0
0
0
0
0
0
0
0
0
9.16455e-16
6.53693e-16
0
0
0
0
0
0
0
0
0
0
0
0
0
0
0
0
-3.23961e-16
-1.9609e-15
0
0
0
0
0
0
0
0
0
0
0
0
0
0
0
0
0
0
0
0
0
0
0
0
0
0
0
0
0
0
0
0
0
0
0
0
0
0
0
0
0
0
0
0
0
0
0
0
0
0
0
-2.46398e-14
0
0
0
0
0
0
0
0
0
0
0
0
0
0
0
0
0
0
0
0
0
0
0
0
0
0
0
0
0
0
0
0
0
0
0
0
0
0
0
0
0
0
0
0
0
0
0
0
0
0
0
0
0
0
0
0
0
0
0
0
0
0
0
0
0
0
0
0
0
0
0
0
0
0
0
0
0
0
0
0
0
0
0
0
0
0
0
0
0
0
0
0
0
0
0
0
0
0
0
0
0
0
0
0
0
0
0
0
0
0
0
0
0
0
0
0
0
0
0
0
1.50802e-16
-1.01229e-15
0
0
0
0
0
0
0
0
0
0
0
0
0
0
0
0
0
0
0
0
0
0
0
0
0
0
0
0
0
0
0
0
-5.12369e-14
-5.28358e-15
0
0
0
0
0
0
0
0
0
0
0
0
0
0
0
0
0
0
0
0
0
0
0
0
0
0
0
0
0
0
0
0
0
0
0
0
0
0
0
0
0
0
0
0
0
0
0
0
0
0
0
0
0
0
0
0
0
0
0
0
0
0
0
0
0
0
0
0
0
0
0
0
0
0
0
0
0
0
0
0
0
0
0
0
0
0
0
0
0
0
0
0
0
0
0
0
0
0
0
0
0
0
0
0
0
0
0
0
0
0
0
0
0
0
0
0
0
0
0
0
0
0
0
0
0
0
-3.35706e-16
-1.47449e-17
0
0
0
0
0
0
0
0
0
0
0
0
0
0
0
0
0
0
-8.83472e-17
0
0
0
0
0
0
0
0
0
0
0
0
0
0
0
0
0
0
0
0
0
0
0
0
0
0
0
0
0
0
0
0
0
0
0
0
0
0
0
0
0
0
0
8.5627e-17
0
-5.82527e-17
0
0
0
0
0
0
0
0
0
0
0
0
0
0
0
0
0
0
0
0
0
0
0
0
0
0
0
0
0
0
0
0
0
0
0
0
0
0
0
0
0
0
0
0
0
0
0
0
0
0
0
0
0
0
0
0
0
0
0
0
0
0
0
0
0
0
0
0
0
0
0
0
0
0
0
0
0
0
0
0
0
0
0
0
0
0
0
0
0
0
0
0
0
0
0
0
0
0
0
0
0
0
0
0
0
0
0
0
0
0
0
0
0
0
0
0
0
-4.26695e-16
0
1.04804e-15
0
0
0
0
0
0
0
0
0
0
0
0
0
0
0
0
0
0
0
0
0
0
0
0
0
0
0
0
0
0
0
0
0
0
0
0
0
0
0
0
0
0
0
0
0
0
0
0
0
0
0
-9.2215e-14
0
0
0
0
0
0
0
0
0
0
0
0
0
0
0
0
0
0
0
0
0
0
0
0
0
0
0
0
0
0
0
0
0
0
0
0
0
0
0
0
0
0
0
0
0
0
0
0
0
0
0
0
0
0
0
0
0
0
0
0
0
0
0
0
0
0
0
0
0
0
0
0
0
0
0
0
0
0
0
0
0
0
0
0
0
0
0
-1.09647e-15
0
0
0
0
0
0
0
0
0
0
0
0
0
0
0
0
0
0
0
0
0
0
0
0
0
0
0
0
0
-1.80691e-16
0
0
0
0
0
0
0
0
0
0
0
0
0
0
0
0
0
0
0
0
0
0
0
0
0
0
0
0
0
0
0
0
0
0
0
0
0
0
0
0
0
0
0
0
0
0
0
0
0
0
0
0
0
0
0
0
0
0
0
0
0
0
0
0
0
0
0
0
0
0
0
0
0
0
0
0
0
0
0
0
0
0
0
0
0
0
0
0
0
0
0
0
0
0
0
0
0
0
0
0
0
0
0
0
0
0
0
0
0
0
0
0
0
0
0
0
0
0
0
0
0
0
0
0
0
0
0
0
0
0
0
0
0
0
0
0
0
0
0
0
0
0
0
0
0
0
0
0
0
0
0
0
0
0
0
0
0
0
0
0
0
0
0
0
0
0
0
0
0
0
0
0
0
0
0
0
0
0
0
0
0
0
0
0
0
0
0
0
0
0
-5.80701e-14
0
0
0
0
0
0
0
0
0
0
0
0
0
0
0
0
-6.80271e-17
0
0
0
0
0
0
0
0
0
0
0
0
0
0
0
0
0
0
0
0
0
0
0
0
0
0
0
0
0
0
-2.71277e-13
-5.71903e-15
0
0
-2.04769e-15
0
0
0
0
0
0
0
0
0
0
0
0
0
0
0
0
0
0
0
0
0
0
0
0
0
0
0
0
0
0
0
0
0
0
0
0
0
0
0
0
0
0
0
0
-1.27182e-15
0
0
0
0
0
0
0
0
0
0
0
0
0
0
0
0
0
0
0
0
0
0
0
0
0
0
0
0
0
0
0
0
0
0
0
0
0
0
0
0
0
0
0
0
0
0
0
0
0
0
0
0
0
0
0
0
0
0
0
0
0
0
0
0
0
0
0
0
0
0
0
0
0
0
0
0
0
0
0
0
0
0
0
0
0
0
0
0
0
0
0
0
0
0
0
0
0
0
0
0
0
0
0
0
0
0
-3.13791e-16
0
0
0
0
0
0
0
0
0
0
0
0
0
0
0
0
0
0
0
0
0
0
0
0
0
0
0
0
0
0
0
0
0
0
0
0
0
0
0
0
0
0
0
0
0
0
0
0
0
0
0
0
0
0
0
0
6.54495e-14
0
0
0
0
0
0
0
0
0
0
0
0
0
0
0
0
0
0
0
0
0
0
0
0
0
0
0
0
0
0
0
0
0
0
0
0
0
0
0
0
0
0
0
0
0
0
0
0
0
0
0
0
0
0
0
0
0
0
0
0
0
0
0
0
0
0
0
0
0
0
0
0
0
0
0
0
0
0
0
0
0
0
0
0
0
0
0
0
0
0
0
0
0
0
0
0
0
0
0
0
0
0
0
0
0
0
0
0
0
0
0
0
0
0
0
0
0
0
0
0
0
0
0
0
0
0
0
0
0
0
0
0
0
0
0
0
0
0
0
0
0
0
0
0
0
0
0
0
0
0
0
0
0
0
0
0
0
0
0
0
0
0
0
0
0
2.30932e-17
0
0
0
0
0
0
0
0
0
0
0
0
0
0
0
0
0
0
0
0
0
0
0
0
0
0
0
0
0
0
0
0
0
0
0
0
0
0
0
0
0
0
0
0
0
0
0
0
0
0
0
0
0
0
0
0
0
0
0
0
0
0
0
0
0
0
0
0
0
0
0
0
0
0
0
0
0
0
0
0
0
0
0
0
0
0
0
0
0
0
0
0
0
0
0
0
0
0
0
0
0
0
0
0
0
0
0
0
0
7.08268e-29
-3.73895e-14
0
0
0
0
0
0
0
0
0
0
0
0
0
0
0
0
0
0
0
0
0
0
0
0
0
0
0
0
0
0
0
0
0
0
0
0
0
0
0
0
0
0
0
0
0
0
0
0
0
0
0
0
0
0
0
0
0
0
0
0
0
0
0
0
0
0
0
0
0
0
0
0
0
0
0
0
0
0
-4.86391e-14
0
0
0
0
0
0
0
0
0
0
0
1.81874e-13
0
-6.59959e-14
0
0
0
0
0
0
0
0
0
0
0
0
0
0
0
0
0
0
0
0
0
0
0
0
0
0
0
0
0
0
0
0
0
0
0
0
0
0
0
0
0
0
0
0
0
0
0
0
0
0
0
0
0
0
0
0
0
0
0
0
0
0
0
0
0
0
0
0
0
0
0
0
0
0
0
0
0
0
0
0
0
0
0
0
0
0
0
0
0
0
0
0
0
0
0
0
0
0
0
1.16193e-15
0
0
0
0
0
0
0
0
0
0
0
0
0
0
0
0
0
0
0
0
0
0
0
0
0
0
0
0
0
0
0
0
0
0
0
0
0
0
0
0
0
0
0
0
0
0
0
0
0
0
0
0
0
0
0
0
0
0
0
0
0
0
0
0
0
0
0
0
0
0
0
0
0
0
0
0
0
0
0
0
0
0
0
0
0
0
0
0
0
0
0
0
0
0
0
0
0
0
0
0
0
0
0
0
0
0
0
0
0
0
0
0
0
0
0
0
0
0
0
0
0
0
0
0
0
0
0
0
0
0
0
0
0
0
0
0
0
0
0
0
0
0
0
0
0
0
0
0
0
0
0
0
0
0
0
0
0
0
0
0
0
0
0
0
0
0
0
0
0
0
0
0
0
0
0
0
0
0
0
0
0
0
0
0
0
0
-2.43545e-15
2.87092e-14
0
0
0
0
0
0
0
0
0
0
0
0
0
0
0
0
0
0
0
0
0
0
0
0
0
0
0
0
-1.26901e-13
0
0
0
0
0
0
0
0
0
0
0
0
0
0
0
0
0
0
0
0
0
0
0
0
0
0
0
0
0
0
0
0
0
0
0
0
0
0
0
0
0
0
0
0
0
0
6.55951e-14
0
0
0
0
2.27068e-17
0
0
0
0
0
0
0
0
0
0
0
0
0
0
0
0
0
0
0
0
0
0
0
0
0
0
0
0
0
0
0
0
0
0
0
0
0
0
0
0
0
0
0
0
0
0
0
0
0
0
0
0
0
0
0
0
0
0
0
0
0
0
0
0
0
0
0
0
0
0
0
0
0
0
0
0
0
0
0
0
0
0
0
0
0
0
0
0
0
0
0
0
0
0
0
0
0
2.21287e-17
0
0
0
0
0
0
0
0
0
0
0
0
0
0
0
0
0
0
0
0
0
0
0
0
0
0
0
0
0
0
0
0
0
0
0
0
0
0
0
0
0
0
0
0
0
0
0
0
0
0
0
0
0
-8.8938e-14
0
0
0
0
0
0
0
0
0
0
0
0
0
0
0
0
0
0
0
0
0
0
0
0
0
0
0
0
0
0
0
0
0
0
0
0
0
2.31754e-17
0
0
0
0
0
0
0
0
0
0
0
0
0
0
0
0
0
0
0
0
0
0
0
0
0
0
0
0
0
0
0
0
0
0
0
0
0
0
0
0
0
0
0
0
0
0
0
0
0
0
0
0
0
0
0
0
0
0
0
0
0
0
0
0
0
0
0
0
0
0
0
0
0
0
0
0
0
0
0
0
0
0
0
0
0
0
0
0
0
0
0
0
0
0
0
0
0
0
0
0
0
0
0
0
0
0
0
0
0
0
0
0
0
0
0
0
0
0
0
0
0
0
0
0
0
0
0
0
0
0
0
0
0
0
0
0
0
0
0
0
0
0
0
0
0
0
0
0
0
0
0
0
0
0
0
0
0
0
0
0
0
0
0
0
0
0
0
0
0
0
0
0
0
0
0
0
0
0
0
0
0
0
0
0
0
0
0
0
0
0
0
0
0
0
0
0
0
0
0
0
0
0
0
0
0
0
0
0
0
0
0
0
0
0
0
0
0
0
0
0
0
0
0
0
-2.50929e-14
0
0
0
0
0
0
0
0
0
0
0
0
0
0
0
-2.57238e-17
8.40886e-17
0
0
0
0
0
0
0
0
0
0
0
0
0
0
0
0
0
0
0
0
0
0
8.36256e-17
0
0
0
0
0
0
0
0
0
0
0
0
0
0
0
0
0
0
0
0
8.78225e-17
0
0
0
0
0
0
0
0
0
0
0
0
0
0
0
0
-8.5042e-14
2.23141e-14
0
0
0
0
0
0
0
0
0
0
0
0
0
0
0
0
0
0
0
0
0
0
0
0
0
0
0
0
0
0
0
0
0
0
0
0
0
0
0
0
0
0
0
0
0
0
0
0
0
0
0
0
0
0
0
0
0
0
0
0
0
0
0
0
0
0
0
0
0
0
0
0
0
0
0
0
0
0
0
0
0
0
0
0
0
0
0
0
0
0
0
0
0
0
0
0
0
0
0
0
0
0
0
0
0
0
0
0
0
0
0
0
0
0
3.31327e-15
0
0
0
0
0
0
0
0
0
0
0
0
0
0
0
0
0
0
0
0
0
0
0
0
0
0
0
0
0
0
0
0
0
0
0
0
0
0
0
0
0
0
0
0
0
0
0
0
0
0
0
0
0
0
0
0
0
0
0
0
0
0
0
0
0
0
0
0
0
0
0
0
0
0
0
0
0
0
0
0
0
0
0
0
0
0
0
0
0
0
0
0
0
0
0
0
0
0
0
0
0
0
0
0
0
0
0
0
0
0
0
0
0
0
0
0
0
0
0
0
0
0
0
3.27477e-17
-5.7684e-16
0
0
0
0
0
0
0
0
0
0
0
0
0
0
0
0
0
0
0
0
0
0
0
0
0
0
0
0
0
0
0
0
0
0
0
0
0
0
0
0
0
0
0
0
0
0
0
0
0
0
0
0
0
0
0
0
0
0
0
0
0
0
0
0
0
0
0
0
0
0
0
0
0
0
0
-4.23519e-14
0
0
0
0
0
0
0
0
0
0
0
0
0
0
0
0
0
0
0
0
0
0
0
0
0
0
0
0
0
0
0
0
2.65217e-13
0
0
0
0
0
0
0
0
0
0
0
0
0
0
0
0
0
0
0
0
0
0
0
0
0
0
0
0
0
0
0
0
0
0
0
0
0
0
0
0
0
0
0
0
0
0
0
0
0
0
0
0
0
0
0
0
0
0
0
0
0
0
0
0
0
0
0
0
0
0
0
0
0
0
0
0
0
0
0
0
0
0
0
0
0
0
0
0
0
0
0
0
0
0
0
0
0
0
0
0
0
0
-1.34216e-15
-6.5816e-14
6.27702e-14
0
0
0
0
0
1.07811e-14
0
7.9121e-14
0
0
0
-5.17173e-14
-3.56217e-29
0
0
0
0
0
0
0
0
0
0
0
0
0
0
0
0
0
0
0
0
0
0
0
0
0
0
0
0
0
0
0
0
0
0
0
0
-2.49308e-14
0
2.72489e-14
0
0
0
0
0
0
0
0
0
0
0
0
0
0
0
0
0
0
0
0
0
0
0
0
0
0
0
0
0
-1.32255e-14
0
0
0
0
0
0
0
0
0
0
0
0
0
0
0
0
0
0
0
0
0
0
0
0
0
0
0
0
0
0
0
0
0
0
0
0
0
0
0
0
0
0
0
0
0
0
0
0
0
0
0
0
0
0
0
0
0
0
0
0
0
0
0
0
0
0
0
0
3.32111e-14
0
0
-3.05519e-16
-1.89015e-16
0
0
0
3.49878e-16
-3.5431e-16
0
0
0
0
0
0
0
0
0
0
0
0
0
0
0
0
0
0
0
0
0
0
0
0
0
0
0
0
0
0
0
0
0
0
0
0
0
0
0
0
0
0
8.18227e-17
9.98806e-15
8.59016e-17
0
0
0
0
0
0
0
0
0
0
0
0
0
0
0
0
0
0
0
0
0
0
0
0
0
0
0
0
0
0
0
0
0
0
0
0
0
0
0
0
0
0
0
0
-5.65865e-17
0
0
0
0
0
0
0
0
0
0
0
0
0
0
0
0
0
0
0
0
0
0
0
0
0
0
0
0
0
0
0
0
0
0
0
0
0
0
0
0
0
0
0
0
0
0
0
0
0
0
0
0
0
0
0
0
0
0
0
0
0
0
0
0
0
0
0
0
0
0
0
0
0
0
5.93727e-16
0
0
0
0
0
0
0
0
0
0
0
0
0
0
0
0
0
0
0
0
0
0
0
0
0
0
-1.51684e-15
0
0
0
0
0
0
0
0
0
0
0
0
0
0
0
0
0
0
0
0
0
0
0
0
0
0
0
0
0
0
-5.38245e-15
0
0
0
0
0
0
0
0
0
0
0
0
0
0
0
0
0
0
0
0
0
0
0
0
0
0
0
0
0
0
0
0
0
0
0
0
0
0
0
0
0
0
0
0
0
0
0
0
0
0
0
0
0
0
0
0
0
0
0
0
0
0
0
0
0
0
0
0
0
0
0
-3.61949e-15
0
0
0
0
0
0
0
0
0
0
0
0
0
0
0
0
0
0
0
0
0
0
0
0
0
0
0
0
0
0
0
0
0
0
0
0
0
0
0
0
0
0
0
0
0
3.05905e-14
0
-3.00694e-14
0
0
0
0
0
-2.41552e-15
1.29903e-14
0
0
0
0
0
0
0
0
0
0
0
0
0
0
0
0
0
0
0
0
0
0
0
0
0
0
0
0
0
0
0
0
0
0
0
0
0
-1.91105e-14
0
0
0
0
0
0
0
0
0
0
0
0
0
0
0
0
0
0
0
0
0
0
0
0
0
0
0
0
0
0
0
0
0
0
0
0
0
0
0
0
0
0
0
0
0
0
0
0
0
0
0
0
0
0
0
0
0
0
0
0
0
0
0
0
0
0
0
0
0
0
0
0
0
0
0
0
0
0
0
0
0
0
0
0
0
0
0
0
0
0
0
0
0
0
0
0
0
0
0
0
0
0
0
0
0
0
0
0
0
0
0
0
0
0
0
0
0
0
0
0
0
0
0
0
0
0
0
0
0
0
0
0
0
0
0
0
0
0
0
0
0
0
0
0
0
4.98234e-15
1.7915e-29
0
0
0
0
0
0
0
0
0
0
0
0
0
0
0
0
0
0
0
0
0
0
0
0
0
0
0
0
0
0
0
0
0
0
0
0
0
0
0
0
0
0
0
0
0
0
0
0
0
0
0
0
0
0
0
0
0
0
0
0
0
0
0
0
0
0
0
0
0
0
0
0
0
2.92068e-16
0
0
0
0
0
0
0
0
0
0
0
0
0
0
0
0
0
0
0
0
0
0
0
0
0
0
0
0
0
0
0
0
0
0
0
0
0
0
0
0
0
0
0
0
0
0
0
0
0
0
0
0
0
0
0
0
0
0
0
0
0
0
0
0
0
0
0
0
0
0
0
0
0
0
0
0
0
0
0
0
0
0
0
0
0
0
0
0
-3.16082e-16
4.25426e-14
0
0
0
0
0
0
0
0
0
0
0
0
0
0
0
0
0
0
0
0
0
0
0
0
0
0
0
0
0
0
0
0
0
0
0
0
0
-4.97623e-16
0
0
0
0
0
0
0
0
0
0
0
0
0
1.33645e-14
-5.32589e-29
0
0
0
0
0
-2.88413e-14
0
0
0
0
0
0
0
0
0
0
0
0
0
0
0
0
0
0
0
0
-3.45838e-16
0
0
0
0
0
0
0
0
0
0
0
0
0
0
-2.00119e-11
3.05079e-12
0
0
0
0
0
0
0
0
0
0
0
0
0
0
0
0
0
0
0
0
0
0
0
0
0
0
0
-5.19908e-16
1.52534e-15
2.67293e-16
-1.12508e-12
0
0
0
0
0
0
0
0
0
0
0
0
0
0
0
0
0
0
0
0
0
0
-4.07579e-12
0
0
0
0
-2.71626e-15
0
0
0
0
0
0
0
0
0
0
0
0
0
0
0
0
0
0
0
0
0
0
0
0
0
0
1.77875e-14
0
0
0
0
0
0
0
0
0
0
0
0
0
0
0
0
0
0
0
0
0
0
0
0
0
0
0
0
0
0
0
0
0
0
0
0
0
0
0
0
0
0
0
0
7.26912e-17
0
0
0
0
0
0
0
0
0
0
0
0
0
0
0
0
0
0
0
0
0
0
0
0
0
0
0
0
0
0
0
0
0
0
0
0
0
0
0
0
0
0
0
0
0
0
0
0
0
0
0
0
0
0
0
0
0
0
0
0
0
0
0
0
0
0
0
1.36877e-14
3.63125e-14
0
0
0
0
0
0
0
0
0
0
0
0
0
0
0
0
0
0
0
0
0
0
0
0
0
0
0
0
0
0
0
0
0
0
0
0
0
0
0
0
0
0
0
0
0
0
0
0
0
0
0
0
0
0
0
0
0
0
0
0
0
0
0
0
4.54676e-17
1.53392e-15
0
0
0
0
0
0
0
0
0
0
0
0
0
0
0
0
0
0
0
0
0
0
0
0
0
0
0
0
0
0
0
0
0
0
0
0
0
0
0
0
0
0
0
0
0
0
0
0
0
0
0
0
0
0
0
0
0
0
0
0
0
0
0
-3.67236e-14
0
0
0
0
0
0
0
-2.52177e-15
0
-2.41342e-15
0
0
0
0
0
0
0
0
0
0
0
0
0
0
0
0
0
0
0
0
0
0
0
0
0
0
0
0
0
0
0
0
0
0
0
0
0
0
0
0
0
0
0
0
0
0
0
0
0
0
0
0
0
0
0
0
0
0
0
0
0
0
0
0
0
0
0
0
0
0
0
0
0
0
0
0
0
0
0
0
0
2.86726e-17
-2.44277e-16
0
5.5432e-16
0
0
0
0
0
0
0
0
0
0
0
0
0
0
0
0
0
0
0
0
0
0
0
0
0
0
0
0
0
0
0
0
-2.08607e-14
-4.82146e-14
0
0
0
0
0
0
0
0
0
0
0
0
0
0
0
0
0
0
0
0
0
0
0
0
0
0
0
0
0
0
0
0
0
0
0
0
0
0
0
0
0
0
0
0
0
0
0
1.53938e-15
0
0
0
0
0
0
0
0
0
0
0
0
0
0
0
0
-2.87864e-15
0
4.17186e-14
0
0
0
0
0
0
0
0
0
0
0
0
0
0
0
0
0
0
0
0
0
0
0
0
0
0
0
0
0
0
0
0
0
0
0
0
0
0
0
0
0
0
0
0
0
0
0
0
0
0
0
0
0
0
0
0
0
0
0
0
0
0
0
0
0
0
0
0
0
0
0
0
0
0
1.31457e-15
-2.25927e-15
0
0
0
0
0
0
0
0
0
0
0
0
0
0
0
0
0
0
0
0
0
0
0
0
0
0
0
0
0
0
0
0
0
0
0
0
0
0
3.41515e-14
1.71147e-14
0
0
0
0
0
0
0
0
0
0
0
2.85181e-14
0
0
0
0
0
0
0
0
0
0
0
-4.6561e-16
0
6.67631e-16
0
0
0
0
0
0
0
0
0
0
0
0
0
0
0
0
0
0
0
-1.62708e-15
0
0
0
0
0
0
0
0
0
0
0
-8.77772e-17
0
0
0
0
0
0
0
0
0
0
0
0
0
0
0
0
0
0
0
0
-1.57406e-16
0
0
0
0
0
0
0
0
0
0
0
0
0
0
0
0
0
0
0
0
0
0
7.72291e-17
0
0
0
0
0
0
0
0
0
0
0
0
7.90368e-17
0
0
0
0
0
0
7.56151e-17
0
0
0
0
0
0
0
0
0
4.11649e-17
3.5219e-16
0
0
0
0
0
0
0
0
0
-3.30458e-17
0
0
0
0
0
0
0
0
0
0
0
0
4.76383e-15
0
0
0
0
0
0
0
0
0
5.73468e-15
0
0
0
0
0
0
0
0
0
0
0
0
-1.89238e-15
-1.4445e-16
0
0
0
0
0
0
0
0
0
0
0
0
0
1.05919e-14
7.03196e-16
0
0
0
0
0
0
0
0
0
0
0
0
0
0
0
0
0
0
0
0
0
0
0
1.1574e-14
0
0
0
0
0
0
0
0
0
0
0
0
0
0
0
0
0
0
0
0
0
0
0
0
0
0
0
0
0
0
0
0
0
0
0
0
0
0
0
0
0
0
0
0
0
0
0
0
0
0
0
0
0
0
0
0
0
0
0
0
1.10443e-15
0
0
0
0
0
0
0
0
0
0
0
0
0
0
0
0
0
0
0
0
0
0
0
0
0
0
0
0
0
0
0
0
0
0
0
0
0
0
0
0
0
0
0
0
0
0
0
0
0
0
1.16786e-14
0
0
0
0
0
0
0
0
0
0
0
0
0
0
0
0
0
0
0
0
0
0
0
0
0
0
0
0
0
0
0
0
0
0
0
0
0
0
0
0
0
0
0
0
0
0
0
0
0
0
0
0
0
0
0
0
0
0
0
0
0
0
0
0
0
0
0
0
0
0
0
0
0
0
0
0
0
0
0
0
0
0
0
0
0
0
0
0
0
0
0
0
0
0
0
0
7.123e-17
0
0
0
0
0
0
0
0
0
0
0
0
0
0
-7.49401e-17
1.53555e-15
0
0
0
0
0
0
0
0
0
0
0
0
0
0
0
0
0
0
0
0
0
1.12764e-16
-1.52811e-16
0
0
0
0
0
0
0
0
0
0
0
0
0
0
0
0
0
0
0
0
0
0
0
0
0
0
0
0
0
0
0
0
0
0
0
0
0
0
0
0
0
0
0
0
0
0
0
0
0
0
0
0
0
0
0
0
0
0
0
0
0
0
0
0
0
0
0
0
0
0
0
0
0
0
0
0
0
0
0
0
0
0
0
0
0
0
0
0
0
0
0
0
0
0
0
0
0
0
0
0
0
0
0
0
0
0
3.59086e-16
0
0
-4.78085e-16
0
0
-5.55328e-15
0
0
0
0
0
0
0
-4.2806e-14
0
4.55136e-16
0
0
0
0
0
0
0
0
0
0
0
0
0
0
0
0
0
0
0
0
0
0
0
0
0
0
0
0
0
0
0
0
0
0
0
0
0
0
0
0
0
0
0
0
0
0
0
0
0
0
0
0
0
0
0
0
0
0
0
0
0
0
0
0
0
0
0
0
0
-4.60496e-15
2.50578e-15
0
0
0
0
0
0
0
0
0
0
0
0
0
0
0
0
0
0
0
0
0
0
0
0
0
0
0
0
5.44825e-16
-1.93749e-16
0
0
0
0
0
0
0
0
0
0
0
0
0
0
0
0
0
0
0
0
0
0
-1.23056e-16
4.1402e-17
6.09529e-17
1.34856e-15
-1.28479e-16
0
0
0
0
0
0
0
0
0
0
0
0
0
-1.45196e-14
0
0
0
0
0
0
0
0
0
0
0
0
0
0
1.05004e-15
3.79373e-15
0
0
0
0
0
0
0
0
0
0
0
0
6.34442e-17
1.17495e-15
0
0
0
0
0
0
0
0
0
0
0
0
0
0
0
0
0
0
0
0
0
0
1.99221e-07
-2.20593e-07
2.19147e-07
-2.11813e-07
2.22069e-07
0
0
0
0
0
0
0
0
0
0
0
0
-7.68416e-17
3.639e-17
0
0
0
0
0
0
0
0
0
0
0
0
0
0
-1.94364e-07
1.84003e-07
0
0
0
0
0
0
0
0
0
0
0
0
0
0
-2.15318e-07
1.93328e-07
0
0
0
0
0
0
0
0
0
0
0
0
0
1.08822e-07
4.58663e-08
5.35653e-08
1.15598e-07
1.52488e-07
7.15897e-08
1.47182e-07
3.31249e-08
7.36911e-08
1.41771e-07
1.23621e-07
7.16695e-08
1.45921e-07
6.07346e-08
0
0
0
0
0
0
-2.02906e-17
7.11908e-17
0
0
0
0
0
0
0
2.32402e-14
0
-4.42667e-30
0
0
0
0
0
0
0
-3.02882e-17
0
0
0
0
0
0
0
-3.29372e-17
0
0
0
0
0
0
0
0
0
0
0
0
0
0
0
0
0
0
0
0
0
0
0
0
0
0
0
0
0
0
0
0
0
0
0
0
0
0
0
0
0
0
0
0
0
0
-1.95761e-15
0
0
0
0
0
0
0
0
0
0
0
0
0
0
0
0
0
0
0
0
0
0
0
0
0
0
0
0
0
0
0
0
0
0
0
0
0
0
0
0
0
0
0
0
0
0
0
0
0
0
0
0
0
0
0
0
0
0
0
0
0
0
0
-1.55846e-14
0
0
-3.55033e-16
0
0
0
0
0
0
0
0
0
0
1.71895e-14
0
0
0
0
0
0
0
-7.63755e-12
-2.59733e-15
0
0
0
0
0
0
0
0
0
0
0
0
0
0
0
0
0
0
0
0
0
0
0
0
0
0
0
0
0
0
0
0
0
0
0
0
0
0
0
0
3.57811e-16
0
0
0
0
0
0
0
0
0
2.81545e-16
-2.29643e-16
0
0
0
0
0
0
0
1.21579e-16
-6.89544e-15
0
0
0
0
0
0
0
0
0
0
0
0
0
0
0
0
0
0
0
0
0
0
0
4.51492e-16
0
0
0
0
0
0
0
0
0
0
0
1.10269e-07
4.73142e-08
1.06329e-14
0
0
0
0
0
0
0
0
0
0
0
0
0
0
0
0
0
0
0
0
0
0
0
0
0
0
0
0
-6.35434e-17
1.47192e-14
-2.05436e-16
0
0
0
0
0
0
0
3.52303e-08
1.42253e-07
1.16949e-07
5.51002e-08
0
0
0
0
0
0
0
0
0
0
0
0
0
-7.70019e-17
0
0
0
0
0
0
0
0
0
0
0
0
0
0
0
0
0
0
0
0
0
0
0
0
0
5.86482e-08
1.07795e-07
0
0
0
0
0
0
0
0
0
7.51909e-08
1.17291e-07
0
0
0
0
0
0
0
0
0
0
0
0
0
0
0
0
0
0
0
0
0
0
0
0
0
0
0
0
0
0
0
0
0
-4.74078e-16
0
0
0
1.43329e-07
7.50269e-08
0
0
0
-7.1926e-15
0
0
0
0
0
0
0
0
0
6.89514e-08
1.3494e-07
0
0
0
0
0
0
0
0
0
0
0
0
0
0
0
5.72277e-08
1.06218e-07
0
0
0
0
0
0
0
0
0
0
0
0
0
0
0
0
0
0
0
0
0
0
0
0
0
0
0
0
0
0
0
0
0
0
0
0
0
0
0
0
0
0
0
0
0
0
0
0
0
0
0
0
0
0
0
0
0
0
0
0
0
0
0
0
7.48967e-15
-2.21966e-14
0
0
0
0
0
0
0
0
0
0
0
0
0
0
0
0
0
1.28089e-07
3.21773e-08
0
0
2.04653e-07
-2.03422e-07
0
0
0
0
0
0
0
0
0
0
0
0
0
0
0
0
0
0
2.08998e-07
-2.16615e-07
0
0
0
0
0
0
0
0
0
0
0
0
0
0
0
0
0
0
0
0
0
0
0
0
0
0
0
0
0
0
1.1438e-14
0
0
0
0
0
0
0
0
0
0
0
0
0
0
0
0
0
0
0
0
0
5.06717e-08
1.24182e-07
0
0
0
0
0
0
0
0
0
0
0
0
0
0
0
0
0
1.15961e-13
0
0
0
-1.85254e-14
0
-5.26064e-15
0
0
0
0
0
0
0
0
0
4.13444e-14
0
0
0
0
0
0
0
0
0
0
0
1.26226e-15
3.0189e-16
0
0
0
0
0
0
0
0
0
0
0
0
0
0
0
0
0
0
0
0
0
0
0
0
0
0
0
0
0
0
0
0
0
0
0
0
-4.91674e-17
0
0
0
0
0
0
0
0
0
0
0
0
0
0
0
2.14716e-07
-2.02003e-07
-1.89804e-07
2.08365e-07
0
0
0
0
0
0
-1.5737e-15
0
0
0
0
0
0
0
0
0
0
0
0
0
0
0
0
6.46708e-16
0
0
-2.3411e-07
2.20869e-07
0
0
0
0
0
0
0
8.28705e-08
1.06842e-07
0
1.97671e-07
-2.16857e-07
0
0
1.18084e-15
5.8249e-15
0
0
0
0
0
0
0
0
0
0
0
2.37845e-16
-2.61935e-16
0
0
0
0
0
0
8.09602e-15
0
0
0
0
0
0
0
0
0
0
0
0
0
0
0
0
0
0
0
-9.25397e-17
-1.55373e-17
0
0
0
0
0
0
0
0
0
0
0
0
0
0
0
0
0
0
0
0
0
0
0
0
0
0
0
0
0
0
0
0
0
0
0
0
0
0
0
0
0
0
0
0
0
0
0
0
0
0
7.76097e-08
1.43676e-07
0
0
0
0
0
0
0
0
0
0
0
0
0
0
0
0
0
0
0
0
0
0
0
0
0
0
0
0
0
0
0
0
4.7137e-16
0
0
0
0
8.00005e-08
1.21157e-07
0
0
0
0
0
0
0
0
0
0
0
0
-4.00233e-16
0
0
0
0
0
0
0
0
0
0
0
0
0
0
0
0
0
0
0
0
0
0
0
0
0
0
0
0
0
-1.80177e-16
0
0
0
0
0
0
0
0
0
0
0
0
0
0
0
0
0
0
0
0
0
0
0
0
0
0
0
0
0
0
0
0
0
0
0
0
0
0
0
0
0
0
0
0
0
0
0
0
0
0
0
0
-4.18988e-17
-3.34025e-16
0
0
0
0
0
0
0
0
0
0
0
0
0
0
0
0
-2.98541e-15
-5.72543e-16
0
0
0
0
0
0
0
0
0
0
0
0
0
0
0
0
0
2.66548e-16
-2.4585e-16
0
0
0
0
0
0
0
0
0
0
0
0
4.93402e-14
0
0
0
0
2.88475e-14
0
0
0
0
0
0
0
0
0
0
0
0
-4.47525e-16
4.59308e-16
0
0
0
0
0
0
0
0
0
0
0
0
0
0
0
0
0
0
0
0
0
0
0
0
0
0
0
0
0
1.67037e-16
0
0
0
0
0
2.02992e-07
-1.98773e-07
0
0
0
0
0
0
0
0
0
0
0
0
1.26262e-16
0
0
0
0
0
0
0
0
0
0
-1.06537e-14
0
0
0
0
0
0
0
0
0
0
0
0
0
-2.69352e-15
-3.89019e-16
0
-9.14127e-16
0
0
0
0
0
0
-7.65166e-16
0
0
0
0
0
0
0
0
0
0
0
0
0
0
0
0
0
0
0
0
0
0
0
0
0
0
5.7091e-14
1.43276e-16
-8.54466e-17
0
0
0
0
1.35058e-16
0
0
0
0
0
0
0
0
0
0
0
0
0
0
0
2.7634e-16
-6.74226e-17
0
0
0
0
0
0
0
0
0
0
0
0
0
0
-2.13546e-07
1.88761e-07
0
1.0399e-16
8.33256e-31
2.88526e-15
0
0
0
0
0
0
0
0
0
0
-3.36344e-16
1.86826e-15
0
0
0
0
0
-2.91214e-14
0
0
0
0
0
0
-9.12544e-17
3.84652e-17
0
0
0
-2.00492e-15
0
0
0
0
0
0
0
0
0
0
0
0
0
0
0
0
0
0
0
0
0
0
0
0
0
0
2.97562e-15
-5.77018e-17
0
0
0
0
0
0
0
0
0
0
0
0
0
0
0
0
0
0
0
0
0
0
0
0
0
0
0
0
0
2.46604e-16
-1.9149e-15
0
0
0
0
0
8.44901e-17
0
0
0
0
0
0
0
0
0
0
0
0
0
0
0
0
0
0
0
2.10901e-07
-1.95272e-07
0
0
0
0
0
0
0
0
0
0
-6.50405e-17
0
0
0
0
0
0
0
0
0
0
0
0
0
0
0
-6.6198e-15
2.43804e-16
-3.72365e-16
0
0
0
0
0
0
0
0
0
0
-2.01567e-07
1.85477e-07
0
0
0
0
0
0
0
0
0
0
0
0
0
0
0
0
0
0
0
0
0
0
0
0
-7.44886e-17
0
0
0
0
0
0
0
0
0
0
0
0
0
0
0
8.3488e-17
3.16844e-15
-5.18276e-17
0
0
0
0
0
0
0
0
0
0
0
0
0
0
0
-1.88509e-16
0
0
0
0
0
0
0
0
0
0
0
0
0
0
0
0
0
0
0
0
0
0
-2.32389e-15
0
0
0
0
0
0
3.02219e-16
4.05311e-15
0
0
0
0
0
0
0
-7.55359e-17
0
0
0
0
0
0
0
0
0
0
0
-1.97373e-11
2.12187e-12
0
0
0
0
0
0
0
0
0
0
0
0
0
0
0
0
0
0
0
-3.61115e-16
0
0
-6.3087e-17
0
0
0
0
0
0
0
0
0
7.31634e-13
0
0
0
0
0
0
0
7.2284e-16
3.4707e-15
0
0
1.12977e-14
0
0
0
0
0
0
0
0
0
0
0
0
1.90094e-12
0
0
0
0
0
0
0
0
0
0
0
0
0
1.90769e-16
-2.91925e-15
0
0
0
0
0
0
1.48734e-15
0
0
0
0
0
0
0
0
0
0
0
0
0
0
0
0
3.0701e-12
0
2.95303e-12
0
0
0
0
0
0
0
0
0
0
0
0
-5.59941e-15
2.9751e-15
0
0
0
0
0
0
0
-7.02649e-12
-2.9973e-12
0
3.27864e-16
-1.84291e-16
0
0
0
0
0
0
0
0
0
0
0
0
0
0
0
0
4.3275e-13
0
0
0
0
0
0
0
0
3.1854e-14
-7.10351e-29
0
0
0
0
0
-5.70822e-16
0
0
0
0
0
0
0
0
0
0
0
0
0
0
0
0
0
0
1.37638e-15
1.31031e-16
0
0
0
2.16245e-11
0
0
-6.66179e-17
2.72068e-15
0
0
0
0
0
0
0
0
0
0
0
0
-6.82526e-15
0
0
0
0
0
0
0
0
2.09353e-11
0
0
0
0
-3.78208e-16
0
0
0
-8.47297e-17
4.61679e-15
0
0
0
0
0
0
0
0
0
0
0
0
-3.70091e-16
0
0
0
0
-4.0351e-17
0
0
0
0
0
0
0
0
0
0
0
0
0
0
0
0
0
0
0
0
0
0
0
0
0
-1.44654e-15
0
0
2.4021e-11
0
0
0
0
0
0
0
0
0
0
0
0
0
0
0
0
0
0
-7.52005e-15
0
0
-1.58453e-16
0
0
0
0
-4.77286e-16
0
0
0
0
0
0
0
0
0
0
0
5.81865e-16
0
0
0
8.01891e-15
0
0
-5.96995e-17
-2.24653e-15
0
0
0
0
0
0
0
0
0
0
0
0
0
0
0
0
0
0
0
0
0
0
0
0
0
0
0
0
0
0
0
0
0
8.22756e-13
0
4.57494e-16
0
0
0
0
0
0
0
0
0
0
0
0
0
0
0
0
0
0
0
0
0
0
0
0
0
0
0
0
0
0
0
0
0
0
0
0
0
0
-5.24182e-16
0
0
0
0
0
0
0
0
0
0
0
0
0
0
0
-9.6233e-13
9.78175e-13
0
0
0
0
0
0
0
0
0
-4.33995e-14
0
0
0
0
0
0
0
0
0
0
0
0
0
0
0
0
0
0
0
1.47904e-07
7.91328e-08
0
0
0
0
0
0
0
0
0
0
0
0
1.31947e-15
0
-2.20921e-07
1.93255e-07
0
0
0
0
0
0
0
0
0
0
0
0
0
0
0
0
0
0
0
0
0
0
0
0
0
0
0
0
0
0
0
0
0
0
0
0
0
0
8.5101e-16
0
0
0
0
0
0
0
0
0
0
0
0
0
0
0
0
-2.27725e-15
0
9.46889e-16
0
0
0
0
0
0
0
0
0
0
0
0
0
0
0
0
0
0
0
0
0
0
0
0
0
3.95346e-17
-5.98866e-17
0
0
0
0
0
0
0
0
0
2.3036e-11
0
0
0
-3.31118e-16
0
0
0
0
0
0
0
0
0
0
0
0
0
0
0
1.78801e-16
2.54927e-15
-1.58051e-16
0
2.44676e-12
0
0
0
0
0
0
0
0
0
0
0
0
0
0
0
0
0
0
0
0
0
0
0
0
0
0
0
0
0
0
6.9287e-15
0
0
0
0
0
0
0
0
0
0
0
0
0
0
0
0
0
0
0
0
0
0
0
0
0
0
0
0
0
1.67079e-15
0
0
0
0
0
-1.74706e-15
-1.80226e-15
1.26906e-16
0
0
0
0
0
0
0
0
0
0
0
0
0
2.52975e-17
0
0
0
0
0
0
0
0
0
0
0
0
0
0
-6.29415e-17
0
0
0
0
0
0
0
0
0
0
0
0
0
0
0
0
0
0
0
0
0
0
0
0
-4.15821e-15
0
0
1.64215e-15
-2.19126e-15
0
0
0
0
0
0
0
0
-2.10663e-15
3.7831e-15
-2.06817e-16
0
0
0
0
0
0
0
0
0
0
0
0
0
0
0
0
0
0
0
0
0
0
0
0
0
0
7.0172e-08
1.42354e-07
0
-6.10147e-15
1.094e-15
1.80713e-15
-1.66687e-15
8.00738e-17
2.18333e-17
-5.72148e-17
0
0
0
0
1.50272e-07
0
0
0
0
0
0
0
0
0
0
0
0
0
3.36752e-18
1.94804e-16
0
2.22636e-30
8.59323e-15
0
1.03159e-16
0
0
0
0
0
0
0
0
0
0
-1.90294e-15
-6.859e-15
0
0
0
0
0
0
0
0
0
0
0
0
0
0
0
0
3.3797e-16
0
0
0
0
0
0
0
0
0
0
0
0
0
0
0
-1.86381e-11
0
0
0
0
0
0
0
0
0
0
0
0
0
0
0
0
0
-2.6505e-16
0
0
0
0
0
0
0
0
0
0
0
0
0
0
1.84205e-12
0
0
0
0
0
0
0
0
0
1.25474e-14
0
0
0
0
0
0
0
0
0
0
0
0
0
0
0
-3.40149e-16
0
0
0
0
0
0
0
0
0
0
0
0
0
0
0
0
0
3.44287e-12
0
0
0
0
0
0
0
0
0
0
0
0
0
0
0
0
0
0
0
0
-1.88081e-15
0
0
0
0
0
0
0
0
0
0
0
0
0
0
0
0
0
0
0
0
0
0
0
0
0
0
0
1.95238e-11
0
0
0
0
0
0
0
0
0
0
0
0
3.12831e-13
-3.2189e-12
1.20698e-12
4.83292e-13
0
0
0
0
0
0
1.95546e-11
0
0
0
0
0
0
0
0
0
0
0
0
0
0
0
0
0
0
-1.52039e-07
-3.91471e-16
-3.16256e-15
-1.1723e-16
0
0
0
0
0
0
0
0
0
0
0
0
0
0
0
0
0
0
0
0
0
0
-1.74157e-16
0
0
0
0
0
0
0
0
0
0
0
0
0
0
0
0
0
0
0
0
0
0
0
2.56025e-15
-1.27328e-15
0
0
0
0
0
0
0
0
0
3.49304e-15
-6.67224e-17
0
0
0
0
0
0
0
0
0
0
0
0
0
0
5.86342e-16
0
0
0
0
0
0
0
0
0
0
0
0
0
0
0
0
-1.37504e-15
0
0
0
0
0
0
0
0
0
0
0
5.74488e-08
0
0
0
0
0
0
0
0
0
0
0
0
0
0
0
0
0
0
0
0
0
0
6.81747e-16
0
-3.61973e-16
0
0
0
0
0
4.50879e-13
0
0
0
0
0
0
2.15676e-16
0
0
0
0
0
0
0
0
0
0
0
0
-4.59202e-16
0
0
0
0
0
0
0
0
0
0
0
0
1.75655e-14
0
0
0
-7.04791e-16
0
0
0
0
0
0
0
0
0
0
0
0
0
0
0
0
0
-7.7662e-15
-5.15282e-17
0
0
0
0
0
0
0
0
0
0
0
0
0
0
0
0
0
0
0
0
0
0
0
0
0
0
0
0
0
0
0
0
0
0
0
0
0
0
0
0
0
0
6.50354e-17
7.61331e-17
0
0
0
0
0
0
-7.1798e-15
5.49135e-15
0
0
0
0
0
0
0
0
0
0
0
0
0
0
0
0
0
0
0
0
0
0
0
0
0
0
0
0
0
0
0
0
0
0
0
0
0
0
0
0
0
0
0
0
-8.71996e-12
1.74787e-12
0
0
0
0
0
0
0
0
-5.27922e-16
0
0
0
0
0
0
0
0
0
0
0
0
0
0
0
0
0
6.20488e-16
5.09076e-16
8.88834e-30
0
0
0
0
0
0
0
0
0
0
0
0
0
0
0
0
0
0
0
0
0
0
0
0
0
0
0
0
0
0
0
0
0
0
0
0
0
-3.68498e-12
5.96894e-13
0
0
0
0
0
0
0
0
1.10073e-17
-1.57081e-16
0
0
0
0
0
0
0
0
0
0
0
2.75018e-14
1.19723e-15
0
0
0
0
-5.32693e-16
0
0
0
0
0
0
0
0
0
0
1.94903e-11
0
0
0
0
0
0
0
0
0
0
0
0
0
0
0
0
0
0
0
-6.0532e-12
0
0
0
0
0
0
0
7.68061e-14
0
0
0
0
0
0
0
0
3.1777e-16
0
0
0
0
0
0
0
0
0
0
3.36325e-12
0
0
0
0
0
0
2.51245e-17
0
0
0
0
0
0
0
0
0
0
0
0
0
0
0
0
0
0
-7.60616e-15
0
0
-2.83435e-16
0
-5.33548e-12
0
0
0
0
0
0
0
0
0
0
0
0
0
0
0
0
0
3.34919e-17
0
0
0
0
0
0
0
0
0
0
0
0
0
0
0
0
0
0
0
0
0
0
0
0
0
-1.85231e-15
0
0
0
0
0
0
0
0
0
0
0
0
0
0
0
0
0
0
0
0
0
0
0
0
0
0
0
0
0
0
0
0
0
2.01081e-14
0
0
0
0
0
0
0
0
0
0
0
0
0
-1.8048e-15
0
0
0
0
0
0
0
0
0
0
0
0
0
0
0
0
0
0
0
0
0
0
0
0
0
0
0
0
0
0
0
0
0
0
0
0
-8.52606e-17
0
0
0
0
0
0
4.36925e-16
0
0
0
0
0
0
0
0
0
0
0
0
0
6.94589e-17
0
0
0
0
0
0
0
0
0
0
0
0
0
0
0
0
0
0
0
0
0
-3.81256e-15
-2.85141e-15
0
0
0
0
-3.11975e-16
0
0
0
0
0
0
0
0
0
0
0
0
0
0
0
0
0
0
0
0
0
0
0
0
0
9.15663e-12
0
0
0
0
0
0
0
0
0
-4.1768e-16
0
0
0
0
-3.90489e-16
-2.52421e-16
0
0
0
0
0
0
0
0
0
0
0
0
0
0
0
0
0
0
0
0
0
0
0
0
0
0
0
0
0
0
0
0
0
0
0
0
0
0
0
0
0
0
4.25629e-17
0
0
0
0
0
0
0
0
0
0
0
0
0
0
0
0
0
2.58017e-16
0
0
4.89382e-15
0
0
0
0
0
0
0
0
0
0
0
0
0
0
0
0
0
0
0
0
0
0
0
0
0
0
0
0
0
0
0
0
0
0
0
0
0
0
0
0
0
-1.70773e-12
0
0
0
0
0
0
0
0
0
0
1.30619e-16
0
0
0
0
0
0
0
0
0
0
0
0
0
0
0
0
0
0
0
0
0
0
0
0
0
0
0
0
0
0
0
0
0
0
0
0
0
0
0
0
0
0
0
0
0
0
0
0
0
0
0
0
0
0
0
0
0
0
0
0
0
0
0
3.21037e-15
0
0
0
0
0
0
0
0
0
0
0
0
0
0
0
0
0
0
0
0
0
0
0
0
0
0
0
0
0
0
0
0
0
0
-6.91446e-16
0
0
0
0
0
0
0
0
0
0
0
0
0
0
0
0
2.11909e-16
0
0
0
0
0
0
0
0
0
0
0
0
-3.37116e-16
-4.35563e-17
2.50251e-17
-1.16106e-15
-7.33696e-12
-1.74454e-17
0
0
0
0
0
0
0
0
0
0
0
0
0
0
0
0
1.97746e-14
1.57578e-15
-3.1952e-14
0
0
0
8.34014e-16
0
0
0
0
0
0
0
0
0
0
0
-1.20106e-07
0
0
-1.82218e-14
0
0
0
0
0
0
0
0
0
0
0
0
0
0
0
0
6.03807e-16
0
0
0
0
0
0
0
0
0
0
0
0
0
-2.82045e-15
-2.10701e-16
0
0
0
0
0
0
0
0
0
0
0
0
-7.6478e-15
6.38709e-16
0
0
-8.264e-16
0
0
0
1.50715e-16
0
1.39838e-14
0
0
0
0
0
3.32837e-13
0
0
0
0
-7.17048e-16
0
0
0
0
0
-2.82179e-15
-1.47533e-14
-1.19513e-15
0
0
0
0
0
0
0
0
0
0
0
0
0
0
0
0
0
0
0
0
0
0
0
0
2.74894e-15
0
0
0
0
0
0
0
0
0
0
0
0
0
0
-1.28607e-16
-2.86815e-15
0
0
0
0
0
0
0
0
0
0
6.74062e-16
-8.12648e-16
0
0
0
0
0
0
0
0
-7.81319e-08
0
4.78284e-15
1.58236e-14
0
0
0
0
0
7.84504e-15
0
0
0
0
0
0
0
0
0
0
0
0
0
0
0
0
0
3.39319e-16
0
0
0
0
0
0
0
0
0
0
0
0
0
0
0
0
0
0
0
0
0
0
0
0
0
0
0
0
0
0
0
0
0
0
0
-1.1698e-07
6.13397e-16
0
0
0
0
0
0
0
0
7.93293e-15
-2.16572e-11
0
0
0
0
-1.31227e-16
0
0
0
0
-1.39147e-31
3.30632e-16
0
0
-8.93689e-08
0
0
0
-6.33195e-15
0
0
0
0
0
0
0
0
0
0
0
0
0
0
0
0
0
0
0
0
0
0
0
0
0
0
0
0
0
0
0
2.36471e-16
0
0
0
0
0
0
0
0
0
0
0
-2.27494e-15
0
0
0
0
0
0
0
0
0
0
0
0
0
1.54236e-07
0
0
0
1.45166e-07
0
0
0
6.90461e-17
0
0
0
0
-1.50458e-16
0
0
0
0
0
0
0
0
0
0
0
0
0
0
0
0
0
6.57163e-16
1.07426e-15
1.06375e-15
0
0
-1.34198e-16
0
-2.30908e-16
0
0
0
0
0
0
0
0
0
6.04161e-17
0
-4.52654e-17
0
0
0
0
0
0
0
0
0
-7.36978e-17
0
0
0
0
0
-1.49801e-07
0
0
0
0
0
0
0
0
0
0
0
0
0
0
0
0
0
0
0
-4.46831e-17
0
0
0
0
0
0
2.103e-16
0
1.44908e-16
-1.62093e-15
0
0
0
0
0
0
0
0
0
0
0
0
1.73616e-15
0
0
0
0
0
0
0
0
0
0
0
0
0
0
0
0
0
0
0
0
0
0
0
0
-2.27072e-14
0
0
0
-1.52315e-07
0
0
0
0
0
0
-5.96899e-16
0
0
1.71173e-15
0
0
0
0
0
0
0
0
0
0
0
0
0
0
0
0
0
0
0
-2.15769e-16
0
0
0
0
6.57443e-15
0
0
0
0
0
0
0
0
0
0
0
0
0
0
0
0
0
0
0
-1.902e-17
0
0
0
0
6.8187e-13
1.52183e-16
0
0
0
0
0
0
0
0
0
0
0
0
0
0
0
0
0
0
0
0
0
0
0
0
0
0
0
0
6.02866e-16
0
0
0
0
0
0
0
0
0
0
0
0
0
0
0
0
0
0
0
0
0
0
0
0
0
0
0
0
-3.56354e-16
0
0
0
0
0
0
0
0
0
0
0
0
0
0
0
0
0
0
0
0
0
0
0
0
0
0
0
0
0
0
0
0
0
0
0
0
0
2.00707e-17
0
0
0
0
0
0
0
0
0
0
0
0
0
0
0
0
0
0
0
0
0
0
0
0
0
0
0
0
0
0
0
0
0
0
0
0
0
0
0
2.55512e-16
6.02315e-17
0
0
0
0
0
0
0
0
0
-8.15234e-16
0
0
0
0
0
0
0
0
0
0
0
0
0
0
6.74936e-16
0
0
0
0
0
0
-1.54803e-14
0
0
0
0
0
0
0
0
0
0
0
0
0
0
0
0
0
0
0
0
0
0
0
0
0
0
0
0
0
0
0
0
0
0
0
0
0
0
0
0
0
0
0
0
0
0
0
0
0
0
0
0
0
0
0
0
0
0
0
0
0
0
0
0
0
0
0
2.84595e-16
0
0
0
0
0
0
0
0
0
0
0
0
0
0
1.78425e-15
0
0
0
0
0
0
0
0
0
0
0
0
0
0
0
0
0
0
0
0
0
0
0
0
0
0
0
0
0
0
0
-1.13828e-16
2.23396e-16
0
0
0
0
0
0
0
0
0
0
0
0
0
0
8.101e-16
0
0
0
0
0
0
0
0
0
0
0
0
0
0
0
0
0
0
0
0
0
0
-2.00246e-17
0
-2.99069e-17
0
-5.6036e-17
0
0
0
0
0
0
0
0
0
0
0
0
-1.68584e-14
0
0
0
0
0
0
0
0
0
0
0
0
0
0
0
0
0
0
0
0
0
0
0
0
0
0
0
0
0
0
0
0
0
0
0
-1.96801e-15
0
0
0
0
0
0
0
0
0
0
0
0
0
0
0
0
0
0
0
0
0
0
0
0
0
0
0
0
0
0
0
0
0
0
-1.26723e-15
0
0
0
0
0
0
0
0
0
0
0
0
0
0
0
0
0
0
1.43951e-13
0
0
0
-2.33168e-16
0
0
0
0
0
0
0
0
9.75561e-08
0
0
-1.13319e-12
0
0
0
0
0
-1.32052e-16
0
0
0
0
0
0
0
0
0
0
0
0
3.15412e-17
0
0
0
0
0
0
0
0
0
0
1.98548e-15
0
0
0
0
0
0
0
0
0
0
0
0
0
0
0
0
0
0
0
0
0
0
0
0
0
0
0
0
0
0
0
0
0
0
0
0
0
0
0
0
0
0
1.36447e-15
0
0
0
0
0
0
0
-8.85662e-16
-5.82695e-16
0
0
0
-5.34187e-12
0
0
0
0
0
0
0
0
0
0
0
0
0
0
0
0
0
0
0
0
0
3.73414e-16
0
0
0
0
0
0
0
0
0
0
0
0
0
0
0
0
6.66505e-08
0
0
0
0
0
0
0
0
0
0
0
0
0
0
0
0
0
0
0
0
0
0
0
0
0
0
0
0
0
0
0
0
0
0
0
-1.61828e-15
0
0
0
0
0
0
0
0
0
0
0
0
9.36803e-16
0
0
0
3.56911e-29
0
0
0
0
0
0
0
0
0
0
0
0
0
0
0
0
1.27679e-15
0
0
0
0
0
0
0
0
0
0
0
0
0
5.45623e-12
0
0
0
0
0
0
0
0
0
0
0
0
0
0
0
0
0
0
0
0
0
0
0
0
0
0
0
0
0
0
0
0
0
0
0
0
0
0
0
0
0
0
0
0
0
0
0
0
0
0
0
0
0
0
0
0
0
0
0
0
0
0
0
0
0
0
0
0
0
0
0
0
0
0
0
0
0
0
0
0
0
0
0
0
0
0
0
0
0
0
0
0
0
0
4.04899e-13
5.48743e-13
0
0
0
0
0
0
0
0
-6.46446e-14
0
0
0
0
0
0
0
4.66329e-13
0
0
0
0
0
0
0
0
0
0
0
0
0
0
0
0
0
0
0
0
0
0
0
0
0
0
0
0
0
0
0
0
0
0
0
0
0
0
0
0
0
0
0
0
0
0
8.12055e-16
0
0
0
0
0
0
0
0
0
0
0
0
0
0
0
0
0
0
0
0
-2.65529e-16
0
0
0
0
0
0
0
0
0
-2.02951e-14
1.11794e-15
0
0
0
0
0
0
0
0
0
0
0
0
0
0
0
0
0
0
0
0
0
0
0
0
0
0
0
0
0
0
0
0
3.63268e-13
0
0
-4.75467e-13
0
0
0
0
0
0
0
0
0
0
0
0
0
0
0
0
4.00766e-13
0
0
0
0
0
4.25641e-12
0
0
0
0
0
0
0
-1.55702e-16
0
0
1.11318e-30
7.76172e-16
-3.57725e-16
0
-2.16442e-13
5.81166e-16
0
0
0
4.7656e-12
0
0
0
0
0
0
0
0
0
0
0
0
0
0
0
0
0
)
;

boundaryField
{
    frontback
    {
        type            empty;
        value           nonuniform List<scalar> 0();
    }
    topbottom
    {
        type            calculated;
        value           uniform 0;
    }
    outlet
    {
        type            calculated;
        value           uniform 0;
    }
    inlet
    {
        type            calculated;
        value           nonuniform List<scalar> 0();
    }
    walls
    {
        type            calculated;
        value           nonuniform List<scalar> 
45
(
-4.34076e-08
2.89384e-09
-2.02569e-08
2.02569e-08
4.34076e-08
-3.09641e-07
-3.38579e-07
-4.48545e-07
-3.6173e-07
-4.31182e-07
-3.90668e-07
-4.13819e-07
-3.15428e-07
-3.55942e-07
-3.44367e-07
-3.32791e-07
-3.8488e-07
-4.3697e-07
-4.08031e-07
-3.27004e-07
-3.21216e-07
-2.89384e-09
1.44692e-08
-3.50154e-07
-2.60445e-08
-3.76199e-08
2.60445e-08
-3.79093e-07
3.76199e-08
-4.42757e-07
-4.02243e-07
-8.68151e-09
4.91952e-08
-3.18322e-08
3.18322e-08
-4.54333e-07
5.49829e-08
-4.25394e-07
-4.6012e-07
-4.19606e-07
-3.96456e-07
-3.73305e-07
-3.67517e-07
8.68151e-09
-1.44692e-08
)
;
    }
    procBoundary3to1
    {
        type            processor;
        value           nonuniform List<scalar> 
205
(
-2.88291e-07
-1.1577e-15
0
1.19e-16
3.99827e-14
0
-1.37389e-15
-1.57405e-15
0
-6.8714e-16
0
-4.17743e-16
-4.44448e-17
0
2.03837e-15
8.16214e-17
3.49557e-16
-2.79688e-16
0
6.83168e-16
-4.54363e-15
6.79945e-16
0
-2.12236e-16
0
0
1.07727e-16
4.27364e-17
0
-6.79093e-17
0
0
-4.7018e-16
0
0
-1.15821e-14
0
0
0
0
0
-3.57285e-14
-1.10667e-30
0
0
0
-6.84287e-17
-1.04215e-15
-1.13794e-15
3.00574e-15
1.24167e-15
-2.17963e-16
0
7.67405e-17
0
0
0
3.87263e-17
1.92661e-16
-6.19914e-16
6.66603e-16
0
0
2.22705e-15
-4.06701e-17
2.96446e-16
0
-6.34176e-17
0
0
1.17118e-14
-2.61184e-14
0
0
0
0
0
-4.05576e-15
-8.49116e-17
9.30733e-15
0
0
0
-1.63566e-14
5.81749e-16
0
0
0
0
0
6.67214e-15
0
1.0125e-14
0
-7.22602e-16
0
1.75472e-15
0
0
-1.56991e-15
0
0
0
0
0
0
0
0
0
0
0
0
0
0
0
0
-6.36497e-16
0
0
0
0
0
0
0
0
0
0
0
0
0
0
-6.86241e-16
0
0
-4.57278e-17
0
0
0
0
0
0
0
-3.03025e-17
0
0
0
-6.00094e-17
0
0
0
0
0
0
0
9.30999e-15
0
0
0
0
4.41379e-16
0
0
0
0
1.11254e-16
3.1465e-16
0
1.08482e-16
-1.22666e-16
0
0
0
-1.65037e-15
2.79795e-17
-2.44479e-16
-8.88103e-15
2.70863e-16
0
-7.2963e-17
0
8.11458e-15
0
-7.80458e-15
0
0
0
-7.10251e-15
4.83691e-15
0
0
8.86834e-15
2.03968e-14
0
0
1.75798e-16
0
0
2.52072e-12
2.86432e-15
0
0
1.64517e-16
3.22508e-16
8.08712e-15
0
)
;
    }
    procBoundary3to2
    {
        type            processor;
        value           nonuniform List<scalar> 
99
(
0
0
1.18685e-12
0
0
0
0
0
0
0
0
0
0
0
0
0
0
0
0
0
0
0
0
0
0
0
0
0
0
0
0
0
0
0
0
0
0
0
0
0
0
0
0
0
0
0
0
0
0
0
0
0
0
0
0
0
0
-6.57247e-17
0
0
0
0
0
0
0
0
0
0
0
-4.74209e-08
0
0
0
0
0
0
-4.3204e-16
0
0
0
0
0
0
0
0
0
0
0
0
0
0
0
0
0
0
0
0
0
0
)
;
    }
}


// ************************************************************************* //
