/*--------------------------------*- C++ -*----------------------------------*\
| =========                 |                                                 |
| \\      /  F ield         | OpenFOAM: The Open Source CFD Toolbox           |
|  \\    /   O peration     | Version:  v2012                                 |
|   \\  /    A nd           | Website:  www.openfoam.com                      |
|    \\/     M anipulation  |                                                 |
\*---------------------------------------------------------------------------*/
FoamFile
{
    version     2.0;
    format      ascii;
    class       surfaceScalarField;
    location    "750";
    object      meshPhi;
}
// * * * * * * * * * * * * * * * * * * * * * * * * * * * * * * * * * * * * * //

dimensions      [0 3 -1 0 0 0 0];
oriented        oriented;


internalField   nonuniform List<scalar> 
20673
(
0
-4.97362e-15
1.56485e-15
0
0
0
0
0
0
0
0
0
0
0
0
-1.23206e-15
4.28348e-17
-1.29497e-15
0
0
0
0
0
0
0
0
0
0
0
0
0
0
0
0
0
0
0
-2.04818e-08
7.42922e-13
4.42664e-09
-1.36342e-15
0
-1.86906e-15
0
0
0
0
0
0
0
0
0
0
0
0
0
0
0
0
0
0
0
0
0
0
0
0
0
0
0
0
0
0
-5.27509e-17
5.53425e-17
-1.05512e-16
-2.45244e-15
0
2.39933e-16
-1.08934e-15
0
1.374e-16
0
0
0
0
0
0
0
0
0
0
0
0
3.97381e-15
1.96039e-15
8.946e-17
0
0
0
0
0
0
0
0
0
0
0
0
0
-2.82069e-13
3.32223e-13
-1.32418e-15
0
0
0
0
0
0
0
0
0
0
0
0
0
0
0
2.37638e-16
-8.29136e-17
-7.4638e-15
0
0
0
0
0
-3.12272e-12
-2.50024e-12
0
0
0
0
0
0
0
0
2.22437e-30
2.22437e-30
1.18803e-12
-8.60806e-12
1.23089e-15
-1.65257e-16
0
0
0
0
0
0
0
0
0
0
0
0
0
0
0
0
0
0
0
0
-6.96201e-09
0
0
-4.72395e-17
3.04095e-17
0
0
0
0
0
0
0
-2.86105e-17
0
4.04198e-16
0
0
0
0
0
0
0
0
0
0
0
0
-2.31092e-12
-1.16059e-15
-3.03558e-12
0
0
0
-4.58452e-13
-1.11494e-16
-7.05426e-14
0
0
0
0
0
0
0
0
0
0
0
0
0
-1.40554e-15
-1.09096e-16
-1.52331e-15
0
0
0
0
0
0
0
0
0
0
0
0
0
0
0
0
0
0
0
0
0
0
0
0
0
0
0
0
0
0
-1.28209e-15
2.32825e-17
-1.77047e-16
0
0
0
0
0
0
0
0
0
-5.12604e-17
-1.84708e-15
1.32679e-16
0
0
0
2.81309e-15
-1.10572e-30
1.33518e-16
0
0
0
0
0
0
0
0
0
0
0
0
0
0
-5.3588e-17
-2.83154e-16
0
0
0
0
0
0
2.86929e-16
2.94737e-16
4.79885e-16
1.08672e-13
0
0
0
0
0
-1.13456e-14
4.67028e-15
0
1.0002e-12
0
-4.01602e-12
0
0
0
-1.758e-18
-1.01547e-16
-5.3102e-16
-1.00978e-13
-2.66674e-14
0
3.05303e-15
-7.22746e-15
0
0
0
-2.57133e-17
0
0
0
0
1.30955e-15
0
0
0
0
0
0
0
0
0
0
0
0
0
0
1.27312e-15
0
0
0
0
7.77592e-15
0
0
0
0
0
0
0
0
0
0
0
-1.61046e-15
7.54913e-17
-8.61212e-16
1.74911e-14
-2.58098e-15
-3.62916e-17
0
0
0
0
0
0
0
0
0
-4.26485e-18
-1.29797e-15
0
-6.26579e-16
-4.01075e-14
0
0
0
0
0
0
0
0
0
0
0
0
0
0
0
0
0
0
-2.7374e-12
0
0
0
0
0
0
0
0
0
0
0
0
3.17793e-15
-1.78829e-15
0
0
0
-1.14366e-12
1.15705e-13
0
0
0
0
0
-3.7132e-16
0
-2.13434e-16
0
0
0
0
0
0
0
0
0
0
0
-5.5319e-18
0
2.82689e-19
0
0
0
0
1.13837e-16
0
0
0
3.52982e-13
-1.29743e-12
1.38916e-16
0
0
0
0
0
0
0
4.74156e-18
4.01824e-16
0
0
0
0
0
-1.33095e-15
-3.19114e-17
0
0
0
0
0
0
0
0
0
0
0
0
0
0
0
0
0
0
0
0
0
0
0
0
0
0
0
0
0
0
0
0
0
0
0
0
0
0
0
0
-1.04079e-15
-2.73213e-17
1.61517e-18
-2.51572e-15
5.52858e-31
0
0
0
0
1.10787e-30
0
0
0
0
0
0
0
0
0
0
0
0
0
0
0
0
0
0
0
0
0
0
0
0
0
0
0
0
0
0
0
0
0
0
-3.8644e-13
0
-1.48061e-13
0
0
0
0
0
0
0
0
0
0
-5.16811e-13
0
-4.30507e-14
0
0
0
0
0
0
0
0
0
0
0
0
0
0
0
0
0
0
0
0
-9.90526e-16
1.07661e-15
0
0
0
0
0
0
0
0
0
0
0
0
0
0
-3.69776e-15
-9.15425e-13
0
0
0
0
0
0
0
-3.73931e-16
-7.42953e-18
0
0
0
0
0
0
-7.26568e-14
0
0
0
0
0
0
0
0
0
0
0
0
0
0
-1.27616e-16
0
0
0
0
0
0
0
0
4.36591e-13
1.95734e-13
-1.24868e-12
0
0
0
0
0
0
-1.72071e-16
9.57008e-16
-1.71198e-15
0
0
0
0
0
4.66905e-16
-1.17512e-15
0
0
0
0
0
0
0
-5.90365e-15
0
0
0
0
-5.02403e-13
-2.56528e-13
0
0
0
0
0
0
0
0
0
0
0
4.25551e-13
1.14903e-13
-1.05235e-12
0
0
0
0
-2.78136e-15
-8.79198e-16
0
0
0
0
0
0
0
0
0
0
0
0
0
0
0
0
0
0
0
0
0
0
0
0
0
0
0
0
0
0
0
0
0
0
0
0
0
0
0
-5.65642e-15
2.70642e-15
0
0
0
0
0
0
0
0
0
0
0
0
0
0
0
0
0
0
0
0
-1.42622e-16
0
-2.11207e-17
0
0
0
0
0
0
0
0
0
0
0
0
0
0
0
0
0
0
0
0
0
0
0
0
0
0
0
0
0
0
0
0
0
0
0
-4.24878e-14
-9.23595e-14
0
0
0
0
0
0
0
0
0
0
0
0
0
0
0
0
0
0
0
0
0
0
0
0
0
0
-3.57352e-12
-1.78487e-12
1.13046e-15
0
0
0
0
1.89996e-15
-2.17981e-15
0
0
0
0
0
0
0
0
0
0
0
0
0
0
3.79169e-17
-3.72994e-17
0
-1.25052e-14
0
0
0
1.51365e-14
-1.63373e-13
2.45694e-14
0
0
0
0
0
0
8.53246e-16
1.0533e-15
0
0
0
0
0
0
0
0
0
0
0
0
0
0
0
0
0
0
0
0
2.87951e-13
9.64829e-14
0
2.20712e-30
0
0
0
0
0
4.04119e-16
0
0
-2.60835e-14
-3.59213e-14
1.79299e-13
-9.27684e-13
0
0
0
0
0
0
0
0
-5.83802e-16
6.65741e-18
0
0
0
0
0
0
0
-2.14733e-16
0
1.18565e-15
0
0
0
0
0
0
0
1.75123e-13
1.96157e-13
-7.50247e-13
0
0
0
0
0
0
0
0
0
0
0
0
0
0
0
0
0
0
0
1.49133e-12
-1.00566e-11
0
0
0
0
0
0
0
0
0
0
0
0
0
0
0
4.15938e-12
6.92789e-08
-5.71741e-08
0
0
-6.21287e-14
-1.13291e-12
0
0
0
0
0
0
-5.1154e-16
0
0
0
0
0
0
0
0
0
0
0
0
0
0
0
0
0
0
0
0
0
0
0
0
0
0
0
0
0
7.67741e-16
-1.47951e-16
0
0
0
0
5.20286e-17
-1.19342e-16
-1.83719e-17
0
0
0
0
0
0
0
0
0
0
0
0
0
0
0
0
0
0
0
0
0
0
0
0
0
0
0
-6.33451e-15
0
0
0
0
3.71284e-16
-2.70661e-16
7.09918e-15
0
0
0
0
0
-3.71173e-13
0
-2.05861e-14
0
0
0
0
0
0
0
0
0
0
0
0
0
0
0
0
0
0
0
0
0
0
0
0
0
0
0
0
0
0
0
0
0
0
0
0
0
0
0
0
0
0
0
0
0
0
0
0
-7.63054e-16
-3.33153e-17
-9.36192e-14
-5.88712e-13
0
0
0
0
0
-5.01148e-13
-2.58647e-32
-2.7525e-13
0
0
0
0
0
0
0
0
0
0
0
0
0
0
0
0
0
0
0
0
0
0
1.86051e-15
-3.15733e-17
1.63221e-13
1.36533e-16
-5.08297e-13
0
0
3.33584e-17
0
-3.0415e-17
0
-1.33304e-16
2.65384e-17
0
0
0
-2.69996e-16
-2.15147e-16
6.38731e-16
0
0
0
0
0
-5.83062e-15
0
0
0
0
0
0
0
-7.4844e-16
0
0
0
0
0
0
0
0
0
0
0
-8.83515e-16
-7.19474e-16
0
0
0
0
0
-5.14584e-18
0
0
0
0
0
0
0
0
0
0
0
0
-6.55603e-18
-4.70161e-16
0
5.99891e-16
-7.01747e-18
-5.09738e-19
0
0
0
0
0
0
0
0
0
0
0
0
0
0
-4.95059e-15
0
0
0
1.35513e-16
-3.6656e-13
0
0
0
0
0
0
0
0
0
-4.29516e-14
-9.91846e-13
0
0
-2.54826e-13
-2.38133e-13
0
0
0
0
0
0
0
0
0
0
0
0
-4.25989e-18
0
-2.09567e-18
0
0
0
0
0
0
0
0
0
1.28494e-13
1.67099e-13
-6.00363e-13
0
0
0
-2.6863e-13
-3.96891e-13
6.96912e-16
0
0
0
0
0
0
0
0
0
0
0
0
0
0
0
0
0
0
0
0
0
0
0
0
0
0
0
0
0
0
0
0
0
0
0
0
0
0
0
0
0
0
0
0
0
0
0
0
0
0
0
0
0
0
4.42863e-16
-1.73262e-16
-4.79216e-18
0
0
0
0
0
0
0
0
0
0
0
0
0
0
0
0
0
0
0
0
0
0
0
-2.28021e-17
0
0
0
0
0
-1.61331e-16
6.93973e-17
0
0
0
0
0
0
0
0
-3.70699e-13
0
7.87575e-18
0
0
0
0
0
0
0
0
0
0
0
0
0
0
0
0
0
0
1.51597e-12
-4.25779e-12
5.64398e-13
0
-6.94477e-17
8.78514e-16
0
-1.90735e-15
0
0
0
0
0
0
0
0
0
0
0
0
0
0
0
0
0
0
0
-1.55779e-09
-1.65219e-08
0
0
0
0
0
0
0
0
0
0
0
0
0
0
1.03707e-15
0
0
0
0
0
0
0
-1.1617e-13
0
0
0
0
0
-6.12971e-18
0
0
0
0
0
0
0
-2.45723e-13
1.06106e-15
-3.71757e-12
0
0
0
0
0
0
0
0
0
0
0
-5.03196e-13
0
0
0
0
0
0
0
0
0
0
0
0
0
0
0
0
0
0
0
0
0
0
0
0
0
0
0
1.78183e-13
-1.33225e-12
0
0
0
0
0
0
0
0
8.71258e-16
-9.19379e-17
1.47705e-17
0
0
0
0
0
0
0
0
-9.62822e-12
0
0
0
0
0
0
0
0
0
2.00125e-16
-5.95416e-16
0
0
0
0
0
0
0
0
0
0
0
0
6.43373e-16
0
0
0
0
0
0
0
0
0
0
0
0
0
0
0
0
0
0
3.44854e-15
0
0
0
0
1.8742e-12
9.92976e-13
-4.75048e-18
0
0
0
0
2.17626e-16
1.20587e-15
0
-3.00176e-16
0
0
0
0
0
4.49732e-15
0
5.76113e-16
0
0
0
0
0
0
0
0
0
0
0
-7.7092e-17
0
0
0
0
0
0
0
0
0
0
0
0
0
0
0
0
-1.79791e-16
-6.05044e-17
6.70778e-18
1.72162e-08
1.44728e-12
0
0
0
0
0
0
0
0
0
0
0
0
0
0
0
0
0
0
0
0
0
0
0
0
0
0
0
0
0
0
0
0
0
0
0
0
0
0
0
0
0
-1.42784e-13
0
0
0
0
0
-9.23609e-13
0
0
0
0
0
0
0
0
0
0
0
0
0
0
0
0
0
0
0
0
0
0
0
0
0
0
0
0
0
0
0
0
0
0
0
0
0
0
0
0
0
0
0
0
0
0
0
0
0
0
0
0
0
0
-1.23483e-16
1.32194e-15
0
0
0
0
0
0
0
0
0
0
0
0
0
0
0
0
0
0
0
0
0
0
0
0
0
0
0
0
0
0
0
0
0
0
0
0
0
0
0
0
0
0
0
0
0
0
0
0
0
0
0
0
0
0
0
0
0
0
0
0
0
0
0
0
0
0
0
0
0
0
0
0
0
0
0
0
0
0
0
0
0
0
0
0
0
0
0
0
0
0
0
0
0
0
5.21032e-17
-1.91134e-16
0
0
0
-1.74684e-16
1.14036e-15
0
0
0
0
0
0
0
0
0
0
0
0
0
0
0
0
0
5.28712e-13
2.95401e-13
-1.6383e-12
0
0
0
0
0
0
0
0
-1.62869e-13
0
0
0
2.41916e-16
0
0
0
0
0
0
0
0
0
0
0
0
0
0
0
0
0
0
0
0
0
0
0
0
0
0
0
0
0
0
0
0
0
0
-3.66589e-13
-2.58191e-13
0
0
0
0
0
0
0
0
0
0
0
0
0
0
0
0
0
0
0
0
4.52309e-13
-6.75446e-13
2.21978e-14
-2.79962e-15
0
0
0
0
0
0
0
-1.08632e-30
0
0
0
0
0
0
0
0
0
9.00092e-30
0
7.5059e-15
0
0
0
1.04676e-12
3.01242e-15
-1.57871e-12
0
0
0
0
0
0
0
0
0
0
0
0
0
-3.0574e-16
0
0
0
0
0
3.22338e-16
0
-5.40226e-16
0
0
0
0
0
0
-2.36289e-15
1.72816e-15
0
0
0
0
0
0
0
0
0
0
0
0
0
0
0
0
0
0
0
0
0
0
0
0
0
0
0
0
0
0
0
0
0
0
0
0
0
0
-9.2053e-16
5.99433e-13
-3.28848e-12
0
0
0
0
0
0
0
0
0
0
0
0
0
0
0
0
0
0
0
0
0
0
0
-3.85635e-17
-2.06263e-16
0
0
0
0
0
0
0
0
0
0
-5.74012e-16
-1.3578e-15
0
0
0
0
0
0
-7.29131e-13
2.11519e-13
0
0
0
0
0
4.01136e-13
3.05932e-13
-1.41458e-12
7.03569e-16
0
-2.58579e-17
0
0
0
0
0
0
0
0
0
0
0
0
0
0
0
0
0
0
0
0
0
0
2.6438e-15
0
0
0
0
2.13919e-15
2.86528e-15
5.70151e-16
0
0
0
0
0
0
0
0
0
0
0
0
0
0
-1.65003e-13
-2.49189e-14
0
0
0
0
0
7.90697e-15
0
0
0
0
0
0
0
-1.56103e-12
2.6877e-13
0
0
0
0
0
0
0
0
0
-1.09965e-12
-4.56227e-16
0
0
0
0
0
0
0
0
0
0
0
0
0
0
0
0
0
0
0
0
0
0
0
0
0
0
0
0
0
0
-2.67573e-16
-4.14417e-13
-4.13648e-13
0
0
0
0
0
0
0
0
0
0
0
0
0
0
0
0
0
0
0
0
0
-7.76797e-14
-5.7881e-14
-2.33196e-13
-4.92602e-17
-1.69284e-16
7.83052e-21
0
0
0
0
0
0
0
0
0
0
0
0
0
0
0
0
1.50575e-14
0
0
0
0
0
0
0
0
0
0
-7.37879e-17
0
-2.16435e-17
-3.60852e-17
0
7.81487e-17
0
0
0
0
0
0
8.34053e-16
0
0
0
-4.85328e-13
1.06515e-20
-2.1337e-13
0
0
0
0
-6.19816e-15
2.52263e-15
0
0
0
-5.40519e-18
0
0
0
0
0
0
0
0
0
0
0
0
0
0
0
0
0
0
6.55459e-16
5.04679e-17
0
0
0
0
0
0
0
0
0
0
0
-2.79742e-14
0
0
0
0
0
0
0
0
0
0
0
0
2.1985e-30
-7.8043e-15
0
0
-1.06228e-15
0
0
0
0
0
0
0
0
0
0
0
0
0
0
0
0
0
0
0
0
0
1.08442e-16
0
0
2.62709e-17
-3.25098e-18
0
4.2983e-16
-1.16332e-15
0
0
0
0
0
0
0
-2.39441e-16
0
0
0
0
0
0
0
0
0
0
0
0
0
0
0
0
0
0
0
0
0
0
0
0
0
0
0
0
0
0
0
0
0
0
-4.07018e-16
0
0
0
0
0
0
0
0
0
0
0
0
0
1.37916e-15
-5.2692e-16
0
0
0
5.09479e-13
-1.59368e-12
2.94528e-13
0
0
0
1.69316e-15
0
5.86274e-17
0
0
0
0
0
0
2.42197e-16
0
-4.74411e-15
0
0
0
0
0
0
0
0
0
0
0
0
0
0
5.38827e-15
-1.17282e-15
0
0
0
0
0
0
0
0
0
0
-1.57677e-16
3.61692e-18
0
0
0
0
0
0
0
0
0
0
0
0
-3.44655e-15
0
0
0
0
0
0
0
0
0
0
0
0
0
0
0
0
0
0
0
0
0
0
0
4.68937e-19
0
0
-3.89789e-15
0
-3.46728e-17
0
0
5.46092e-16
0
0
0
0
0
0
0
0
0
0
0
0
-1.3801e-13
0
0
0
0
0
0
0
0
0
0
-1.05162e-12
1.5696e-13
0
0
0
0
0
0
0
0
0
0
0
0
0
0
0
0
0
0
0
0
0
0
0
0
0
0
0
0
0
0
0
0
0
0
0
0
0
0
0
0
4.31079e-33
2.1196e-16
0
0
0
-1.92842e-15
1.12556e-14
0
0
0
2.16465e-15
0
0
0
0
0
0
0
0
0
0
0
0
0
0
-9.86041e-16
-3.85352e-12
0
0
0
0
0
0
0
0
0
0
-2.83854e-16
4.20117e-16
0
-1.43657e-16
2.89295e-16
1.94257e-17
0
0
0
-2.85554e-17
0
0
0
0
0
0
0
0
9.1293e-17
0
0
0
0
0
0
0
0
0
0
0
0
0
0
0
0
0
0
0
0
0
0
0
0
0
0
0
0
-3.80799e-16
0
0
0
0
0
0
0
0
0
0
0
0
0
0
0
0
0
0
0
0
0
0
0
0
0
0
0
0
0
0
0
0
0
0
0
0
0
0
0
0
0
0
1.50829e-18
8.30385e-16
0
0
0
0
0
-4.00295e-16
0
0
0
0
0
0
0
0
0
0
0
0
0
0
0
0
0
-7.21299e-17
-4.68185e-13
0
0
0
0
0
0
0
0
0
0
0
0
0
0
0
0
0
0
0
0
0
0
0
0
0
0
0
0
0
0
0
0
0
0
0
0
0
0
0
0
0
0
0
0
0
0
0
0
0
0
0
0
0
0
0
0
0
0
0
0
0
0
0
0
0
0
0
0
0
0
0
0
0
0
0
0
0
0
0
8.22071e-16
0
0
0
0
0
0
0
0
0
0
0
0
0
0
0
8.49644e-15
0
0
0
0
0
0
0
0
0
0
-1.64266e-17
0
0
0
0
0
0
0
0
0
0
0
0
0
0
0
0
0
0
0
0
0
0
0
0
0
0
0
0
0
0
0
0
0
0
-3.49059e-13
0
0
0
0
0
0
0
0
0
0
0
0
0
0
0
0
4.2898e-13
-1.32834e-12
2.30687e-13
0
0
0
0
0
0
0
0
0
0
0
-1.235e-12
0
-6.67301e-13
0
0
0
0
0
0
0
0
0
0
0
0
0
0
0
1.64597e-16
7.05293e-17
0
0
0
0
0
0
0
0
7.97204e-16
9.42819e-16
-7.82614e-16
0
0
0
0
0
0
0
0
5.52529e-13
5.40646e-16
-1.02745e-12
0
0
0
0
0
0
0
-5.01422e-13
0
0
0
0
0
0
-1.81101e-15
-3.82663e-16
-1.70695e-17
0
0
-7.57788e-17
-9.03636e-13
-5.86974e-13
0
0
0
0
0
0
0
0
0
-1.59567e-15
7.03567e-16
0
0
0
0
0
-3.66204e-15
0
2.36736e-15
5.41333e-18
0
0
0
0
0
0
0
-2.2082e-30
4.99783e-16
0
0
0
0
0
0
0
-4.42493e-13
0
-3.73152e-13
0
0
0
0
1.71673e-14
0
-5.16495e-15
-4.12407e-13
-3.09166e-13
0
-2.76166e-13
-1.00096e-12
-2.49943e-17
0
0
0
0
0
0
0
3.46326e-16
0
2.36753e-13
-3.92253e-17
-1.29323e-12
0
0
0
0
0
0
0
0
0
0
0
0
7.27175e-16
0
0
0
0
0
0
0
0
0
0
0
0
0
0
0
0
0
0
0
0
0
0
0
0
0
0
0
-5.30794e-13
-7.124e-19
0
0
0
-1.93894e-17
4.72583e-17
0
0
0
0
0
0
0
0
0
0
0
0
0
2.64575e-15
0
0
0
0
0
2.03939e-18
0
3.81144e-18
0
0
0
0
0
0
0
2.08971e-12
2.54343e-12
-9.25769e-12
3.69723e-17
-1.2833e-15
4.14618e-15
4.03847e-16
0
0
0
9.37866e-17
-8.68859e-17
-1.70787e-13
-3.33034e-13
0
2.33172e-16
-5.32878e-17
1.10748e-17
0
0
0
0
0
0
0
0
0
0
0
0
0
0
0
0
9.68506e-18
0
0
3.56819e-16
0
0
0
0
0
0
0
-1.33645e-12
2.61073e-13
0
0
0
0
0
0
0
0
0
0
0
0
0
0
0
0
0
0
0
0
0
0
0
0
0
0
0
0
0
0
0
3.76381e-16
-5.52031e-18
0
0
0
0
0
0
0
0
0
0
0
0
0
0
6.35529e-17
7.00242e-18
0
0
0
0
0
0
0
0
0
0
0
2.34084e-16
6.98112e-16
0
0
0
0
-4.80506e-16
1.42756e-14
0
0
0
0
0
0
0
-1.12004e-12
-1.79386e-16
0
0
0
0
0
0
0
6.37644e-16
0
2.09909e-16
0
-3.34029e-13
0
0
0
0
0
0
0
0
0
0
5.53936e-31
0
0
0
0
0
0
0
0
0
0
0
0
0
0
0
0
0
0
0
0
1.59549e-13
-2.6596e-13
0
0
0
0
0
0
0
0
0
0
0
0
0
0
0
0
0
0
0
-9.67726e-12
0
0
0
0
0
0
0
0
0
0
0
0
0
0
0
0
0
0
0
0
0
0
0
0
0
0
0
0
0
0
0
0
0
0
0
0
0
0
0
0
0
0
0
-2.46282e-16
0
0
0
0
0
1.35195e-16
0
2.51481e-15
0
0
0
0
0
0
0
0
0
0
0
-2.30556e-14
0
0
0
0
0
-2.06118e-18
0
-8.17691e-16
0
0
0
0
0
0
0
0
1.39565e-16
-1.26282e-13
0
0
0
0
0
-1.28898e-16
0
0
0
0
-3.10086e-12
3.91145e-13
0
0
0
0
0
0
0
0
0
0
0
0
1.86711e-16
0
0
0
0
0
0
0
0
0
0
0
0
4.33256e-18
1.65643e-18
0
-3.90793e-14
0
0
0
0
0
0
0
7.60526e-17
5.22635e-16
0
0
0
0
0
0
0
0
0
0
0
0
0
0
0
0
0
0
0
0
3.52625e-13
4.46691e-13
-1.60195e-12
0
0
0
0
0
0
0
0
0
0
0
0
0
0
0
0
0
0
0
0
0
0
0
0
0
5.01676e-16
-1.24162e-16
0
0
0
0
0
0
0
0
0
0
0
0
0
0
0
0
0
0
0
0
0
0
0
0
0
0
0
0
0
0
0
0
0
0
0
0
0
0
0
0
0
0
0
0
0
0
0
0
0
0
0
0
0
0
0
0
0
-7.75066e-17
0
0
-1.81317e-13
-3.30049e-13
0
0
0
0
0
-2.75621e-31
-1.03845e-13
0
4.98275e-16
0
0
0
0
0
0
0
0
0
0
0
0
1.89072e-13
-3.26469e-12
-3.95402e-17
0
1.50037e-15
0
0
0
0
0
0
0
0
0
0
0
0
0
0
8.86799e-18
-1.08485e-12
1.60592e-16
-5.52858e-31
1.78491e-15
0
0
0
0
0
-1.04939e-16
3.6184e-16
0
0
0
0
0
0
0
0
0
0
0
0
0
0
0
0
0
0
0
0
0
0
0
0
0
0
0
0
0
0
0
0
0
0
0
0
0
0
0
0
0
0
0
0
0
0
0
0
3.68136e-13
-1.65255e-12
0
0
0
0
0
0
0
0
0
0
0
0
0
0
0
0
-1.70346e-17
0
0
0
0
0
0
3.63101e-15
6.76165e-17
3.7963e-15
1.04495e-14
-9.64438e-13
0
0
0
0
0
0
0
0
0
0
0
2.92623e-16
1.56822e-15
-8.00566e-14
-1.61564e-12
0
5.41212e-16
2.78046e-31
0
0
0
0
0
0
0
0
0
0
0
-4.20548e-16
0
0
0
0
0
0
0
0
0
5.48246e-16
0
0
3.11005e-13
-3.33837e-14
-2.85368e-13
0
0
0
0
-2.32636e-17
0
0
0
0
0
0
0
0
0
0
0
0
0
0
0
0
0
-1.18491e-16
-3.38461e-16
5.55101e-16
0
5.40316e-16
-5.15301e-16
0
0
0
0
0
0
0
0
0
0
0
0
0
0
0
0
-7.22375e-18
-2.59525e-17
0
0
0
0
0
0
0
0
0
0
0
0
0
0
0
0
0
-7.1334e-17
-1.8996e-15
0
0
0
0
0
0
0
0
0
0
0
1.36363e-14
0
0
0
0
0
0
0
0
0
0
0
0
0
0
0
0
0
0
0
0
0
0
0
0
0
0
0
0
0
0
1.10572e-30
2.5565e-16
-2.67648e-16
-6.10997e-17
0
0
1.47017e-16
1.12443e-16
0
0
0
0
0
0
0
0
1.4815e-17
7.34758e-16
0
-2.23673e-12
0
0
0
0
0
0
0
0
0
0
0
0
0
0
0
0
0
0
0
0
0
0
6.88622e-13
-1.18372e-12
0
0
0
0
0
0
0
0
0
0
0
0
0
0
0
0
0
0
0
0
0
2.7365e-13
-8.63306e-13
1.56115e-13
0
0
0
0
0
0
0
0
0
0
0
0
0
0
0
0
0
0
1.30329e-15
0
0
0
0
0
0
0
0
6.42809e-18
0
0
0
0
0
0
0
4.26007e-15
-2.27039e-15
2.29165e-15
0
0
0
0
0
0
-2.39604e-12
0
0
0
0
0
0
0
0
0
0
0
0
0
0
0
0
0
0
0
0
0
0
0
0
0
0
0
0
0
0
0
0
0
3.31712e-15
2.84466e-16
-2.1985e-30
0
0
0
0
-3.96548e-16
-7.6486e-16
0
0
0
0
0
0
0
0
0
0
0
0
-1.31898e-17
0
0
0
0
0
0
0
0
0
0
0
0
0
0
0
0
0
-1.9291e-14
-1.33263e-14
0
0
0
-3.61068e-12
0
0
0
0
0
1.9119e-15
0
0
0
0
0
0
0
0
0
0
0
0
0
0
0
0
0
0
0
0
0
0
0
1.01107e-15
-1.0777e-33
0
0
0
0
0
0
0
-9.95975e-17
2.23491e-16
0
0
0
0
0
0
0
0
0
0
0
0
0
0
0
0
0
0
4.24341e-16
0
-4.01325e-17
-5.91905e-13
3.51444e-17
4.7072e-16
0
2.24718e-16
-5.08212e-15
0
0
0
0
0
0
0
0
0
0
0
0
0
0
0
0
0
0
0
0
0
0
0
0
0
0
0
0
0
0
0
-7.2344e-17
-1.13118e-15
0
0
0
0
0
0
0
0
0
0
1.27326e-16
-4.27984e-13
0
0
0
1.84642e-15
-7.70171e-16
0
-3.97838e-15
1.8888e-16
0
0
0
0
0
0
0
0
0
0
0
0
0
0
0
0
0
0
0
0
0
0
0
0
0
0
0
0
0
0
0
0
0
0
0
0
0
-4.32796e-15
-2.03361e-13
0
0
0
0
0
0
-1.10356e-30
-8.91362e-13
-3.78789e-13
0
0
0
0
0
0
0
0
0
0
0
0
0
0
0
0
0
0
0
0
0
0
0
0
0
0
0
0
0
0
7.76532e-16
0
0
0
0
0
0
0
0
0
0
0
0
0
0
0
0
0
0
0
0
-1.5854e-16
2.84855e-15
0
0
0
0
0
0
0
0
0
0
0
0
0
0
0
0
0
0
0
0
0
0
0
0
0
0
0
0
0
0
0
0
0
0
0
0
0
0
0
0
0
0
0
0
0
0
0
0
0
0
-2.74176e-12
0
0
0
2.82381e-18
2.84909e-15
0
0
0
0
0
0
0
0
0
0
0
0
0
0
0
0
0
0
0
0
0
0
0
0
0
0
0
0
0
0
0
0
0
0
0
0
-1.47181e-15
0
0
0
0
0
-7.45721e-17
-8.86275e-16
-2.18022e-16
1.80665e-16
0
0
0
0
0
0
0
0
0
0
1.79883e-16
0
-1.74605e-16
0
0
0
0
0
0
0
0
0
0
-1.46184e-17
-4.90641e-17
-8.22326e-13
0
-4.32631e-13
0
0
0
0
0
0
0
0
0
0
-1.56203e-12
-1.40063e-16
1.85112e-15
0
0
0
-1.68486e-18
0
1.17187e-17
0
0
0
0
0
0
0
0
0
0
0
0
0
0
-1.30013e-12
2.42611e-13
0
0
0
0
0
0
0
0
0
0
0
0
0
0
0
0
0
-7.93604e-13
-1.49106e-16
-3.37481e-13
0
-2.15358e-13
0
0
0
0
0
0
0
0
0
0
0
0
0
0
0
0
0
0
0
0
3.07461e-17
0
-5.44497e-17
0
0
0
0
0
-5.49625e-31
0
0
0
0
0
0
0
0
0
0
0
0
0
0
-1.51332e-15
0
0
0
0
0
0
0
0
0
0
0
0
5.83572e-15
0
0
0
0
0
0
0
0
0
0
0
0
0
0
0
0
0
0
0
0
0
0
3.2538e-16
-1.01085e-16
0
0
0
0
0
0
0
0
0
0
0
0
0
0
0
0
1.10651e-17
-1.44348e-17
0
0
0
0
0
0
0
0
0
0
0
0
0
0
0
0
0
0
0
0
0
3.84195e-15
-2.74836e-15
-2.30244e-15
5.13906e-16
-2.18157e-15
0
0
0
0
0
0
0
0
0
0
0
0
0
0
0
0
0
0
0
0
0
0
0
0
0
0
0
0
0
0
0
0
0
0
0
0
0
0
0
0
0
2.29697e-15
-1.22501e-12
0
-1.38195e-17
0
0
0
0
0
-1.26998e-12
0
0
0
0
0
0
0
0
0
0
0
0
0
0
0
0
-4.11371e-16
-3.96099e-17
0
0
0
0
0
0
6.20582e-16
-2.22015e-13
-3.7872e-13
0
0
0
0
0
0
0
0
0
0
0
0
0
0
0
0
0
9.32458e-15
0
0
0
0
0
0
0
0
0
0
0
0
0
0
0
0
0
0
0
0
0
0
0
0
-1.65473e-15
8.03571e-17
0
0
1.21079e-16
0
0
0
0
0
0
0
0
0
0
0
0
0
0
0
0
0
-2.89702e-13
0
0
0
0
0
0
-1.99692e-16
0
0
0
0
0
1.77442e-15
0
-1.38871e-16
2.11846e-15
0
0
0
0
0
0
0
2.54797e-18
-7.92079e-17
0
0
0
0
0
0
0
0
0
0
0
0
0
0
0
0
0
0
0
0
0
0
1.95996e-16
-4.6839e-16
0
0
0
0
0
0
0
0
0
0
0
0
0
0
0
1.73075e-15
-2.06709e-17
0
0
0
0
-7.10899e-15
6.30415e-15
0
0
0
0
0
0
0
0
1.70979e-15
2.14149e-15
0
0
0
0
0
0
0
0
0
0
0
0
0
0
0
0
0
0
0
0
0
0
0
0
0
0
0
0
0
0
0
0
0
0
0
0
0
0
0
0
3.24558e-16
0
0
0
0
-2.62249e-16
1.09925e-30
0
0
0
0
0
0
0
0
-4.73469e-16
0
0
0
0
0
0
0
0
5.95327e-16
3.63014e-17
2.79367e-15
0
0
0
0
-6.29621e-16
1.67208e-18
8.72669e-18
0
0
0
0
0
0
0
0
0
0
0
0
0
0
0
0
0
0
0
-1.67794e-15
7.73867e-16
0
0
0
0
0
0
0
0
0
0
0
0
0
0
0
-3.77513e-13
0
0
0
0
-2.63839e-16
0
0
0
0
0
0
0
0
0
0
0
0
0
0
0
0
0
0
-9.39988e-18
1.50812e-16
0
0
0
0
8.96847e-16
1.31108e-15
0
0
0
0
0
0
3.30692e-16
0
6.32935e-16
-2.97868e-16
-6.03265e-15
0
0
-1.35763e-15
0
-8.52144e-16
0
0
0
4.2137e-16
0
0
0
-3.90044e-18
-1.35886e-16
0
0
0
0
0
0
0
0
0
0
0
0
0
0
0
-6.016e-16
2.54863e-16
0
0
0
0
0
0
0
0
0
0
0
0
0
0
0
0
0
0
0
0
0
0
0
0
0
0
0
0
0
0
0
0
0
0
0
0
0
0
0
0
0
4.44187e-18
8.13214e-16
0
0
0
0
0
-5.81435e-16
0
0
0
0
0
0
0
0
0
0
0
0
0
0
0
0
0
0
0
0
0
0
0
0
0
0
0
0
1.78869e-13
-6.51699e-13
0
0
0
0
0
0
0
0
-6.63734e-16
0
0
0
0
0
0
0
0
0
0
0
0
0
0
0
0
0
0
0
0
0
0
0
0
0
0
0
0
0
0
0
-1.4814e-16
7.43562e-16
0
0
0
0
-2.05989e-17
0
0
0
0
0
0
0
0
0
6.87319e-17
3.3094e-19
0
0
0
0
0
0
0
0
0
0
0
0
0
0
0
0
0
0
0
0
0
0
0
0
0
0
0
0
-1.36907e-08
3.78357e-14
3.76803e-08
0
0
0
0
0
0
0
0
0
-6.67953e-17
-2.3079e-15
0
0
0
0
0
0
0
0
0
0
0
0
0
0
0
0
0
0
0
0
0
0
0
0
0
0
0
0
0
0
9.3188e-17
-2.11428e-17
8.68682e-19
0
0
0
0
0
0
0
1.58461e-15
-1.63241e-15
0
0
0
0
0
0
0
0
0
0
0
0
0
0
0
0
0
0
0
0
-9.6317e-15
-1.96547e-14
0
0
0
0
0
0
0
0
0
0
0
0
0
0
0
0
0
0
0
0
0
0
0
-3.22393e-16
2.14742e-16
0
0
0
0
0
0
0
0
0
0
0
0
0
0
0
0
0
0
0
0
0
0
0
0
0
0
1.27712e-16
3.22024e-15
0
0
0
0
0
0
0
0
0
0
0
0
0
0
0
0
0
0
0
0
0
0
-4.3129e-17
0
0
0
0
0
0
0
0
0
0
0
0
0
6.58223e-15
3.97177e-17
0
1.32037e-16
0
8.67106e-17
0
0
0
0
0
0
0
0
0
0
0
0
0
0
0
0
0
-5.27674e-16
0
-2.19131e-15
0
0
0
0
0
0
0
0
0
0
0
0
0
0
0
0
0
0
0
0
0
0
0
0
0
0
0
0
0
0
0
0
0
-4.15426e-16
0
0
0
0
0
0
0
0
0
0
0
0
0
0
0
0
0
0
1.0875e-15
9.71167e-19
0
0
0
0
0
1.8446e-15
0
0
-1.27062e-16
0
0
0
0
0
0
0
0
0
0
-2.17879e-15
0
0
0
1.61429e-15
1.09494e-30
0
0
0
0
0
0
0
-1.87194e-15
-1.16269e-16
0
0
0
0
0
2.23311e-17
1.10248e-30
-3.42234e-17
0
0
0
0
-2.05484e-15
5.84315e-16
3.70474e-16
1.69211e-16
0
0
0
1.68237e-16
1.65204e-15
0
0
0
0
9.10522e-17
0
0
0
0
0
0
0
0
0
0
0
0
0
0
0
0
0
0
0
0
0
0
0
0
0
0
0
0
0
0
0
0
0
0
0
0
0
0
0
-1.50968e-12
1.91417e-16
0
0
0
0
0
0
0
0
0
2.15621e-08
9.14866e-13
0
0
0
0
0
0
0
0
0
0
0
0
0
0
0
0
0
0
0
0
0
0
0
-2.26952e-18
0
0
0
0
0
-1.93552e-13
0
-4.90196e-14
0
0
0
0
0
0
0
0
2.15507e-15
1.3095e-15
0
0
0
0
0
0
0
2.38795e-16
0
0
0
0
3.24604e-17
0
-5.53808e-16
-1.7124e-16
1.9576e-16
0
0
0
0
0
0
0
0
0
0
0
0
0
0
0
0
0
0
0
0
0
0
0
0
0
0
0
0
0
0
0
0
0
0
0
0
0
0
-3.61853e-17
-1.50026e-16
-1.19125e-17
0
-1.47329e-15
1.42101e-16
0
0
0
3.66608e-13
-1.0681e-12
0
0
0
0
0
0
0
0
-1.0087e-15
1.71322e-15
0
0
0
0
0
0
0
0
0
0
0
0
0
0
0
3.89623e-16
4.90955e-16
8.2573e-16
0
0
0
0
0
0
0
0
0
0
-2.30194e-17
0
0
1.84967e-15
0
0
0
-1.70452e-15
0
0
0
0
0
0
0
0
0
2.21124e-15
1.3534e-16
0
0
0
0
0
0
0
0
0
0
-2.0075e-12
0
0
-1.09289e-16
0
0
0
0
0
0
0
0
0
0
0
0
0
0
0
-2.1608e-15
3.62882e-17
-1.4539e-17
0
0
3.0958e-17
0
0
0
0
0
0
0
-1.00519e-12
0
0
0
0
0
0
-5.18479e-16
0
0
0
0
0
0
0
0
0
0
0
0
0
0
-5.52858e-31
-1.00094e-15
9.02604e-16
0
1.92808e-16
0
0
0
0
0
0
0
0
0
0
0
0
0
0
0
0
0
0
0
0
0
0
-1.65562e-15
0
0
0
0
0
0
0
0
0
0
0
0
0
-4.62083e-13
0
0
0
0
0
0
0
0
0
0
0
0
0
0
0
0
0
0
0
0
0
0
0
0
0
0
0
-8.62308e-16
0
0
0
0
0
0
0
0
0
0
0
0
-2.6903e-13
0
0
0
0
0
0
0
0
0
0
1.46336e-16
-1.42379e-16
0
-7.3197e-16
5.31884e-16
0
0
0
0
0
0
0
0
-5.50775e-16
0
0
0
0
0
0
0
0
0
0
-1.82368e-18
0
0
0
2.87927e-16
0
0
0
0
0
0
-1.48208e-16
0
2.74326e-16
0
0
0
0
0
0
0
0
0
0
0
0
0
-2.53484e-15
2.63431e-15
0
2.07617e-16
1.63074e-16
0
0
0
0
0
-1.12512e-30
0
0
0
0
0
0
0
0
0
0
0
0
0
0
0
0
0
0
0
0
0
0
0
0
0
0
0
0
0
0
0
0
0
0
0
0
0
0
0
0
0
0
0
0
0
0
0
0
0
0
0
0
0
0
0
0
1.62381e-15
0
0
0
0
0
0
5.45602e-13
-1.84362e-12
3.75737e-13
0
0
0
0
0
0
0
0
0
0
0
0
0
0
0
0
0
0
0
0
0
0
0
0
-1.663e-15
0
-3.44363e-15
2.45919e-15
-2.66115e-15
-6.3978e-16
0
0
0
0
0
0
1.30618e-15
0
0
0
0
0
0
0
0
0
0
0
0
-3.06993e-16
1.39739e-16
0
0
1.75137e-16
0
0
0
0
0
0
0
0
0
0
0
0
0
0
0
0
0
0
0
0
0
0
-4.48399e-16
5.69903e-16
0
-8.27286e-16
0
0
0
0
0
0
0
0
0
0
0
0
2.50168e-09
1.2927e-12
0
0
0
0
-1.691e-16
-6.4208e-17
0
0
0
0
0
0
0
0
0
0
0
0
-5.80266e-16
2.34542e-17
0
0
0
0
0
0
2.24769e-16
1.86681e-15
0
0
0
0
0
0
0
0
0
3.45358e-16
0
0
0
0
0
0
-6.09073e-15
0
7.898e-15
0
0
0
0
0
0
0
0
0
0
0
0
0
1.8441e-17
0
0
0
0
0
0
0
0
0
0
0
0
0
0
0
0
0
-1.72993e-15
0
0
5.11329e-15
0
0
0
0
0
0
0
0
0
0
0
0
0
0
0
0
-4.01532e-15
0
0
0
0
0
0
0
4.3475e-15
0
0
0
0
-2.6171e-15
8.78077e-17
0
0
0
0
-9.85577e-17
-4.36073e-16
0
0
0
0
0
0
0
0
0
0
0
0
0
0
0
0
0
0
0
-3.73346e-17
1.24979e-17
0
0
0
0
0
0
0
-2.52751e-15
-3.1946e-15
0
0
0
0
0
0
0
0
0
0
0
0
0
0
0
0
0
0
0
-3.04007e-16
0
0
0
0
0
0
0
0
0
0
0
0
0
0
0
0
0
0
0
-4.06869e-18
-3.06903e-17
0
-1.57555e-16
0
0
0
0
0
0
0
0
0
0
-9.65537e-16
0
0
0
0
0
0
0
0
0
0
0
-6.52879e-17
0
3.02535e-16
0
0
0
0
0
0
0
0
0
0
0
0
0
0
0
0
0
0
0
0
0
0
0
-3.80446e-16
0
0
-5.03248e-16
-1.56492e-16
1.62296e-15
0
0
0
0
0
0
0
0
0
6.54112e-16
-1.32552e-16
0
0
0
0
0
0
0
0
2.08912e-18
0
0
0
0
0
0
0
0
0
-3.60179e-16
0
1.17994e-16
0
0
0
0
0
0
0
0
0
0
0
0
0
-4.70827e-16
6.44137e-17
1.19952e-16
0
0
0
0
0
0
0
0
0
0
0
0
0
0
0
0
0
0
0
0
0
0
0
0
0
0
0
0
0
0
0
0
0
0
0
0
0
0
0
0
0
0
0
0
0
0
0
2.95852e-15
0
0
0
0
0
0
0
0
0
0
0
0
0
0
0
0
0
0
0
0
0
0
0
0
0
-5.51242e-31
0
0
0
0
0
0
0
0
0
0
-6.26686e-16
0
0
0
0
0
0
0
0
0
0
0
0
0
0
0
0
0
0
0
0
0
0
0
0
0
0
0
0
0
0
0
0
0
0
0
0
0
0
0
0
0
-1.39146e-14
1.55913e-15
0
0
0
0
0
0
0
0
0
0
0
0
0
0
0
0
0
0
0
0
0
0
0
0
0
0
0
0
0
0
0
0
0
0
0
0
0
0
0
0
0
0
0
0
0
0
0
0
0
0
0
0
0
0
0
0
0
0
0
0
0
0
-9.80927e-17
0
0
0
0
0
0
0
0
0
0
0
0
0
0
0
0
0
0
0
0
0
0
0
0
0
0
0
0
0
0
0
0
0
0
3.8735e-16
0
0
0
-4.71942e-16
0
4.42191e-16
0
0
0
0
0
0
0
0
0
0
0
0
0
0
0
0
0
0
1.20788e-16
2.59786e-17
0
0
0
0
0
0
0
0
0
0
0
0
0
0
0
0
0
0
0
0
0
0
0
0
0
0
0
0
0
0
-8.31387e-16
0
0
0
0
0
0
-7.89904e-16
-2.35789e-15
-2.07524e-15
0
0
0
0
0
0
0
0
0
0
0
0
0
0
0
0
0
0
0
0
0
0
0
0
0
0
0
0
0
0
0
0
0
0
0
0
0
0
0
0
0
0
0
0
0
0
0
0
1.91145e-15
-3.19425e-16
0
0
0
0
0
0
0
0
4.53983e-16
0
0
0
-2.9159e-17
-1.07919e-16
0
0
0
0
0
0
0
0
0
0
0
0
0
0
0
0
0
0
0
0
0
0
0
0
0
0
-1.32611e-16
0
0
0
0
0
0
0
0
0
0
0
0
0
0
0
0
0
0
0
0
0
0
0
0
0
0
0
0
0
0
0
0
0
0
0
0
0
0
0
0
0
0
0
0
0
0
0
2.04812e-16
0
0
0
0
0
0
0
0
0
0
0
0
0
0
0
0
0
0
0
0
0
0
0
0
0
0
0
0
0
0
0
0
0
0
0
0
0
0
0
0
0
0
0
0
0
0
0
0
0
0
0
0
0
0
0
0
0
0
0
0
0
0
0
0
0
0
0
0
0
1.7095e-15
8.93149e-17
-1.76593e-15
0
0
0
0
0
-9.97768e-17
0
0
0
0
0
0
0
0
0
0
0
0
0
0
0
0
0
0
0
0
0
0
0
0
0
0
0
0
0
0
0
0
0
0
0
0
0
0
0
0
0
0
0
0
0
0
0
0
0
0
0
0
4.38912e-16
-1.79315e-16
-1.72625e-16
0
0
0
0
0
0
0
-5.142e-15
0
0
0
0
0
0
0
3.63805e-16
0
0
0
0
0
0
0
0
0
0
0
0
0
0
-2.6123e-15
7.67739e-16
0
0
0
0
0
0
0
0
0
0
0
0
0
0
0
0
0
-1.6856e-15
0
0
0
0
0
0
0
0
0
0
0
0
0
0
0
0
0
0
0
0
-1.0914e-17
3.57509e-18
0
0
0
0
0
0
0
0
0
0
0
-2.65289e-16
0
1.91468e-15
0
0
0
0
0
0
0
0
0
0
0
0
0
0
0
0
0
0
0
0
0
0
6.2439e-16
0
-1.43756e-16
4.25692e-17
0
0
1.01506e-17
4.10563e-17
4.79482e-17
0
0
0
0
0
0
0
0
0
0
0
0
0
0
0
0
0
0
6.16033e-15
1.20513e-18
0
-5.59646e-16
0
0
0
0
0
0
0
0
0
0
0
0
0
0
0
0
0
-9.78003e-18
0
8.87335e-17
0
0
0
0
0
0
-2.91716e-16
0
0
0
0
0
0
0
0
0
0
0
0
0
0
0
0
0
0
0
0
0
-9.56966e-16
-1.87517e-16
0
0
0
0
0
0
0
0
0
0
0
0
0
0
0
0
0
0
0
0
0
0
0
0
1.70448e-17
0
0
0
0
0
0
0
0
0
0
0
0
0
0
0
0
0
0
0
0
0
0
0
0
0
0
0
0
0
0
0
0
0
0
0
0
0
0
0
0
0
0
0
0
0
0
0
0
0
0
0
0
0
0
-4.48702e-16
3.60391e-16
0
0
0
0
1.22099e-16
-3.59233e-16
0
0
1.69835e-15
-2.57351e-15
0
0
0
0
0
0
0
0
0
0
0
0
0
-1.1469e-14
0
7.23077e-15
0
0
0
0
0
0
0
0
0
0
0
0
0
0
0
0
0
0
0
0
0
0
0
0
0
0
0
0
0
0
0
0
0
0
-2.04595e-15
3.82984e-15
0
0
0
0
0
0
0
0
0
0
0
0
0
0
0
0
0
0
0
0
0
0
0
5.2328e-16
0
0
1.25871e-16
-2.23237e-15
-1.32425e-16
0
0
0
0
0
-1.01242e-15
0
0
0
0
0
0
0
0
0
0
0
0
0
0
0
0
0
0
0
0
0
0
0
0
0
0
0
0
0
0
0
0
0
0
0
-8.02026e-15
5.67746e-16
0
0
-1.57568e-15
-3.14992e-17
0
0
0
0
0
-3.28347e-15
0
1.11461e-14
0
0
0
0
0
0
0
0
0
0
0
0
0
0
0
0
0
0
0
0
0
0
0
0
0
0
0
0
0
0
0
0
0
0
0
0
0
0
0
0
0
0
0
0
0
0
0
0
0
5.30048e-13
-1.37671e-08
0
0
0
0
0
0
0
0
0
0
0
0
0
0
0
0
0
0
-4.11144e-17
2.15133e-15
0
0
0
0
0
0
0
0
0
0
0
0
0
0
0
0
0
0
0
0
0
0
0
0
0
0
0
0
0
0
0
0
0
0
0
0
0
0
0
0
0
0
0
0
0
0
0
0
0
0
0
0
0
0
0
0
0
0
0
0
0
0
0
0
0
0
0
0
0
0
0
0
0
0
0
0
4.5341e-16
0
0
0
-4.25768e-18
3.9797e-18
0
0
-1.00275e-16
-7.03197e-32
0
0
0
0
0
0
0
0
0
0
0
0
0
0
0
0
0
0
0
0
0
0
-1.95629e-16
0
0
0
0
0
0
0
0
0
0
0
0
0
0
0
-4.66853e-15
0
-2.74271e-15
0
1.58246e-15
0
0
0
0
0
0
0
0
0
0
0
0
0
0
0
0
0
0
0
0
0
0
0
0
0
0
0
0
0
8.42264e-17
0
0
0
0
0
0
0
0
0
0
0
0
1.3453e-15
0
0
0
0
0
0
0
0
0
0
0
0
0
0
0
0
0
0
0
8.08273e-34
8.5879e-33
0
0
0
1.07347e-16
-1.37394e-16
0
0
0
0
0
0
0
-3.52946e-32
1.0145e-16
0
0
0
0
0
0
0
0
4.86456e-16
0
0
0
0
0
0
0
0
0
0
0
0
0
0
0
0
0
-1.99722e-15
-2.5427e-16
0
0
0
0
0
0
0
0
0
0
0
0
0
0
0
0
0
0
0
0
0
0
0
0
0
0
0
0
0
0
0
0
0
0
0
0
0
0
0
0
-5.97705e-16
0
0
0
0
0
0
-7.8546e-14
0
0
0
0
0
2.17981e-15
-3.27821e-15
0
0
0
0
0
0
-4.04477e-16
0
0
0
0
0
0
0
0
0
0
0
0
0
0
0
0
0
0
0
0
0
0
0
0
0
0
0
0
0
0
0
0
0
0
0
0
0
0
0
0
0
0
0
0
0
0
0
-1.61154e-15
1.34311e-15
0
0
0
0
0
0
0
0
0
0
0
0
0
0
0
0
0
0
0
0
0
5.08002e-16
4.1875e-16
0
0
0
0
0
0
0
0
0
0
0
0
0
0
0
0
0
0
0
0
0
0
0
0
0
0
1.91122e-18
0
-7.86232e-16
5.53808e-18
0
0
0
0
0
0
0
0
0
0
0
0
3.31068e-30
0
0
0
0
0
0
0
0
0
0
0
0
0
0
0
0
0
0
0
0
0
0
0
0
0
0
0
0
0
0
0
0
0
0
0
0
0
0
0
0
0
0
0
0
0
0
0
0
0
0
0
0
0
0
0
0
0
0
0
0
0
0
0
0
0
0
0
0
0
0
0
0
0
0
0
0
0
0
0
0
0
0
0
0
0
0
0
0
0
0
0
-2.83589e-16
0
0
0
0
0
0
0
0
0
0
0
0
0
0
0
0
0
0
0
0
0
0
0
0
0
0
0
0
0
0
0
0
0
0
0
0
0
0
0
0
0
0
0
0
0
0
0
0
0
-1.85783e-16
1.00939e-15
0
0
0
0
0
0
1.42581e-15
0
0
0
0
0
0
0
0
-4.09412e-16
1.46753e-16
0
0
0
0
0
0
-6.54333e-17
-5.07842e-17
0
0
0
0
0
0
0
0
0
0
0
0
0
0
0
0
0
0
0
0
0
0
0
0
0
0
0
0
0
0
0
0
0
0
0
0
0
0
0
0
4.10836e-15
-4.74768e-15
0
0
0
0
0
0
0
0
0
0
-5.96332e-16
-4.36385e-16
0
0
0
0
0
0
0
0
0
0
0
0
-3.26645e-18
-3.69924e-16
0
0
0
0
0
0
0
0
0
-2.47312e-15
0
0
0
0
0
0
0
0
0
0
0
6.40892e-17
-1.50973e-16
0
0
0
0
0
0
0
0
0
0
0
0
0
0
0
0
0
0
0
0
5.04599e-15
0
0
0
0
0
0
0
0
0
0
0
0
0
0
0
0
0
0
0
0
0
0
0
0
0
0
0
0
0
-3.45016e-16
-4.23625e-16
-3.2568e-16
0
0
0
0
0
0
0
0
0
0
0
0
0
0
0
0
0
0
0
0
0
0
0
0
0
0
0
0
0
0
0
0
0
0
0
0
0
0
0
0
0
0
0
0
0
0
0
0
0
0
0
0
0
0
0
0
0
0
4.04968e-16
0
0
0
0
0
0
0
0
0
0
0
0
0
0
0
0
0
0
0
0
0
0
0
1.51465e-16
-2.27239e-18
0
0
0
0
0
0
0
0
-1.35628e-16
-2.32051e-15
0
0
0
0
0
0
0
0
0
0
0
0
0
0
0
0
0
0
0
0
-1.33165e-15
0
0
0
0
0
-2.26516e-17
0
0
0
0
0
0
0
0
0
0
0
0
0
8.36667e-17
-1.61592e-16
0
0
0
0
0
0
0
0
0
0
0
0
0
0
0
0
0
0
0
0
0
0
0
0
0
0
0
0
0
0
0
0
0
0
0
0
0
0
0
0
0
0
0
0
0
-1.58064e-16
1.51063e-16
9.05021e-17
0
0
0
0
0
0
0
0
0
0
0
0
0
0
0
0
0
0
0
0
0
2.85506e-15
-1.25626e-14
1.11739e-14
0
0
0
0
0
0
0
0
0
0
0
0
0
0
0
1.01464e-16
0
0
0
0
0
0
0
0
0
0
0
3.69992e-16
0
0
0
0
0
0
9.2453e-16
9.54434e-18
-2.83876e-16
0
0
0
0
0
0
0
0
0
0
0
0
0
-6.0292e-15
0
0
0
0
0
0
0
0
0
0
0
0
0
0
0
0
0
0
0
0
0
1.14561e-17
-8.24211e-17
0
0
0
0
0
2.19453e-17
0
0
0
0
-2.72188e-16
0
0
0
0
0
-2.47551e-15
0
0
0
0
0
0
0
0
0
0
0
0
0
0
0
0
0
0
0
0
0
0
0
0
0
0
0
0
0
4.7063e-16
-1.73841e-15
0
0
0
0
0
0
0
0
0
0
0
0
0
0
0
0
0
0
2.9595e-15
0
-3.03227e-15
-5.07986e-16
0
0
0
0
0
0
0
0
0
0
0
0
0
0
0
0
0
0
0
0
0
0
0
0
0
0
4.23644e-15
0
0
0
0
0
-5.91563e-16
0
-4.95826e-16
0
0
-2.05833e-15
0
0
0
0
0
0
0
0
-3.64249e-14
-7.84565e-12
0
0
0
0
0
0
0
0
0
0
0
0
0
0
0
0
0
0
0
0
0
0
0
0
0
0
0
0
-1.02068e-16
1.1093e-14
0
0
0
0
0
0
0
0
0
0
-6.10092e-15
0
-1.42027e-17
-1.05015e-12
-3.24271e-12
0
0
0
0
0
6.33314e-16
7.75481e-16
0
0
0
0
0
0
0
0
0
0
0
0
0
0
0
0
0
-3.35491e-17
0
0
0
0
0
0
0
0
0
0
0
0
0
0
0
0
-7.90727e-17
0
0
0
0
-4.69607e-16
0
0
6.97825e-16
0
0
0
0
0
0
0
-3.84867e-15
0
0
-1.83908e-15
6.30965e-17
0
0
0
0
0
0
0
0
0
0
0
0
0
0
0
-3.19817e-14
0
-1.96158e-17
0
0
0
0
0
0
0
0
0
-1.33212e-16
-7.92315e-16
0
0
0
4.15914e-18
-9.42016e-17
0
0
0
0
0
0
0
0
0
0
2.92855e-17
0
0
0
-8.57282e-16
-3.42014e-18
0
0
0
0
0
0
0
0
0
0
0
0
0
0
0
0
0
0
0
0
0
0
1.58086e-15
0
3.84095e-17
0
0
0
0
0
0
0
0
0
1.53167e-16
0
-3.78123e-16
1.15679e-16
0
0
0
0
6.96023e-15
0
0
0
0
0
0
9.17139e-16
0
0
0
0
0
0
0
0
0
0
0
2.92009e-16
0
0
0
0
0
0
0
0
0
0
0
0
0
0
0
0
0
0
0
0
2.03344e-16
0
0
0
-5.30265e-16
0
0
0
4.28426e-15
-4.56392e-16
0
0
0
0
0
0
0
0
0
0
0
0
0
0
0
0
0
0
0
0
0
0
0
0
0
0
0
0
0
0
0
0
0
0
0
0
-2.10707e-12
0
0
0
0
3.61826e-15
0
0
0
0
0
0
2.93125e-16
-1.46342e-15
0
0
0
0
0
0
0
0
0
0
0
0
3.00081e-15
0
0
0
0
0
0
0
0
0
0
0
0
0
0
0
0
0
0
0
0
0
0
0
0
0
0
0
-4.33961e-13
0
-2.53318e-13
0
0
0
0
0
0
0
5.88983e-16
1.00811e-16
0
0
0
0
-3.28443e-18
1.09911e-16
0
0
0
0
0
-1.64513e-16
2.56215e-16
0
0
0
0
0
0
0
0
0
0
0
0
0
0
0
0
0
0
0
0
0
0
0
0
0
0
0
0
0
0
0
0
0
0
0
0
0
0
0
0
0
0
0
0
0
0
0
0
0
0
0
0
0
0
0
0
0
-1.70516e-17
0
0
0
0
0
0
0
0
0
0
0
0
0
0
0
0
0
0
0
0
0
0
0
0
0
0
0
0
0
0
0
-4.97684e-16
0
0
0
0
0
0
0
0
0
0
0
0
0
0
0
0
0
0
0
0
0
0
0
0
0
0
0
0
0
0
0
0
0
0
0
0
0
0
0
0
0
0
0
0
0
0
0
0
0
0
0
0
0
0
0
1.09507e-17
0
0
0
0
0
0
0
0
0
0
0
0
0
0
0
0
0
0
0
0
0
0
0
0
0
0
0
0
0
0
0
0
0
0
-3.54138e-15
0
0
0
0
0
0
0
0
0
0
0
0
0
8.4255e-17
0
0
-6.84003e-16
-2.7212e-17
0
0
0
0
0
0
0
0
9.75705e-16
0
9.58085e-17
1.69742e-16
0
0
0
0
0
0
0
1.01074e-12
0
0
0
0
0
0
0
0
0
0
0
0
0
0
0
0
0
-1.93558e-16
-2.88769e-16
0
0
0
0
0
0
0
0
0
0
0
0
0
0
0
0
0
0
0
0
0
0
0
0
0
0
0
4.30125e-17
-7.63041e-16
0
0
0
0
0
1.09092e-16
6.93488e-16
0
0
0
0
0
0
0
0
0
0
0
0
0
-7.80573e-16
-5.66218e-16
0
0
0
0
0
0
0
0
0
0
0
0
0
0
0
0
0
0
0
0
0
0
0
0
0
0
0
0
0
0
0
0
0
-9.50591e-16
5.08784e-16
0
0
0
0
0
0
0
0
0
0
0
0
0
0
0
0
0
0
0
0
0
0
0
0
0
0
0
-1.5888e-16
0
0
0
0
0
0
1.61601e-17
0
0
0
0
0
0
0
0
0
-1.6153e-14
0
0
0
0
0
0
0
0
0
0
0
0
-4.59394e-15
0
0
0
0
0
0
0
0
0
0
0
0
0
2.62777e-15
1.44995e-15
0
0
0
0
0
0
0
0
0
0
0
0
0
0
0
0
0
0
0
0
0
0
0
0
0
0
0
0
0
0
0
0
0
0
0
0
0
0
0
0
0
0
0
0
0
0
-2.48187e-16
0
0
0
0
-1.09043e-14
0
0
0
0
0
0
0
0
0
0
0
0
0
1.82368e-15
0
0
0
0
0
0
0
0
0
0
0
0
0
0
0
0
0
0
0
0
0
0
0
0
0
0
0
9.53567e-17
0
0
0
0
0
0
0
1.24527e-15
1.71006e-15
0
0
0
0
0
0
0
0
0
0
0
0
0
0
0
0
0
0
0
0
0
0
0
0
-1.5919e-16
0
0
0
0
0
0
0
1.10349e-30
0
0
0
3.49777e-17
-5.30095e-17
0
0
0
0
0
0
0
0
0
0
0
0
0
0
0
0
0
0
0
0
0
0
0
0
0
0
-1.13862e-16
0
0
0
0
0
0
0
0
-1.42932e-17
0
0
0
0
0
0
0
0
0
0
0
0
0
0
0
0
0
0
0
0
0
0
0
0
0
0
0
0
0
0
0
0
0
0
0
0
0
0
0
0
0
0
0
0
0
0
0
0
0
0
8.47699e-17
0
0
0
0
0
0
0
0
0
0
0
0
0
0
0
0
0
0
0
0
0
0
0
0
0
0
0
0
0
0
-2.76915e-15
0
2.98883e-15
0
0
0
0
0
0
0
0
0
0
0
0
0
0
0
0
0
0
0
0
0
0
0
0
0
0
0
0
0
0
0
0
0
0
0
0
0
0
0
0
0
0
0
0
0
0
0
0
0
0
0
0
0
0
0
0
0
0
0
0
0
0
0
0
0
0
0
0
0
0
0
0
0
0
0
0
0
0
0
0
0
0
0
0
0
0
0
0
0
0
0
0
0
0
0
0
-5.65313e-16
2.31065e-16
0
0
0
0
0
0
8.94376e-17
0
0
0
0
0
0
0
0
0
0
0
0
0
0
0
0
0
0
0
0
0
0
0
0
1.78224e-17
0
1.04007e-15
0
-8.06363e-16
0
0
0
-1.41107e-16
0
0
0
0
0
0
0
0
0
0
0
0
0
0
0
0
0
0
0
0
0
0
0
0
0
0
0
0
0
0
0
0
0
0
0
0
0
-1.64147e-15
0
0
0
0
0
0
0
0
0
0
0
0
0
0
0
0
0
0
0
0
0
0
0
0
0
0
0
0
0
0
0
0
0
0
0
0
0
0
0
0
0
0
0
0
0
0
0
0
0
0
0
0
0
0
0
0
0
0
0
0
0
0
0
0
0
0
0
0
0
0
0
0
0
0
0
0
0
0
0
0
0
0
0
0
0
0
0
0
0
0
0
0
0
0
0
0
-1.2165e-18
-1.04835e-15
0
0
0
0
3.62328e-16
0
0
0
0
0
0
0
0
0
0
0
0
0
0
0
0
0
0
0
0
0
0
0
0
0
0
0
0
0
0
0
0
0
0
0
0
0
0
0
0
0
0
0
0
-4.49129e-18
0
0
0
0
0
0
0
0
0
0
0
0
0
0
0
0
0
0
0
0
0
0
0
0
0
0
0
0
0
0
0
0
0
0
0
0
0
5.34563e-17
-6.0282e-17
-2.12944e-14
0
0
0
0
0
0
0
0
0
0
0
0
0
0
0
0
0
0
0
0
0
0
1.17087e-17
0
0
0
0
0
0
0
0
0
0
0
0
0
0
0
0
0
0
0
0
0
0
0
0
0
0
0
0
0
0
0
0
0
0
0
0
0
0
0
0
-9.46404e-16
0
0
0
0
0
0
0
0
0
0
0
0
0
-6.76709e-18
7.78552e-17
0
0
0
0
0
0
0
0
-8.68175e-17
-1.07217e-16
0
0
0
0
0
0
0
0
0
0
0
0
0
0
0
0
0
0
0
1.95758e-16
0
0
0
2.35644e-15
0
0
0
0
0
0
0
0
0
0
0
0
0
0
0
0
0
0
0
0
0
0
0
0
0
0
2.5915e-17
-9.67721e-16
0
0
0
0
0
0
0
0
0
0
0
0
0
0
0
0
0
0
0
0
0
0
0
0
0
0
0
0
0
0
0
0
0
0
0
0
0
0
0
0
0
0
0
0
0
0
0
0
0
0
0
0
0
0
0
0
0
0
0
0
0
0
0
0
0
0
0
0
0
0
0
0
0
0
0
0
0
0
0
0
0
-3.57073e-16
1.57665e-15
0
0
0
0
0
0
0
0
0
0
0
0
0
0
0
0
0
0
0
0
0
0
0
-8.63808e-17
8.75307e-16
0
0
0
0
0
0
0
0
0
0
0
-2.75515e-16
0
0
0
0
0
0
0
0
0
0
0
0
0
-4.86671e-16
4.78743e-16
0
0
0
0
0
0
0
0
0
0
0
0
0
0
0
0
0
0
0
0
0
0
0
0
0
0
0
0
0
0
0
0
0
0
0
0
0
0
0
0
0
0
0
0
0
0
0
0
0
0
-9.71915e-16
-1.95576e-14
0
0
0
0
0
8.81776e-16
2.72781e-17
0
0
0
0
0
0
0
0
0
0
0
0
0
0
0
0
0
0
0
0
0
0
0
0
0
-2.31143e-16
-4.5669e-15
0
0
0
0
0
0
0
0
1.88851e-15
3.0292e-15
0
0
0
0
0
0
0
0
0
0
0
2.88803e-13
-8.63221e-13
0
0
0
0
0
0
0
0
0
0
0
0
0
0
0
0
0
0
9.10706e-15
0
0
0
0
0
1.85284e-14
0
0
0
0
0
0
0
0
0
0
0
0
0
0
0
0
0
0
0
0
0
0
0
0
0
0
0
0
0
0
0
0
0
0
0
0
0
0
0
0
0
0
0
0
0
0
0
0
0
0
0
0
0
0
0
0
0
0
0
0
0
0
0
0
0
0
0
0
0
0
0
0
0
0
0
0
0
0
0
0
0
0
-2.39779e-15
0
0
0
0
0
0
0
0
0
0
0
0
0
0
0
0
0
0
0
0
0
0
0
0
0
0
0
0
0
0
0
0
0
0
0
0
0
0
0
0
0
0
0
-8.35728e-16
0
-1.01988e-15
0
0
0
0
0
0
0
0
0
0
0
5.60637e-15
0
0
0
0
0
0
0
0
0
-1.3383e-12
0
0
0
0
0
0
0
0
0
0
0
-1.11591e-15
0
-9.83283e-17
0
0
0
0
0
0
0
0
3.94175e-15
0
0
0
0
0
0
0
0
0
-5.15078e-15
0
0
0
0
0
0
0
0
0
0
-1.52956e-16
0
-1.66873e-15
0
0
0
-3.38169e-16
0
0
0
0
0
0
0
0
0
0
0
0
0
0
0
0
0
0
0
4.54194e-18
3.41151e-17
0
0
0
0
-3.52371e-17
0
0
0
0
0
1.76602e-13
0
0
0
0
0
0
0
0
3.98343e-15
-1.63732e-15
0
0
0
0
0
0
0
0
0
-5.83981e-14
0
8.22329e-15
7.47164e-15
0
0
0
0
0
0
0
0
0
0
0
0
0
0
0
0
0
0
0
0
0
0
0
0
0
0
0
0
0
0
0
0
0
0
0
0
0
0
0
0
0
0
0
0
0
0
0
0
0
0
0
0
0
0
0
0
0
0
0
0
0
0
0
6.92112e-16
7.29902e-16
0
0
0
0
0
0
0
0
0
0
0
0
0
0
0
0
0
0
0
0
0
0
0
0
0
0
0
0
0
0
0
0
0
0
0
0
0
0
0
0
0
2.70192e-16
0
0
3.30633e-17
0
0
6.97653e-18
-7.54744e-18
0
0
0
0
0
0
0
0
0
0
0
0
0
0
0
0
0
0
0
0
0
0
0
0
0
0
0
0
0
0
0
0
0
0
0
0
0
0
0
-2.81485e-16
0
-1.97965e-17
0
0
0
0
0
0
0
0
0
0
0
0
0
0
0
0
0
0
0
0
0
0
-9.80578e-16
0
0
0
0
0
0
0
0
0
0
0
0
0
0
-6.42839e-17
0
0
0
0
0
0
0
0
0
0
0
0
-7.9285e-16
2.72626e-16
0
0
0
0
0
0
0
0
0
0
0
0
0
0
0
0
0
0
0
0
0
0
0
0
0
0
0
0
0
0
0
0
0
0
0
0
0
0
0
0
0
0
0
0
0
0
0
0
0
0
0
0
4.95602e-16
0
0
0
0
0
-1.38689e-16
0
0
0
0
0
0
0
0
0
0
0
0
0
0
0
0
0
0
0
1.87898e-15
0
0
0
0
0
0
0
0
0
0
0
0
0
0
0
0
0
0
0
0
0
0
0
0
0
1.15228e-16
0
0
0
0
0
0
0
0
0
0
0
0
0
0
0
0
0
0
0
0
0
0
0
0
0
0
0
0
0
0
0
0
0
0
0
0
0
0
0
0
0
0
0
0
0
0
0
0
0
0
0
0
0
0
0
0
0
0
0
0
0
0
0
0
0
0
0
0
-1.51328e-15
0
0
0
0
0
0
0
0
0
0
0
0
0
0
0
0
0
0
0
0
0
0
0
0
0
0
0
0
2.06043e-16
4.06322e-16
0
0
0
0
-3.13343e-16
0
0
0
0
0
0
0
0
0
0
0
0
0
0
0
0
-6.98546e-16
0
0
0
0
0
0
0
0
0
0
0
0
0
0
0
0
0
0
8.46669e-16
0
0
0
1.63526e-15
0
-4.7433e-15
0
0
0
0
0
0
0
0
0
0
0
0
0
-2.67273e-14
0
-1.17036e-13
0
0
0
0
0
0
0
0
0
0
0
0
0
0
0
0
0
0
0
0
0
0
0
0
0
0
0
0
0
0
0
0
0
0
0
0
0
0
0
0
0
0
0
-5.14596e-15
0
0
0
0
0
0
0
0
0
0
0
0
0
0
0
0
0
0
0
0
0
0
0
0
0
0
0
0
0
0
0
0
0
0
0
0
0
0
0
0
0
0
0
0
0
0
0
0
0
0
0
-8.03305e-16
-1.15549e-15
0
0
0
0
0
0
0
0
0
0
0
0
0
0
0
0
0
0
0
0
0
0
0
0
-3.65223e-15
0
0
0
0
0
0
0
0
0
0
0
8.10107e-17
0
0
0
0
0
0
0
0
0
0
0
-2.94601e-16
0
0
0
0
0
0
0
0
0
0
0
0
0
0
0
0
0
0
0
0
0
0
0
0
0
0
0
0
0
0
0
0
0
0
0
0
0
1.50924e-16
-4.82561e-17
0
0
0
0
0
0
0
0
0
0
0
0
0
0
0
0
0
0
0
0
0
0
0
0
0
0
0
0
0
0
0
0
0
0
0
0
0
0
0
0
0
0
0
0
0
0
0
0
0
0
0
0
0
-1.04037e-12
0
0
0
0
0
0
0
0
2.9702e-16
0
0
0
0
0
0
0
0
0
0
0
0
0
0
0
0
0
0
0
0
0
0
0
0
0
0
0
0
0
0
0
0
0
0
0
0
0
0
0
0
0
0
0
0
0
6.84263e-16
8.33712e-16
0
0
0
0
0
0
0
0
0
0
0
0
0
0
0
0
0
0
0
0
0
0
0
0
0
0
0
0
0
0
0
-9.6669e-16
-2.21678e-16
0
0
0
0
0
0
0
0
0
0
0
0
0
0
0
0
0
0
0
0
0
0
-2.21895e-13
0
0
0
0
0
0
0
-3.31809e-15
0
0
0
0
0
0
0
0
0
0
0
0
0
0
0
0
0
0
9.43983e-16
0
0
0
0
0
0
0
0
0
0
0
0
0
0
0
0
-1.0882e-16
0
-4.62464e-17
0
0
0
0
0
0
0
0
0
-1.34323e-15
-7.28729e-17
0
0
0
0
0
0
0
0
0
0
0
0
0
0
0
0
0
0
0
0
0
0
0
0
0
0
0
0
0
0
0
0
0
0
0
0
0
0
0
0
0
0
0
0
0
0
0
0
0
0
0
0
0
0
0
-5.08677e-15
1.32248e-17
0
-4.28263e-15
0
0
0
0
0
0
0
0
0
0
0
0
-1.24962e-17
0
0
0
0
0
0
0
-2.02069e-15
0
0
2.60935e-15
0
0
0
0
0
0
0
0
0
0
0
0
0
0
0
0
0
0
0
0
0
0
0
0
0
0
0
0
0
0
7.24079e-17
0
0
0
0
0
0
0
0
0
0
0
0
0
3.80257e-13
-1.37629e-12
0
0
0
0
0
0
0
0
0
0
0
0
0
0
0
0
0
0
0
0
0
0
0
0
-1.61669e-15
6.05002e-16
0
0
0
0
0
0
4.71757e-16
-6.43725e-16
0
0
1.77533e-15
6.01236e-16
0
0
0
5.17777e-16
4.07481e-16
0
0
0
0
0
5.86181e-16
-7.13017e-16
0
0
0
0
0
0
0
0
0
0
0
0
0
0
0
0
0
0
0
0
0
0
0
0
0
0
0
0
0
0
0
0
0
-3.7215e-16
0
0
0
0
0
0
0
0
0
0
0
-1.46208e-17
0
0
0
0
0
0
0
0
0
0
0
0
0
0
0
0
0
0
0
0
0
0
0
0
0
0
0
0
0
0
0
0
0
0
0
0
0
0
0
0
0
0
0
0
0
0
0
0
0
0
-1.22984e-15
0
0
0
0
0
0
0
0
0
0
0
0
0
0
0
0
0
0
0
0
0
0
0
0
0
0
0
0
0
0
0
0
0
0
0
0
0
1.80124e-17
0
-3.3472e-16
0
0
0
0
0
0
0
0
0
0
0
0
0
0
0
0
0
0
0
0
0
0
-2.28144e-17
0
0
0
0
0
0
0
0
0
0
0
0
0
0
0
0
0
0
0
0
0
0
0
0
0
0
0
-3.1109e-17
0
0
0
0
0
0
5.39022e-16
0
0
0
0
0
0
0
0
0
0
0
0
0
0
0
0
0
0
0
5.79746e-16
0
0
0
0
0
0
0
0
0
4.74614e-16
-2.41044e-16
0
0
0
0
0
0
0
0
0
2.86798e-15
0
0
0
0
0
0
-9.15597e-17
2.80793e-17
0
9.69937e-16
0
0
0
0
0
0
0
0
0
0
0
0
-6.86444e-17
0
0
0
0
8.00508e-16
-7.61347e-16
0
4.6735e-16
0
1.04546e-16
0
0
0
0
0
0
0
0
0
0
0
0
0
0
-1.66457e-15
0
0
0
0
0
0
0
0
0
0
0
0
0
0
0
0
0
0
0
0
3.69781e-15
0
0
0
0
0
0
0
0
0
7.48022e-15
2.00589e-16
0
0
0
-1.03948e-15
0
0
0
0
0
0
0
0
0
0
0
0
0
0
0
0
0
0
0
0
0
0
0
0
0
0
0
0
0
0
0
0
0
0
0
0
1.45943e-17
0
-4.00194e-13
4.81239e-17
0
0
0
0
3.62812e-16
-8.33628e-17
0
0
0
0
0
0
0
0
0
0
0
0
0
0
0
0
0
0
0
-1.2776e-12
0
0
0
0
0
0
0
0
0
0
0
0
0
0
0
0
0
0
0
0
0
0
0
0
0
0
0
0
0
0
0
0
0
0
-3.12465e-15
1.35545e-15
0
0
0
0
0
0
0
0
0
0
-1.26644e-15
-3.97489e-16
0
0
0
0
0
0
0
0
0
0
0
0
0
0
-1.04561e-15
0
0
0
0
0
0
0
0
0
0
0
0
0
0
0
0
0
0
0
0
0
0
0
0
0
0
0
0
0
0
0
0
0
0
0
0
0
0
0
0
0
0
0
0
0
0
0
0
0
0
0
0
0
0
0
0
0
0
0
0
0
0
0
0
3.73519e-18
0
0
0
0
0
0
0
5.85833e-17
0
0
0
0
0
0
0
0
0
0
0
0
0
0
0
0
0
0
0
0
0
0
0
0
0
0
0
0
0
0
2.03323e-15
0
0
0
0
0
0
0
0
0
0
0
0
0
0
0
0
0
0
0
0
0
0
0
7.12531e-16
0
0
0
0
0
0
0
0
0
0
0
0
0
0
0
0
0
0
0
0
0
0
0
-4.79059e-16
-1.96383e-16
1.66574e-17
0
0
0
0
0
0
0
0
0
0
0
0
0
0
0
0
0
0
0
0
0
0
0
0
0
0
0
0
0
0
0
0
0
0
0
0
0
0
0
0
0
-2.03408e-17
0
0
0
0
0
0
0
0
0
0
0
0
0
0
0
0
0
0
-3.88883e-17
-9.59342e-17
0
0
0
0
0
0
0
0
0
0
0
0
0
0
0
0
0
0
0
0
0
0
0
0
0
0
0
0
0
0
0
0
0
0
0
0
0
0
-1.03948e-13
-9.30706e-13
0
0
0
0
0
0
0
0
0
0
0
0
0
0
0
0
0
0
0
0
0
2.62607e-17
0
0
0
0
0
0
0
0
0
-2.66147e-13
0
-2.73202e-13
0
-7.68743e-16
1.36769e-16
0
0
0
0
0
0
0
0
0
0
0
0
0
0
0
0
0
0
0
0
0
0
0
0
0
0
0
0
0
0
1.13982e-14
1.64122e-14
0
0
0
0
0
0
0
0
0
0
0
0
0
0
0
0
0
0
0
0
-2.6463e-17
0
0
0
0
0
-2.20326e-13
-2.20749e-13
0
0
0
0
0
0
0
0
0
0
0
0
0
0
0
0
0
0
-1.14787e-14
0
0
0
0
0
0
0
0
0
-2.47124e-15
-1.41506e-16
0
1.60557e-15
0
0
0
0
0
0
0
0
0
0
-1.45398e-16
0
0
0
0
0
0
0
7.38103e-15
0
0
0
0
0
0
0
0
0
0
0
0
0
0
0
0
0
1.16193e-15
1.68982e-15
0
0
0
0
0
0
0
0
0
0
0
0
0
0
0
0
0
0
0
0
2.02349e-17
0
0
-1.44947e-15
0
0
0
0
0
0
0
0
0
0
0
0
0
0
0
0
0
0
0
0
0
0
0
0
0
0
0
0
0
0
0
0
0
0
0
0
0
0
0
0
0
0
0
0
0
0
0
0
0
0
0
0
0
0
0
0
0
0
0
0
0
-1.14155e-14
0
0
0
0
0
0
0
0
0
0
0
0
0
0
0
0
0
0
0
0
0
0
0
0
0
0
0
0
0
0
-3.87831e-15
0
0
0
4.32583e-15
0
0
0
0
0
-7.3858e-16
0
0
0
0
0
0
0
0
0
0
0
0
0
0
0
0
0
0
0
0
0
0
0
0
0
0
0
0
0
0
0
0
0
0
0
1.51615e-15
0
0
0
0
0
0
0
1.78237e-14
0
0
0
0
0
0
0
0
0
0
0
0
0
0
0
0
0
0
0
0
0
0
0
0
0
0
0
0
0
0
0
-2.72902e-15
0
-7.30437e-18
0
0
0
0
0
0
0
0
0
0
0
0
0
0
0
-1.64197e-14
0
0
-1.89723e-15
0
0
1.29183e-14
0
0
0
0
0
0
0
3.66636e-16
0
0
0
0
0
0
0
0
0
0
0
0
0
0
0
0
0
0
0
0
-6.65434e-13
0
-3.75905e-13
9.04136e-16
-5.83905e-17
-5.01106e-13
-2.00573e-13
0
0
0
0
0
0
0
0
1.01578e-14
0
0
0
0
0
0
0
0
0
8.42764e-16
0
0
0
0
0
0
0
0
0
0
0
0
0
0
0
0
0
0
0
0
0
0
0
0
0
0
0
0
0
0
0
0
0
0
0
0
0
0
0
0
0
0
0
0
0
0
0
0
0
0
-9.01999e-16
0
0
0
0
0
0
0
0
0
0
0
0
1.52e-16
0
0
0
0
0
0
0
-2.75482e-15
0
0
0
0
0
0
0
0
0
0
0
0
0
0
0
0
0
0
0
0
0
0
0
0
0
0
0
0
0
0
0
0
0
0
0
0
0
0
0
0
0
0
0
-6.90868e-16
0
0
0
0
0
0
0
0
0
0
0
0
0
0
-4.83095e-13
0
0
0
0
0
0
0
0
0
0
0
0
0
0
0
0
0
0
0
0
0
0
0
0
0
0
0
0
0
0
0
0
0
0
0
0
0
0
0
0
0
0
0
0
0
0
0
0
0
0
-4.29744e-13
0
-1.4742e-15
-1.84033e-15
0
1.63964e-15
0
0
0
0
0
0
0
0
0
8.96078e-16
1.91312e-17
0
0
0
0
0
0
0
0
0
0
0
0
0
0
0
0
0
0
0
0
0
0
0
0
0
0
0
0
0
0
0
0
0
0
0
0
0
0
0
0
0
0
0
0
0
0
0
0
0
0
0
0
0
0
0
-1.7089e-18
0
0
0
0
0
0
-3.921e-16
0
-2.81521e-19
0
0
0
0
0
0
0
0
0
0
0
0
0
0
0
1.56903e-16
-3.79757e-17
0
0
0
0
0
0
0
0
0
0
0
0
0
0
0
0
0
0
0
0
0
0
0
0
0
0
0
0
0
0
0
0
0
0
0
0
4.33e-15
0
0
0
0
0
0
0
0
0
0
0
0
0
0
0
0
0
0
0
0
0
-2.83631e-16
-1.1685e-14
0
0
0
0
0
0
0
0
0
0
0
0
0
0
0
0
2.639e-15
0
0
0
0
0
0
0
0
0
-1.2134e-14
3.84498e-16
0
0
0
0
0
0
0
0
0
0
0
0
0
0
0
0
0
0
0
0
0
0
0
0
0
0
0
0
0
0
0
0
1.97964e-16
2.02742e-15
0
0
-9.91266e-16
1.96755e-16
4.01001e-16
0
3.31717e-15
0
0
0
0
0
0
0
0
0
0
0
0
0
0
0
0
0
0
0
0
0
0
0
0
0
0
0
0
0
0
0
0
0
0
0
0
0
0
0
0
0
0
0
0
0
0
0
0
0
0
0
0
0
0
0
0
2.61201e-18
0
0
0
0
0
0
1.97605e-16
0
0
0
0
1.04942e-16
0
1.04679e-16
-6.3662e-17
0
0
0
0
0
0
0
0
0
0
0
0
0
1.14832e-16
-1.87085e-16
0
0
0
0
0
0
0
0
0
0
0
0
0
0
0
0
0
0
0
0
0
0
0
0
0
0
0
0
0
0
0
0
0
0
0
0
0
0
0
0
0
0
0
0
0
-6.46229e-16
-1.22443e-16
0
0
0
0
0
0
0
0
0
2.78105e-16
7.34391e-17
0
0
0
0
0
0
0
0
0
0
0
0
0
0
0
0
0
0
0
0
0
0
0
0
0
0
0
0
0
2.10068e-16
1.138e-16
0
0
0
0
0
0
0
0
0
0
0
0
0
0
0
0
0
0
0
0
0
0
0
0
-2.35048e-15
0
0
0
0
0
0
0
0
0
0
0
0
0
0
0
0
0
0
0
0
0
0
0
0
0
0
0
0
0
0
0
0
0
0
0
0
0
0
0
0
0
0
0
2.45586e-16
2.60559e-15
0
0
0
0
0
0
0
0
0
0
0
0
0
0
-6.28056e-16
0
0
0
0
0
0
0
0
0
0
0
0
0
0
0
0
0
0
0
0
0
0
0
0
0
0
0
0
0
0
0
0
0
0
0
0
0
0
0
0
-2.18728e-15
-8.82617e-15
-1.18332e-14
0
0
0
0
0
0
0
0
0
2.13556e-16
0
0
0
0
0
0
0
0
0
0
0
0
0
0
0
0
0
0
0
0
0
0
-1.54179e-17
0
0
0
0
0
0
0
0
0
0
0
0
0
0
0
0
1.33821e-15
2.84953e-17
-2.26413e-16
0
0
0
0
0
0
0
0
0
0
-2.12458e-12
0
0
0
0
0
0
0
0
0
0
0
0
0
0
0
0
0
0
0
0
0
0
0
0
0
0
0
0
0
0
0
-6.79222e-19
0
1.15416e-14
0
0
0
0
-3.30424e-12
0
1.34317e-16
6.02936e-17
1.54159e-14
0
0
0
0
-6.02125e-16
6.39821e-16
0
0
0
0
0
0
0
0
0
-6.39068e-17
-2.80524e-18
0
0
0
0
0
0
0
0
0
0
0
0
0
0
0
0
0
0
0
0
0
0
0
0
0
0
0
0
0
0
0
0
-1.53622e-15
0
0
0
0
0
0
0
0
0
0
0
0
0
-1.20646e-16
0
0
0
-2.34903e-15
-1.88681e-15
0
0
1.47428e-16
0
-1.41505e-15
0
0
7.03662e-16
2.064e-16
0
0
0
0
0
0
0
0
0
0
0
0
0
0
0
0
0
0
0
0
0
0
0
0
0
0
0
0
0
0
0
0
0
0
5.82664e-17
0
0
0
0
0
0
-1.04031e-17
-1.11561e-15
0
0
0
0
0
0
1.49153e-16
0
0
0
0
0
0
0
0
0
0
0
0
0
0
0
0
0
0
0
0
0
0
-2.78235e-15
0
0
0
0
0
0
0
0
-1.8797e-12
0
0
0
0
1.49285e-16
0
0
0
0
0
0
0
0
0
0
0
0
0
0
0
0
-9.38822e-16
0
6.63537e-15
0
0
0
0
0
0
0
-4.85452e-19
0
0
0
0
0
0
0
0
0
0
0
0
0
0
1.93867e-14
0
0
0
0
0
0
0
1.55151e-14
0
0
1.38909e-08
3.56379e-08
-1.76349e-08
-5.45198e-09
-2.32369e-08
-4.88174e-09
-2.79044e-08
-5.21905e-09
-5.01388e-08
-2.3923e-08
-4.31324e-08
-3.61516e-08
2.2325e-08
4.74975e-09
2.38268e-08
-2.00453e-09
-4.62724e-09
1.32557e-08
1.16963e-08
-8.28752e-09
3.32689e-08
1.21722e-08
3.11509e-08
1.02011e-08
2.80266e-08
8.21814e-09
2.85257e-08
2.46595e-09
1.85552e-08
-7.25451e-10
1.70739e-08
7.62104e-09
-8.31722e-09
-1.06139e-08
6.04154e-09
-1.34969e-08
3.79063e-09
-1.46481e-08
7.0473e-10
-1.73961e-09
-2.84817e-08
-8.77488e-09
-2.77555e-08
-1.3677e-08
-2.97722e-08
-1.67821e-08
-3.0751e-08
-1.99152e-08
-2.23239e-08
-3.34345e-08
-4.2953e-08
-1.78035e-08
-2.23303e-08
-4.25523e-08
-2.55668e-08
-4.44447e-08
0
0
0
0
0
0
0
0
0
0
0
0
0
0
0
0
0
0
0
0
0
0
0
0
0
0
0
-3.02267e-16
0
0
0
0
0
-8.74698e-12
0
0
0
0
0
0
0
0
0
0
0
0
0
0
0
0
0
0
0
0
0
0
0
0
0
0
0
0
0
0
0
0
0
0
0
0
0
0
0
0
0
0
0
0
0
0
0
0
0
0
0
0
0
0
0
0
0
0
0
0
0
0
0
0
6.40501e-16
0
0
0
0
0
0
0
0
0
0
0
0
0
0
0
0
0
0
0
0
0
0
0
0
-1.15828e-14
8.8594e-15
-2.1985e-30
0
0
0
0
0
0
0
0
0
0
0
0
0
0
0
0
0
0
0
7.24831e-09
-1.07733e-08
-9.14408e-09
7.46665e-09
4.27215e-09
-1.30093e-08
0
0
0
0
0
1.32193e-08
-3.50979e-09
0
-7.6485e-10
-1.22074e-08
0
0
0
0
0
0
0
0
0
-3.44188e-10
1.71736e-08
9.13951e-10
1.99947e-08
0
0
0
0
0
0
0
0
0
0
0
0
0
0
0
0
4.00751e-09
2.20304e-08
0
0
0
0
0
0
0
-4.57754e-09
-1.74765e-08
-1.73796e-08
-2.62372e-09
0
0
0
0
1.17248e-09
2.88685e-08
5.36871e-17
0
0
0
0
0
0
0
0
0
0
0
0
0
0
0
0
0
0
0
0
0
0
0
0
0
-8.94832e-09
-1.82785e-08
0
0
0
0
0
0
0
0
1.00195e-08
3.03115e-08
0
0
0
0
0
0
0
1.21389e-08
3.22777e-08
3.23556e-08
9.98638e-09
0
0
0
-6.87002e-09
-2.53355e-08
0
0
0
0
-2.20831e-08
-1.92018e-09
0
0
-1.35693e-08
-2.28735e-08
0
0
0
0
-3.36806e-16
0
0
3.30216e-15
-1.31876e-14
0
0
0
0
0
3.39275e-08
1.25283e-08
0
0
0
0
0
0
0
0
0
0
0
0
0
0
0
0
0
-1.27645e-08
-2.76449e-08
0
0
7.16306e-17
0
1.97795e-08
-9.41996e-10
0
-1.62658e-08
-2.92593e-08
1.61859e-15
0
0
0
0
0
0
0
-7.38607e-09
9.01645e-09
3.69089e-08
-2.94956e-08
-1.81008e-08
-1.84564e-08
-3.11645e-08
9.05571e-09
-1.16243e-08
4.40999e-09
-1.21221e-08
-3.16464e-08
-2.00191e-08
0
0
1.31419e-15
0
0
0
0
0
0
0
0
0
5.63612e-15
0
0
0
0
0
0
1.44265e-08
-3.73966e-09
0
4.29273e-10
-1.2209e-08
-5.57685e-09
1.21866e-08
0
0
0
-1.8606e-14
0
0
8.47474e-10
1.50119e-08
0
0
-1.46932e-08
-1.27585e-09
4.34001e-10
1.94523e-08
6.68644e-16
0
0
0
0
0
-3.3856e-08
-2.29289e-08
0
0
0
0
0
0
0
5.65172e-09
1.94202e-08
0
0
0
0
0
0
0
0
0
0
0
-2.98995e-09
-1.80096e-08
0
0
5.68602e-09
2.34438e-08
0
0
0
0
-3.65572e-15
1.56337e-15
0
0
0
1.21232e-08
2.22063e-08
0
0
0
-2.40309e-08
-3.58116e-08
0
8.76965e-09
2.95153e-08
0
-1.1577e-08
-1.87318e-08
0
0
2.08185e-16
0
0
0
0
-6.52283e-08
-6.0897e-08
6.04984e-08
6.45295e-08
-6.91691e-08
-7.06131e-08
7.82619e-08
7.9219e-08
-7.57087e-08
0
0
0
0
0
0
0
0
0
0
0
0
0
0
0
0
3.44356e-16
0
0
0
0
0
0
0
-8.81872e-16
0
2.38565e-15
0
-8.93706e-09
-1.72917e-08
0
0
0
0
0
0
0
0
3.90097e-16
0
0
0
0
0
0
9.24558e-09
3.00617e-08
0
0
0
0
0
0
0
0
0
0
0
1.0454e-08
3.29144e-08
0
0
0
0
0
0
0
0
-6.34155e-16
0
0
0
-1.06873e-08
-2.05935e-08
0
0
0
-1.78792e-08
-1.76179e-08
0
0
0
0
0
0
0
0
0
0
0
0
0
0
0
0
0
0
3.65002e-08
1.0934e-08
0
0
0
0
-6.70726e-17
4.47206e-16
0
0
0
0
0
0
0
1.26732e-08
3.88757e-08
-1.70497e-08
-2.2488e-08
7.36375e-15
0
0
0
-2.44807e-08
-3.43496e-08
0
0
0
0
0
0
0
-4.3391e-08
-2.25136e-08
0
0
0
0
0
0
0
0
0
0
0
0
0
0
0
0
0
-1.4179e-08
-3.02995e-08
0
0
0
0
-1.34314e-15
0
0
0
0
0
0
0
0
0
0
0
0
1.81321e-08
3.44811e-08
-3.04126e-08
-1.81843e-08
0
-3.29072e-08
-1.97726e-08
0
0
0
0
0
0
0
0
0
0
0
0
0
0
0
0
0
0
0
0
0
0
0
0
0
0
0
0
0
0
0
0
0
0
0
0
0
0
-1.26562e-12
0
0
0
0
0
0
0
0
0
0
0
0
0
0
0
0
0
0
0
0
0
0
0
0
0
0
0
0
0
0
0
0
0
-5.4821e-16
0
0
0
0
0
0
0
-1.26003e-16
-3.90107e-13
0
0
0
0
0
0
0
-9.10737e-17
0
0
0
0
0
0
0
0
0
0
0
8.81987e-30
0
1.60116e-15
-2.2954e-15
0
0
0
0
0
0
0
0
0
-9.61685e-13
-7.99228e-16
7.14852e-17
0
-3.44753e-08
-2.33201e-08
0
0
0
0
0
0
0
0
0
0
0
0
0
0
0
0
2.15109e-16
0
-3.19328e-16
7.91342e-17
0
0
0
0
0
0
0
8.09385e-16
0
0
0
0
0
0
0
0
0
0
0
0
0
0
0
0
0
0
0
0
0
0
0
0
0
0
-4.41329e-08
-2.69138e-08
-3.23216e-08
-4.08187e-08
0
0
0
0
0
0
0
0
0
0
0
0
0
0
0
0
0
0
0
0
0
0
0
0
0
0
0
0
0
0
0
0
2.42784e-15
0
0
0
0
0
0
0
0
0
0
0
0
0
0
0
0
0
0
0
0
0
0
0
-2.74005e-15
0
5.32936e-15
0
0
0
0
0
0
0
0
0
0
0
0
0
0
0
0
0
0
0
0
0
0
-3.72892e-08
-4.09945e-08
0
0
0
0
0
0
0
0
0
0
0
0
0
0
0
4.97698e-16
0
0
0
0
0
0
0
0
0
0
0
0
0
0
0
0
0
0
0
0
0
4.03774e-15
0
0
0
0
0
1.10258e-13
-3.53815e-14
0
0
0
0
0
0
0
0
0
0
0
0
0
0
0
0
0
0
-1.86583e-16
3.44026e-16
5.17725e-16
-3.95792e-16
0
0
0
0
0
0
0
0
0
0
0
0
0
0
0
0
0
0
0
0
0
0
0
0
0
0
0
0
0
0
0
0
0
0
0
-2.92401e-08
-3.3732e-08
0
0
0
0
0
0
0
0
0
0
0
0
0
0
0
0
0
0
0
0
0
2.87084e-14
-1.69152e-14
0
0
0
0
0
0
0
0
0
0
0
0
0
0
0
1.03719e-15
-1.36508e-15
0
0
0
0
0
0
0
0
0
0
0
0
2.35752e-16
4.30322e-16
5.86327e-16
-5.08924e-16
0
0
0
0
0
0
0
0
0
0
0
0
0
0
0
1.56715e-15
0
0
0
0
0
0
0
0
0
0
0
0
0
0
0
0
0
0
0
0
0
-7.85109e-17
-1.34741e-16
-4.44587e-13
-1.08856e-13
0
0
0
0
0
0
0
-4.05593e-08
-2.74394e-08
0
-1.58331e-16
4.31221e-17
-4.93877e-16
0
0
0
0
0
0
0
0
3.74911e-13
3.395e-13
0
0
0
1.00269e-14
0
-3.44117e-19
2.41969e-16
0
0
0
0
0
0
0
0
0
0
0
0
0
0
0
0
-3.40912e-15
0
0
0
0
0
0
0
9.61998e-15
0
0
0
0
0
0
0
0
0
0
0
0
0
0
0
0
0
0
0
0
0
0
0
0
0
0
0
0
0
0
0
0
0
0
-7.79426e-15
-8.46521e-15
0
0
0
0
0
0
0
0
0
0
0
0
0
0
0
8.24503e-17
0
0
0
0
0
0
0
3.66223e-15
0
0
0
0
0
0
0
0
0
0
0
0
0
0
0
0
0
0
0
0
0
0
0
0
0
0
0
0
0
0
0
0
0
0
0
0
0
0
0
0
0
0
0
0
0
0
0
0
0
0
-1.20666e-15
3.69455e-16
0
0
-7.20196e-08
6.6364e-08
-4.50902e-08
-3.51951e-08
0
5.56092e-31
0
0
0
0
0
0
0
0
0
0
0
0
0
0
0
-4.10287e-08
-2.59329e-08
0
0
0
0
0
0
0
0
0
0
0
3.28765e-16
0
0
0
0
0
0
0
0
0
0
0
0
0
0
0
-1.33435e-14
0
0
0
0
0
-4.00048e-16
7.44854e-16
0
0
0
0
0
0
0
0
0
0
0
0
0
-1.09925e-30
0
0
0
0
0
0
0
0
0
0
0
0
0
0
0
0
0
0
0
-2.34562e-14
0
0
0
0
0
-3.02596e-15
0
0
0
0
0
0
0
0
0
0
0
0
0
0
0
0
0
0
0
0
0
0
0
0
0
0
0
0
0
0
0
0
0
0
0
0
0
0
0
0
0
0
0
0
-1.83491e-16
0
0
0
0
0
0
0
0
0
0
0
0
0
0
0
0
0
0
0
0
-7.95379e-08
8.2096e-08
8.22836e-08
-8.17201e-08
0
0
0
0
6.5578e-08
-6.9218e-08
0
0
0
0
0
0
0
0
0
0
0
0
0
0
0
0
0
0
0
0
0
0
0
0
0
0
0
7.26951e-16
-1.33458e-15
0
0
0
0
0
0
0
0
0
0
0
0
0
0
0
0
0
0
0
0
0
0
0
0
-4.86422e-17
0
-2.4925e-15
0
0
0
0
0
0
0
0
0
-4.94796e-15
0
0
0
0
0
0
0
0
0
0
0
0
0
0
0
0
7.6603e-08
-7.2114e-08
0
0
0
0
2.94111e-18
1.60967e-16
0
0
0
0
0
0
9.15056e-16
-1.04145e-15
0
0
0
0
0
0
0
0
0
0
0
0
0
0
0
-3.70178e-08
-3.92241e-08
0
0
0
0
0
0
0
0
0
0
0
0
0
0
0
0
0
0
0
0
0
0
0
0
0
0
0
8.10115e-15
0
0
0
0
0
1.10119e-14
3.60949e-16
0
0
0
0
0
-5.76565e-13
1.28658e-13
0
0
0
0
0
0
0
0
0
0
0
0
0
0
0
0
0
0
0
0
0
0
0
0
0
0
0
0
0
0
0
0
0
0
0
0
0
0
0
0
0
0
0
0
0
0
0
0
0
0
6.02645e-16
0
0
0
0
0
0
0
0
0
0
0
0
0
0
-4.13712e-08
-3.07375e-08
0
-6.48642e-16
4.09834e-16
0
0
0
0
0
0
0
0
0
0
0
0
9.58286e-14
-6.5177e-13
2.14485e-08
6.7058e-09
0
0
0
-7.83532e-16
1.18863e-15
0
0
0
0
0
0
0
0
0
0
0
0
0
0
0
0
0
0
0
0
0
0
0
0
0
0
0
0
0
0
0
0
0
0
0
0
0
0
0
0
0
-2.96827e-15
0
0
0
0
0
0
0
0
0
-1.8336e-16
0
0
0
0
0
0
0
0
0
-2.55264e-13
0
-2.21825e-16
0
0
0
0
0
0
0
0
0
0
0
0
-4.11613e-17
0
0
0
0
2.91426e-17
0
0
0
0
0
0
0
0
0
0
0
0
0
0
0
0
-3.45173e-08
-4.27151e-08
0
0
7.39581e-18
-2.02068e-34
0
0
3.19983e-08
1.863e-08
0
0
0
-6.64164e-15
0
1.13567e-16
1.90409e-16
-5.8826e-18
0
0
0
0
0
0
0
0
0
0
0
0
0
0
0
0
0
0
0
0
0
0
0
0
0
0
0
0
7.81145e-18
-2.0797e-17
0
0
0
0
0
0
0
0
0
0
0
0
0
0
0
0
0
0
0
0
0
0
0
0
0
0
0
0
0
0
0
0
0
0
0
0
0
0
0
0
0
0
0
0
0
0
0
0
0
0
0
0
0
1.15323e-14
0
0
0
0
0
0
0
0
0
0
0
0
0
6.8348e-08
-7.49972e-08
0
0
0
0
0
0
0
0
2.92604e-15
0
0
0
0
0
0
0
0
0
0
0
0
0
0
0
0
0
0
-1.64672e-30
5.20785e-16
0
0
0
0
0
0
0
0
0
0
0
0
0
0
0
0
0
0
0
0
0
0
0
0
0
0
0
0
0
0
0
0
0
0
0
0
0
-6.304e-16
4.70362e-16
0
0
0
0
0
0
0
0
0
0
0
0
1.07699e-17
4.2921e-17
0
0
0
0
0
0
0
0
0
0
0
0
0
0
0
0
0
0
0
0
0
0
0
0
0
0
0
0
0
0
0
0
0
0
0
0
0
0
0
0
0
0
0
0
0
0
0
0
0
0
0
1.89208e-16
0
0
0
0
0
0
0
0
0
0
0
0
0
0
0
-5.43229e-16
0
0
0
0
0
0
0
0
0
0
0
0
0
0
0
0
0
0
0
0
0
0
0
0
0
0
0
0
0
0
0
1.43707e-16
-2.95923e-17
0
0
0
0
0
0
0
0
0
0
0
0
0
0
0
0
0
0
0
0
0
0
0
0
0
0
0
0
0
0
0
0
0
0
7.08897e-18
0
0
0
0
-2.68291e-14
-2.17689e-15
0
0
0
0
0
0
0
0
0
0
0
0
0
0
0
0
0
0
0
0
0
0
0
0
1.15187e-16
2.23486e-16
0
0
0
0
0
0
0
0
0
0
0
0
0
0
0
0
0
0
0
0
0
0
0
0
0
0
0
0
0
0
0
0
0
0
0
0
-2.59795e-15
0
0
0
0
0
0
4.14051e-16
-1.50229e-15
0
0
0
0
0
0
-1.0966e-15
-5.45038e-16
0
1.09061e-16
0
-1.64241e-30
0
-1.61447e-16
0
0
0
0
0
0
0
0
0
0
0
0
0
0
0
0
0
0
4.11227e-16
0
0
0
0
0
0
0
0
0
0
0
0
0
0
0
0
0
0
0
0
0
0
0
0
0
0
0
0
0
0
0
0
0
0
0
0
0
2.20986e-15
0
0
0
0
0
0
0
1.02914e-12
1.03659e-12
1.62529e-12
0
0
0
0
0
0
0
0
0
1.09037e-12
0
0
0
0
0
0
0
0
0
0
0
0
0
0
0
0
0
0
0
0
0
0
0
0
1.146e-12
0
0
0
0
0
0
0
0
0
0
0
1.31289e-12
0
0
-1.41186e-15
-2.37801e-15
0
0
0
2.74622e-13
0
0
0
0
0
0
0
0
0
0
0
9.63354e-15
0
0
0
0
0
3.13058e-16
0
-4.80028e-16
0
0
0
0
0
-3.84687e-16
1.37749e-16
-7.15852e-08
7.31e-08
0
0
1.65863e-12
0
0
9.07665e-13
0
0
0
0
9.48932e-13
8.77771e-13
-1.3579e-31
0
0
0
0
0
0
0
0
0
0
7.53487e-08
-7.8085e-08
0
0
1.26923e-16
1.169e-12
0
0
0
0
0
0
0
0
0
0
4.60395e-15
0
0
0
7.94224e-13
0
0
0
0
0
0
0
0
0
0
0
0
0
0
0
0
0
0
0
0
0
0
0
1.44966e-12
-4.46077e-08
-3.67139e-08
0
-1.17399e-14
-6.25215e-16
0
0
0
2.21256e-16
0
0
0
0
0
0
0
0
1.52474e-12
0
0
0
-3.22918e-16
1.06294e-16
3.06686e-16
0
0
0
0
0
0
0
0
0
0
0
0
0
0
0
0
0
0
0
-1.47633e-14
0
0
0
0
0
1.08313e-13
-1.16735e-12
0
0
0
0
0
0
0
0
0
0
0
0
0
0
0
0
0
0
0
0
0
0
0
0
-8.44103e-16
-2.58231e-08
-4.31715e-08
0
0
0
0
0
0
0
0
0
2.22437e-30
1.65091e-15
0
0
0
0
0
0
0
0
0
0
0
0
0
0
0
0
0
0
0
0
0
0
0
0
0
0
0
0
0
0
0
0
0
0
0
0
-2.51305e-16
1.53201e-16
0
6.90427e-08
-6.36184e-08
0
0
0
1.20112e-12
0
0
0
0
0
0
-8.9664e-15
0
0
0
0
-4.00996e-16
0
0
0
0
0
0
0
0
0
0
0
0
0
0
0
0
0
0
0
-4.66977e-15
2.6118e-15
0
0
0
0
1.34071e-12
0
-1.28261e-15
4.73981e-16
0
0
0
0
0
0
0
1.12042e-12
0
0
0
0
0
0
0
0
0
0
0
0
0
0
0
0
0
0
0
0
0
0
0
0
0
0
0
0
-2.99939e-14
-1.88372e-12
0
0
0
0
0
0
0
1.18333e-12
0
0
0
9.79694e-13
0
0
0
0
0
0
4.67336e-16
1.41112e-15
0
0
-3.29116e-16
0
0
2.08121e-16
-2.52302e-16
0
2.28688e-16
-1.621e-16
0
0
0
1.3168e-12
0
0
0
0
0
0
0
0
0
0
0
0
0
0
0
1.20486e-12
1.30145e-12
0
0
0
0
0
0
0
0
-7.95811e-16
5.34814e-16
0
0
0
0
0
-2.42592e-13
0
0
3.55724e-16
0
0
0
0
0
0
0
-3.43714e-16
0
0
-2.65755e-15
0
0
-4.64873e-17
0
0
0
0
0
0
0
0
0
0
0
0
0
0
0
0
6.34355e-15
0
0
0
0
0
3.47812e-16
0
0
3.32519e-15
0
0
0
0
0
0
0
0
0
0
0
0
0
0
0
0
0
0
0
0
0
0
-5.39222e-16
2.12034e-16
4.09631e-16
6.09054e-17
0
-1.42689e-16
0
0
0
0
0
0
0
0
0
0
0
0
5.68087e-13
0
0
0
0
-7.22461e-13
0
-7.44315e-16
0
0
0
0
0
-3.01043e-16
4.59924e-17
0
0
8.19268e-13
8.30726e-13
0
0
0
0
0
0
0
0
0
0
0
0
0
0
0
0
0
0
0
0
0
0
0
0
0
1.59668e-12
0
0
-1.02692e-16
0
0
0
0
0
0
0
0
0
2.91806e-16
0
0
0
-2.74613e-16
0
0
0
0
0
0
0
0
0
0
0
0
0
0
0
1.12829e-12
0
0
0
0
0
0
0
0
0
0
0
4.91578e-13
0
0
0
0
0
0
1.1317e-15
0
0
0
0
0
0
0
0
-2.1985e-30
-7.16349e-17
-1.48822e-15
0
0
0
0
0
0
0
0
0
0
0
0
0
2.1617e-12
0
0
0
0
0
0
0
0
0
0
3.83114e-12
0
0
0
0
0
0
0
0
1.14408e-12
0
0
0
0
0
0
0
0
0
0
0
0
0
0
0
0
0
4.37888e-16
0
0
-1.82033e-16
-2.69029e-16
0
0
-7.69235e-09
1.02674e-08
0
1.55236e-12
1.45624e-12
1.38691e-12
0
0
2.09718e-12
0
0
0
0
0
0
0
0
1.29622e-12
0
0
0
0
0
0
0
0
0
0
0
0
0
0
0
0
0
0
0
0
0
0
0
0
0
0
0
0
0
-7.4053e-16
-6.06294e-17
0
0
0
0
0
0
0
2.04909e-16
0
-1.70652e-17
0
0
0
0
0
0
0
0
0
-2.07899e-16
0
0
0
4.06038e-16
0
0
0
0
0
0
0
0
0
-1.58364e-12
-2.03971e-16
-2.3661e-12
0
6.3973e-17
0
4.20784e-17
-2.05e-15
0
0
0
0
0
0
0
0
0
1.30595e-16
0
0
0
0
0
0
0
0
0
0
0
6.78337e-13
0
0
0
0
2.88937e-16
-2.51485e-15
1.50105e-12
0
0
0
0
0
0
0
0
0
0
0
0
0
-2.02721e-16
-2.98017e-16
0
0
0
0
0
1.44382e-16
-5.87574e-17
6.21083e-16
1.72203e-15
0
2.21978e-15
0
1.80302e-15
0
0
0
-3.86787e-15
2.99084e-17
0
0
0
0
0
0
0
0
0
0
0
0
0
0
0
0
2.31542e-15
-8.60873e-16
0
0
0
0
0
0
-9.03949e-13
1.97953e-13
0
0
0
0
0
0
0
0
0
0
0
0
0
0
-3.82939e-16
5.82779e-16
0
0
0
0
0
0
0
0
0
-4.01291e-16
0
0
0
0
0
0
0
0
0
0
0
0
0
1.44195e-16
1.58235e-12
0
0
0
0
0
3.18286e-15
0
0
0
0
0
0
0
0
0
0
0
0
0
0
0
0
0
0
3.99292e-16
0
0
0
0
0
0
0
0
0
0
0
0
0
0
0
-7.06236e-29
0
0
0
0
0
4.63262e-15
0
0
0
0
0
2.61745e-13
2.53589e-13
0
0
0
0
0
9.58618e-16
0
0
0
0
2.32419e-17
2.97577e-16
0
0
0
-1.22461e-16
0
0
0
0
0
0
0
0
0
0
0
0
0
0
0
0
0
0
0
0
0
0
0
0
0
0
0
0
0
0
7.60797e-16
-4.34781e-16
-3.95981e-17
0
0
1.23493e-15
0
2.31034e-13
3.45456e-13
-4.02481e-16
0
0
0
0
0
0
0
0
0
0
8.8508e-12
0
0
0
0
0
0
0
0
8.33586e-18
-1.13601e-17
0
-6.53322e-13
0
0
0
0
-1.42261e-08
-7.04478e-10
0
0
0
0
8.44924e-13
0
0
-5.8496e-17
0
0
0
0
0
0
0
0
0
0
0
0
0
0
0
0
0
0
0
0
0
0
0
0
-1.67472e-15
0
0
0
0
0
0
0
0
0
0
0
0
0
0
1.23419e-14
0
0
0
3.2113e-16
0
0
0
0
0
0
0
0
0
0
0
0
-1.5102e-15
1.39685e-16
-7.00737e-18
-5.37955e-17
0
0
0
0
0
0
1.32543e-16
0
-6.62849e-16
0
0
0
0
0
0
0
0
0
0
0
0
0
0
0
-3.99608e-16
6.17324e-17
0
0
0
0
0
8.77223e-12
0
0
0
0
0
0
0
0
0
0
0
9.16488e-12
1.22686e-16
-1.7235e-16
0
0
0
0
0
-3.88256e-16
0
0
0
0
0
0
0
3.15976e-13
0
0
0
0
0
0
0
1.53897e-16
0
0
0
0
-1.33326e-15
0
0
0
0
0
0
0
0
0
0
0
0
0
0
0
0
0
0
1.4069e-12
0
0
0
0
0
0
0
0
0
0
0
0
4.07869e-15
0
0
0
0
0
0
7.53829e-16
0
0
0
0
-3.56072e-16
0
0
-2.01738e-15
0
0
0
0
0
0
0
0
0
-1.4535e-08
5.0251e-16
0
4.77906e-15
0
0
0
0
0
0
0
0
0
0
0
0
0
0
0
0
0
0
0
0
0
0
-1.09078e-16
7.10441e-16
0
0
0
0
0
0
0
0
0
0
0
0
0
0
0
0
0
0
0
0
0
0
0
0
0
0
0
0
0
0
0
0
0
0
0
0
0
0
0
0
0
0
0
0
0
-1.61489e-16
0
0
0
2.69865e-15
0
0
0
0
0
0
0
0
0
0
0
0
0
0
0
0
0
0
0
0
-8.83627e-17
0
0
0
0
1.33552e-12
0
0
0
0
0
0
0
0
0
0
0
0
0
0
0
0
0
0
0
0
0
0
1.09251e-14
0
0
0
0
0
0
0
0
0
0
0
0
0
0
0
0
0
9.95284e-12
0
0
0
0
7.02468e-18
-3.08784e-16
0
0
0
0
0
0
0
0
0
0
0
1.01888e-14
0
0
0
0
-4.24591e-16
0
0
-5.79578e-16
7.27403e-16
0
0
0
0
0
0
0
0
0
0
0
0
0
-1.29109e-17
0
0
0
0
1.0045e-12
1.64164e-12
0
0
0
0
0
0
0
0
0
0
0
0
0
0
0
0
0
0
0
0
2.4533e-15
0
0
0
-5.39978e-13
0
0
0
0
0
0
0
0
0
0
0
0
0
0
0
0
0
0
0
0
1.35848e-15
-4.35899e-15
0
-1.6121e-16
7.00681e-16
0
0
0
-3.65085e-17
-1.77861e-15
0
0
0
0
0
0
0
-2.28994e-16
0
0
0
0
-2.95219e-16
0
0
0
0
0
0
2.26643e-16
0
0
0
0
0
0
0
0
0
0
-7.82898e-16
0
0
0
0
0
0
0
1.64466e-18
-1.16241e-16
0
0
0
0
0
0
0
0
0
0
0
0
0
0
0
0
0
0
0
0
0
7.89769e-08
0
0
0
1.65345e-16
0
0
0
0
0
0
0
0
0
0
0
0
0
0
0
0
0
-3.71197e-16
0
0
0
8.83907e-17
0
0
0
0
0
-1.15446e-16
-7.6356e-16
0
0
0
1.37277e-15
0
0
0
0
0
0
0
0
0
0
0
0
-3.01651e-15
0
0
0
0
0
0
0
0
0
0
0
0
0
-1.77988e-15
0
0
0
0
0
0
0
-2.27333e-15
0
0
0
0
0
0
0
0
3.57729e-16
0
0
-2.78395e-15
0
0
0
0
0
0
0
0
0
0
0
-5.81545e-18
0
0
0
0
0
0
0
0
0
0
0
0
0
0
0
0
0
0
0
0
0
0
0
0
0
0
-1.32078e-18
0
0
0
0
0
0
0
0
0
4.84789e-09
0
0
0
0
0
-1.5589e-16
0
0
0
0
0
0
0
0
0
0
-6.73166e-17
0
3.52372e-13
1.64801e-13
0
0
0
0
0
0
0
0
1.63768e-15
0
0
0
0
0
0
0
0
0
0
0
0
0
0
0
0
0
0
0
0
0
0
0
0
0
0
0
-1.547e-16
0
0
0
0
0
0
2.69718e-12
-7.69439e-16
0
0
0
0
0
0
0
0
0
0
0
-1.03133e-15
0
0
0
0
0
0
0
0
0
0
0
0
0
0
0
0
0
0
0
0
-1.64234e-08
0
0
-1.05188e-08
0
0
0
0
0
0
0
0
0
0
0
0
0
0
0
0
0
0
0
0
0
0
0
0
0
0
0
0
0
0
0
0
0
0
0
0
5.86346e-12
0
0
0
0
0
0
0
0
0
0
0
0
0
0
0
0
0
0
0
1.4871e-16
0
0
0
0
0
0
0
0
0
-1.96738e-15
9.63529e-16
0
0
0
0
0
0
0
-1.60447e-15
0
0
0
0
9.04452e-12
0
0
0
0
1.99151e-17
0
7.66468e-17
0
0
0
0
0
-2.99109e-08
0
0
0
0
0
0
0
0
0
9.74329e-12
0
0
0
0
0
0
0
0
0
0
-1.28394e-16
8.87727e-17
0
3.27291e-08
0
0
-1.01182e-12
1.56216e-13
3.44661e-13
0
0
-1.10437e-12
-3.00054e-16
-3.28483e-16
0
0
0
0
0
0
0
-6.1951e-16
0
0
0
0
0
0
0
0
0
0
0
0
0
0
0
0
0
0
0
0
3.69573e-13
0
0
0
0
0
0
0
0
0
0
-2.4789e-08
0
0
0
0
-5.40656e-17
6.3567e-17
0
-6.13817e-16
0
0
0
-2.09785e-08
0
0
0
0
0
0
0
0
-2.59409e-17
0
0
0
0
0
2.30164e-16
0
0
0
0
0
0
0
0
2.52724e-16
-4.10244e-16
-1.64158e-12
0
0
0
0
0
0
0
1.20014e-14
0
0
0
0
0
-7.33043e-09
0
0
0
1.3361e-16
0
0
0
0
0
0
0
0
0
0
0
0
0
0
0
0
0
0
0
0
0
0
0
0
0
0
0
0
0
0
0
0
0
0
0
0
0
0
0
0
0
0
-1.3324e-15
0
0
0
0
0
0
0
0
0
0
0
0
0
0
0
0
0
0
0
0
0
0
0
0
0
0
-5.53128e-31
0
0
0
1.0893e-16
0
0
0
0
0
0
0
0
0
0
0
0
3.68494e-17
-1.99532e-16
0
0
0
0
0
-3.96846e-16
0
0
0
0
-1.89255e-12
1.11496e-13
-4.09209e-16
0
0
0
0
0
0
0
2.04571e-15
-9.50867e-17
5.43789e-12
0
0
0
0
0
0
0
0
0
0
0
0
0
0
0
0
0
0
0
1.04416e-12
4.43923e-09
0
0
-1.03669e-12
2.18435e-13
2.99311e-13
0
0
0
0
0
0
0
0
0
0
0
0
0
-3.67069e-17
0
0
0
0
0
0
0
0
0
0
0
-6.0444e-13
0
-3.59279e-13
1.2713e-16
0
0
0
0
0
0
0
0
-1.81367e-14
0
0
0
0
0
0
0
0
0
0
0
0
0
0
0
0
0
0
0
0
0
0
-7.96963e-16
0
4.32469e-13
-7.36395e-12
0
0
0
0
0
0
0
0
0
0
0
0
-1.20631e-08
0
0
0
0
0
0
0
0
0
0
0
0
0
0
0
0
0
0
3.05097e-13
2.16803e-13
0
0
0
0
0
0
0
0
0
0
0
0
0
0
0
0
0
-2.0113e-13
0
0
0
0
0
1.11218e-30
0
0
0
0
0
0
0
0
0
0
0
0
0
0
0
0
0
7.81407e-15
-1.04816e-16
0
1.98655e-13
0
0
0
0
0
0
4.72821e-16
0
0
0
0
0
-5.96592e-17
0
0
0
0
0
-2.76429e-31
-9.66635e-16
0
0
0
0
0
0
3.0813e-16
0
7.65424e-15
0
0
0
-1.78249e-15
8.98612e-16
0
0
0
0
0
-3.85329e-16
0
0
0
0
0
0
0
0
0
0
-4.07816e-13
-1.50159e-15
0
0
0
1.40869e-08
0
0
-2.44661e-13
-8.08262e-12
0
0
0
-1.20241e-08
0
0
0
0
0
-1.18249e-16
0
0
0
0
0
0
0
0
1.27224e-16
-1.24336e-15
0
0
0
0
0
0
0
0
0
0
0
0
0
0
0
0
0
0
2.18726e-08
1.44798e-12
0
0
-1.61713e-16
0
0
0
0
1.9489e-17
2.54315e-16
0
0
0
0
0
0
0
0
0
0
0
0
0
-3.41937e-09
0
0
0
-1.26076e-15
1.91253e-08
0
0
0
0
0
0
0
0
0
0
2.92599e-16
2.06653e-08
0
0
0
0
0
0
0
0
0
0
0
1.2707e-16
0
0
0
0
0
-1.0777e-33
0
0
0
1.07168e-08
0
0
0
0
-1.0767e-16
0
-3.6444e-08
5.95588e-09
0
0
0
0
0
0
0
0
0
0
0
0
0
0
0
0
0
0
0
-8.27671e-31
0
0
0
0
0
0
0
0
0
0
2.35065e-14
0
-2.45783e-16
0
0
0
0
0
0
0
0
0
-9.78538e-15
0
8.49024e-09
0
5.54475e-16
0
0
0
0
0
0
-1.05339e-15
0
0
0
0
0
0
0
0
-1.96211e-15
1.87479e-16
0
0
0
0
0
0
2.78046e-31
0
0
0
0
0
0
0
0
3.14989e-13
0
0
1.04959e-15
-1.13514e-15
0
0
0
0
0
0
0
0
0
0
0
1.11683e-15
0
0
0
0
0
0
0
0
-3.7018e-16
0
0
0
0
0
0
0
0
0
0
0
0
1.05409e-16
0
0
0
4.44068e-16
2.05671e-16
0
0
0
0
0
0
0
0
0
0
-7.77192e-13
1.44123e-13
0
0
0
0
0
0
0
2.03757e-16
-3.52108e-18
0
0
0
-1.02826e-15
0
0
0
0
0
0
0
0
0
8.75349e-17
0
0
0
0
0
3.38679e-18
0
0
0
0
0
0
0
0
0
-9.18472e-13
0
1.47805e-16
0
7.60853e-13
0
0
0
0
0
0
0
0
0
0
0
0
0
0
0
0
0
0
-1.37028e-16
-2.27359e-17
0
0
0
0
-3.08096e-16
0
0
-7.72574e-12
0
0
0
0
0
0
0
0
0
0
0
0
0
0
0
0
0
0
0
0
0
0
0
0
0
0
2.15502e-16
0
0
0
0
0
0
0
6.85509e-17
2.7101e-13
0
0
0
0
0
0
0
0
0
0
0
0
0
0
0
0
0
0
0
0
0
0
9.44026e-15
0
0
2.76011e-13
4.61685e-17
4.5699e-17
0
-2.6238e-16
0
0
7.15382e-16
1.72774e-17
0
0
-1.40631e-12
0
0
0
0
4.71428e-17
0
0
0
0
-3.88859e-15
-7.70099e-15
0
1.8666e-16
-8.50808e-16
0
0
0
0
0
0
0
0
0
0
0
0
-6.74403e-16
3.37525e-16
0
0
-9.45971e-18
0
0
0
0
0
0
-8.39997e-17
-1.34257e-17
0
-2.3112e-16
0
0
-1.97184e-13
0
0
0
0
0
0
0
0
0
6.62797e-13
2.45846e-08
0
0
0
0
0
0
0
0
0
0
0
0
0
0
0
0
0
0
0
0
0
0
0
0
0
0
0
0
-6.63229e-09
0
0
0
0
0
0
0
0
0
0
4.57383e-08
0
0
0
0
0
0
0
0
0
0
0
-1.24635e-12
0
0
0
-9.31785e-18
0
0
0
0
2.20666e-08
-3.76729e-17
0
0
0
0
0
0
0
0
0
0
0
0
-1.09827e-12
4.13921e-13
0
0
0
0
6.14441e-09
0
0
0
0
0
0
0
0
0
0
0
8.38613e-18
0
0
0
0
0
0
0
0
0
0
0
0
0
0
0
0
0
0
0
0
0
0
0
0
3.29061e-16
0
0
0
0
0
0
0
0
0
0
0
0
0
0
0
0
0
0
0
0
3.93084e-08
0
1.22147e-08
0
0
0
0
0
0
0
0
0
0
0
0
0
0
0
0
0
0
0
0
0
0
0
4.04087e-15
6.06147e-16
0
0
0
0
3.28548e-08
1.34546e-12
0
0
0
0
0
0
0
0
0
0
0
0
0
0
0
0
0
0
0
0
0
0
0
0
0
0
0
0
-3.95318e-09
1.12422e-12
0
1.6025e-16
0
0
0
0
0
0
0
0
0
0
0
0
0
0
0
0
0
0
0
4.18932e-16
0
6.16768e-16
0
0
0
0
0
0
0
0
0
0
0
0
0
0
0
0
0
6.74111e-18
2.93706e-08
0
-1.6268e-16
0
0
0
0
0
-5.55361e-09
0
1.38734e-14
0
-7.32223e-12
0
0
0
0
1.30713e-12
2.10333e-08
0
0
0
0
0
0
0
0
0
0
0
0
0
0
0
0
0
0
0
0
0
0
0
0
0
0
0
0
0
0
0
0
0
0
0
0
0
-2.42991e-16
0
0
0
0
0
0
0
0
0
-3.81914e-13
0
0
0
0
0
0
0
0
0
0
2.43195e-08
0
0
-1.35373e-08
0
0
0
0
0
0
0
0
0
0
0
0
0
0
0
0
0
0
0
0
0
0
-1.96318e-15
-1.03679e-15
0
0
0
0
0
0
3.71275e-09
0
0
0
0
0
0
-1.73921e-16
-4.62762e-13
0
0
0
1.08626e-14
0
3.10377e-13
0
0
2.14497e-15
-3.28853e-17
0
3.65092e-17
0
-2.04929e-16
4.95703e-17
0
0
0
0
0
0
0
0
0
1.40465e-08
0
0
0
0
0
0
0
0
0
0
0
0
0
0
0
0
0
0
0
0
0
0
0
0
0
0
0
0
0
0
0
-8.5032e-16
0
-6.61829e-09
0
1.76638e-13
0
0
0
0
0
0
0
0
0
-2.24176e-08
-1.0843e-15
0
0
0
0
0
0
0
-2.23051e-16
0
0
0
0
0
0
-6.03127e-08
5.10954e-09
0
0
0
-2.15527e-15
2.63773e-15
0
0
0
0
0
-1.77992e-08
0
0
-7.86716e-09
0
0
0
0
0
-2.4628e-13
3.40466e-17
0
0
0
0
0
0
0
0
0
0
0
0
0
0
0
0
0
0
0
0
0
0
3.49732e-08
0
1.02739e-12
-1.02264e-09
0
0
0
0
0
0
0
0
0
0
0
0
0
0
0
0
0
0
0
0
0
0
1.71247e-16
0
0
0
0
0
0
0
0
0
0
0
0
0
0
0
0
0
0
0
0
0
0
-2.7619e-13
0
0
0
0
0
0
0
0
0
0
0
0
0
0
0
0
0
-2.61206e-18
0
0
0
0
0
0
0
0
0
0
0
-5.51242e-31
0
0
0
0
0
0
0
0
0
0
2.68982e-08
6.29903e-16
0
-2.34917e-16
0
0
0
0
0
4.09228e-17
0
0
0
0
0
0
0
0
4.8994e-08
0
-3.61766e-13
0
0
0
0
1.49631e-15
0
4.45603e-16
4.87286e-08
0
-6.57414e-17
0
0
0
0
0
0
0
0
0
0
0
0
0
0
0
0
0
0
0
0
-2.75918e-13
0
0
0
2.77471e-13
0
-1.19216e-15
0
0
0
0
0
0
0
0
0
0
0
0
0
-2.32673e-16
0
0
0
0
0
0
3.90345e-15
0
0
0
1.52356e-15
-4.17973e-16
0
0
-1.04389e-15
-1.30565e-15
0
0
0
0
0
0
0
0
0
0
0
0
0
0
0
2.01978e-16
0
0
0
0
0
0
0
0
0
-5.49557e-16
0
0
0
0
0
0
0
0
2.50701e-13
0
0
0
0
0
0
0
0
0
0
0
0
0
0
0
0
0
0
0
0
0
-4.41209e-17
0
-7.09644e-15
0
0
4.31006e-16
0
0
0
0
-1.99762e-16
0
0
0
0
0
0
0
0
0
0
1.97824e-12
2.61796e-12
0
0
0
0
4.70876e-13
2.01268e-13
0
0
0
0
0
1.31748e-16
0
0
0
0
0
0
0
0
0
0
0
0
0
-3.20767e-16
0
-7.17443e-15
0
2.78367e-13
0
0
0
0
0
3.98432e-17
0
0
0
0
0
0
0
0
0
0
0
0
0
-5.07955e-15
2.21444e-13
0
0
0
0
1.02409e-16
6.32179e-16
-4.74295e-08
0
0
0
0
0
0
0
0
-5.84755e-17
0
0
0
0
0
0
2.00816e-13
-9.91451e-16
-3.28024e-16
0
0
0
-5.53344e-08
0
0
0
-5.65022e-17
0
0
3.70326e-13
2.87714e-13
0
0
-2.16661e-16
0
0
0
0
0
0
0
-1.03371e-15
0
0
0
0
0
0
0
0
0
-2.41144e-13
6.46974e-16
0
-2.85666e-16
0
0
0
0
0
0
0
0
2.29755e-15
-2.85251e-13
0
0
-5.12002e-16
4.60203e-15
0
0
0
6.91507e-15
0
0
0
0
0
5.16313e-08
0
0
0
0
0
0
0
0
0
0
0
0
0
0
-3.31918e-13
0
0
0
0
0
0
0
0
0
0
0
0
0
0
0
0
0
0
0
0
0
-1.34668e-14
6.98412e-17
0
0
0
0
1.96311e-13
0
0
0
0
0
0
0
3.67188e-13
1.70959e-13
0
0
0
0
2.56339e-18
7.02908e-18
0
0
0
0
0
0
0
-8.0585e-14
2.63551e-13
0
0
0
0
0
0
0
0
0
0
0
0
0
0
0
0
0
0
0
-5.81453e-17
1.6944e-17
0
0
0
0
0
0
-4.11749e-16
0
0
0
0
0
0
0
0
0
0
0
-4.1123e-13
0
0
0
0
0
0
0
0
0
0
0
0
0
-2.87818e-15
0
0
0
0
0
1.68748e-13
2.29627e-13
0
0
0
-5.62893e-15
0
0
0
0
0
0
0
0
0
0
0
0
0
0
0
1.06271e-08
1.01931e-12
0
0
0
0
-1.0121e-15
2.62987e-15
0
0
0
0
-2.14815e-15
0
0
0
0
0
0
0
0
0
0
0
0
0
0
3.17971e-15
0
-3.90312e-17
0
0
0
0
0
0
0
1.13813e-13
0
0
0
0
0
0
0
0
0
0
0
0
0
0
0
0
0
0
1.98683e-15
0
0
0
0
0
0
0
0
0
0
0
0
0
0
0
0
-2.56066e-13
0
0
0
0
0
0
0
0
0
0
0
0
0
0
0
0
1.58013e-13
3.24471e-18
-5.93094e-15
0
0
0
0
0
0
0
0
0
0
0
0
0
0
-5.88582e-17
-3.21706e-13
0
0
0
0
0
0
0
0
0
0
0
0
0
0
-2.99877e-13
0
4.89309e-18
0
0
0
0
6.63331e-17
0
0
0
0
0
0
0
0
0
0
0
0
0
0
0
0
0
0
0
0
0
0
0
0
0
0
0
0
0
0
0
0
0
0
0
0
0
0
0
0
0
0
0
0
0
0
0
0
0
0
0
0
2.17615e-13
2.21296e-13
0
0
0
3.27189e-13
0
0
0
0
0
0
0
0
0
0
0
0
0
0
0
0
0
0
0
0
0
0
0
0
0
0
0
0
0
0
0
0
0
0
0
0
0
0
0
0
0
0
2.33624e-13
0
0
0
0
0
0
0
0
0
0
0
0
0
0
0
0
0
0
0
0
0
0
0
0
0
0
0
0
0
0
-2.86987e-17
0
0
0
0
0
0
0
0
0
0
0
0
0
0
0
1.60914e-16
0
0
0
0
0
0
0
0
0
0
0
0
0
0
0
0
0
0
-3.21861e-16
0
0
0
0
0
0
0
0
0
0
0
0
0
0
0
0
1.98114e-08
0
0
0
0
0
0
-3.93985e-16
0
0
0
0
0
0
3.91059e-16
0
0
0
5.49467e-16
0
0
0
0
0
0
0
0
0
0
0
0
0
0
-3.16169e-13
0
0
0
0
0
0
0
0
0
0
0
0
0
0
0
0
0
0
0
0
0
0
0
0
0
0
-1.63996e-17
0
0
0
0
0
0
0
0
0
0
0
0
0
0
0
0
3.37605e-16
0
0
0
-7.62261e-13
0
0
0
0
0
0
0
0
0
9.34452e-09
0
0
0
0
0
0
0
0
0
2.18724e-13
0
0
0
0
0
0
0
0
0
0
0
0
0
0
0
0
0
0
0
0
0
0
0
0
0
0
0
-3.31948e-13
0
0
0
0
0
0
-2.18809e-12
0
0
0
0
0
0
0
0
1.74538e-08
0
-1.00645e-16
0
0
-2.0209e-13
0
0
3.97887e-15
0
0
0
4.65483e-14
0
0
0
0
0
0
0
0
-2.0947e-12
0
3.20097e-16
0
0
0
0
0
-9.76022e-09
3.41712e-16
-2.72922e-15
0
0
0
0
-1.16541e-16
0
0
0
0
0
0
0
0
0
0
0
0
0
0
0
-4.06879e-16
0
0
0
0
0
0
0
0
-1.56805e-15
0
0
0
0
-3.62647e-13
0
0
0
0
0
0
0
0
0
0
0
3.29667e-09
0
0
0
-3.51207e-16
0
0
0
0
0
0
2.06418e-13
0
2.96152e-13
0
0
0
0
-3.47372e-16
0
0
0
0
0
0
0
0
0
-5.16041e-09
0
0
0
0
5.11866e-17
0
0
0
2.74343e-13
0
0
0
0
0
0
0
0
0
0
0
0
0
0
0
0
0
0
0
0
0
0
0
0
-6.28675e-18
0
0
0
0
0
1.72431e-32
0
0
0
0
0
0
0
0
0
0
0
0
0
0
0
0
0
0
-1.78329e-17
2.5401e-13
0
0
0
0
0
0
0
2.395e-13
2.14188e-13
0
0
0
0
0
0
0
0
0
0
0
0
0
-8.35278e-16
0
0
0
0
0
0
0
2.11756e-14
0
0
0
0
-4.70664e-17
0
0
0
0
0
0
0
0
0
0
0
0
0
0
0
0
0
0
0
0
7.99245e-16
0
-1.88947e-13
0
0
2.62227e-13
0
0
0
0
0
0
-3.11696e-13
0
0
0
0
0
-3.37015e-13
0
0
0
0
0
0
0
5.10468e-13
0
0
0
0
0
0
0
0
-1.19061e-16
0
0
-6.93779e-17
0
0
0
0
1.14669e-16
0
0
0
0
0
2.82024e-16
0
0
0
-5.40791e-17
0
0
1.4968e-15
0
0
0
0
0
0
0
0
)
;

boundaryField
{
    frontback
    {
        type            empty;
        value           nonuniform List<scalar> 0();
    }
    topbottom
    {
        type            calculated;
        value           uniform 0;
    }
    outlet
    {
        type            calculated;
        value           nonuniform List<scalar> 0();
    }
    inlet
    {
        type            calculated;
        value           uniform 0;
    }
    walls
    {
        type            calculated;
        value           nonuniform List<scalar> 
151
(
-2.75986e-08
3.5776e-08
-9.91505e-08
4.59977e-08
5.62194e-08
6.64411e-08
1.48215e-07
1.58436e-07
-5.4175e-08
-4.39533e-08
-1.73769e-08
-7.15519e-09
-9.09732e-08
-8.27958e-08
-7.25741e-08
-6.23524e-08
-3.5776e-08
-2.55543e-08
1.02217e-09
9.19953e-09
1.94212e-08
2.75986e-08
3.78203e-08
7.46184e-08
8.27958e-08
9.30175e-08
1.01195e-07
1.11417e-07
1.21638e-07
1.29816e-07
1.40037e-07
7.15519e-09
3.06651e-09
1.73769e-08
-1.94212e-08
2.55543e-08
-3.37316e-08
-4.1909e-08
-5.21307e-08
4.39533e-08
3.98646e-08
-6.03081e-08
5.4175e-08
-8.07515e-08
-8.89288e-08
-8.48401e-08
6.43967e-08
4.8042e-08
7.25741e-08
-9.30175e-08
8.07515e-08
-3.78203e-08
9.09732e-08
-3.06651e-09
-1.07328e-07
9.50619e-08
9.91505e-08
5.11085e-09
1.53326e-08
1.03239e-07
-2.14656e-08
2.35099e-08
-1.32882e-08
-3.16873e-08
3.16873e-08
-3.98646e-08
1.13461e-07
-5.00864e-08
4.1909e-08
-5.82637e-08
-6.84854e-08
1.19594e-07
-7.66628e-08
6.03081e-08
1.53326e-08
1.02217e-09
9.19953e-09
-1.53326e-08
-7.15519e-09
5.21307e-08
-7.87071e-08
-8.68845e-08
6.23524e-08
7.05298e-08
-9.50619e-08
-1.03239e-07
7.87071e-08
1.1755e-07
1.3186e-07
8.89288e-08
-1.05284e-07
9.71062e-08
1.05284e-07
1.15505e-07
1.42082e-07
1.4617e-07
1.56392e-07
1.25727e-07
1.35949e-07
1.12439e-08
1.60481e-07
1.33904e-07
-5.11085e-09
-1.02217e-09
7.15519e-09
-9.19953e-09
1.52303e-07
1.44126e-07
-5.62194e-08
1.54348e-07
-1.01195e-07
1.32882e-08
-3.06651e-09
5.11085e-09
1.62525e-07
1.37993e-07
-1.12439e-08
-5.11085e-09
2.96429e-08
3.37316e-08
-1.94212e-08
1.07328e-07
-2.35099e-08
-7.05298e-08
-7.46184e-08
-1.53326e-08
-9.71062e-08
2.14656e-08
8.68845e-08
5.00864e-08
1.09372e-07
5.82637e-08
1.12439e-08
1.27771e-07
1.50259e-07
-1.02217e-09
6.84854e-08
1.32882e-08
-1.73769e-08
-6.64411e-08
8.48401e-08
7.66628e-08
-1.12439e-08
-4.8042e-08
-6.43967e-08
-2.96429e-08
-1.32882e-08
1.23683e-07
3.06651e-09
-9.19953e-09
-4.59977e-08
)
;
    }
    procBoundary2to0
    {
        type            processor;
        value           nonuniform List<scalar> 
83
(
0
0
0
0
-1.50203e-15
1.65004e-12
0
0
0
0
0
0
0
0
-2.8109e-16
-2.3415e-17
0
0
0
0
0
0
0
0
0
0
0
0
4.42287e-30
0
0
0
0
0
2.02582e-16
0
0
3.35409e-15
0
0
1.48514e-16
0
0
0
0
0
0
0
0
0
0
0
0
0
0
0
0
0
0
0
0
0
5.76305e-08
0
0
0
0
0
0
0
0
0
0
0
0
0
0
0
0
0
0
0
0
)
;
    }
    procBoundary2to3
    {
        type            processor;
        value           nonuniform List<scalar> 
99
(
0
0
-4.94832e-13
0
0
0
0
0
0
0
0
0
0
1.35048e-15
0
0
0
0
0
0
0
0
0
0
0
0
0
0
0
0
0
0
0
0
0
0
0
0
0
0
0
4.397e-30
0
0
0
0
0
0
0
0
0
0
0
0
0
0
0
0
0
0
0
0
0
0
0
0
0
0
0
1.67502e-08
0
0
0
0
0
0
0
0
0
0
0
0
0
0
0
0
0
0
0
0
0
0
0
0
0
0
0
0
0
)
;
    }
}


// ************************************************************************* //
