/*--------------------------------*- C++ -*----------------------------------*\
| =========                 |                                                 |
| \\      /  F ield         | OpenFOAM: The Open Source CFD Toolbox           |
|  \\    /   O peration     | Version:  v2012                                 |
|   \\  /    A nd           | Website:  www.openfoam.com                      |
|    \\/     M anipulation  |                                                 |
\*---------------------------------------------------------------------------*/
FoamFile
{
    version     2.0;
    format      ascii;
    class       surfaceScalarField;
    location    "900";
    object      meshPhi;
}
// * * * * * * * * * * * * * * * * * * * * * * * * * * * * * * * * * * * * * //

dimensions      [0 3 -1 0 0 0 0];
oriented        oriented;


internalField   nonuniform List<scalar> 
20580
(
0
0
0
0
0
0
0
0
0
0
0
0
0
0
0
0
0
0
0
0
0
0
0
0
0
0
0
0
0
0
0
0
0
0
0
0
0
3.07974e-13
-7.40182e-13
0
0
0
0
0
0
0
1.13568e-12
-1.33541e-12
-1.36593e-13
0
0
0
0
0
0
0
0
3.68531e-18
-1.30832e-17
0
2.16983e-15
-1.32077e-15
0
0
0
0
0
0
0
0
0
0
0
0
0
0
0
0
0
0
0
0
0
0
0
0
0
0
0
0
0
0
0
0
0
0
0
0
0
0
0
0
0
0
0
0
0
0
0
-1.22919e-16
-3.50591e-17
0
0
0
0
0
0
0
0
0
1.55263e-08
2.5221e-08
0
0
0
0
0
0
0
0
0
0
0
0
0
0
0
1.48393e-15
-3.26988e-15
0
0
2.95175e-13
1.22432e-13
-8.3407e-13
0
0
0
0
0
0
0
0
-2.57398e-13
0
-1.76459e-13
0
0
0
0
-3.68285e-18
3.81899e-19
0
0
0
-6.19417e-13
-2.99115e-14
0
0
0
0
0
0
0
0
0
0
0
0
0
0
0
-7.25299e-14
-9.49158e-13
0
0
0
0
0
0
0
0
0
0
0
-1.17302e-17
-5.36758e-16
-1.33193e-15
0
0
0
5.72031e-13
-1.17948e-12
0
0
0
0
0
0
2.25667e-13
-6.40683e-33
0
0
0
0
0
0
0
0
0
0
0
0
0
0
0
-3.61712e-13
-8.30963e-14
0
-9.66426e-14
0
0
0
0
7.34954e-15
0
1.40913e-13
-8.56196e-13
2.83873e-13
0
0
0
0
0
0
0
0
0
1.81154e-09
1.75866e-08
0
0
0
0
0
0
0
0
0
0
0
0
0
0
2.15791e-13
1.60783e-13
-7.53834e-13
0
0
0
0
0
3.29059e-15
-1.50337e-16
5.09384e-15
-3.43964e-16
-2.98873e-15
0
0
0
0
0
0
0
0
0
0
0
0
0
0
0
0
0
0
0
0
0
0
0
0
0
0
0
0
0
0
0
0
0
0
0
0
0
0
0
0
0
0
0
0
0
0
0
0
0
0
0
0
0
0
0
0
0
0
0
0
0
0
0
0
0
0
0
0
0
0
0
0
0
4.08366e-15
0
0
0
0
0
0
0
0
0
0
0
0
0
0
0
0
0
0
0
0
0
0
0
0
0
0
0
0
0
0
0
0
0
0
0
0
0
0
0
0
0
0
0
0
0
0
0
0
0
0
0
0
0
0
-6.3111e-15
0
-2.68245e-15
0
0
0
0
0
0
0
-1.72732e-16
0
0
0
0
0
0
0
0
0
0
0
0
0
0
0
0
0
-4.87433e-13
0
0
0
0
0
-1.82382e-13
-1.55635e-16
0
0
0
0
0
0
0
0
0
0
0
0
0
0
0
0
0
0
0
0
0
0
0
0
0
0
0
0
0
0
0
0
0
0
0
0
0
0
0
2.21326e-08
1.3307e-08
0
0
0
0
0
0
0
0
0
0
0
0
0
0
0
0
0
-5.09758e-14
-1.1201e-12
0
0
0
0
-1.70269e-15
-6.95807e-16
0
0
0
0
0
0
0
0
0
0
0
0
0
0
0
0
0
0
0
0
0
0
0
0
2.49744e-16
-5.46983e-31
0
0
0
0
0
4.08658e-15
1.56927e-16
0
0
0
0
0
0
0
0
3.13023e-18
1.90559e-15
0
0
0
0
0
0
0
0
0
0
0
0
0
0
0
0
0
0
0
0
0
-2.5075e-12
0
0
0
0
0
9.9084e-14
-1.18146e-12
0
0
0
0
0
0
0
4.13763e-15
0
0
0
0
0
0
0
0
0
0
0
0
0
0
0
0
1.89157e-14
0
3.3605e-18
9.39225e-18
0
0
0
0
0
0
0
0
0
0
0
0
0
0
-3.71878e-13
-4.21416e-14
0
0
0
0
0
0
0
0
0
0
0
0
0
0
0
0
0
0
0
0
-8.20143e-14
-1.5542e-13
0
0
0
0
0
0
0
0
0
-8.84606e-16
0
0
-7.84732e-16
-1.60595e-16
0
0
0
0
0
0
0
0
0
0
0
0
0
0
0
0
0
0
0
0
0
0
1.23837e-15
0
0
0
0
0
0
0
0
0
0
0
0
0
0
0
0
8.09855e-14
-1.15048e-12
1.62147e-13
0
1.43165e-15
3.84845e-17
0
0
-3.38851e-16
1.27636e-19
0
0
0
0
0
0
0
0
0
0
2.60183e-13
1.34046e-13
-7.89133e-13
0
0
0
0
0
0
0
0
0
0
0
0
0
0
0
0
0
0
0
0
0
0
0
0
0
0
0
0
0
0
0
0
0
0
0
0
0
6.65704e-18
-4.13694e-17
0
0
0
0
0
0
0
0
0
0
3.75477e-13
-8.82709e-13
7.88604e-14
0
0
-3.7235e-15
-1.13315e-14
6.88734e-32
-4.08313e-17
-1.9691e-13
-5.60617e-14
0
0
0
0
0
0
0
0
0
0
0
0
0
0
0
-1.21729e-13
0
0
0
0
0
0
0
0
0
0
0
0
0
0
0
0
0
0
0
0
0
0
0
0
0
0
0
0
0
0
0
0
-2.21786e-08
-8.65065e-09
0
0
0
0
0
0
0
0
0
0
0
0
0
0
-2.58062e-13
0
0
0
0
0
0
0
0
0
0
0
0
0
0
0
0
0
0
0
0
0
0
0
0
1.29571e-14
-6.36578e-13
4.3833e-17
3.61558e-19
-2.19114e-30
0
0
0
0
0
0
0
0
0
0
0
0
-8.30078e-18
6.52253e-18
0
0
0
0
0
0
0
0
0
0
0
0
0
0
0
0
0
0
0
0
0
0
0
0
0
0
0
0
0
0
-2.32303e-13
0
0
0
0
0
0
0
0
0
0
0
0
0
-2.55572e-13
-3.03093e-13
0
0
0
0
0
0
1.22892e-12
-3.16416e-08
0
0
0
-5.51322e-16
-2.34073e-16
0
0
0
0
0
0
0
0
0
0
0
0
0
0
0
0
0
0
0
0
0
0
0
0
0
0
0
0
0
0
0
0
0
0
-2.38641e-15
0
-1.01647e-14
-5.01947e-15
0
0
0
0
0
0
0
0
0
0
0
0
0
0
0
0
0
0
0
0
0
0
-7.67345e-15
-2.8922e-13
-1.09353e-12
0
0
0
0
-1.03257e-15
1.03096e-15
0
0
0
0
0
0
0
0
2.98147e-08
8.5431e-09
0
0
0
0
0
0
0
0
0
0
0
0
-1.82295e-14
1.37775e-16
0
0
0
-2.8209e-14
-6.82108e-14
0
0
0
0
0
0
0
0
0
0
0
0
0
0
0
0
-6.93443e-13
9.08961e-14
0
0
0
0
0
0
0
0
2.41622e-15
0
0
0
0
0
0
0
0
0
0
0
0
0
0
-1.36415e-15
-1.07204e-14
0
0
0
0
0
-7.2287e-16
-5.36308e-16
0
0
0
0
0
0
0
0
0
0
0
0
0
0
0
0
0
0
0
0
0
0
0
0
0
0
0
0
0
0
0
0
0
0
0
0
0
0
0
0
0
0
0
0
0
0
0
0
0
0
0
0
0
0
0
0
0
0
0
0
0
0
0
0
3.29417e-12
-4.94164e-08
4.29491e-08
0
0
0
0
0
0
0
0
0
0
0
0
0
0
0
0
0
0
0
0
0
0
0
0
0
0
0
0
0
0
0
0
0
0
0
0
0
0
0
0
0
0
0
0
0
0
0
0
0
0
0
0
0
0
0
1.37213e-13
1.33105e-13
-5.44584e-13
0
0
0
0
-3.36057e-14
-1.48515e-14
9.6473e-15
0
0
0
0
0
0
0
0
0
0
0
0
0
0
0
0
0
0
0
0
0
0
0
0
0
0
0
0
0
0
0
0
0
0
0
5.25899e-17
-6.65644e-15
-1.06405e-14
0
0
0
0
0
0
0
0
0
0
0
0
0
-5.9564e-17
7.64191e-18
6.37583e-18
0
0
0
0
0
0
0
0
0
0
0
0
0
0
0
0
0
0
0
0
0
0
0
0
0
-2.65626e-13
7.56167e-19
-2.10637e-13
0
0
0
0
0
0
0
0
0
0
-1.86415e-16
3.44511e-16
0
0
0
0
0
0
0
0
0
0
0
0
0
0
0
0
0
0
0
0
0
-8.85663e-14
0
2.2976e-13
0
0
0
0
0
0
0
0
0
0
0
0
0
0
0
0
0
0
0
0
0
0
0
0
0
0
-1.77725e-15
3.35406e-15
0
0
0
0
0
0
0
0
0
0
0
0
0
-1.90673e-13
0
0
0
0
2.35448e-14
7.65208e-13
0
0
0
0
0
0
0
0
0
0
0
0
0
0
5.59602e-16
0
0
0
0
0
0
0
0
0
0
0
0
0
0
1.65921e-15
5.00313e-16
0
0
0
0
0
0
0
0
0
0
0
0
0
0
0
0
0
0
0
0
0
0
0
0
-1.79736e-08
8.09674e-13
1.58526e-16
-8.67877e-17
0
0
0
0
0
0
1.87876e-12
8.28499e-13
0
0
0
0
0
0
0
0
0
0
0
0
0
0
0
0
0
0
0
0
0
0
0
0
0
0
0
0
0
0
0
1.51149e-14
0
0
0
0
1.58435e-13
0
0
0
0
0
0
0
0
0
0
0
0
0
0
0
0
0
0
1.81333e-15
0
-4.42904e-15
0
0
0
0
0
0
0
-6.33942e-13
-3.7192e-13
-1.18263e-16
0
0
0
0
0
-4.31111e-14
-1.34216e-16
0
0
0
0
0
0
2.56333e-15
-1.45555e-15
0
0
0
7.78724e-17
0
1.32849e-14
8.99068e-16
0
0
0
0
0
0
0
3.5536e-14
0
0
0
0
0
0
0
0
0
0
0
1.22514e-13
-7.08559e-13
2.37278e-13
0
0
0
0
0
0
0
0
0
0
0
0
0
0
3.04522e-13
-1.90886e-12
0
0
0
0
-3.45478e-15
0
0
0
0
0
0
0
0
0
0
0
0
0
0
0
0
0
0
0
0
0
0
0
1.34235e-15
0
-2.56273e-32
0
0
0
0
0
0
0
0
0
0
0
-1.45486e-18
0
-1.78697e-17
3.5751e-18
0
0
0
0
0
0
0
0
0
0
0
0
0
0
0
0
0
0
0
0
0
0
0
0
0
0
0
0
0
0
0
0
0
0
0
0
0
0
0
0
-9.43533e-13
2.14991e-13
0
0
0
0
0
0
0
0
0
0
0
2.83957e-13
-8.47472e-13
0
0
0
0
0
0
0
-1.84994e-13
0
0
0
0
0
0
0
0
0
0
0
0
0
0
0
0
0
0
0
0
0
0
0
0
0
0
0
0
0
0
0
0
0
0
0
0
0
0
0
0
-1.87122e-13
0
0
0
0
0
0
2.28995e-15
0
0
0
0
0
0
0
0
0
0
0
0
0
0
0
0
0
0
0
0
0
0
0
0
0
0
0
0
0
0
0
0
0
0
0
0
0
0
0
0
0
0
0
2.95972e-17
0
-5.56289e-17
6.83179e-17
0
0
0
0
0
0
0
0
0
0
0
0
0
0
0
0
0
0
0
0
0
0
0
-7.03646e-13
-3.61785e-13
0
0
0
0
0
0
0
0
0
0
0
0
0
0
0
0
0
0
0
0
0
0
0
0
0
0
0
0
0
0
0
0
0
0
0
0
0
0
0
0
0
0
0
0
0
0
0
0
0
0
0
0
0
0
0
0
0
0
0
0
0
0
0
0
0
0
0
0
0
0
0
0
0
-1.86052e-18
0
0
0
0
0
0
0
0
0
0
0
0
0
0
0
0
0
0
0
0
0
0
0
0
0
0
0
0
0
0
0
0
0
-1.44847e-17
6.64832e-16
0
0
0
0
0
0
0
0
0
0
0
0
-1.23315e-15
-8.00854e-34
0
0
0
0
0
0
0
0
0
0
0
-1.96077e-15
0
0
0
2.12218e-13
-1.82449e-12
0
0
0
0
0
0
0
0
0
0
0
0
-3.2477e-13
1.25676e-16
0
0
0
0
0
0
0
0
0
0
0
0
0
0
0
0
0
0
0
0
0
0
0
0
0
0
-1.08719e-15
0
0
0
0
0
0
0
0
0
0
0
0
0
0
0
0
0
0
0
0
0
0
0
0
0
0
9.90406e-15
1.0814e-14
2.03061e-13
-5.78949e-13
7.90071e-14
0
0
0
0
0
0
0
0
0
0
0
0
0
0
0
0
0
0
0
1.68592e-16
0
1.0119e-15
0
0
0
0
0
0
0
0
0
0
0
0
0
0
0
0
0
0
0
0
0
0
0
0
0
0
0
0
0
0
0
0
0
0
0
0
0
0
0
0
0
0
0
3.49304e-17
0
0
1.53617e-14
0
0
0
0
0
0
0
-1.97095e-13
0
-1.4237e-15
-1.32947e-08
0
0
0
0
0
0
0
0
0
0
1.64797e-13
1.52257e-13
-6.41645e-13
0
0
0
0
0
1.2889e-16
0
0
0
1.15499e-16
0
4.25236e-17
6.68889e-17
0
2.09857e-16
5.29749e-16
0
0
-4.53937e-16
0
3.956e-16
0
0
0
0
0
0
0
0
0
0
0
0
0
0
0
0
0
0
0
0
0
0
0
0
0
0
0
0
2.38517e-17
-5.02254e-16
-6.72858e-13
0
0
0
0
1.17246e-12
-2.92453e-08
0
0
0
0
0
0
0
0
0
0
0
0
0
0
0
0
0
-5.3333e-13
-4.71869e-13
0
0
0
0
4.66215e-16
0
0
0
0
0
0
0
0
0
0
-2.87216e-16
0
1.88869e-16
1.68472e-13
1.50857e-13
-6.44612e-13
-2.33102e-13
-2.536e-13
0
0
0
0
0
0
0
0
0
0
0
0
0
0
0
0
0
0
0
0
0
0
0
0
0
0
0
0
0
0
0
0
0
-5.24416e-18
-5.58567e-17
4.18431e-16
0
0
1.8384e-16
-4.10037e-31
0
0
0
0
0
0
0
0
0
0
0
0
0
0
0
0
0
0
0
0
0
0
0
0
0
0
0
0
0
0
0
0
0
0
0
0
0
0
0
-2.15446e-09
6.98174e-13
-1.75024e-08
0
0
0
0
0
0
0
0
0
0
0
0
0
0
0
0
0
0
0
0
0
0
0
0
9.55458e-16
0
0
2.89722e-13
-1.23226e-12
0
0
0
0
0
0
0
0
0
0
0
0
0
0
0
0
0
0
0
0
0
0
-7.5089e-13
1.12408e-13
0
0
0
0
0
0
0
0
0
0
0
0
0
-1.02429e-12
0
0
0
0
0
0
0
0
0
0
-2.52775e-13
-2.2398e-13
0
0
0
0
0
0
0
0
0
0
0
0
0
0
0
0
0
0
0
0
0
0
0
0
0
0
0
0
0
0
0
0
0
0
0
0
0
4.72756e-16
0
0
0
0
0
0
0
0
0
0
-1.28534e-13
0
0
0
0
0
-1.95976e-13
-2.34991e-13
0
0
0
0
0
0
0
0
0
0
0
0
0
0
0
0
0
0
0
0
0
0
0
0
0
1.40915e-17
0
4.85445e-20
1.21391e-12
-1.49933e-08
0
0
0
0
0
0
0
0
0
0
0
0
0
0
0
0
0
0
0
0
0
0
0
0
0
0
0
0
0
0
0
0
0
0
0
0
0
0
5.20587e-17
8.85014e-17
0
0
0
0
0
0
0
0
0
0
0
0
0
0
0
0
0
0
0
0
0
0
0
0
0
0
0
0
0
0
0
0
0
0
0
0
0
0
0
0
0
0
0
0
0
0
0
0
0
0
0
0
0
0
0
0
0
0
0
0
0
0
-2.79769e-13
-5.11087e-13
0
0
0
0
0
0
0
0
0
0
9.50292e-09
0
0
0
0
0
0
0
0
0
0
0
0
0
0
0
0
0
0
0
0
0
0
0
0
0
0
1.89162e-15
-4.51012e-16
0
0
0
0
-1.08491e-12
0
0
0
0
0
0
-6.81744e-16
0
3.62936e-18
0
0
0
0
2.07445e-08
0
0
0
0
0
0
0
0
0
0
0
-2.93175e-16
0
0
0
0
0
0
0
0
0
0
0
0
0
1.23355e-13
8.89295e-14
-4.25616e-13
0
0
0
0
0
0
0
0
0
0
0
0
0
0
0
0
0
0
0
0
0
0
0
0
0
0
0
0
0
0
0
0
0
0
0
0
0
0
0
0
0
0
0
0
0
0
0
2.922e-13
-1.21388e-12
0
0
0
0
0
0
0
0
0
0
0
0
0
0
0
0
0
0
0
0
0
0
0
0
1.5703e-19
0
0
0
0
0
0
0
0
0
0
0
0
0
0
0
0
0
0
0
0
0
0
0
0
0
0
0
0
0
0
0
0
0
0
0
0
0
0
0
0
-1.69494e-13
0
0
0
0
0
0
0
0
-1.05257e-16
3.74891e-15
0
0
0
0
0
0
0
0
0
0
0
0
0
0
0
0
0
0
0
0
0
0
0
0
0
0
0
0
0
0
0
0
0
0
0
0
0
0
0
0
0
0
0
0
0
0
0
0
0
0
0
0
0
0
0
0
0
0
0
0
0
0
0
0
0
0
0
0
0
0
0
0
0
0
0
0
0
0
0
0
0
0
-1.42269e-14
0
0
0
0
0
-1.07048e-08
7.19582e-13
0
0
0
0
0
0
0
0
0
0
0
0
0
0
0
0
-1.36678e-13
0
0
0
0
0
0
0
0
-7.78108e-16
0
0
0
0
0
0
0
0
0
0
-2.99573e-16
0
0
0
0
0
0
0
0
0
0
0
0
0
0
0
0
0
0
0
0
0
0
0
0
0
0
0
0
0
0
0
0
0
0
0
0
0
0
0
0
-2.07338e-09
0
0
0
0
0
0
0
0
0
0
0
0
0
0
0
0
0
0
0
0
0
0
0
0
0
0
0
0
0
0
0
0
0
0
0
0
6.50638e-13
-2.9456e-08
1.93603e-13
-7.59261e-13
0
0
0
0
0
0
0
0
0
0
0
0
0
0
0
0
0
0
0
0
0
0
0
0
0
0
0
0
0
0
0
0
0
0
0
0
0
0
0
0
0
0
0
0
0
0
0
0
0
0
0
0
0
0
0
0
0
0
0
0
0
0
0
0
0
0
0
0
0
0
0
0
2.1411e-15
-7.83772e-16
0
0
0
0
0
0
0
0
0
0
0
0
0
0
0
0
0
0
0
0
0
0
0
0
-1.80244e-18
7.57704e-16
0
0
0
0
0
0
0
0
0
0
0
0
0
0
0
0
0
0
0
0
0
0
0
0
0
0
0
0
0
0
0
0
0
0
0
0
0
0
0
0
0
0
0
0
0
0
0
0
0
0
0
0
0
0
0
0
0
0
0
0
0
0
0
0
0
0
0
0
0
0
0
0
0
0
0
1.30309e-13
-7.1435e-13
0
0
0
0
0
0
0
0
0
0
0
0
0
0
0
0
0
0
0
0
0
0
0
0
0
0
0
0
0
0
0
0
0
0
0
0
0
0
0
0
0
0
0
0
0
0
0
0
0
0
0
0
3.76507e-15
-3.25925e-16
-2.03805e-16
-2.06037e-13
-1.17332e-13
0
0
0
0
0
0
0
0
0
0
0
0
0
0
0
0
0
0
0
0
0
0
0
0
0
0
0
0
0
0
0
0
0
0
-4.89972e-13
0
0
0
0
0
0
0
0
0
0
0
1.58587e-16
5.56929e-19
0
0
0
0
0
0
0
0
2.32512e-15
0
0
0
0
0
0
0
-1.24683e-14
-3.79249e-15
0
0
0
0
0
0
0
1.85673e-15
0
0
0
0
0
0
0
0
0
0
0
0
0
0
0
-2.10927e-13
0
0
0
0
0
0
0
0
0
0
0
0
0
0
0
0
0
0
0
0
0
0
0
0
0
0
0
0
0
0
0
0
0
0
0
0
0
0
0
0
0
0
0
0
0
0
0
0
-2.83918e-13
-1.90015e-13
0
0
0
0
0
0
0
0
0
0
0
0
0
0
0
3.22157e-17
-5.66445e-20
0
0
0
0
0
-3.72085e-13
0
0
0
0
0
0
0
0
0
0
0
0
-3.55135e-16
-1.54636e-16
0
0
0
0
0
0
0
0
0
0
0
0
0
-3.44106e-16
-3.27493e-15
0
0
0
0
0
0
0
0
0
0
0
0
0
0
0
0
0
0
0
0
0
0
0
0
0
0
0
0
0
0
0
0
0
0
0
0
0
0
0
0
0
0
0
0
0
0
0
0
0
0
0
0
0
0
0
0
4.09726e-17
0
0
0
0
0
0
0
0
0
0
0
0
0
0
0
0
0
0
0
0
0
0
0
0
0
0
0
0
0
0
0
0
0
0
0
0
-3.97023e-15
0
-6.37483e-15
0
0
0
0
0
0
0
0
0
0
0
0
0
0
0
0
0
0
0
-7.20416e-16
8.47127e-16
0
0
0
0
0
0
0
0
0
0
0
0
0
0
0
0
0
0
0
0
0
0
0
0
0
0
0
0
0
0
0
0
0
0
-1.71232e-13
0
0
0
0
0
0
0
0
0
0
0
0
0
0
0
0
0
0
0
0
0
0
0
0
0
0
0
0
0
0
0
0
0
0
0
-4.87157e-15
0
0
0
0
0
-2.03109e-16
0
0
0
0
0
0
0
0
0
0
0
0
0
0
0
0
0
0
0
0
0
0
0
0
0
0
0
0
0
0
0
0
0
0
0
0
0
0
0
0
0
0
0
0
0
0
-1.42041e-13
0
0
0
0
0
0
0
0
0
0
0
0
0
0
0
0
0
0
0
0
0
0
0
0
0
0
0
0
0
0
0
0
0
0
0
0
0
0
0
0
0
0
0
0
0
0
0
0
0
0
0
0
0
0
0
0
0
0
0
0
0
0
0
0
0
0
0
0
0
0
0
0
0
0
0
0
0
0
0
0
0
0
0
1.59642e-17
-1.27181e-16
0
0
0
0
0
0
0
0
0
0
0
0
0
0
0
0
0
0
0
0
0
0
0
0
0
0
0
0
0
0
0
0
0
0
0
0
0
0
0
0
0
0
0
0
0
0
0
0
0
0
0
0
0
0
0
0
0
0
0
0
0
0
0
0
0
0
0
0
0
0
0
0
0
0
0
-8.5379e-13
0
0
0
0
0
0
0
0
0
3.59169e-18
-9.12952e-20
0
0
0
0
-3.63585e-15
0
0
0
0
0
0
0
0
0
0
0
0
0
0
0
0
0
0
0
0
0
0
0
0
0
0
0
0
0
-1.16395e-15
-5.51187e-16
0
-2.16334e-16
0
0
0
0
0
0
0
0
0
0
0
0
0
0
0
0
0
0
0
0
0
0
0
0
0
0
6.12909e-16
-1.09343e-30
0
0
0
0
0
0
-1.94717e-13
0
0
0
0
0
0
0
0
0
0
0
0
0
0
0
0
0
0
-2.48291e-15
0
-9.70137e-15
0
0
0
0
0
-9.87782e-15
-2.94264e-14
0
0
0
0
0
0
0
0
0
0
0
0
0
0
0
0
0
0
-1.01492e-14
0
0
0
-5.8444e-14
-1.03408e-13
0
0
0
0
0
0
0
0
0
0
0
0
0
0
0
0
0
0
0
0
0
0
0
0
0
0
0
0
0
0
0
0
0
4.87765e-16
0
0
0
0
0
0
-9.38619e-16
7.56673e-16
0
0
0
0
0
0
-4.59209e-16
0
1.40673e-15
0
0
0
0
0
0
0
0
0
0
0
0
0
0
0
0
0
0
-7.45541e-16
0
0
0
0
0
0
0
0
0
0
0
0
0
0
0
1.16422e-14
7.98842e-15
-2.85354e-15
0
0
0
0
1.33778e-17
0
0
0
0
-2.41306e-16
0
0
0
0
-1.83319e-13
0
0
0
0
0
0
0
0
0
0
-3.2845e-13
0
0
0
0
0
0
0
0
0
0
0
0
0
0
0
0
0
0
0
0
0
0
0
0
0
0
0
0
0
0
0
0
0
0
0
0
0
-1.23265e-13
0
0
0
0
0
0
0
0
0
0
0
0
0
0
0
0
0
0
2.09438e-13
1.42748e-13
0
0
0
0
1.3153e-16
-3.32143e-16
0
0
0
0
0
0
0
0
0
0
0
0
0
0
0
0
0
0
0
0
0
0
-8.67055e-17
-4.33241e-13
0
0
0
0
0
0
0
0
0
0
0
0
0
0
0
0
0
0
0
0
0
0
0
0
0
0
0
0
0
0
0
0
0
0
0
0
0
0
0
0
0
0
0
0
0
0
0
0
0
0
0
0
0
0
0
0
0
0
0
0
0
0
0
0
0
0
0
0
0
0
0
0
0
0
0
0
0
0
0
0
0
0
0
0
0
0
0
0
0
0
0
0
0
0
0
0
0
0
0
0
0
0
0
0
0
0
0
0
0
0
0
0
0
0
0
0
0
0
0
0
0
0
0
0
0
0
0
0
0
0
0
0
0
0
0
0
0
0
0
0
0
0
0
-5.90238e-18
1.42399e-15
0
0
0
0
0
-3.55569e-16
0
0
0
0
6.18163e-16
1.66983e-15
0
0
0
0
0
0
0
0
0
0
0
0
0
0
0
0
0
0
0
0
0
0
0
0
0
0
0
0
0
0
0
0
0
0
0
0
0
0
0
0
0
0
0
0
0
0
0
0
0
0
0
0
0
0
0
0
0
0
0
0
0
0
0
0
0
0
0
0
0
0
0
0
0
0
0
0
0
0
0
0
0
0
0
0
0
0
0
-3.87839e-13
-2.29183e-13
0
0
1.37657e-17
0
0
0
0
0
0
0
0
-2.16135e-14
9.31637e-14
-3.98307e-13
0
1.36646e-31
0
0
0
0
0
0
0
0
0
2.34815e-13
-8.23158e-13
0
0
0
0
0
0
0
0
0
0
0
0
0
0
0
0
0
0
0
0
0
0
0
0
0
0
2.42642e-18
0
0
0
0
0
-1.06315e-15
7.40325e-16
0
0
3.48532e-29
1.25246e-14
5.80669e-16
-2.02571e-16
4.47105e-16
0
0
0
-1.29388e-16
-3.36952e-17
0
0
0
0
0
0
0
0
1.84495e-16
5.24912e-15
-2.77428e-16
1.0604e-14
0
0
0
0
0
0
0
0
0
0
0
0
0
0
0
0
-8.93079e-16
-1.2456e-15
0
0
0
0
0
0
0
0
0
-8.56203e-16
-1.99454e-17
0
0
0
0
0
0
0
0
0
0
0
0
0
0
0
0
0
0
0
0
0
0
0
0
0
0
0
0
0
0
0
0
1.47132e-15
0
0
0
0
0
0
0
0
0
0
0
0
0
0
0
0
0
0
0
0
0
0
0
0
0
0
0
0
0
0
0
0
0
0
0
0
0
0
0
0
0
0
0
0
0
0
0
0
0
0
0
0
0
0
0
0
0
-4.18697e-16
0
0
0
0
0
0
8.6348e-16
0
0
0
0
0
0
0
0
0
0
0
0
0
0
-2.84006e-16
0
0
0
0
0
0
0
0
0
0
0
0
0
0
0
0
0
0
0
6.14259e-16
0
-2.8014e-16
0
0
0
0
0
0
0
0
0
0
0
0
0
0
0
0
0
0
0
-1.49572e-18
0
0
0
0
0
0
0
0
0
3.22668e-16
6.40683e-33
0
0
0
0
0
0
0
0
0
0
0
0
0
0
0
0
0
0
0
0
0
0
0
0
0
0
0
0
0
0
0
0
0
0
0
0
0
0
0
0
0
0
0
0
0
0
0
0
0
0
0
0
0
0
0
0
0
0
0
0
0
0
0
0
0
0
0
0
0
0
0
0
0
0
0
0
0
0
0
2.36435e-15
3.66995e-16
0
0
0
0
0
0
-8.91214e-16
0
2.12872e-15
0
0
0
0
0
0
0
0
0
0
0
0
-1.34842e-14
-6.4428e-15
0
0
0
0
0
0
0
0
0
0
0
0
0
0
0
0
0
0
0
0
0
0
-5.11823e-16
-2.67829e-16
-3.92533e-16
0
0
0
0
0
0
0
0
0
0
0
0
0
0
0
0
-4.53439e-17
1.83747e-16
0
0
0
0
0
0
0
0
0
0
0
0
-9.80546e-16
2.92506e-16
0
0
0
0
0
0
0
0
0
0
0
0
0
0
0
0
0
0
0
0
0
0
0
0
0
0
0
0
0
0
0
0
0
0
0
0
0
0
0
0
0
2.58552e-16
1.29334e-16
0
0
0
0
0
0
0
0
0
0
0
0
0
0
0
0
0
0
0
0
0
0
1.97414e-15
-7.16521e-15
0
0
0
0
0
-1.00859e-15
1.09226e-15
0
0
0
0
0
0
0
0
0
0
0
0
0
0
0
0
0
0
0
0
0
0
0
0
0
0
0
0
0
0
0
0
0
0
0
0
0
0
0
0
0
0
0
0
0
0
0
0
0
0
0
0
0
0
0
0
8.29032e-13
0
-3.9025e-17
6.47352e-17
0
0
0
0
0
0
0
0
0
0
0
0
0
0
0
0
0
0
0
0
0
0
0
0
0
0
0
0
0
0
0
0
0
0
0
0
0
0
0
0
4.55623e-15
-2.01087e-15
0
0
0
0
0
0
0
0
0
0
0
0
0
0
0
2.62593e-17
0
0
0
0
0
0
0
0
0
0
0
0
0
0
0
0
0
0
0
0
0
0
0
0
0
0
0
0
0
0
0
0
0
0
0
0
0
0
0
0
0
0
0
0
0
0
0
0
0
0
0
0
0
0
0
0
0
0
0
0
0
0
0
0
0
0
0
0
0
0
0
0
0
0
0
0
0
0
0
0
0
0
0
0
0
0
0
0
0
0
0
0
0
0
0
0
0
0
0
0
0
0
0
0
0
0
0
0
0
0
0
0
0
0
0
0
0
0
0
0
-1.94115e-15
0
0
0
0
0
0
0
0
0
0
-7.73863e-13
0
0
0
0
0
0
0
0
0
0
0
0
0
0
0
0
0
-1.11315e-16
0
0
0
0
0
0
0
0
0
0
0
0
0
0
0
0
0
0
0
0
0
0
0
0
0
0
0
0
0
0
0
0
0
-1.97541e-15
-3.64674e-16
0
0
0
0
0
0
0
0
0
0
0
0
0
0
0
0
-1.86137e-16
8.07245e-15
-1.79947e-15
1.2572e-16
0
0
-4.98559e-16
-1.09397e-30
0
0
0
0
0
0
8.81161e-16
0
0
0
0
0
0
0
0
0
0
0
0
0
0
0
0
0
0
0
0
0
0
0
0
0
0
0
0
0
0
0
0
0
0
0
-1.00587e-15
-8.26138e-16
0
0
0
0
0
0
-3.73887e-15
0
-2.53521e-16
-2.64117e-13
0
0
0
0
0
0
0
0
0
-6.5545e-16
0
0
0
0
0
0
0
0
0
0
0
0
0
0
0
0
3.38242e-15
1.97111e-15
0
-7.19488e-17
0
-2.695e-16
0
0
0
0
0
0
0
0
0
0
0
0
0
0
0
0
0
0
0
0
0
0
0
0
0
0
0
0
0
0
0
0
0
0
0
0
0
0
-8.87837e-18
-1.78841e-16
0
0
0
0
0
0
0
0
0
0
0
0
0
0
0
0
0
0
0
0
0
0
0
0
0
0
0
0
0
0
0
0
-6.87615e-16
1.85593e-16
0
0
0
0
0
0
0
0
0
0
0
0
0
0
1.59882e-15
-4.64402e-16
1.4482e-16
0
5.63361e-17
0
0
0
0
0
0
0
0
0
0
0
0
0
0
0
0
0
0
0
0
0
2.26914e-08
1.04147e-08
0
0
4.17794e-16
0
0
0
0
0
0
0
0
0
0
0
0
0
1.36546e-31
0
0
0
0
0
-1.21028e-12
0
0
0
0
0
0
0
0
0
0
-7.64088e-13
4.81224e-13
0
0
0
0
0
0
0
0
0
0
1.09733e-15
0
-6.11945e-16
0
0
0
0
0
0
0
0
0
0
0
0
0
0
0
0
0
0
0
0
0
0
1.76801e-15
-3.22364e-16
0
0
0
0
0
0
0
0
0
0
0
0
0
0
2.75607e-15
-6.30163e-16
0
0
0
0
0
0
0
0
0
0
-1.55141e-15
-7.36031e-16
0
0
0
0
0
0
0
0
0
0
0
0
7.72716e-17
1.27936e-16
0
0
-3.51053e-18
-2.37228e-19
-6.90244e-18
0
0
0
0
0
0
0
0
0
0
0
0
0
0
0
0
0
0
0
0
0
0
0
0
-5.10364e-15
9.59906e-15
0
0
0
0
0
0
0
0
0
0
0
0
0
0
0
0
4.27546e-16
0
0
0
0
0
0
0
0
0
0
0
0
8.66944e-17
0
0
0
0
0
0
0
0
0
0
0
0
0
0
-1.0894e-15
-4.73486e-16
-7.26793e-15
9.89694e-17
-2.17458e-13
0
0
0
0
0
0
0
0
0
0
0
0
0
0
0
0
0
0
0
0
0
0
0
0
0
0
0
0
0
0
0
0
0
8.11033e-16
-2.37042e-16
0
0
0
0
0
0
0
0
0
0
0
-4.43939e-13
4.60713e-14
1.3632e-16
0
0
0
0
0
0
0
0
0
0
0
0
0
0
0
0
0
0
0
0
0
0
0
0
0
0
0
0
0
0
0
0
-1.70696e-16
0
1.86815e-16
0
0
0
0
0
0
0
0
0
0
0
0
0
0
0
0
0
-1.09696e-16
0
3.21482e-16
0
0
0
0
0
5.37427e-16
0
1.42801e-16
0
0
0
0
0
0
0
0
0
0
0
0
0
5.94369e-16
-5.50988e-31
0
0
0
0
0
0
0
0
0
0
0
0
0
0
0
0
0
0
0
0
0
0
0
3.99313e-17
1.63468e-16
0
-1.23767e-16
0
4.87205e-17
7.53197e-17
6.44103e-14
-6.12967e-14
-3.22118e-19
0
0
0
0
0
0
0
0
0
0
0
0
0
0
0
0
0
0
0
0
0
0
0
0
0
-1.80255e-13
-1.21328e-15
1.28071e-15
0
0
0
4.27122e-33
0
0
0
0
0
0
0
-3.39725e-16
-1.83539e-13
0
0
0
0
0
0
0
0
0
0
0
0
0
0
0
0
0
0
0
0
0
0
0
0
0
0
0
0
0
0
0
0
0
0
0
0
5.44424e-16
0
6.06005e-16
0
0
0
0
0
0
0
0
0
0
0
0
0
0
0
0
0
0
0
-3.83886e-15
0
0
0
-2.252e-16
0
0
0
0
0
0
0
0
0
0
0
0
0
0
0
0
0
0
2.84578e-16
0
0
0
0
0
0
0
0
0
0
0
0
4.53521e-17
1.55136e-17
0
0
0
0
0
0
0
0
0
0
0
0
0
0
0
0
0
0
0
0
0
0
0
0
0
0
0
0
0
0
0
0
0
0
0
0
0
0
0
0
0
0
0
0
0
0
0
0
0
0
0
0
0
0
0
0
0
0
0
0
0
0
0
0
0
0
0
0
0
-3.56591e-18
-2.50466e-17
0
0
0
0
0
0
0
0
0
0
0
0
0
0
0
0
0
0
0
0
0
0
0
0
0
0
0
0
0
0
0
0
0
0
0
0
0
0
0
0
0
0
0
0
0
0
0
0
0
0
0
0
0
0
-2.29133e-15
4.04543e-15
-9.51953e-09
0
0
0
0
0
0
0
0
0
0
0
0
0
0
0
0
0
0
0
0
0
0
0
0
0
0
0
0
0
0
0
0
0
0
0
0
0
0
0
0
0
0
0
0
0
0
0
0
0
0
0
0
0
0
0
0
0
0
0
0
2.07232e-16
-2.29287e-15
0
0
0
0
0
0
0
0
0
0
0
0
0
0
0
0
0
0
0
0
0
0
0
0
0
0
0
0
0
0
0
0
0
0
0
0
0
0
0
0
0
0
0
0
0
0
0
0
0
0
0
0
0
0
0
0
0
0
0
0
0
0
0
0
0
-1.55185e-15
0
0
0
0
0
0
0
0
0
0
0
0
0
0
0
0
0
0
4.47198e-16
-5.24088e-18
1.36145e-31
0
0
0
0
0
0
0
0
0
0
0
0
0
0
0
0
0
0
0
0
0
0
0
0
0
0
0
0
0
0
0
0
0
0
0
0
0
0
0
0
0
0
0
0
0
0
0
0
0
0
0
0
0
0
0
0
0
0
0
0
0
0
0
0
0
0
0
0
2.17367e-15
1.06247e-15
0
0
0
-2.23226e-15
0
0
0
0
0
0
0
0
-1.73301e-15
0
0
0
0
0
0
0
0
0
0
0
0
0
0
0
0
0
0
0
0
0
0
0
0
0
0
0
0
0
0
0
0
0
0
0
0
0
0
0
0
0
0
0
0
0
0
0
0
0
0
0
0
0
0
0
0
0
0
0
0
0
0
0
0
0
0
2.27632e-15
0
0
0
0
0
0
0
0
-9.9069e-10
-1.16493e-08
0
0
0
0
0
0
0
0
0
0
0
0
0
0
0
0
0
0
0
0
5.75082e-16
0
0
0
-6.33422e-16
-9.68748e-17
0
0
0
0
0
9.69116e-16
-7.97157e-16
0
0
0
0
0
0
0
0
0
-2.46075e-16
5.2623e-16
0
0
0
0
0
0
0
0
0
0
0
0
0
0
0
0
0
0
0
0
0
0
0
0
0
1.88789e-15
0
0
0
0
0
0
0
0
0
0
0
0
0
0
0
0
0
0
0
0
0
0
0
0
0
0
0
0
0
0
0
0
0
0
0
0
3.25824e-16
0
1.68453e-15
0
0
0
0
0
0
0
0
0
0
0
0
0
0
0
0
0
0
0
0
0
0
0
0
0
0
0
0
0
0
0
0
-3.65969e-13
0
-1.44356e-17
-2.02459e-13
0
0
0
0
0
0
0
0
0
0
0
0
2.0439e-16
0
0
0
0
0
0
0
0
0
0
0
0
0
0
0
0
0
0
0
0
0
0
0
0
0
0
0
0
0
0
-1.76999e-29
8.05518e-16
0
0
0
0
0
0
0
0
0
0
0
0
0
0
0
0
0
0
0
0
0
1.52344e-15
0
0
0
0
0
0
0
0
0
0
0
0
0
0
0
0
0
0
0
0
0
0
0
0
0
0
0
0
0
0
0
0
0
0
0
0
0
0
0
0
0
0
0
0
0
0
0
0
0
0
0
0
0
0
0
0
0
0
0
0
0
0
0
0
0
0
0
0
0
0
0
0
0
0
0
0
0
0
0
0
0
0
0
0
0
0
0
0
0
0
0
0
0
0
0
0
0
0
0
0
0
0
0
0
1.75515e-16
0
0
0
0
0
0
0
0
0
0
0
0
0
0
0
0
0
0
0
0
0
0
0
0
0
0
0
0
0
0
0
0
0
0
0
0
0
0
0
0
0
0
0
0
0
0
0
0
0
0
0
0
0
0
0
0
0
0
0
0
0
0
0
0
0
0
-1.4356e-15
3.3562e-15
0
0
0
0
0
0
0
0
0
0
0
2.02772e-15
0
0
0
0
0
0
0
0
0
0
0
0
0
0
0
0
0
3.08655e-17
1.59601e-16
-6.1222e-17
0
0
0
0
0
0
0
0
0
0
0
0
0
0
0
0
0
0
0
0
0
0
0
0
0
0
0
0
0
0
0
0
0
0
0
0
0
0
0
0
0
0
0
0
0
8.39345e-15
0
0
0
0
0
0
0
0
0
0
0
0
0
0
4.97555e-16
0
1.06216e-17
0
3.66372e-16
0
0
0
0
0
0
0
0
0
0
-1.23448e-15
-2.9663e-15
0
0
0
0
0
0
0
0
0
0
0
0
0
0
0
0
0
0
0
0
0
0
0
0
0
0
-5.23684e-16
0
0
0
0
0
1.279e-16
-5.71707e-14
0
0
0
0
0
0
0
0
0
0
0
0
0
0
0
-9.61401e-17
0
0
0
0
0
0
0
0
0
0
0
0
0
0
0
0
0
0
0
0
0
0
0
0
0
0
0
0
0
0
0
0
0
0
0
0
0
0
0
0
0
0
0
0
0
0
0
0
-1.13924e-14
-3.18275e-14
0
0
0
0
0
0
0
0
0
0
0
0
0
0
0
0
0
0
0
0
0
0
0
0
0
0
0
0
0
0
1.31974e-13
0
0
0
0
-2.28241e-13
0
-1.59774e-13
0
0
0
0
0
0
0
0
0
1.2447e-14
0
0
0
0
0
0
0
1.65515e-15
0
9.50616e-16
0
0
0
0
0
0
0
0
0
0
0
0
0
0
0
0
0
0
0
0
0
0
0
0
0
0
0
5.50799e-17
1.58974e-16
0
0
0
0
0
0
0
0
0
0
0
5.90629e-15
0
0
0
-8.26722e-16
0
0
0
0
0
0
0
0
0
0
0
0
0
0
0
0
0
0
0
0
0
0
0
0
0
0
0
0
0
0
0
0
0
0
0
3.83109e-16
0
0
0
0
0
0
0
0
0
0
0
0
0
0
0
0
0
-3.72106e-16
2.53794e-15
0
0
0
0
5.26354e-16
0
0
0
0
0
0
0
0
0
0
0
0
0
-7.34416e-17
0
7.27115e-17
0
0
0
0
0
0
0
0
0
0
0
2.66547e-16
0
0
0
0
0
0
0
0
0
0
0
0
0
0
0
0
0
0
-1.24898e-16
0
0
0
0
0
0
0
0
0
0
0
0
0
0
0
0
0
0
7.23712e-16
0
0
0
0
0
0
0
0
0
0
0
0
0
0
0
0
0
0
0
0
0
0
0
0
0
0
0
0
0
0
0
0
0
0
0
0
0
0
0
0
-3.36916e-16
0
0
0
0
0
0
0
0
0
0
0
0
0
0
0
0
0
0
0
0
0
0
0
0
0
0
0
0
0
0
0
0
0
0
0
0
0
0
0
0
0
0
0
0
0
0
0
0
0
0
0
0
0
0
0
0
0
0
0
0
0
0
0
0
0
0
0
0
0
0
0
0
0
0
0
0
0
0
0
0
0
0
0
0
0
0
0
0
2.07412e-17
0
0
0
0
0
0
0
0
0
0
0
0
0
0
0
0
0
0
0
0
0
0
0
0
0
0
0
0
0
0
0
0
0
0
0
0
0
0
0
0
0
0
0
0
0
0
0
0
-8.83248e-16
0
7.89278e-16
0
0
0
0
0
0
0
0
0
0
0
0
0
0
0
0
0
0
0
0
0
0
5.0057e-17
1.16503e-16
0
0
0
0
0
0
0
-5.61056e-16
0
0
0
0
0
0
-6.47104e-17
1.36439e-16
0
0
0
0
0
0
0
0
0
0
0
0
0
-4.19584e-16
0
0
0
0
0
0
0
0
0
0
0
0
0
0
0
0
0
0
0
0
0
0
0
0
0
0
0
0
0
0
0
0
0
0
0
0
0
0
0
0
0
0
0
0
0
0
0
0
0
0
0
0
0
0
0
0
0
0
0
0
0
0
0
0
0
0
0
0
0
0
0
0
0
0
0
0
0
0
0
-3.90797e-16
4.5597e-18
0
0
0
0
0
0
0
0
0
0
0
0
0
0
-3.08935e-17
0
-7.0295e-17
0
0
0
0
0
0
0
0
0
0
-1.15337e-15
4.67554e-16
0
0
0
0
0
0
0
0
0
0
0
0
0
0
0
0
0
0
0
0
0
0
0
0
0
0
0
0
0
0
0
0
0
0
0
0
0
0
0
0
0
0
0
0
0
0
0
0
0
0
0
0
0
0
0
0
0
1.1877e-15
0
0
0
0
0
0
0
0
0
0
0
0
0
0
0
0
0
0
0
0
0
0
0
0
0
0
0
0
0
-7.99962e-17
0
0
0
0
0
0
0
0
0
0
0
0
0
0
0
0
0
0
0
0
0
0
0
0
0
0
0
0
0
0
0
0
0
0
0
0
0
0
0
0
0
0
0
0
0
0
0
0
0
0
0
0
0
0
0
0
0
0
0
0
0
0
0
0
0
0
0
0
0
0
0
0
0
0
0
0
0
-1.65899e-14
0
0
0
-2.00331e-16
0
0
0
0
0
0
0
0
0
0
0
0
0
0
0
0
0
0
0
2.33574e-16
0
0
0
0
0
0
-4.16927e-16
0
0
0
0
0
0
0
0
0
0
0
0
0
0
0
0
0
0
0
0
0
0
0
0
0
0
0
0
0
0
0
0
-6.15308e-16
0
0
0
0
0
0
0
0
0
0
0
0
0
0
0
0
0
0
0
0
0
0
0
0
0
0
0
0
0
0
0
0
0
0
0
0
0
0
0
0
0
0
0
0
0
0
0
0
4.20837e-15
0
0
0
0
0
0
0
0
0
0
0
0
0
0
0
0
0
0
0
0
0
0
9.19557e-18
-1.9061e-17
0
0
0
0
0
0
0
0
0
0
0
0
0
0
0
0
0
0
0
0
0
0
0
0
0
0
0
0
0
0
0
0
0
0
0
0
0
0
0
0
0
0
0
0
7.09142e-20
0
0
0
0
0
0
0
0
0
0
0
0
0
0
0
0
0
0
-1.41505e-17
4.04482e-20
0
0
0
0
0
0
0
0
0
0
-8.48833e-17
1.5785e-16
0
0
0
0
0
0
0
0
0
0
0
0
0
0
0
0
0
0
0
0
0
0
0
0
0
0
0
0
0
0
0
0
0
0
0
0
0
0
0
0
0
0
0
0
0
0
0
0
0
0
0
0
0
0
0
0
0
0
0
0
0
0
0
0
0
0
0
0
0
0
0
2.24805e-15
-3.33422e-15
0
0
0
0
0
0
0
0
0
0
0
0
0
0
0
0
0
0
0
0
0
0
0
0
0
0
0
0
0
0
0
0
0
0
0
0
0
0
0
0
0
0
0
0
-2.82937e-19
-6.76125e-17
2.34663e-16
0
0
0
0
0
0
0
0
0
0
0
0
0
0
0
0
0
0
0
-1.18608e-14
0
0
0
0
0
0
0
-1.23101e-14
0
4.85968e-16
0
0
-7.96204e-16
-1.46759e-15
-2.01059e-15
0
0
0
0
0
0
0
0
0
0
1.04057e-15
-3.87545e-15
0
0
0
0
0
1.30526e-17
-1.2385e-18
0
0
0
0
0
0
0
0
3.3716e-17
0
0
0
0
0
0
0
0
0
0
0
0
0
0
0
0
0
0
0
0
0
0
-6.58697e-16
8.37249e-16
0
0
0
0
0
0
0
0
0
0
0
0
0
0
0
0
0
0
0
0
0
0
0
0
0
0
0
0
0
0
0
0
0
0
0
0
0
0
0
0
0
0
0
0
0
0
8.45823e-16
5.93067e-16
0
0
0
0
0
0
0
0
5.06059e-15
0
0
0
0
0
0
0
0
0
0
0
0
0
0
0
0
0
0
0
0
0
0
0
0
0
0
0
0
0
0
0
0
0
0
-4.07666e-16
0
0
4.70109e-19
0
0
0
0
0
9.60163e-19
1.4215e-15
0
0
0
0
0
0
0
0
0
0
0
0
0
0
0
0
0
0
0
0
0
0
0
0
0
0
0
0
0
9.00748e-17
6.06224e-17
0
0
0
0
0
0
0
0
0
0
0
0
0
0
0
0
0
0
0
0
0
0
0
0
0
0
0
0
0
0
0
0
0
0
0
0
9.19809e-17
0
0
0
0
0
0
0
0
0
0
0
2.73492e-31
0
0
0
1.71478e-15
0
0
0
0
0
0
0
0
0
0
0
0
0
0
0
0
0
0
0
0
0
0
0
0
0
0
0
0
0
0
0
0
0
0
0
0
0
0
0
0
0
0
0
0
0
0
0
0
0
0
0
0
0
0
0
0
0
0
0
0
0
0
0
0
0
0
0
0
0
2.72638e-14
-1.24523e-14
0
0
0
0
0
0
0
0
0
0
0
0
0
0
0
0
0
0
0
0
0
0
0
0
2.20608e-14
0
0
0
0
0
0
0
0
0
0
0
0
0
0
0
0
0
0
0
0
0
0
0
0
0
0
0
1.54907e-16
0
0
0
-2.03461e-16
0
0
0
0
0
0
0
0
0
0
0
0
0
-7.12994e-13
0
0
0
0
0
0
0
0
0
0
0
0
0
0
0
0
0
0
0
0
0
0
0
0
0
0
0
0
0
0
0
0
9.90501e-17
0
0
0
0
0
0
0
0
0
0
0
0
0
0
0
0
0
0
0
0
0
0
0
0
0
0
0
0
0
0
0
0
0
0
0
0
0
0
0
0
0
0
0
0
0
0
0
0
0
0
0
-4.18246e-16
0
0
0
0
0
0
1.88904e-17
0
0
0
0
0
0
0
0
0
0
0
0
0
0
0
0
0
0
0
0
0
0
-2.27741e-15
0
0
0
0
0
0
-1.17816e-17
-3.6884e-15
0
0
0
0
0
0
0
0
0
0
0
0
0
0
0
0
0
0
0
-1.40121e-14
0
0
0
0
0
0
0
0
0
0
0
0
0
0
0
0
0
0
0
0
0
0
0
0
0
0
0
0
0
0
0
0
0
0
0
0
0
0
0
0
0
0
0
0
0
0
0
0
0
0
0
0
0
0
0
0
1.40028e-08
0
0
0
0
0
0
0
0
0
0
0
0
0
0
0
0
0
0
1.09899e-14
0
0
0
0
0
1.33649e-15
0
0
0
0
0
0
0
0
0
0
0
0
0
0
0
0
0
0
0
0
0
0
0
0
0
0
0
0
0
0
0
0
-8.51049e-13
-1.0929e-30
0
0
0
0
0
0
0
0
0
0
0
0
0
0
0
0
0
0
0
0
0
0
0
0
0
0
0
0
0
0
0
0
0
0
0
0
0
0
0
0
0
0
0
0
0
0
0
0
0
0
0
0
0
-8.81942e-16
0
0
0
0
0
-4.71249e-16
0
0
0
0
0
0
0
0
0
0
0
0
0
0
0
0
0
0
0
0
0
0
0
0
0
0
0
0
0
0
0
0
0
0
0
0
0
0
0
0
0
0
0
0
0
0
0
0
0
0
0
0
0
0
0
0
0
0
0
0
0
0
0
0
0
0
0
0
0
0
0
0
0
0
0
0
0
0
0
0
0
2.2121e-13
-5.744e-13
0
0
0
0
0
0
0
0
0
-1.92192e-14
0
0
0
0
0
0
0
0
0
0
0
0
0
0
0
0
0
0
0
0
0
0
-2.57086e-16
0
0
0
0
0
0
0
0
0
0
0
0
-2.41564e-16
0
0
0
0
0
0
0
0
0
0
0
0
0
0
0
0
0
-5.29144e-16
-5.84288e-17
0
0
0
0
0
0
0
0
0
0
0
0
0
0
0
0
0
0
0
0
0
0
0
0
0
0
0
0
0
0
0
0
0
0
0
0
0
0
0
0
0
0
0
0
0
0
0
0
0
0
0
0
0
0
0
-1.36374e-15
0
0
0
0
0
0
0
0
0
0
0
0
0
0
0
0
0
0
0
0
6.07513e-16
0
0
3.39922e-16
0
0
0
0
0
0
0
1.71061e-15
3.82216e-15
-1.47828e-15
0
0
0
0
0
0
0
0
0
0
0
0
0
0
0
0
0
0
0
0
0
0
0
0
0
0
0
0
0
0
0
0
0
0
0
0
0
0
0
0
0
0
0
0
0
0
0
0
0
0
0
0
0
0
0
0
0
0
0
0
0
0
0
0
0
0
0
0
0
0
0
0
-3.53645e-15
0
0
0
0
0
0
0
0
0
0
0
0
0
0
0
0
0
0
0
0
0
0
0
0
0
0
0
0
0
0
0
0
0
0
0
0
0
0
-2.62186e-16
-2.90607e-17
0
0
0
0
0
0
0
0
0
0
0
0
0
1.10262e-14
0
0
0
0
0
0
0
0
0
0
0
0
0
0
0
0
0
0
0
0
0
0
0
0
0
0
0
0
0
0
0
0
0
0
0
0
0
0
0
0
0
0
0
0
0
0
0
0
0
0
0
0
0
0
0
0
0
0
0
0
0
0
0
0
0
0
0
0
0
0
0
0
0
0
0
0
0
0
0
0
0
-1.77223e-18
0
0
0
0
0
0
0
0
0
0
0
0
0
0
0
0
0
0
0
0
0
0
0
0
0
0
0
0
0
0
0
0
0
0
0
0
0
0
0
0
0
0
0
0
0
0
0
0
0
0
0
0
0
0
0
0
0
0
0
0
0
0
0
0
0
0
0
0
0
0
0
0
0
0
0
-1.02337e-17
0
0
0
0
0
0
0
0
0
0
0
0
0
0
0
0
0
0
0
0
0
0
0
0
0
0
-2.3009e-13
0
-8.33707e-19
0
0
0
0
0
0
0
0
0
0
0
0
0
0
0
0
0
0
3.2556e-15
0
0
0
0
0
0
0
0
0
0
-4.48919e-13
-9.90869e-17
0
-1.21417e-16
0
5.59346e-16
-2.52442e-15
0
0
0
0
0
0
0
0
0
-4.87731e-15
0
-5.4899e-15
0
0
0
0
0
0
0
0
0
0
0
0
0
0
0
0
0
-1.46712e-15
1.13085e-15
0
0
0
0
0
0
0
0
0
0
0
0
0
0
0
0
0
0
0
0
0
0
0
0
0
0
0
0
0
0
0
0
0
0
0
0
0
0
0
0
0
0
0
0
0
0
0
0
0
0
0
0
0
0
9.25067e-17
5.16062e-16
0
0
0
0
0
0
0
0
0
0
0
0
0
0
0
0
0
0
0
0
0
0
0
0
0
0
0
0
0
0
0
0
0
0
0
0
0
0
0
0
0
0
0
0
0
0
0
0
0
0
0
1.25964e-16
0
3.08119e-16
0
0
0
0
0
0
0
0
0
0
-7.09455e-13
-1.79048e-13
0
0
0
0
0
0
0
0
0
0
0
0
0
0
0
0
0
0
0
0
0
0
0
0
0
0
0
0
0
0
-2.4577e-16
0
0
0
0
0
0
0
0
0
0
0
0
0
0
0
0
0
0
0
0
0
0
0
-7.06101e-15
0
0
0
0
0
0
0
0
1.85377e-17
0
0
0
0
0
0
0
0
0
0
0
0
0
0
0
0
0
0
0
-7.95592e-15
0
0
0
0
0
0
0
0
0
0
0
0
0
0
0
0
0
5.43513e-31
6.69435e-16
0
0
0
0
0
0
0
-6.65447e-16
0
0
0
0
0
0
0
0
0
0
0
0
0
0
0
0
0
0
0
0
0
0
0
0
0
0
0
0
0
0
0
0
0
0
0
0
0
0
0
-1.28405e-16
-2.08448e-16
0
0
0
0
0
0
0
0
0
0
0
0
0
0
0
0
0
0
0
0
0
0
0
0
0
0
0
0
0
0
0
0
0
0
-6.11375e-16
1.15448e-15
0
0
0
0
0
0
0
0
0
0
0
0
0
0
0
0
0
0
0
0
0
0
0
0
0
0
0
0
0
0
0
0
0
0
0
0
0
0
0
2.19114e-30
2.66043e-15
0
0
0
0
0
0
0
0
0
0
0
0
0
0
0
0
0
0
0
0
0
0
0
0
0
0
0
0
0
0
0
0
0
0
0
0
0
0
0
0
0
0
0
0
0
0
0
0
0
0
0
0
0
0
0
3.07959e-16
6.2881e-16
0
0
0
0
0
0
0
0
0
0
0
0
0
0
0
0
0
0
0
0
0
0
0
0
0
0
0
0
0
0
0
0
0
0
0
0
0
0
0
0
0
0
0
0
0
0
0
0
0
0
0
0
0
0
0
0
0
0
0
0
0
0
0
0
0
0
0
0
0
0
0
0
0
0
0
1.01667e-16
0
0
0
0
0
0
0
0
0
0
0
0
0
0
0
0
0
0
0
0
0
0
0
0
0
1.54638e-16
-2.48231e-16
0
-4.76531e-16
0
0
0
0
0
-1.39556e-15
-3.07824e-16
0
0
0
0
0
0
0
0
0
0
0
0
0
0
0
0
0
0
0
0
3.48703e-15
0
0
6.90533e-17
0
0
0
0
0
0
0
0
0
0
0
0
0
0
0
0
0
0
0
0
0
0
0
0
0
0
0
0
0
0
0
0
0
0
0
0
0
0
0
0
0
0
0
0
0
0
0
0
0
0
0
0
0
0
0
0
0
0
0
0
0
0
0
0
0
0
0
0
0
0
0
0
0
0
0
0
0
0
0
0
0
0
0
0
0
-1.24253e-16
-4.5589e-17
0
0
0
0
0
0
0
0
0
0
0
0
0
0
0
0
0
2.33352e-15
0
0
0
0
0
0
0
0
0
0
0
0
-9.85673e-15
0
1.82178e-14
1.24056e-14
0
0
0
0
0
0
0
0
0
0
0
0
0
-3.90059e-18
0
0
0
0
0
0
0
0
0
0
0
0
0
0
0
0
0
0
0
0
0
0
0
0
0
-1.12875e-13
0
0
0
0
0
0
0
0
0
0
0
0
0
0
0
0
0
0
0
0
0
0
0
0
0
0
0
0
0
0
0
0
0
0
0
0
0
0
0
0
0
0
0
0
0
8.0673e-17
6.87647e-16
-2.07818e-18
0
0
0
0
0
0
0
0
0
0
0
0
0
0
0
0
0
0
0
0
0
0
0
0
0
0
0
0
0
0
0
0
0
0
0
0
0
0
0
0
0
0
0
0
0
0
0
0
0
0
0
0
0
0
0
0
0
0
0
0
0
0
0
0
0
0
0
0
0
0
7.95737e-18
0
0
0
0
0
0
1.52121e-18
-2.94064e-18
-7.52593e-17
0
0
0
0
0
0
0
0
-5.93326e-16
0
0
0
0
0
0
0
0
0
0
0
0
0
0
0
0
0
0
0
0
0
0
0
0
0
0
0
0
0
0
0
0
0
0
0
0
0
0
0
0
0
0
0
0
0
0
0
0
0
0
0
0
0
0
0
6.63313e-16
-5.9887e-16
0
0
0
0
0
0
0
0
0
0
0
0
0
0
0
0
0
0
0
0
0
0
0
0
0
0
0
0
0
0
0
0
0
0
0
0
0
0
0
0
0
0
0
0
0
0
0
0
0
0
0
0
0
0
0
0
0
0
0
0
0
0
0
0
3.68758e-16
7.40401e-16
0
0
-4.64261e-17
0
0
0
0
0
0
0
0
0
0
0
0
0
0
0
0
0
0
0
0
0
0
0
0
0
0
0
0
0
0
0
0
0
0
0
0
0
0
0
0
0
0
0
0
0
0
0
0
0
0
0
0
0
0
0
0
0
0
0
0
0
0
0
0
0
0
0
0
0
0
0
-1.64631e-16
0
0
0
0
0
0
5.82555e-16
1.66466e-16
9.91644e-17
0
0
0
0
0
0
-6.6172e-17
0
0
0
0
0
0
0
0
0
0
0
0
0
0
0
0
0
0
0
0
0
0
0
0
0
0
0
-1.02849e-16
0
0
0
0
0
0
0
0
0
0
0
0
0
0
0
0
0
0
0
0
0
0
0
0
0
0
0
0
0
0
0
0
0
0
0
0
0
0
0
0
0
0
0
0
0
0
0
0
0
0
0
0
0
0
0
0
0
0
0
0
0
0
0
0
0
0
-1.03412e-16
2.04669e-17
0
0
0
0
0
0
0
0
0
0
0
0
0
0
0
0
0
0
0
0
0
0
0
0
0
0
0
0
0
0
0
0
0
0
0
0
0
0
0
0
0
0
0
0
0
0
0
0
0
0
0
0
0
0
0
0
0
0
0
0
0
0
0
0
0
0
0
0
0
0
0
0
0
0
0
0
0
0
0
0
0
0
0
0
0
0
0
0
0
1.96478e-15
-1.46984e-15
0
0
0
0
0
0
0
0
0
0
0
0
-5.56207e-16
0
0
0
0
0
0
0
0
0
0
0
0
0
0
0
0
0
0
0
0
0
0
0
0
0
0
0
0
0
0
0
0
3.04508e-16
0
0
0
0
0
0
0
0
0
-6.90292e-16
0
0
0
0
0
0
0
0
0
0
0
0
0
0
0
9.26239e-17
0
0
0
0
0
0
0
0
0
0
5.19434e-16
2.1377e-16
0
0
0
0
0
0
0
0
0
0
0
0
0
0
0
0
0
0
0
0
0
1.30513e-15
0
0
6.83945e-17
0
0
0
0
-2.20835e-17
6.99685e-17
0
0
0
0
0
0
-4.00967e-16
0
0
0
0
0
0
0
7.42501e-16
-6.12105e-16
0
0
0
-1.72628e-16
0
0
0
0
0
0
0
0
0
8.97935e-16
-4.6084e-16
0
0
-5.36495e-16
0
0
0
0
0
0
0
0
-1.86364e-16
0
-4.63581e-16
0
0
0
0
0
0
0
0
0
-4.56716e-17
-4.71121e-16
0
0
0
0
0
0
0
0
0
0
0
0
0
0
0
0
0
0
0
0
0
0
0
0
0
0
0
0
-5.46392e-18
7.0679e-18
0
0
0
0
0
0
0
0
0
0
0
0
1.17702e-14
0
0
0
0
0
0
0
0
0
0
0
0
0
0
0
0
0
0
0
0
0
0
0
0
0
-2.76028e-31
4.70279e-17
0
0
0
0
0
0
0
0
0
0
0
0
0
0
0
0
0
0
0
0
0
0
0
-1.99882e-15
0
0
0
0
0
0
0
0
0
0
0
0
0
0
0
0
0
0
0
0
0
0
0
0
0
0
0
0
0
0
0
0
0
0
0
0
0
0
0
0
0
0
0
0
0
0
0
0
0
0
0
0
0
0
0
0
0
0
0
0
0
0
0
0
0
0
0
-5.02327e-16
1.53478e-16
0
0
-3.02975e-15
0
0
0
0
0
0
0
0
0
0
0
0
0
0
0
0
0
0
0
0
0
0
0
-1.29266e-15
0
0
0
2.10196e-17
0
0
0
0
0
0
0
0
0
0
0
0
0
0
0
0
0
0
0
0
0
0
0
0
0
0
-6.32113e-18
8.99858e-18
0
3.54565e-18
0
0
0
0
1.41544e-17
1.04944e-17
0
0
0
0
0
0
0
0
0
0
0
0
0
0
0
0
0
0
0
0
0
0
0
0
0
0
0
0
0
0
0
0
0
0
0
0
0
0
0
0
0
0
0
0
0
0
0
0
0
0
0
0
0
0
0
0
0
0
0
0
0
0
0
0
2.03105e-14
0
0
0
0
0
0
0
0
0
0
0
0
0
0
0
0
0
0
0
0
0
0
0
0
0
0
0
0
0
0
0
0
0
0
0
0
0
0
0
0
0
0
0
0
0
0
0
0
-2.71118e-14
0
0
0
0
0
0
0
0
0
0
0
0
0
0
0
0
0
0
0
0
0
0
0
0
0
0
0
0
0
0
0
0
0
0
0
0
0
0
0
0
0
0
0
0
0
0
0
0
0
0
0
0
0
0
0
0
0
-3.62929e-15
0
0
0
0
0
0
0
-1.44893e-12
0
0
0
0
0
0
0
0
0
0
0
0
0
0
0
0
0
0
0
0
0
0
0
0
0
0
0
0
0
0
0
0
0
0
0
0
0
0
0
0
0
0
0
0
0
0
0
0
0
0
0
0
0
0
0
0
1.16815e-17
0
0
0
0
0
0
0
0
0
0
0
-6.02991e-17
2.7837e-17
0
0
0
0
0
0
0
0
0
0
0
0
0
0
0
0
0
0
0
0
-3.01601e-17
0
0
0
0
0
0
0
0
-6.14801e-17
0
2.35508e-15
0
6.17633e-17
-3.24581e-17
0
0
0
0
0
0
0
0
0
0
0
0
0
0
0
-6.75286e-16
0
0
0
0
0
0
0
0
0
0
0
0
0
0
0
0
0
0
0
0
0
0
0
0
0
0
0
0
0
0
0
0
0
0
0
0
0
0
0
0
0
0
0
0
0
0
0
0
0
0
0
0
0
0
0
0
0
0
0
0
0
0
0
-1.53213e-16
-7.22368e-16
-1.92385e-14
0
0
0
0
0
0
0
0
0
0
0
0
0
0
0
1.59859e-15
0
0
0
1.63209e-15
0
0
1.08669e-15
0
0
0
0
0
0
0
0
0
0
0
-1.31133e-15
-3.63737e-17
3.52918e-15
0
0
0
0
0
0
0
0
0
0
0
0
0
0
0
0
0
0
0
0
-1.77208e-15
0
0
0
0
0
0
0
0
0
0
0
0
0
0
0
0
0
0
0
0
0
0
0
0
0
0
0
0
0
0
0
0
0
0
0
0
0
0
0
0
0
0
0
0
0
0
0
0
0
0
0
0
0
0
0
0
0
0
0
0
0
0
0
0
0
0
0
0
0
0
0
-1.27943e-15
0
0
0
0
0
0
0
0
0
0
0
0
0
0
0
0
0
0
0
0
0
0
0
-1.1138e-15
0
0
0
0
0
0
0
0
0
0
0
0
0
0
0
0
0
0
0
0
0
0
0
-9.6562e-16
0
0
0
0
0
0
0
0
0
0
0
0
0
0
0
0
0
0
0
0
0
0
0
0
0
0
0
-1.36679e-31
1.51889e-14
0
0
0
0
0
0
0
0
0
0
0
-4.36143e-16
-1.58866e-16
0
0
0
0
0
0
0
0
0
0
0
0
0
0
0
0
0
0
0
0
0
0
0
0
0
0
0
0
0
0
0
0
0
0
0
0
0
0
0
0
0
0
0
0
0
0
0
0
0
0
0
0
0
0
0
0
0
0
0
0
0
0
0
0
0
0
0
0
0
0
0
0
0
0
0
0
0
0
0
0
0
-1.14015e-16
1.23143e-15
0
0
0
0
0
0
0
0
0
0
0
0
0
0
0
0
0
0
0
0
0
0
0
0
0
0
0
0
0
0
0
0
0
0
0
0
0
0
0
0
0
0
0
0
6.06245e-17
0
0
0
0
0
0
0
0
0
0
0
0
0
0
0
0
0
0
0
0
0
0
0
0
0
0
0
0
0
0
0
0
0
0
0
0
0
0
0
0
0
0
0
-1.32183e-17
-2.36152e-15
0
0
0
0
0
0
0
0
0
0
0
0
0
0
0
0
0
0
0
0
0
0
0
0
0
0
0
0
0
0
0
0
0
0
0
0
0
0
0
0
0
0
0
0
0
0
-4.54687e-13
0
0
0
0
0
0
0
0
0
0
0
0
0
0
0
0
0
0
0
0
1.11998e-15
0
0
0
0
0
0
0
0
0
0
0
0
0
0
0
0
0
0
0
0
0
0
0
0
0
0
0
0
0
0
0
0
0
0
0
0
0
0
0
0
0
0
0
0
0
0
0
0
0
0
0
0
0
0
0
0
0
0
0
0
0
0
0
0
0
0
0
0
0
0
0
0
0
0
0
0
0
0
0
0
0
0
0
0
0
0
0
0
0
0
0
0
0
0
0
1.28112e-16
1.15432e-16
0
0
0
0
0
0
0
0
0
0
0
0
0
0
0
0
0
0
0
0
0
0
0
0
0
0
0
0
0
0
0
0
0
0
0
0
0
0
0
0
0
0
0
0
0
0
0
0
0
0
0
0
0
0
0
0
0
0
0
0
0
0
0
0
0
0
0
0
0
0
0
0
0
0
0
0
0
0
0
0
0
0
0
0
0
0
0
0
0
0
6.03504e-16
0
0
0
0
0
0
0
0
0
0
0
0
0
0
0
0
0
0
0
0
0
0
0
0
0
0
0
0
0
0
0
0
0
0
0
0
0
0
6.93003e-15
7.48544e-15
0
0
0
0
0
0
0
0
0
0
0
0
0
0
0
0
0
0
0
0
0
0
0
0
0
0
0
0
0
0
0
0
0
0
0
0
0
0
0
0
0
0
0
0
0
0
0
0
0
0
0
0
0
0
0
0
0
0
0
0
0
0
0
0
0
0
9.50368e-16
3.44682e-15
0
0
0
0
0
0
0
0
0
0
0
0
0
0
0
0
0
0
0
0
0
0
0
0
0
0
0
0
0
0
0
0
0
0
0
0
0
0
0
0
0
0
0
0
0
0
0
0
0
0
0
-4.06041e-17
7.49606e-16
0
0
0
0
0
0
0
0
0
0
0
0
0
0
0
0
0
0
0
0
0
0
0
0
1.07647e-14
0
0
0
0
0
0
0
0
0
0
0
0
0
0
0
0
0
0
0
0
0
0
0
0
0
0
0
0
0
0
0
0
0
0
0
0
0
0
0
0
0
0
0
0
0
-3.89477e-15
1.74732e-14
-1.55859e-14
0
0
0
0
0
0
0
0
0
0
0
0
4.74131e-16
0
0
0
0
0
0
0
0
0
0
0
2.19651e-16
0
0
0
0
0
0
0
0
0
6.44288e-15
0
-1.53375e-14
0
0
0
0
0
0
0
0
0
0
0
0
0
0
0
0
0
0
0
0
0
0
0
0
0
0
0
0
0
0
0
0
0
0
0
0
0
0
0
0
0
0
0
0
0
0
0
0
0
0
0
0
0
0
0
0
0
0
0
0
0
0
0
0
0
0
0
0
0
0
0
0
0
0
0
0
0
0
0
0
0
0
0
0
0
0
0
0
0
0
0
0
0
0
0
0
0
0
0
0
0
0
0
0
0
0
0
0
0
0
0
0
0
0
0
0
0
0
0
0
-1.20323e-15
0
0
0
0
0
0
0
0
0
0
0
0
0
0
0
0
4.37892e-14
-1.29236e-12
0
0
0
0
0
0
0
0
0
0
0
0
1.98252e-17
0
0
0
0
0
0
0
0
0
0
0
0
0
0
0
0
0
0
0
0
4.46747e-15
0
0
0
0
0
0
0
0
0
0
0
0
0
0
0
0
0
0
0
0
0
0
0
0
0
0
0
0
0
0
0
0
0
0
1.09397e-30
-9.21106e-17
3.39925e-16
0
0
0
0
0
0
0
0
0
0
0
0
0
0
0
0
0
0
0
0
0
0
0
0
0
0
0
0
0
0
-3.22592e-17
0
0
0
0
1.51777e-16
0
0
0
0
0
0
0
0
0
0
0
0
-4.13568e-16
0
4.87171e-17
0
-9.88286e-16
0
0
0
0
0
0
0
0
0
0
0
0
0
8.36946e-16
0
0
0
0
3.99699e-16
0
0
0
0
0
0
0
0
0
0
0
0
0
0
0
0
0
0
0
0
0
0
0
0
0
0
0
0
0
0
0
0
0
0
0
0
0
0
0
0
0
0
0
0
0
0
0
0
0
0
0
1.34636e-16
0
0
0
0
0
0
0
2.75494e-31
0
-1.76367e-13
0
0
0
0
0
-1.47266e-18
0
0
0
0
0
0
0
0
0
0
0
0
4.14749e-17
0
0
0
0
0
0
0
0
0
0
0
1.11172e-16
0
0
0
0
0
0
0
0
0
0
0
0
0
0
0
0
0
0
0
0
0
0
0
0
0
0
0
0
0
0
0
0
0
0
0
0
0
0
0
0
0
0
0
0
0
-1.66625e-16
0
0
0
0
0
0
0
0
0
0
0
0
0
0
0
0
0
0
0
0
0
0
0
0
0
0
-6.27489e-16
0
0
0
0
0
0
0
0
0
0
0
-1.55758e-16
1.65848e-16
0
0
0
0
0
0
0
0
0
0
0
0
0
0
0
0
0
0
0
0
0
0
0
0
0
0
0
0
0
0
0
0
0
0
0
0
0
0
0
0
0
0
0
0
0
0
0
0
0
0
0
2.47931e-19
0
0
0
0
0
0
0
0
1.884e-19
0
0
0
0
0
0
0
0
0
0
0
0
0
0
0
3.10757e-16
0
0
0
0
0
0
0
0
0
0
0
-1.82205e-16
0
0
0
0
0
0
0
0
0
0
0
0
-2.97688e-16
0
0
0
0
0
0
0
0
0
0
0
0
0
0
0
0
0
0
0
0
0
0
0
0
0
0
0
0
0
0
0
0
0
0
0
9.05274e-16
0
0
0
0
0
0
0
0
0
0
0
0
0
0
0
0
0
0
0
0
0
0
0
0
0
0
0
0
0
0
0
0
0
0
0
0
0
0
0
0
0
0
3.08333e-15
0
0
0
0
0
0
0
0
0
0
0
0
0
0
0
0
0
3.21149e-14
-5.82188e-13
0
0
0
0
0
0
0
0
0
0
0
0
0
0
0
0
0
0
0
0
0
0
0
0
0
0
0
0
0
0
0
0
0
0
0
0
0
0
2.9945e-15
0
0
0
0
0
1.66163e-17
0
0
0
0
0
0
0
0
0
0
0
0
0
0
0
0
0
0
0
0
0
0
0
0
0
0
0
0
0
0
0
0
0
0
0
0
0
0
0
0
0
0
0
0
0
0
0
0
0
0
0
0
0
0
0
0
0
0
0
0
0
0
0
0
0
0
0
0
0
0
0
0
0
0
0
0
0
2.8667e-17
0
0
0
0
0
0
4.30427e-16
0
0
0
0
0
0
0
0
0
0
0
0
0
0
0
0
0
0
0
0
0
0
0
0
0
0
0
0
0
0
0
0
0
0
0
0
0
0
0
0
0
0
-4.9984e-14
0
0
0
0
0
0
-4.30244e-16
0
0
0
0
0
0
2.90517e-16
0
0
0
0
0
0
0
0
0
0
8.47282e-16
0
0
0
0
0
0
0
0
0
0
0
0
0
-7.46317e-13
0
0
-2.32426e-17
-1.36716e-15
0
0
0
0
0
0
0
0
0
0
0
0
0
0
0
0
0
0
0
0
0
0
0
0
0
0
3.30114e-18
0
0
0
0
0
0
0
0
4.19363e-16
0
0
0
0
0
0
0
0
0
0
0
6.34707e-18
0
0
0
0
-1.0581e-15
0
-4.35896e-16
0
0
0
0
0
0
-6.78468e-13
0
0
0
-7.82908e-19
-2.85012e-19
0
0
0
0
9.46102e-16
0
0
0
0
0
0
0
0
0
0
0
0
0
0
0
0
0
0
8.69748e-15
-6.37431e-15
0
0
0
3.77297e-20
0
0
0
0
0
0
0
0
0
0
0
0
0
0
0
0
0
0
0
0
0
0
0
0
0
0
0
0
0
0
0
0
0
0
0
0
0
0
0
0
0
0
0
0
0
0
0
0
0
0
0
2.61313e-17
0
0
0
0
0
0
0
0
0
0
0
0
0
0
0
0
0
1.06109e-15
0
0
0
0
0
-2.59913e-18
0
0
0
0
0
0
0
0
0
0
0
0
0
0
0
0
0
0
0
-5.12359e-13
9.16749e-14
0
0
0
0
0
0
0
0
0
0
0
0
0
0
0
0
0
0
0
0
0
0
0
0
0
0
5.80872e-15
0
0
0
0
0
0
0
0
0
0
0
0
0
0
0
0
0
0
0
0
1.92977e-14
0
0
0
0
2.64563e-17
0
0
0
0
0
0
0
0
0
0
0
0
0
0
0
0
-9.33446e-17
0
0
0
0
0
0
0
0
0
0
0
0
0
0
-6.71807e-15
0
0
0
0
0
0
0
0
0
0
0
0
0
0
0
0
0
0
0
0
0
0
0
0
0
0
0
0
0
0
0
0
0
0
0
0
0
0
0
0
0
0
0
0
0
0
0
0
0
0
0
0
0
0
0
0
0
0
0
0
0
2.30509e-20
0
0
0
0
0
0
0
0
0
0
0
0
-1.18e-15
0
0
0
0
0
0
0
0
0
0
0
0
0
0
0
0
0
0
0
0
0
0
0
0
0
0
0
0
0
0
0
0
0
0
0
0
0
0
0
0
0
0
0
0
0
0
0
0
0
0
0
0
0
0
0
0
0
0
0
0
0
0
0
0
0
0
0
0
0
0
0
0
0
0
0
0
0
0
0
0
0
0
0
0
0
0
0
0
0
-8.44547e-13
0
0
0
0
0
0
0
0
0
0
0
0
0
0
0
0
0
0
8.24455e-16
0
0
-8.64289e-13
0
0
0
0
0
0
0
0
0
0
0
0
0
0
0
0
0
0
0
0
0
0
0
0
0
0
0
0
0
0
0
0
0
0
0
0
0
0
0
0
0
0
0
0
0
0
0
0
0
0
0
0
0
0
0
0
0
0
0
0
0
0
0
0
0
0
0
0
0
0
0
-7.38766e-16
0
0
0
0
0
0
0
0
0
0
0
0
0
0
0
0
0
0
0
1.87638e-17
0
0
0
0
0
0
0
0
0
0
0
0
0
0
0
0
0
0
0
0
0
0
0
0
0
0
4.67981e-16
0
0
0
0
0
0
0
0
0
0
0
0
0
0
0
0
0
0
0
-2.86629e-12
0
0
0
0
0
0
0
0
0
0
0
2.4808e-17
-3.35871e-17
0
0
0
0
0
0
0
0
0
0
0
0
0
0
0
0
0
0
0
0
0
0
0
0
0
0
0
0
0
0
0
-3.11268e-17
0
0
0
0
0
0
0
6.45805e-16
9.09506e-15
0
-1.44212e-13
-1.94538e-13
0
0
0
0
0
0
0
0
0
0
0
0
0
0
0
0
6.27446e-16
0
-2.1377e-16
0
0
0
0
0
0
0
0
0
0
0
0
0
0
0
0
0
0
0
0
0
0
0
0
0
0
0
0
0
0
0
0
0
0
0
0
0
0
0
0
0
0
0
0
0
0
0
0
0
0
0
0
0
0
0
0
0
0
0
0
0
0
0
0
0
0
0
0
0
0
0
0
0
0
0
0
0
0
0
0
0
0
0
0
0
0
0
0
0
0
0
0
0
0
0
0
0
0
0
0
0
0
0
0
0
0
0
0
0
0
0
0
0
0
0
0
0
0
0
0
0
0
0
0
0
0
0
0
0
0
0
0
0
0
0
0
0
0
0
0
0
0
0
0
0
0
0
0
0
0
0
0
0
0
0
0
0
0
0
0
0
0
0
0
0
0
0
0
0
0
0
0
0
0
0
0
0
0
0
0
0
0
-6.20872e-13
1.0354e-13
0
0
0
0
0
0
0
0
0
0
0
0
0
0
0
0
0
0
0
0
3.07765e-08
1.75001e-08
3.70114e-08
1.50185e-08
-1.11806e-08
1.68727e-09
6.61862e-10
4.65001e-10
1.35724e-08
-1.49606e-09
1.17205e-08
2.10767e-08
6.64706e-09
9.73718e-09
3.12779e-08
1.39261e-08
2.69026e-08
2.13336e-08
1.6964e-09
1.53908e-08
3.80503e-08
2.08556e-08
3.73743e-08
1.77128e-08
2.29624e-08
7.79895e-09
3.39295e-09
-3.05807e-09
1.0249e-08
2.10623e-08
3.57144e-09
8.23466e-09
-4.84678e-09
6.83727e-09
-6.46274e-09
-7.49619e-09
4.80121e-09
-9.97639e-09
3.49668e-09
-2.74093e-09
-1.36414e-08
-4.62423e-09
-1.55615e-08
-1.68697e-08
-6.35718e-09
-1.30118e-08
-1.41207e-08
-2.05694e-08
-1.13473e-08
-2.25059e-08
-2.60779e-08
-1.07799e-08
0
0
0
0
0
0
0
0
0
0
0
-8.8158e-30
0
0
0
0
0
0
0
0
0
0
0
0
0
0
0
0
0
0
0
0
0
0
0
0
0
0
0
0
0
0
0
0
0
0
0
0
0
0
0
0
0
0
0
0
0
0
0
0
0
0
-1.63698e-15
0
0
0
0
0
0
0
0
0
0
0
1.4899e-09
-1.02487e-08
0
0
-1.011e-08
-1.92236e-08
-1.37655e-08
-3.37574e-09
-6.07328e-09
-1.63923e-08
-1.59071e-08
-5.03912e-09
0
0
0
0
0
0
-1.33312e-08
-2.28201e-08
-1.72969e-08
-6.67486e-09
-2.68457e-09
-1.29593e-08
-1.16318e-08
-2.49974e-09
-1.23676e-08
2.15795e-09
0
0
3.00492e-09
-8.80827e-09
4.97694e-09
-6.9102e-09
-6.57246e-09
6.15814e-09
0
0
-4.07083e-09
-1.5358e-08
0
0
1.12541e-08
-3.31358e-09
-4.91523e-09
7.54411e-09
7.00366e-09
-5.89713e-09
0
0
0
0
0
0
0
0
0
-7.6131e-09
4.19972e-09
0
0
1.44524e-08
3.42059e-10
0
0
0
8.65225e-09
-4.50395e-09
0
0
0
0
0
0
0
0
0
0
0
0
1.23768e-08
-1.38451e-09
0
1.57217e-08
2.11801e-09
0
0
0
0
0
0
0
0
0
0
0
0
0
0
0
0
0
0
1.77677e-08
3.87525e-09
0
0
0
1.40859e-09
-9.4945e-09
0
-1.09116e-08
-1.76806e-08
0
0
0
-1.43515e-08
-3.55107e-09
-5.57422e-09
-1.61315e-08
0
-2.0141e-08
-5.26989e-09
0
0
0
0
0
0
0
0
0
0
0
0
0
0
6.42138e-09
2.05421e-08
0
0
0
0
0
0
0
0
-1.08477e-08
0
0
-1.29177e-08
-2.24769e-08
-8.2787e-16
0
0
0
-3.29102e-09
-1.17058e-08
0
0
0
6.53468e-09
2.34513e-08
2.19231e-08
6.55915e-09
0
0
-1.22697e-08
1.2645e-09
0
0
0
0
0
0
0
0
0
0
0
0
0
-2.13003e-08
-1.80013e-08
0
0
0
0
3.06729e-09
-8.1251e-09
5.51092e-09
-6.6844e-09
0
0
0
0
0
0
0
0
0
0
1.17105e-08
-3.03663e-09
-1.53771e-14
0
0
-5.32092e-09
7.18907e-09
0
0
0
-6.28911e-16
0
3.82783e-09
2.00776e-08
3.21798e-15
0
0
0
2.90197e-08
2.39079e-09
0
0
0
0
0
0
0
0
0
1.4867e-08
6.87949e-10
0
0
9.0812e-09
-4.17251e-09
0
0
0
0
0
0
0
0
0
0
0
0
0
0
0
0
0
0
0
0
0
0
0
0
0
0
0
0
0
0
0
0
0
5.27379e-17
0
4.57008e-09
1.85952e-08
0
0
0
0
0
0
0
0
0
0
0
0
0
0
0
0
0
0
0
0
0
1.27895e-08
-1.0367e-09
8.56109e-17
1.65232e-08
0
0
0
0
0
0
0
0
0
0
0
0
0
0
0
0
0
0
0
0
0
0
0
0
0
0
0
0
0
0
0
0
0
0
0
0
1.83553e-08
4.04457e-09
0
0
0
0
0
0
0
5.13954e-15
-1.96598e-14
0
0
0
0
0
0
0
0
0
0
0
0
0
0
1.30711e-08
3.1369e-08
5.65605e-09
2.0543e-08
0
0
0
0
0
0
0
0
0
0
0
0
0
0
0
0
0
0
0
0
0
0
0
0
0
0
6.04527e-09
2.31851e-08
0
0
0
0
0
0
0
0
0
0
0
0
0
0
0
0
0
0
0
0
0
0
0
0
0
0
0
0
0
0
0
0
0
0
0
0
0
1.51759e-08
3.23134e-08
3.14638e-08
1.45085e-08
0
0
0
0
0
0
0
0
0
0
0
0
0
0
0
0
0
0
0
0
0
0
0
0
0
0
0
0
0
0
0
0
0
0
0
0
0
0
0
0
0
0
0
0
0
0
0
0
0
0
0
0
0
0
0
0
0
0
0
2.27617e-08
0
0
0
0
0
0
0
2.77583e-08
2.13392e-08
0
0
0
0
0
0
0
0
0
0
0
0
0
0
0
0
0
0
0
0
0
0
0
0
0
0
0
0
0
0
0
0
0
0
0
0
0
0
0
0
0
0
0
0
0
0
0
0
0
0
0
0
0
0
0
6.78702e-09
0
0
0
0
0
0
0
0
0
0
0
0
0
0
0
0
4.01016e-16
1.29268e-15
0
0
0
0
0
0
0
0
0
0
0
0
0
0
0
0
0
0
0
0
0
-3.58366e-16
0
-3.47857e-16
0
0
0
0
0
0
0
0
0
0
0
0
0
0
0
-2.24814e-16
1.93319e-08
3.50182e-08
0
0
0
0
0
0
0
0
0
0
0
0
0
0
4.90526e-16
0
0
0
0
0
0
0
0
0
0
0
0
0
0
0
9.63973e-09
0
0
0
0
0
0
0
0
0
0
-1.52878e-15
0
0
0
0
0
0
0
0
0
6.07475e-17
2.38883e-19
0
0
0
0
0
0
0
0
0
0
0
0
0
0
0
0
0
0
0
0
0
0
0
0
0
0
0
0
0
0
0
3.9596e-08
1.62308e-08
0
0
0
0
0
0
0
0
0
0
0
0
0
0
0
0
0
0
0
0
0
0
0
0
0
0
0
0
0
0
0
0
0
0
0
0
0
0
0
0
0
0
0
0
0
0
0
0
0
0
0
0
0
0
9.77156e-16
0
0
0
0
0
0
0
0
0
0
0
0
0
0
0
-3.80921e-09
-1.48554e-08
1.28435e-08
3.08318e-08
0
0
0
0
0
0
0
0
0
0
0
0
0
0
0
0
0
0
0
0
0
1.935e-08
3.87799e-08
0
0
0
0
0
0
0
-8.16753e-17
0
0
0
0
0
0
0
0
0
0
0
0
0
0
0
0
0
0
0
0
0
0
0
0
0
0
0
0
0
0
0
0
0
0
0
0
0
0
0
0
0
0
0
0
0
0
0
1.76269e-16
-4.72123e-16
0
0
0
0
0
0
0
0
0
0
0
1.77575e-16
-1.61379e-16
0
0
0
-9.85482e-15
0
-2.384e-15
0
0
0
0
0
0
0
0
0
0
0
0
0
0
0
0
0
0
0
0
0
0
0
0
0
0
0
0
0
1.55282e-16
0
0
0
0
0
0
0
0
0
0
0
0
0
0
0
0
0
0
0
0
0
0
0
0
0
0
0
0
0
0
0
0
0
0
0
0
0
0
0
0
0
0
0
0
-5.77419e-17
0
0
0
0
0
0
0
0
0
0
0
0
0
0
0
0
0
0
0
0
0
0
0
0
0
0
0
0
0
0
0
0
0
0
0
1.34288e-08
3.32883e-08
0
0
0
0
0
0
0
0
0
0
0
0
0
0
0
0
0
0
0
0
0
0
0
0
0
0
0
0
0
0
0
0
0
0
0
0
0
0
0
0
0
0
0
0
0
0
0
0
0
0
0
0
0
0
-1.7972e-12
0
0
0
0
0
0
0
0
0
0
0
0
0
0
0
0
0
0
0
0
0
0
0
0
-7.1875e-15
-1.55619e-15
0
0
0
0
0
0
0
0
0
0
0
0
0
0
0
0
0
0
0
0
0
0
0
0
0
0
0
0
0
0
0
0
7.56477e-17
0
0
0
0
0
0
0
0
0
0
0
0
0
0
0
0
0
0
0
0
0
0
0
0
0
0
0
0
0
0
0
0
0
0
0
0
6.36032e-14
-2.92789e-16
0
0
0
0
0
0
0
0
0
0
0
0
0
0
0
0
0
0
0
0
0
0
0
0
5.75575e-16
-3.84742e-19
0
0
0
0
0
0
0
0
0
0
0
-3.16392e-16
0
0
0
0
0
0
0
0
0
3.35592e-08
1.6215e-08
0
0
0
0
0
0
0
0
0
0
0
0
0
0
0
0
0
0
0
0
0
0
0
0
0
0
-1.20691e-15
0
0
0
0
0
0
0
0
0
0
0
0
0
0
0
0
0
0
0
0
0
0
0
0
0
0
1.92906e-08
3.80781e-08
0
-1.1272e-14
4.49346e-15
0
0
0
0
0
0
0
0
0
0
0
0
0
0
0
0
0
0
0
0
0
0
0
0
0
0
0
0
0
0
0
0
0
0
0
0
0
0
0
0
0
0
0
0
0
0
0
0
0
0
0
0
0
0
0
0
0
0
0
0
0
0
0
0
0
0
-1.98101e-14
0
0
0
0
0
0
0
0
0
0
0
0
0
0
0
0
0
0
0
0
0
0
0
0
0
0
0
-4.89178e-13
1.03534e-13
0
0
0
0
0
0
0
0
0
0
0
0
0
0
0
0
0
0
0
0
0
0
0
0
0
0
-7.13383e-16
0
0
0
0
0
0
0
0
0
0
0
0
0
0
0
0
0
0
0
0
0
0
0
0
0
0
0
0
0
0
0
-3.14812e-16
0
-2.68651e-15
0
0
0
0
0
0
0
0
0
0
0
0
0
0
0
0
0
0
0
0
0
0
0
0
0
2.09652e-15
2.41383e-08
2.95242e-08
0
0
0
0
0
0
0
0
0
0
0
0
0
0
0
0
0
0
0
0
0
0
0
0
0
0
0
0
0
0
0
0
0
0
-4.53075e-16
1.26865e-15
0
0
0
0
0
0
0
0
0
0
3.79161e-08
2.17584e-08
0
0
0
-6.35314e-16
-1.3277e-15
0
0
0
0
0
0
0
0
0
0
0
0
0
0
0
0
0
0
0
0
0
0
0
0
0
0
0
0
0
0
0
0
0
0
0
0
0
0
0
0
0
0
0
-1.45102e-16
0
0
0
0
0
0
0
0
0
0
0
0
0
0
0
0
0
0
0
0
0
0
0
0
6.14367e-16
0
0
0
0
0
6.03922e-16
-5.45649e-31
0
0
0
0
0
0
0
0
0
0
0
0
0
0
0
0
0
0
0
0
0
0
0
0
0
0
0
0
0
0
0
0
0
0
0
0
0
0
0
0
0
0
0
0
0
0
0
0
0
0
0
0
0
-1.71838e-13
0
-1.77563e-15
0
0
0
6.40169e-17
0
0
0
3.72912e-08
1.9327e-08
0
0
0
0
0
0
0
0
0
0
0
0
0
0
0
0
0
0
-3.07201e-16
0
0
0
0
0
0
0
0
0
0
0
0
0
0
0
0
0
0
0
-1.06781e-33
0
0
0
0
0
0
0
0
0
0
0
0
0
0
0
0
0
0
0
0
0
0
0
0
0
0
0
0
0
0
0
0
0
0
0
0
0
0
0
0
0
0
0
0
0
0
0
0
0
0
-3.45563e-16
0
0
0
4.88081e-17
0
0
0
0
0
0
0
0
0
0
0
0
0
0
0
0
0
0
0
0
0
0
0
0
0
0
0
0
0
0
0
0
0
0
0
0
0
0
0
0
0
0
0
0
0
0
0
0
0
0
0
0
0
0
0
0
1.29726e-14
0
0
0
0
0
0
0
0
0
0
0
0
0
0
0
0
0
0
0
0
0
0
0
0
0
0
0
0
0
0
0
0
0
0
0
0
0
0
0
0
0
0
0
0
0
-2.85221e-15
-5.30996e-16
-1.24685e-17
-4.85701e-19
-1.13115e-18
0
0
0
0
-1.76396e-18
0
0
0
0
0
0
0
0
0
0
0
0
0
0
0
-1.08555e-16
0
0
0
0
0
0
0
0
0
0
0
0
0
0
0
0
0
0
7.97448e-16
-8.22226e-16
0
0
0
0
0
0
0
0
0
0
0
0
0
0
0
0
0
0
0
0
0
0
1.05573e-17
3.87604e-16
0
0
0
0
0
0
0
0
0
0
0
0
0
-6.62759e-15
1.82188e-16
0
0
0
0
0
0
0
0
0
0
0
-8.54244e-33
0
0
0
0
0
0
0
0
0
0
0
0
0
-2.68239e-17
8.95681e-17
0
0
0
0
0
0
0
0
0
0
0
0
0
0
0
0
0
0
0
0
0
0
0
0
0
0
0
0
0
0
6.29467e-16
0
0
0
0
0
0
0
0
0
0
0
0
0
0
0
0
0
0
0
0
0
0
0
0
0
0
0
0
0
0
0
0
0
0
0
0
-7.04404e-17
4.74538e-16
-2.51402e-17
0
0
0
0
0
0
0
0
0
3.9745e-16
0
0
0
0
0
0
0
0
0
0
0
0
0
0
0
0
0
0
0
0
0
0
4.49577e-17
0
0
4.60015e-17
0
0
0
1.09331e-16
0
0
0
0
-5.43036e-17
0
0
0
0
0
0
0
0
0
6.04911e-16
-5.01088e-15
0
0
0
0
0
0
0
0
0
0
0
0
0
0
0
0
0
0
0
0
0
0
0
0
0
0
0
0
0
0
0
0
0
0
0
0
0
0
0
0
0
0
0
0
0
0
0
0
0
7.97505e-13
0
9.00956e-13
9.37131e-13
0
0
8.65301e-13
9.31854e-13
9.39871e-13
0
0
0
0
0
0
0
0
0
0
0
0
0
0
-7.10143e-16
1.28219e-16
0
2.35888e-16
0
0
0
8.10842e-13
0
0
0
0
0
0
0
0
0
0
7.79304e-13
8.2533e-13
0
0
0
0
0
0
0
0
0
1.37255e-15
0
0
0
1.40654e-16
0
0
0
0
0
0
0
0
7.66002e-17
0
0
0
8.369e-13
0
0
7.69632e-13
0
0
0
0
0
0
0
0
0
0
0
0
0
0
0
0
0
0
0
0
0
0
0
0
0
0
0
0
0
1.43579e-16
7.40672e-13
6.79845e-13
0
0
0
0
0
0
0
6.0587e-13
0
0
0
0
0
0
0
0
0
1.51674e-10
1.31311e-08
0
0
0
0
0
0
0
0
0
0
7.06567e-13
0
0
0
0
0
0
0
0
0
0
0
0
0
0
0
0
0
0
0
0
0
0
0
0
0
0
0
0
0
0
0
0
0
4.76844e-13
7.03252e-13
0
-1.872e-16
0
0
0
0
0
0
0
0
0
0
0
0
0
0
0
0
0
0
0
0
0
0
0
0
0
0
0
0
0
0
0
0
0
0
0
0
9.10528e-15
0
0
0
0
0
3.11997e-14
0
9.99175e-13
0
0
0
0
9.74806e-13
9.25339e-13
7.97765e-13
0
0
0
0
0
0
0
0
0
0
0
0
0
3.61007e-16
0
0
0
1.64547e-15
4.92556e-15
0
0
0
1.21757e-16
0
0
0
0
0
0
0
0
0
0
0
0
0
8.26943e-13
0
0
0
0
0
1.42888e-12
0
0
0
0
0
0
0
-1.4634e-14
0
0
0
0
0
0
0
0
0
0
0
0
0
0
0
0
0
0
0
-3.23215e-17
0
7.9662e-13
7.81056e-13
0
0
0
0
0
0
0
0
0
0
0
0
0
0
7.66467e-13
7.81122e-13
0
0
0
3.67334e-13
0
0
0
0
0
0
2.18793e-30
0
0
0
0
0
0
0
0
0
0
0
0
0
0
0
0
0
2.43101e-08
2.70929e-08
0
0
0
0
0
0
0
0
0
0
0
0
0
0
0
0
0
0
0
0
0
0
0
0
-1.7399e-13
-1.88879e-13
6.41846e-13
4.75749e-13
0
0
0
0
0
0
0
0
0
0
0
1.40379e-16
-7.82803e-13
-1.74718e-12
0
0
0
0
0
0
0
1.01079e-09
1.53142e-08
0
0
0
0
0
0
7.00015e-13
0
0
0
0
0
0
0
0
0
0
0
0
0
0
0
0
0
0
0
0
0
0
0
0
0
0
0
0
1.25603e-12
0
0
0
0
0
0
0
5.58891e-13
0
0
0
0
0
0
0
0
0
0
0
0
0
0
0
0
0
0
0
0
0
0
0
0
0
0
0
5.981e-13
0
0
0
0
0
0
0
0
0
0
9.53845e-13
0
0
0
0
0
0
0
0
0
0
5.28061e-17
0
0
0
0
0
0
0
0
-6.75704e-13
0
6.03266e-16
0
0
0
0
4.07726e-13
0
0
0
0
4.16008e-16
0
0
0
0
0
0
0
0
0
0
2.22451e-15
-3.38803e-15
0
0
0
0
0
0
0
9.95265e-13
0
0
6.39848e-13
0
0
0
0
3.22499e-08
9.86665e-09
0
0
0
0
0
0
0
0
0
0
0
0
2.07421e-14
-1.45536e-14
0
0
0
0
0
0
0
0
0
1.50584e-17
0
0
0
0
0
0
0
0
0
0
0
0
0
0
0
0
0
0
0
0
0
0
0
0
0
0
0
0
0
0
0
0
0
0
0
0
0
0
7.46596e-13
-6.30416e-18
0
0
0
0
0
0
0
0
0
0
0
0
0
0
0
0
0
0
0
0
0
0
0
0
0
0
0
0
0
0
0
0
0
0
0
0
0
0
0
0
0
0
0
0
0
0
0
0
0
0
0
0
0
0
0
0
0
0
0
0
0
0
-1.49499e-14
0
0
0
0
0
0
0
0
0
0
0
0
3.8959e-08
2.14698e-08
0
0
0
0
0
0
0
0
0
0
0
0
0
0
0
0
0
0
0
0
0
0
0
0
0
0
0
0
0
0
0
0
0
0
0
0
0
0
0
0
0
0
6.95561e-13
0
0
0
0
0
0
0
0
0
9.34564e-16
0
0
0
7.21874e-15
0
0
0
0
-1.63769e-16
0
-3.17604e-17
0
0
-4.25889e-14
0
0
0
0
0
0
0
0
0
0
0
0
0
2.26328e-13
2.43595e-13
0
0
1.80109e-15
0
0
0
0
0
0
0
0
0
0
0
0
0
0
0
0
0
0
0
0
0
0
0
0
0
0
0
0
0
0
0
0
0
0
0
0
0
0
0
0
0
0
0
0
0
0
0
0
0
0
0
0
0
0
0
0
0
0
0
0
0
0
0
0
0
0
0
0
0
0
0
0
0
0
0
0
0
0
0
0
0
0
0
0
0
0
0
0
0
0
0
0
0
0
0
0
0
0
0
0
0
0
0
0
0
0
1.45679e-15
0
0
0
0
0
0
0
0
0
0
0
-2.71413e-16
0
0
0
0
0
0
0
0
0
0
0
0
0
0
1.29712e-12
0
0
0
0
0
0
0
0
0
0
0
0
0
0
0
0
0
0
0
0
0
0
0
0
0
0
0
0
0
0
0
0
0
0
0
0
0
0
0
0
0
0
0
0
0
0
0
0
0
0
0
0
0
0
0
0
0
0
0
0
0
0
0
0
0
0
0
0
0
0
0
0
0
0
0
0
0
0
0
0
0
0
0
0
0
0
0
0
0
0
0
0
0
2.76117e-14
0
0
0
0
0
0
0
0
0
0
0
0
0
0
0
0
0
0
0
0
0
0
0
0
0
0
-7.3311e-17
0
0
0
0
0
0
0
0
0
5.3967e-16
0
0
0
0
0
0
0
0
0
0
0
0
0
0
0
0
0
0
0
0
0
0
0
0
0
-2.19114e-30
0
0
0
0
0
-3.36227e-15
0
0
0
0
0
0
0
0
0
0
0
0
0
0
0
0
-7.82304e-17
0
0
0
0
2.68541e-10
0
0
0
0
0
0
0
0
-4.63839e-17
0
0
0
-5.47784e-31
0
0
0
0
0
0
0
0
0
0
0
0
0
0
0
0
0
0
0
0
0
0
0
0
0
0
0
0
0
0
0
0
0
0
0
0
0
0
0
0
0
0
2.12236e-13
5.43441e-16
0
0
0
0
0
0
0
0
0
0
0
0
0
0
0
0
0
0
0
0
0
0
0
0
0
0
0
0
0
0
0
0
0
0
0
0
0
0
0
2.1955e-08
0
0
0
0
0
0
0
0
0
6.53309e-17
0
0
0
0
0
0
1.03249e-16
0
1.10288e-12
0
0
7.56446e-16
0
0
0
5.19495e-13
0
0
0
0
0
0
0
0
0
0
0
0
0
0
0
0
0
0
0
0
0
0
0
0
0
0
0
0
0
0
0
0
0
0
0
0
0
0
0
0
0
0
0
0
0
0
0
0
0
0
0
0
0
0
0
0
-1.2678e-08
0
0
0
0
0
2.02016e-13
0
0
0
0
0
0
0
0
0
0
0
0
0
0
0
0
0
0
0
0
0
0
0
0
0
0
0
0
0
0
0
0
0
0
0
0
0
0
0
0
0
1.1551e-08
0
0
0
-7.50417e-16
0
0
0
0
0
0
0
0
0
0
0
2.76822e-16
0
0
0
0
0
0
0
0
0
0
0
0
0
0
0
0
0
0
0
0
0
0
0
0
0
0
0
0
0
0
0
0
0
-5.69448e-19
0
0
0
0
0
0
0
0
0
0
0
0
0
0
0
0
0
0
0
0
0
0
0
0
0
0
0
0
0
0
0
0
0
0
0
0
0
0
0
0
0
0
0
0
0
0
0
0
0
0
0
0
0
0
0
0
0
0
0
0
0
0
0
0
0
0
0
0
0
0
0
0
0
0
0
0
-9.46352e-16
0
0
0
0
0
0
0
0
-1.67504e-19
1.7753e-18
0
0
0
0
0
0
0
0
0
0
0
2.44429e-16
0
0
0
0
0
0
0
0
0
0
0
0
0
0
0
0
0
3.02179e-13
4.48554e-17
0
0
0
0
0
0
0
0
0
0
0
0
0
0
0
0
0
0
0
0
0
0
0
0
0
0
0
0
-4.63986e-14
0
0
0
0
0
0
0
0
0
1.84169e-13
1.68935e-13
0
0
0
0
0
0
0
0
-1.25505e-14
-8.36156e-13
0
0
0
0
0
0
0
0
0
0
0
0
0
0
0
0
6.9188e-14
0
0
-9.54549e-15
0
0
0
0
0
0
0
0
0
0
0
-2.52068e-15
0
0
0
0
0
0
0
0
0
0
0
1.18181e-15
0
0
0
0
0
0
0
0
0
0
0
1.43199e-16
0
0
0
0
0
0
0
0
0
0
0
0
0
0
0
0
0
0
0
0
1.41938e-13
0
0
0
0
0
2.58974e-09
5.94909e-13
0
0
0
0
0
0
0
0
0
0
0
0
0
0
0
0
0
0
0
0
0
0
0
0
0
0
0
0
0
0
0
0
0
0
0
0
0
0
0
0
0
0
0
0
0
0
0
0
0
0
3.29462e-15
0
0
-7.78939e-17
0
0
0
0
0
0
0
2.19538e-16
0
0
0
0
0
8.05653e-16
0
0
0
-5.43513e-31
-1.20179e-08
0
-5.66808e-08
0
0
0
0
0
0
0
0
0
0
0
0
0
0
0
-7.93632e-09
1.4372e-13
0
1.28196e-15
-9.81694e-13
2.35461e-13
0
0
0
0
0
0
0
0
0
0
0
0
0
0
0
0
-9.03441e-15
0
0
0
0
0
0
0
0
5.15848e-17
0
0
0
0
0
0
0
0
0
0
0
0
0
-3.67043e-15
0
0
0
0
0
0
0
0
0
0
0
0
1.05006e-14
0
0
0
0
0
0
0
0
0
-3.87998e-16
1.22121e-17
0
0
0
0
0
0
0
0
0
0
0
0
0
0
0
0
0
0
0
0
0
0
0
0
0
0
0
0
0
0
0
-1.98231e-18
0
0
0
-2.60052e-16
0
0
0
0
0
0
0
0
0
0
0
0
0
0
0
0
0
0
0
0
0
0
0
0
0
0
0
1.75669e-13
1.71563e-13
0
0
0
0
0
0
0
0
0
0
0
0
0
0
0
0
0
0
0
0
0
0
0
0
0
0
-2.88622e-08
0
0
3.11683e-12
0
0
0
0
0
0
0
0
0
0
0
0
0
0
0
0
0
0
0
0
0
0
0
0
0
0
0
0
1.60796e-17
0
0
0
0
0
0
0
0
0
7.69119e-13
-9.228e-09
5.3169e-13
0
0
0
0
0
0
0
0
0
0
0
0
0
0
0
0
0
0
0
5.14574e-16
0
0
0
0
0
0
0
0
0
0
0
0
0
0
7.32643e-18
0
0
0
0
0
0
0
0
0
0
0
0
0
0
0
0
0
0
0
0
0
0
0
0
0
0
0
0
0
0
0
0
0
0
0
0
0
0
0
0
0
0
0
0
0
0
0
0
0
0
0
0
0
0
0
0
0
-3.93617e-13
0
0
0
-1.79263e-12
0
1.38399e-16
0
0
0
0
6.06954e-13
-8.53576e-09
-1.7581e-15
0
0
0
0
0
0
0
0
-8.41203e-13
0
0
0
0
0
0
0
0
0
0
0
0
0
0
0
0
0
-2.52542e-08
8.05729e-13
0
0
0
0
0
0
0
0
0
0
0
0
0
0
0
0
0
0
0
0
0
1.51464e-13
0
0
0
0
0
0
0
0
0
0
-7.52315e-13
0
0
0
0
0
0
0
0
0
0
0
0
0
7.30433e-16
1.14155e-15
0
0
0
0
0
0
0
0
0
0
0
0
0
0
0
0
0
0
0
0
0
0
0
0
0
0
-2.00715e-13
0
0
0
0
0
0
0
1.93962e-08
1.21792e-08
0
0
0
0
0
0
0
0
0
0
0
0
-8.22106e-15
-3.90487e-13
0
0
1.51225e-08
0
8.70163e-16
0
0
0
0
0
0
0
0
0
0
0
0
0
-2.97966e-17
0
0
0
0
0
0
0
0
0
0
0
0
1.27703e-08
0
0
-2.75248e-13
4.00924e-14
0
6.91936e-17
6.16194e-16
0
0
0
0
0
0
-3.86317e-16
0
0
0
0
0
0
0
0
0
0
0
0
0
0
0
0
0
0
-1.23921e-08
0
0
0
0
0
0
0
-8.1856e-13
0
-1.35576e-15
0
0
0
0
0
0
0
0
0
0
0
0
0
0
0
0
0
0
0
0
0
0
0
3.17962e-12
0
0
0
0
0
0
0
0
0
0
0
0
0
0
0
0
0
0
0
0
0
0
0
0
0
0
0
0
0
0
-8.52297e-16
0
0
0
0
0
0
0
0
0
0
0
0
0
0
0
0
0
0
0
0
0
0
0
0
1.19411e-14
0
0
0
0
0
0
0
-4.50114e-16
0
0
0
0
-1.03979e-15
0
0
0
2.05823e-08
9.22613e-13
0
0
0
0
0
0
0
0
0
0
0
0
8.77003e-17
7.53971e-17
0
0
0
0
0
0
0
0
0
0
0
0
0
1.81998e-13
1.11008e-13
0
0
2.49096e-16
0
0
0
0
0
0
0
0
0
0
0
0
0
-1.201e-12
0
0
0
0
0
0
0
0
-1.00658e-12
6.36437e-13
0
0
0
0
6.49934e-09
0
0
-3.58577e-09
0
-1.24983e-10
7.19789e-13
0
0
2.88681e-16
0
0
0
0
0
0
0
0
0
0
0
-2.25529e-09
0
0
0
0
0
0
0
0
0
0
0
0
0
0
0
0
0
0
-2.12876e-08
0
0
0
0
0
0
0
0
0
0
0
-8.17561e-13
0
0
0
0
0
0
0
0
0
0
0
0
0
0
0
0
0
0
0
0
-8.57687e-16
0
0
0
0
2.55126e-16
0
0
0
0
0
0
0
-3.62487e-16
-9.83656e-16
0
0
0
0
0
0
0
0
0
0
0
0
0
0
-2.22542e-13
0
0
0
0
0
0
0
3.50594e-13
-4.10907e-09
0
0
0
0
0
0
0
0
0
0
0
0
0
0
0
0
0
1.89939e-08
0
0
0
0
0
0
0
0
0
0
0
0
0
0
0
-4.38227e-30
5.6984e-09
0
0
0
0
0
0
0
0
1.01693e-16
0
0
0
0
0
0
0
0
0
0
0
0
2.55362e-17
0
0
0
0
0
0
0
0
0
0
0
0
0
0
0
0
0
0
0
0
0
0
0
0
0
0
0
0
0
0
1.10822e-13
2.39627e-15
0
0
2.84688e-16
0
0
0
0
0
0
0
0
3.36917e-15
0
2.35672e-15
0
0
0
0
0
0
-3.03508e-16
0
0
0
0
0
7.09633e-13
3.03404e-09
0
0
0
0
0
0
0
0
0
0
0
0
0
0
0
0
0
0
0
1.04169e-15
0
0
0
0
0
0
0
0
0
0
0
0
0
0
0
0
0
0
0
0
0
0
0
0
0
0
0
0
0
0
0
0
0
0
0
0
0
0
0
0
0
0
0
0
0
0
0
0
0
0
0
0
-6.65593e-17
0
0
0
0
0
-3.26013e-16
2.52322e-20
-3.60053e-18
0
0
0
0
0
0
0
0
0
0
0
0
0
0
0
0
0
0
0
0
0
0
0
0
0
0
0
0
0
-1.08686e-15
0
0
0
0
0
0
-1.27295e-17
0
0
0
0
0
0
0
0
0
0
0
0
0
-4.40726e-18
-3.06822e-08
0
0
0
0
0
0
0
0
0
0
0
0
0
-1.78076e-16
0
0
0
0
0
0
0
0
0
0
0
0
0
0
0
0
0
1.68694e-13
0
0
0
0
0
0
0
0
0
0
0
0
0
0
1.54902e-16
0
0
0
0
0
5.10771e-14
0
0
0
0
0
-1.16089e-08
3.65117e-13
-2.49334e-08
0
0
0
0
0
0
0
0
0
0
0
-9.23633e-17
0
0
0
0
-1.98793e-08
1.94627e-14
1.53852e-14
0
0
0
0
0
0
0
0
0
0
0
0
0
0
0
0
0
0
0
0
0
0
0
0
0
0
0
0
2.17414e-08
0
0
0
0
0
-2.22744e-13
1.01255e-08
-3.33397e-16
0
0
0
0
1.99968e-08
0
0
0
1.18218e-16
7.64413e-09
0
0
0
0
1.31864e-13
1.01718e-13
1.61446e-08
0
0
0
0
0
0
0
0
-1.10808e-14
5.94832e-14
0
0
0
-3.92906e-10
0
-2.21233e-16
-2.79805e-17
-8.30903e-16
0
0
0
0
0
0
0
0
0
0
0
0
0
0
0
0
0
0
8.86858e-14
-3.12857e-08
0
0
0
0
-2.09327e-08
0
0
0
0
0
0
0
0
0
0
0
0
-3.21308e-08
0
0
0
-5.76786e-12
4.75672e-13
0
0
0
0
0
0
0
0
0
0
0
0
0
0
0
0
0
0
0
0
0
0
0
0
0
0
0
0
0
2.82458e-13
2.13357e-13
0
5.92988e-18
0
0
0
0
0
0
0
0
0
0
0
0
-9.34079e-16
-7.91338e-16
1.08726e-13
0
0
0
-9.91024e-17
0
0
0
0
0
0
0
0
0
2.55258e-16
0
0
0
0
0
0
0
0
0
0
0
0
0
0
0
0
-6.13763e-17
0
7.44834e-17
1.08738e-17
0
0
0
0
0
0
0
0
0
0
1.42771e-13
0
0
0
-2.43091e-13
0
-2.07517e-13
0
0
0
0
0
0
0
0
0
0
0
0
0
0
0
-2.81646e-13
0
0
0
0
0
0
0
0
0
0
0
0
0
0
0
0
0
0
0
0
0
2.73495e-13
3.03873e-13
0
0
0
0
0
0
0
0
0
0
0
0
0
0
0
0
0
0
0
0
0
0
0
0
0
0
0
0
0
0
0
0
0
0
0
-2.06973e-08
4.87406e-16
0
0
0
0
0
0
0
0
0
0
0
0
0
0
0
0
0
0
3.00716e-17
0
0
0
0
0
3.66167e-08
0
0
0
-4.2055e-16
0
0
0
0
0
0
0
0
0
0
0
0
0
0
0
0
0
0
0
0
0
0
0
0
0
0
0
0
0
0
0
0
0
-2.00144e-13
0
0
0
0
0
0
0
0
0
0
0
0
0
0
0
0
0
0
0
0
0
0
-1.17645e-08
0
0
0
0
0
0
0
0
0
0
0
0
0
0
0
0
0
0
0
0
0
0
0
0
0
0
0
0
0
0
-1.40646e-13
0
-9.56758e-14
0
0
0
0
0
0
1.02927e-13
0
0
0
0
0
0
0
-2.44855e-13
0
0
0
0
0
0
0
0
0
0
0
0
0
0
0
0
0
0
0
0
0
9.70722e-13
0
-2.8664e-17
0
0
0
0
0
0
0
0
0
0
0
0
0
0
0
0
0
0
0
0
0
0
0
0
0
0
0
0
0
0
0
0
0
0
0
0
0
0
0
0
0
0
0
7.04872e-13
-9.44683e-09
0
0
0
0
-1.36183e-13
0
0
0
0
0
0
0
0
0
0
0
0
0
0
0
0
7.27318e-14
8.56975e-14
0
0
0
0
0
-1.5861e-16
0
0
0
0
0
0
0
0
0
0
0
0
0
0
0
0
0
0
0
0
0
0
0
0
0
0
-2.51654e-16
0
0
0
0
0
0
0
0
0
0
0
0
0
0
0
0
0
0
0
0
0
0
0
0
4.12975e-14
0
-2.45129e-15
0
0
0
0
0
0
0
0
0
0
0
0
0
0
0
3.32995e-15
-1.74774e-15
0
0
0
0
0
-1.70897e-13
-5.19688e-12
0
0
0
0
0
0
0
0
0
0
0
0
0
0
0
-1.70523e-13
0
0
0
0
0
0
0
0
0
0
0
0
0
0
0
1.16279e-16
0
0
0
0
0
1.58168e-13
0
-1.65678e-13
0
0
0
0
0
0
0
1.07844e-14
-1.68107e-14
0
0
0
0
0
-3.30686e-13
0
0
0
-3.92882e-16
0
0
0
0
0
0
0
0
0
0
0
0
-2.26444e-13
1.3067e-13
0
0
0
0
0
0
0
0
0
0
0
0
0
0
0
0
0
0
0
0
0
0
0
2.0476e-13
0
0
0
0
0
0
0
0
0
0
0
0
0
0
0
0
0
0
-6.40468e-16
2.15524e-15
-3.01337e-08
0
0
-2.75091e-16
0
0
0
0
0
0
0
0
0
0
0
0
0
0
0
0
0
0
0
0
0
0
3.05506e-17
0
-1.18706e-16
0
0
0
0
0
0
0
0
0
0
0
0
0
0
0
0
0
0
0
0
0
0
0
0
0
0
0
0
0
0
2.2916e-13
0
0
0
-1.12709e-16
-2.06813e-13
0
0
0
0
0
0
0
0
0
0
0
0
0
0
0
0
0
0
0
0
0
0
2.57216e-16
0
0
0
0
0
0
0
0
0
0
0
0
0
0
0
0
0
0
0
0
0
0
0
0
-1.28687e-13
0
0
0
0
0
0
-3.10183e-16
0
0
0
0
1.67812e-13
0
0
0
0
0
0
2.48416e-16
3.38144e-16
0
0
0
0
0
0
0
1.62822e-13
0
0
0
0
0
0
0
0
0
0
0
0
0
0
0
0
0
0
0
0
0
0
-1.71358e-13
0
0
0
0
0
0
0
0
1.07009e-13
0
-1.53271e-13
0
0
0
0
0
0
0
0
0
0
0
0
0
0
0
0
1.09557e-30
0
0
0
0
0
0
0
0
2.01498e-13
0
0
0
0
0
0
0
0
2.42051e-13
0
0
0
0
0
0
0
0
0
0
0
0
0
0
0
0
0
0
0
0
0
0
0
0
0
0
0
4.4077e-13
0
0
0
0
0
0
0
0
0
0
0
0
0
0
0
0
0
0
0
0
0
0
0
0
0
0
0
0
0
0
0
0
0
0
0
0
0
0
0
0
3.99138e-15
1.56741e-13
0
0
0
0
0
0
0
2.19196e-16
-5.60851e-13
0
0
0
0
0
-2.16411e-13
0
-1.68823e-13
0
0
0
0
0
0
0
0
0
1.02595e-17
0
0
0
0
0
0
0
0
0
0
0
0
0
0
0
0
0
-2.95415e-13
0
5.88168e-14
0
0
1.15583e-16
0
0
0
1.36846e-13
-1.47295e-13
0
0
0
0
1.89425e-13
0
-2.15275e-13
0
0
0
0
0
0
0
0
0
0
0
0
0
7.45652e-17
-2.80916e-15
1.75546e-15
0
-1.37529e-13
0
0
0
0
0
0
0
0
0
0
0
0
0
0
0
0
-8.95681e-16
0
0
0
0
0
0
5.1065e-16
6.99854e-16
0
0
0
0
-2.42138e-13
0
0
0
0
0
0
0
0
2.26227e-13
2.44856e-16
0
0
0
0
0
0
0
0
0
0
-9.98021e-14
0
0
-1.42526e-15
0
0
0
0
0
0
0
0
0
0
0
0
-2.51818e-13
0
0
0
0
0
0
0
0
0
-1.79841e-15
0
-5.62705e-15
0
0
0
0
0
0
0
0
0
0
0
0
0
0
0
0
0
0
0
0
0
0
0
0
0
0
0
0
0
0
-1.8515e-08
0
0
0
0
0
0
0
0
0
0
0
0
0
0
0
0
0
0
0
0
1.05461e-13
0
0
0
0
-4.00418e-16
-4.5999e-18
0
0
0
0
0
0
0
0
0
0
0
0
0
0
0
0
0
0
2.5458e-13
2.08926e-13
0
-2.25285e-13
2.55587e-16
0
0
0
0
0
0
0
-2.425e-16
0
0
0
0
0
0
0
-9.111e-17
0
0
0
0
8.69482e-16
0
0
0
0
0
0
-1.87121e-13
0
0
0
0
1.7331e-13
0
0
0
0
0
0
0
0
0
0
0
0
0
0
0
0
0
0
-8.97975e-16
0
0
1.59182e-08
0
0
0
0
0
0
0
0
0
0
0
2.10492e-15
0
0
0
0
0
5.71725e-14
-1.83757e-15
0
0
0
0
0
0
0
0
0
0
-2.79306e-17
0
1.87656e-13
0
0
0
0
8.18543e-15
0
0
0
0
0
0
0
0
0
-2.34878e-13
0
0
0
0
0
0
0
0
0
0
2.25183e-13
0
0
0
0
0
0
0
0
0
0
0
0
-1.4805e-13
0
-6.97615e-19
0
0
0
0
0
0
0
0
0
0
-1.83133e-13
0
0
1.56779e-13
0
0
0
0
0
-2.70231e-13
0
0
0
0
0
0
0
0
0
0
0
0
1.2778e-13
0
0
0
0
0
0
0
1.14459e-16
0
-2.14041e-16
0
0
0
0
0
0
0
-1.47961e-16
0
0
0
0
6.99604e-16
0
0
0
0
0
0
1.25569e-15
0
0
0
0
0
0
0
0
1.786e-15
0
)
;

boundaryField
{
    frontback
    {
        type            empty;
        value           nonuniform List<scalar> 0();
    }
    topbottom
    {
        type            calculated;
        value           uniform 0;
    }
    outlet
    {
        type            calculated;
        value           nonuniform List<scalar> 0();
    }
    inlet
    {
        type            calculated;
        value           uniform 0;
    }
    walls
    {
        type            calculated;
        value           nonuniform List<scalar> 
135
(
-8.13669e-08
-3.87823e-08
-7.07207e-08
6.15955e-08
-7.68042e-08
-4.03032e-08
-6.61581e-08
2.50945e-08
-9.65756e-08
-1.0418e-07
1.90109e-08
2.66153e-08
-2.81362e-08
-2.05318e-08
-5.5512e-08
-8.28877e-08
-9.04921e-08
-7.52834e-08
-6.91999e-08
-3.42197e-08
-1.17868e-07
-1.10264e-07
-6.15955e-08
-4.18241e-08
-1.44483e-08
-4.94285e-08
-6.84394e-09
-7.60438e-10
5.32307e-09
1.29274e-08
3.26988e-08
4.03032e-08
4.63867e-08
5.39911e-08
6.00746e-08
6.7679e-08
7.37625e-08
1.74901e-08
5.85537e-08
3.42197e-08
4.48658e-08
4.18241e-08
7.22416e-08
4.79076e-08
3.1178e-08
2.81362e-08
2.05318e-08
1.14066e-08
3.80219e-09
7.60438e-10
3.87823e-08
-1.59692e-08
-5.32307e-09
-2.28131e-09
6.84394e-09
-2.96571e-08
-8.36482e-09
-2.20527e-08
-3.57406e-08
-4.3345e-08
1.59692e-08
5.70328e-08
3.57406e-08
4.3345e-08
5.09493e-08
-5.39911e-08
6.31164e-08
7.07207e-08
2.96571e-08
-6.00746e-08
-5.70328e-08
2.20527e-08
7.83251e-08
9.88569e-09
2.28131e-09
-1.74901e-08
-3.80219e-09
-4.79076e-08
-6.31164e-08
-3.1178e-08
-9.88569e-09
-4.63867e-08
-2.35736e-08
-3.72615e-08
-4.48658e-08
-8.89712e-08
-5.24702e-08
-5.85537e-08
-9.50547e-08
-9.2013e-08
-6.46372e-08
-9.80965e-08
-7.22416e-08
-1.08743e-07
-7.83251e-08
-1.11784e-07
3.72615e-08
-8.74504e-08
-1.16347e-07
-9.35339e-08
-9.96174e-08
-1.14826e-07
-1.07222e-07
-1.19389e-07
-1.13305e-07
-2.66153e-08
-1.02659e-07
-3.26988e-08
-8.44086e-08
-1.2091e-07
6.91999e-08
2.35736e-08
1.44483e-08
-1.90109e-08
-7.37625e-08
-1.14066e-08
-6.7679e-08
7.9846e-08
6.61581e-08
-2.50945e-08
5.5512e-08
6.46372e-08
8.36482e-09
-5.09493e-08
-1.01138e-07
4.94285e-08
-1.29274e-08
-8.59295e-08
-7.9846e-08
7.68042e-08
5.24702e-08
1.44483e-08
-1.05701e-07
7.52834e-08
1.29274e-08
)
;
    }
    procBoundary0to1
    {
        type            processor;
        value           nonuniform List<scalar> 
104
(
0
0
0
0
-7.28979e-15
0
0
5.01471e-17
3.64089e-13
0
0
0
0
0
0
0
0
0
0
0
0
0
0
0
0
0
0
0
0
0
0
0
0
0
0
0
0
0
0
0
0
0
0
0
0
0
0
0
0
0
0
0
0
0
0
0
0
0
0
0
0
0
0
0
0
0
0
-1.57899e-12
0
0
0
0
0
0
0
0
0
0
0
5.6668e-15
0
0
0
0
0
0
0
0
0
0
0
0
0
0
0
0
0
0
0
-2.06579e-08
0
0
0
0
)
;
    }
    procBoundary0to2
    {
        type            processor;
        value           nonuniform List<scalar> 
83
(
0
0
0
5.37774e-16
0
-1.17633e-12
0
0
-4.23192e-16
9.37175e-16
-1.18382e-14
0
0
0
-1.67106e-15
0
0
0
0
-2.54283e-16
0
1.02469e-15
0
0
0
0
0
0
0
0
0
1.19038e-15
0
0
0
0
0
3.70434e-15
0
-4.13802e-16
3.1099e-15
0
0
2.38334e-16
0
-1.42291e-16
0
0
0
0
0
0
0
0
0
0
0
-7.66099e-16
0
0
2.53306e-16
0
-4.28734e-08
0
0
0
0
-1.05055e-15
-4.56779e-16
0
0
0
0
0
0
-4.21489e-16
0
6.04749e-15
-5.82167e-16
0
0
-1.244e-15
4.98635e-16
)
;
    }
}


// ************************************************************************* //
