/*--------------------------------*- C++ -*----------------------------------*\
| =========                 |                                                 |
| \\      /  F ield         | OpenFOAM: The Open Source CFD Toolbox           |
|  \\    /   O peration     | Version:  v2012                                 |
|   \\  /    A nd           | Website:  www.openfoam.com                      |
|    \\/     M anipulation  |                                                 |
\*---------------------------------------------------------------------------*/
FoamFile
{
    version     2.0;
    format      ascii;
    class       surfaceScalarField;
    location    "100";
    object      meshPhi;
}
// * * * * * * * * * * * * * * * * * * * * * * * * * * * * * * * * * * * * * //

dimensions      [0 3 -1 0 0 0 0];
oriented        oriented;


internalField   nonuniform List<scalar> 
20580
(
0
0
0
0
0
0
0
0
0
0
0
0
0
0
0
0
0
0
0
0
0
0
0
0
0
0
0
0
0
0
0
0
0
0
0
0
0
1.03681e-12
-2.49203e-12
0
0
0
0
0
0
0
3.82351e-12
-4.49714e-12
-4.56936e-13
0
0
0
0
0
0
0
0
0
0
0
0
0
0
0
0
0
0
0
0
0
0
0
0
0
0
-5.42752e-17
-1.28954e-15
0
-2.48044e-17
-2.06415e-16
3.69155e-16
0
0
0
0
0
0
0
0
0
0
0
0
0
0
0
0
0
0
0
0
0
0
0
0
0
0
0
0
0
0
0
0
0
0
2.10666e-18
1.09087e-19
0
0
0
5.9084e-08
9.59788e-08
0
0
0
0
0
0
0
0
0
0
0
0
0
0
0
0
0
0
0
9.94746e-13
4.11129e-13
-2.80859e-12
0
0
0
0
0
0
0
0
-8.66691e-13
0
-5.93902e-13
0
0
0
0
3.74204e-18
0
0
0
0
-2.0837e-12
-1.00546e-13
0
0
0
0
-2.73192e-16
0
0
0
0
0
0
0
0
0
0
-2.44359e-13
-3.19548e-12
0
0
0
0
0
0
0
0
0
0
0
0
0
0
0
0
0
1.9257e-12
-3.97053e-12
0
0
0
0
6.44303e-15
0
7.59653e-13
0
0
0
0
0
0
0
0
0
0
0
0
0
0
0
0
-1.21651e-12
-2.78978e-13
0
-3.2537e-13
0
0
7.29462e-17
1.3096e-16
0
0
4.73532e-13
-2.88369e-12
9.55265e-13
0
0
0
0
0
0
0
0
0
6.89332e-09
6.69257e-08
0
0
0
0
0
0
0
0
0
0
0
0
0
0
7.25991e-13
5.40852e-13
-2.53746e-12
0
0
0
0
0
-3.44349e-16
0
6.67039e-30
0
0
0
0
0
0
0
0
0
0
0
0
2.65644e-14
-2.93544e-14
0
0
0
0
0
0
0
0
0
0
0
0
0
0
0
0
0
0
0
0
0
0
0
0
0
0
0
0
0
0
0
0
0
0
0
0
0
0
0
0
0
0
0
0
0
0
0
0
0
0
0
0
0
0
0
0
0
0
-1.3877e-15
5.5505e-16
0
0
0
0
0
0
0
0
0
0
0
0
0
-2.73412e-31
4.67002e-16
-6.82906e-16
0
0
0
0
0
0
0
0
0
0
0
0
-6.10365e-15
-1.15642e-14
0
0
0
0
0
0
0
-2.71947e-15
-1.04018e-15
0
0
0
0
0
0
0
0
0
0
0
0
0
0
0
0
0
0
0
0
0
0
0
0
0
0
0
0
0
0
0
0
0
0
0
0
0
0
0
0
0
0
0
0
0
-1.64175e-12
0
0
0
0
0
-6.14828e-13
0
0
0
0
0
0
0
0
0
0
0
0
0
0
0
0
0
0
0
0
0
0
0
0
0
0
0
0
0
0
0
0
0
0
0
0
0
0
0
0
8.42257e-08
5.06388e-08
0
0
0
0
-3.77677e-15
8.04658e-16
0
0
0
0
0
0
0
4.966e-16
0
0
0
-1.71398e-13
-3.77116e-12
0
0
0
0
0
0
0
0
0
-9.43523e-15
0
-7.28081e-16
0
0
0
0
0
0
0
0
0
0
0
0
0
0
0
0
0
1.43201e-16
4.90129e-16
4.89639e-17
0
0
0
0
0
0
0
0
0
0
0
0
0
0
0
0
0
0
0
0
0
0
0
0
0
0
0
0
0
0
0
0
0
0
0
0
0
0
-8.44082e-12
0
0
0
0
0
3.33922e-13
-3.97673e-12
0
0
0
0
0
0
0
0
0
0
0
0
0
-1.63043e-15
9.50853e-16
0
0
0
0
0
0
3.01912e-15
0
0
0
0
0
0
0
0
0
0
0
0
0
0
0
0
0
0
0
0
-1.25323e-12
-1.4139e-13
0
0
0
0
0
0
0
0
0
0
0
0
0
0
0
0
0
0
0
-7.63225e-17
-2.78872e-13
-5.22308e-13
9.43354e-16
-7.12804e-17
0
0
0
0
0
0
0
0
6.53158e-16
-1.42236e-16
1.27427e-16
0
1.36946e-17
0
0
0
0
0
0
1.24361e-15
8.77215e-16
0
0
0
0
0
0
0
0
0
7.99431e-18
0
0
0
-1.70478e-15
0
0
0
0
0
0
0
0
0
0
0
0
0
0
0
0
2.74127e-13
-3.87307e-12
5.51934e-13
0
0
0
0
0
0
0
0
0
0
0
0
0
-1.74474e-16
-1.61171e-15
0
0
8.75582e-13
4.51455e-13
-2.65575e-12
0
0
0
0
0
0
0
0
0
0
0
0
0
0
0
0
0
0
0
0
0
0
0
0
0
0
0
-1.87961e-14
0
0
0
3.68079e-19
5.29007e-15
1.29426e-15
0
0
0
0
0
0
0
0
-8.93925e-18
0
0
0
0
0
0
1.26463e-12
-2.97112e-12
2.65357e-13
0
0
0
0
0
0
-6.62993e-13
-1.88254e-13
0
0
0
0
0
0
0
0
0
0
0
0
0
0
0
-4.09802e-13
9.02911e-18
0
0
0
0
0
0
0
0
0
0
0
0
0
0
0
0
-3.38637e-16
0
1.11318e-30
0
0
0
0
0
-3.80971e-16
0
0
0
0
0
0
-8.43999e-08
-3.29204e-08
0
0
0
0
0
0
0
0
0
0
0
0
0
0
-8.66468e-13
0
0
0
0
0
0
0
0
0
0
0
0
0
0
0
0
0
0
0
0
0
0
0
0
4.38543e-14
-2.14246e-12
0
0
0
5.01923e-16
1.13808e-14
0
0
0
0
0
0
0
0
0
0
0
0
0
0
0
0
0
0
0
0
0
0
0
0
0
0
0
0
0
-3.59663e-15
0
0
0
0
-1.72528e-14
4.1845e-15
0
0
0
0
0
0
-7.81886e-13
-1.50924e-16
0
0
0
0
0
0
0
0
0
0
0
0
-8.62e-13
-1.02232e-12
0
-4.47875e-30
0
-4.74688e-15
0
0
4.13829e-12
-1.20412e-07
0
0
0
-2.44965e-16
0
0
0
0
0
0
0
0
0
0
0
0
0
0
-2.37497e-16
5.54347e-16
0
0
0
0
0
0
0
0
0
0
0
0
0
0
0
0
0
0
0
0
0
-3.5948e-14
-1.55143e-14
0
0
0
0
0
0
0
0
0
0
0
0
0
0
0
0
0
-1.32104e-16
0
0
0
0
-2.73549e-14
-9.73629e-13
-3.68135e-12
0
0
0
0
0
0
0
0
0
0
0
0
0
0
1.1346e-07
3.25097e-08
0
0
0
0
0
0
0
0
0
0
-3.71046e-16
4.83421e-16
-5.68386e-14
-1.39989e-16
0
0
0
-9.3381e-14
-2.30315e-13
0
0
0
0
0
0
0
0
0
0
0
0
0
0
0
0
-2.33439e-12
3.07139e-13
3.73538e-16
-1.71591e-19
1.81211e-16
0
0
0
0
0
0
0
0
0
0
0
0
0
0
0
0
0
0
0
-9.57965e-15
-4.62025e-16
5.15366e-16
0
0
0
0
0
7.34489e-16
0
1.1021e-15
0
-2.56066e-16
0
0
0
0
0
0
0
0
0
0
0
0
0
-9.42563e-16
0
0
0
0
0
0
0
0
0
0
0
0
0
0
0
0
0
0
0
0
0
0
0
0
0
0
0
0
0
0
0
0
0
0
0
0
0
0
0
0
0
0
-9.27324e-16
6.33029e-16
0
0
0
1.10887e-11
-1.88054e-07
1.63444e-07
0
0
0
0
0
0
0
0
0
0
0
0
0
0
0
0
0
0
0
0
0
0
0
0
0
0
0
0
0
0
0
0
0
4.44204e-16
-3.96442e-17
0
0
0
0
0
0
0
0
0
0
0
0
0
0
0
0
0
0
0
0
4.62251e-13
4.48254e-13
-1.83424e-12
0
0
0
0
-1.09691e-13
-5.03399e-14
3.57103e-14
0
0
0
0
0
0
0
0
0
0
0
0
0
0
0
0
0
0
0
0
0
0
0
0
0
0
0
0
0
0
0
0
0
0
0
0
0
0
0
0
0
0
0
0
0
0
0
0
0
0
0
4.95176e-17
-1.32001e-16
-6.47831e-18
0
0
0
0
0
0
0
0
0
0
0
0
0
0
0
0
0
0
0
0
0
0
0
0
0
-8.9391e-13
1.50578e-16
-7.09036e-13
0
0
0
0
0
0
0
0
0
0
0
0
0
0
0
0
0
0
0
0
0
0
0
0
0
0
0
0
0
0
0
0
0
-3.01935e-13
0
7.74383e-13
0
0
0
0
0
0
0
0
4.40592e-15
0
0
0
0
0
-8.15078e-16
0
0
0
0
0
0
0
0
0
0
0
0
0
0
-3.08855e-15
0
-3.2154e-15
0
0
0
0
0
0
0
0
0
-6.42144e-13
0
0
0
0
8.09564e-14
2.57356e-12
0
0
0
0
0
0
0
0
0
0
0
0
0
0
0
0
0
0
0
0
0
0
0
0
0
0
0
0
0
0
0
0
0
0
0
0
0
0
0
0
0
0
0
0
0
0
0
0
0
0
0
0
0
0
0
-6.83988e-08
2.72674e-12
0
0
0
0
0
0
0
0
6.32126e-12
2.78902e-12
0
1.06021e-15
-1.09222e-15
0
8.40711e-17
-4.98691e-16
0
0
0
0
0
0
2.49992e-15
1.48935e-15
0
0
0
0
0
0
0
0
0
0
0
0
0
0
0
0
0
0
0
0
0
0
5.34148e-13
0
0
0
-1.1088e-16
0
0
0
0
0
0
0
0
0
0
0
0
0
0
0
0
0
0
0
0
0
0
0
0
-2.13412e-12
-1.25312e-12
-6.9875e-17
0
0
0
0
0
-1.43821e-13
0
2.54332e-16
0
4.64969e-17
0
0
0
0
0
0
0
0
0
0
0
0
0
0
0
0
0
0
0
1.20726e-13
-4.45058e-16
2.62581e-16
-3.64954e-16
0
1.31723e-14
0
0
2.22636e-30
0
0
0
4.13352e-13
-2.38457e-12
7.99438e-13
0
0
0
0
0
0
0
0
0
0
0
0
0
0
1.02435e-12
-6.4262e-12
0
0
0
0
0
0
0
0
0
0
2.19665e-15
-1.44321e-14
0
0
0
0
0
0
0
0
0
0
0
0
0
0
6.44208e-16
7.20615e-15
0
0
0
0
0
0
0
0
0
0
-3.66629e-16
-1.20843e-15
0
0
0
0
7.26277e-17
1.45303e-17
0
0
7.95291e-16
-9.32742e-16
0
0
0
0
0
0
0
0
0
0
0
0
0
0
0
0
0
0
0
0
0
0
0
0
0
1.26374e-14
-3.59941e-15
0
0
0
0
0
0
0
0
0
-3.17669e-12
7.24585e-13
0
0
0
0
0
0
0
0
0
0
0
9.57138e-13
-2.8535e-12
0
0
0
0
0
0
0
-6.23721e-13
0
0
0
0
-6.92423e-16
0
0
0
0
0
0
0
0
0
0
0
0
0
0
0
0
0
0
0
0
1.93633e-15
0
0
0
0
0
0
0
0
0
0
0
0
0
-6.11349e-17
-6.30158e-13
0
0
0
0
0
0
0
0
0
0
0
0
0
0
0
0
0
0
0
0
0
0
0
-5.2036e-19
1.49345e-16
0
0
0
0
0
0
0
0
-3.00233e-16
2.60135e-15
0
0
0
0
0
0
0
0
0
0
0
0
0
0
0
0
0
0
6.94161e-17
-1.2893e-17
0
0
0
0
0
0
0
0
0
0
0
0
-1.14319e-14
-5.79879e-18
0
0
0
0
0
0
0
0
-2.37087e-12
-1.22051e-12
0
0
0
0
0
0
0
0
0
0
0
4.20442e-15
0
0
0
0
0
0
0
0
0
0
0
0
0
0
0
0
0
0
0
0
0
0
0
0
0
0
0
0
0
0
0
0
0
0
0
0
0
0
0
0
0
1.10667e-30
-3.5951e-16
0
0
0
0
0
0
0
0
0
0
0
0
0
0
0
0
0
0
0
0
0
0
0
0
0
0
0
0
0
2.45083e-16
-3.45847e-16
0
0
0
0
0
0
0
0
0
0
0
0
0
0
0
0
0
0
0
0
-9.1213e-16
-6.66719e-17
-2.72294e-17
0
0
0
0
0
0
0
0
0
0
0
0
0
0
0
0
0
0
0
0
0
0
0
0
0
0
0
0
0
7.13283e-13
-6.14236e-12
0
0
0
0
0
0
0
0
0
0
0
0
-1.09757e-12
0
0
0
0
0
0
1.2426e-16
-4.47577e-17
0
0
0
0
0
0
0
0
0
0
0
0
0
0
0
0
0
0
0
0
0
0
0
0
0
0
0
0
0
0
0
0
0
0
0
0
0
0
0
0
0
0
0
0
0
0
0
0
6.84751e-13
-1.94877e-12
2.70452e-13
0
0
0
0
0
0
0
0
0
0
0
0
0
0
3.46174e-16
2.99546e-15
0
0
0
-5.59472e-16
0
8.39727e-17
0
0
0
0
0
0
0
0
0
0
0
0
0
0
0
0
0
0
0
0
0
0
0
0
0
0
0
0
0
0
0
0
0
0
0
0
0
0
0
0
0
0
1.60039e-15
-7.09837e-17
-6.97362e-16
4.07884e-15
0
0
0
0
0
0
0
0
-6.61908e-13
0
0
-5.0592e-08
0
0
0
0
0
0
0
0
0
0
5.54418e-13
5.11773e-13
-2.16033e-12
-5.67882e-18
0
0
0
0
0
0
0
0
0
0
0
0
0
6.63873e-17
6.23825e-16
0
0
0
0
0
0
0
0
0
0
0
0
0
5.60231e-15
0
0
0
0
0
0
0
0
0
0
0
0
0
0
0
0
0
0
0
0
0
-2.26617e-12
0
0
0
0
3.94793e-12
-1.11294e-07
0
0
0
0
0
0
0
0
0
0
0
0
0
0
0
0
0
-1.79516e-12
-1.5899e-12
0
0
0
0
0
0
0
0
0
0
0
0
0
0
0
1.36706e-31
0
-1.14713e-16
5.68402e-13
5.08298e-13
-2.17091e-12
-7.84768e-13
-8.54098e-13
0
0
0
0
0
0
0
0
0
0
0
0
0
0
0
0
0
0
0
0
0
0
-5.77899e-16
0
0
0
0
0
0
0
-3.64547e-15
0
4.3968e-15
-6.30045e-15
-6.51628e-15
0
0
0
0
0
0
0
0
0
0
0
0
0
0
0
0
0
0
0
0
0
0
0
0
0
0
0
0
0
0
0
0
0
0
0
0
0
-4.92935e-15
0
0
-5.63305e-17
0
0
0
-8.1983e-09
2.35119e-12
-6.66054e-08
0
0
0
0
0
0
0
0
0
0
0
0
0
0
0
0
0
0
0
0
0
0
0
0
-4.85408e-16
0
0
9.76007e-13
-4.14812e-12
0
0
0
0
0
0
0
0
0
0
0
0
0
0
0
0
0
0
0
0
0
0
-2.5284e-12
3.78486e-13
0
0
0
0
0
0
0
0
0
0
0
0
0
-3.44844e-12
0
0
0
0
0
0
0
0
0
0
-8.52674e-13
-7.53215e-13
0
0
0
0
0
0
0
0
0
0
0
0
0
0
0
0
0
0
0
0
0
0
0
0
0
0
0
0
0
0
-1.65406e-15
-1.47285e-15
0
0
0
0
0
0
0
0
0
0
0
0
0
0
0
0
-4.30079e-13
-4.71588e-17
0
0
0
0
-6.59049e-13
-7.90909e-13
0
0
0
0
0
0
0
0
0
0
0
0
0
0
0
2.33899e-15
0
0
0
0
0
0
0
0
0
0
0
0
4.08697e-12
-5.70558e-08
0
0
0
0
9.48552e-16
0
-4.17672e-16
0
0
0
0
0
0
0
0
0
0
0
0
0
0
0
0
0
0
0
0
0
0
0
0
0
0
0
3.44458e-17
1.2987e-17
0
0
6.03247e-17
-1.57279e-17
0
0
0
0
0
1.28569e-15
-1.40263e-16
0
0
0
0
-6.27146e-18
0
0
0
0
0
0
0
0
0
0
0
0
0
0
0
0
0
0
0
0
0
0
0
0
0
0
-2.14888e-16
4.2305e-16
0
0
0
0
0
0
0
1.43393e-15
0
0
0
0
0
0
0
0
0
0
0
0
0
0
-9.42387e-13
-1.72243e-12
0
0
0
0
0
0
0
0
-3.95377e-17
0
3.61638e-08
0
0
0
0
0
0
0
0
0
0
0
0
0
0
0
0
-1.89917e-16
8.58588e-16
0
1.66768e-17
0
0
0
0
0
0
0
-4.30428e-15
0
0
0
0
-3.65223e-12
0
0
0
0
0
0
-7.7126e-18
0
7.3754e-18
0
0
0
0
7.89425e-08
0
0
0
4.04063e-16
3.10595e-16
0
0
0
0
0
0
3.64035e-17
0
0
0
0
0
0
0
0
0
0
0
0
0
4.14613e-13
2.99083e-13
-1.43279e-12
0
0
0
0
0
0
0
0
0
0
0
0
0
0
0
0
0
0
0
0
0
0
0
0
0
0
0
0
0
0
2.80898e-15
2.84816e-15
0
7.71886e-16
0
0
0
0
0
0
0
0
0
0
0
0
0
9.83499e-13
-4.08712e-12
0
0
0
0
0
0
0
0
0
0
0
0
0
0
0
0
0
0
0
0
0
0
0
4.56141e-16
-9.5733e-19
0
0
0
0
0
0
-6.36323e-16
-1.28066e-15
2.87547e-15
0
0
0
0
0
0
0
0
0
0
0
0
0
0
0
0
0
0
0
0
0
-7.17418e-16
0
0
0
0
0
0
0
0
0
-5.72495e-13
0
0
0
0
0
0
0
0
0
0
0
0
0
0
0
0
0
0
0
0
0
0
0
3.83458e-15
-1.561e-15
0
0
0
0
0
0
0
0
0
0
0
0
0
0
0
0
0
1.65123e-16
0
6.65446e-17
-2.48938e-16
0
0
0
0
0
0
0
0
0
0
0
0
0
0
0
0
0
0
0
0
0
0
0
0
0
0
0
0
0
0
0
0
0
0
0
0
0
0
0
0
0
0
0
0
0
0
-4.60768e-14
0
0
0
0
0
-4.0736e-08
2.42227e-12
0
0
0
0
0
0
0
0
1.77484e-15
-1.18399e-15
0
0
0
0
0
0
-4.60074e-13
0
0
0
0
0
0
0
0
0
0
0
0
0
0
0
0
0
0
0
0
0
0
0
0
0
0
0
0
0
0
0
0
0
0
0
0
0
0
0
0
0
0
0
0
0
0
0
0
0
0
0
0
8.74076e-16
0
0
0
0
0
0
0
-7.88979e-09
0
0
0
0
0
0
0
0
0
0
0
0
0
0
0
0
0
0
0
0
0
0
0
0
0
0
0
0
0
0
0
0
0
0
0
0
2.1911e-12
-1.12095e-07
6.50083e-13
-2.5564e-12
-7.48955e-16
5.64023e-16
0
0
0
0
0
0
0
0
0
0
0
-4.97886e-16
0
0
0
0
0
0
0
0
5.66354e-31
-3.56844e-15
0
-4.88412e-16
0
0
0
0
0
0
1.11969e-30
0
0
0
0
0
0
0
0
0
0
0
0
0
0
0
0
0
0
0
0
0
0
0
0
0
0
0
0
0
0
0
0
0
0
0
0
0
0
0
0
0
1.9874e-16
0
-4.28469e-17
0
0
0
0
0
0
0
0
0
0
0
0
0
0
0
0
0
0
0
0
0
0
0
0
0
0
0
0
0
0
0
0
4.38235e-16
0
0
0
0
0
0
0
0
0
0
0
0
0
0
0
0
0
0
0
0
0
0
0
0
0
0
0
0
0
0
0
0
0
0
0
0
0
0
0
0
0
0
0
0
0
0
0
0
0
0
0
0
0
0
0
0
0
0
0
0
0
0
0
0
0
4.38826e-13
-2.40462e-12
0
0
0
0
0
0
0
0
0
0
0
0
0
0
0
0
0
1.1386e-15
0
-3.6762e-16
-7.25053e-16
0
-2.81991e-16
0
2.64409e-16
-1.12124e-15
0
0
0
0
0
0
0
0
0
0
0
0
0
0
0
-2.38377e-17
0
0
0
0
0
0
0
0
0
0
0
0
0
-6.9254e-13
-3.96234e-13
0
0
0
0
0
0
0
-4.19499e-16
-8.94586e-16
0
0
0
0
0
0
0
0
0
0
0
0
0
0
0
0
0
0
-8.76647e-16
0
0
0
0
0
0
-1.64863e-12
0
0
0
0
0
0
0
0
0
0
0
0
0
0
0
0
0
0
0
0
0
0
0
0
0
0
0
0
1.99137e-17
0
6.52653e-15
0
0
0
0
0
0
0
0
0
0
0
0
0
0
0
0
1.71746e-15
0
-1.82061e-15
0
0
0
0
-7.09743e-13
-2.5413e-16
0
0
0
0
0
0
0
0
0
0
0
0
0
0
0
0
0
0
2.34026e-16
0
0
0
0
0
0
0
0
0
0
0
0
0
0
0
0
0
0
0
0
0
-5.1737e-16
1.70108e-16
8.65527e-16
0
0
0
0
-9.55274e-13
-6.39818e-13
0
0
0
0
0
0
0
0
0
0
0
0
0
0
0
0
0
0
0
0
1.29551e-16
0
-1.25341e-12
0
0
0
0
0
0
0
0
0
0
0
0
0
0
0
0
0
0
0
0
0
0
0
-3.49902e-32
0
0
1.11969e-30
-4.45203e-16
0
0
0
0
0
0
0
0
0
0
0
0
0
0
0
0
0
0
0
0
0
0
0
0
0
0
0
0
0
0
0
0
0
0
0
0
0
0
1.10594e-14
0
0
0
0
0
0
0
0
0
0
0
0
0
2.1441e-16
0
0
0
0
0
0
0
0
0
0
0
0
0
0
0
1.30032e-15
6.64154e-16
0
1.12407e-15
-2.32755e-16
0
0
0
4.3473e-18
0
0
0
0
0
0
0
0
0
0
0
0
0
0
0
0
0
-1.12699e-14
-3.32866e-16
-2.43706e-14
0
0
0
0
0
0
0
0
0
0
0
0
0
0
0
0
0
0
0
0
0
0
0
0
0
0
0
0
0
0
0
5.43897e-15
5.70967e-16
0
0
7.26252e-16
1.58738e-16
0
0
0
0
0
0
0
0
0
0
0
-2.08314e-30
-8.67758e-15
0
0
0
0
-1.18993e-16
-5.77508e-13
0
0
0
0
0
0
0
0
0
0
0
0
0
0
0
0
0
0
0
0
0
0
0
0
0
0
0
0
0
0
0
0
0
0
0
0
0
0
0
0
0
0
0
0
0
0
0
0
0
0
0
0
0
0
0
0
0
0
0
0
0
0
0
0
0
0
0
0
0
0
0
0
0
0
0
0
0
0
0
0
0
0
0
0
0
0
0
0
-4.79052e-13
0
0
0
0
0
0
0
0
0
0
0
0
0
0
0
0
0
0
0
0
0
0
0
0
0
0
0
0
0
0
0
0
0
0
0
0
0
0
0
0
0
0
0
0
0
0
0
0
0
0
0
0
0
0
0
0
0
0
0
0
0
0
0
0
0
0
0
0
0
0
0
0
0
0
0
5.31454e-16
1.17658e-17
0
0
0
0
0
0
0
0
0
0
0
0
0
0
0
0
0
0
0
0
0
0
0
0
0
0
0
0
0
0
0
0
0
0
0
0
0
0
0
0
0
0
0
0
0
0
0
0
0
0
0
0
0
0
8.44861e-15
-4.78174e-16
0
0
0
9.01985e-16
9.27823e-17
0
0
0
0
0
0
0
0
0
0
0
0
0
1.74657e-16
0
0
0
0
0
0
0
6.49412e-16
-2.87012e-12
0
0
0
0
0
0
2.14898e-16
0
1.8682e-16
0
0
0
0
0
0
0
0
0
0
0
0
0
0
0
0
0
0
0
0
0
0
0
0
0
0
0
0
0
0
0
0
0
0
0
0
0
0
0
0
0
0
0
0
0
0
-3.33521e-16
0
0
0
0
0
0
0
0
0
0
0
0
0
0
0
0
0
0
0
0
0
0
0
2.00464e-17
0
-1.75793e-16
0
-6.57265e-13
0
2.9469e-14
-1.68315e-14
0
0
0
0
0
0
0
0
0
-2.97465e-15
-6.66605e-30
-2.83435e-15
0
0
0
0
0
0
0
0
0
0
0
-3.62245e-14
-9.70469e-14
0
0
0
-2.09273e-15
6.80444e-16
0
0
0
0
0
0
0
0
0
0
0
0
0
0
0
0
0
-1.96506e-13
-3.4714e-13
0
0
0
0
0
0
0
0
0
0
0
-1.63582e-14
0
0
-7.78551e-16
-7.23272e-15
-1.88201e-16
-2.52903e-15
0
0
0
0
0
0
0
-4.14408e-16
0
0
0
0
0
0
0
0
0
-1.28024e-15
0
-1.11318e-30
0
0
0
0
-7.00734e-16
0
1.74913e-15
0
0
0
0
0
0
0
0
0
0
0
0
3.20389e-15
0
0
0
0
0
0
-4.27819e-15
1.17779e-15
0
0
0
0
0
0
0
0
0
0
0
0
0
0
0
0
0
0
0
0
0
0
0
0
0
0
0
0
0
0
0
0
0
0
0
0
-6.16772e-13
-4.54947e-16
0
0
0
0
0
0
0
0
0
-1.10468e-12
0
0
0
0
0
0
2.16795e-14
0
-3.81384e-14
0
0
0
0
0
0
0
0
0
0
0
0
0
0
0
0
0
0
0
0
0
0
7.99823e-16
0
0
0
0
0
-4.13688e-13
0
0
0
0
0
0
0
0
0
0
0
0
0
0
0
0
0
0
7.04156e-13
4.80882e-13
0
0
0
0
0
2.32728e-17
4.31916e-16
0
0
0
0
0
0
0
0
0
0
0
0
0
0
0
0
0
0
0
1.99738e-14
-1.18929e-15
-6.82838e-17
-1.45844e-12
0
0
0
0
0
0
0
0
0
0
0
0
0
0
0
0
0
0
0
0
0
0
0
0
0
0
0
0
0
0
0
0
0
0
0
0
0
0
0
0
0
0
0
0
0
0
0
0
0
0
0
0
0
0
0
0
0
0
0
0
0
0
0
0
0
0
0
0
0
0
0
0
-4.10398e-17
1.35981e-17
0
0
0
0
0
0
0
0
0
0
0
0
0
0
0
0
0
0
0
0
0
0
0
0
0
0
0
0
0
0
0
0
0
0
0
0
0
0
0
0
0
0
0
0
0
0
0
0
0
0
0
0
0
0
0
0
0
0
0
0
0
0
0
0
0
0
0
0
0
0
0
0
0
2.07355e-17
0
0
0
0
0
-4.93247e-16
0
0
0
0
0
0
0
0
0
0
0
0
0
0
0
0
0
0
0
0
0
0
0
0
0
0
0
9.34441e-17
0
0
0
0
0
0
0
0
0
8.09313e-16
0
0
0
0
0
0
0
0
0
0
0
0
0
0
0
0
0
0
0
0
0
0
0
1.01922e-15
-8.62498e-16
-1.08388e-16
-5.30839e-17
0
0
0
0
0
0
0
0
0
0
0
0
0
0
0
0
0
0
0
0
0
0
1.60863e-14
-1.15708e-14
0
-1.30504e-12
-7.69383e-13
0
0
0
0
0
0
0
0
0
0
0
-7.3557e-14
3.09007e-13
-1.34173e-12
0
0
0
0
0
0
0
0
0
0
0
7.91451e-13
-2.77234e-12
-3.82516e-16
0
0
0
0
0
0
0
0
0
0
0
0
0
0
0
0
0
0
0
0
0
0
0
0
0
0
0
0
0
0
1.00306e-15
0
1.09954e-15
0
0
0
0
0
0
0
0
0
0
0
0
2.04515e-16
-2.03095e-16
0
0
0
0
0
0
0
0
0
0
0
0
0
0
0
0
0
0
0
0
0
0
0
0
0
0
0
0
0
0
0
0
0
0
0
0
0
-7.88784e-16
0
0
0
0
0
0
0
0
0
0
0
-3.17106e-16
0
0
0
0
0
0
0
0
0
0
0
0
0
0
0
0
0
0
0
0
0
0
0
0
0
0
0
0
0
0
0
0
0
0
0
0
0
0
0
0
0
0
0
0
0
0
0
0
0
0
0
0
0
0
0
0
0
0
0
0
0
0
0
0
0
0
-2.78184e-16
1.61731e-15
0
0
0
0
0
0
0
0
0
0
0
0
0
0
0
0
0
0
1.16566e-14
0
0
0
0
0
0
0
0
0
0
0
0
0
0
0
0
0
0
0
0
0
0
0
0
0
0
0
0
0
0
0
0
0
-1.43806e-16
-1.17234e-15
0
6.9632e-16
0
0
-1.46994e-16
4.08597e-17
0
0
0
0
0
0
0
0
0
0
0
0
0
0
0
0
0
0
0
0
0
0
0
0
0
0
0
1.51154e-16
4.5972e-16
0
0
0
0
0
0
0
0
0
0
0
0
0
0
0
0
0
0
0
0
0
0
0
0
0
0
6.67087e-16
0
0
0
0
0
0
0
0
0
-2.4571e-16
0
0
0
0
0
0
0
0
0
0
0
0
0
0
0
0
0
0
0
0
0
0
0
0
0
0
0
0
0
0
0
0
0
0
0
0
0
0
0
0
0
0
0
0
0
0
0
0
0
0
0
0
0
0
0
0
0
0
0
0
0
0
0
0
0
0
0
0
0
0
0
0
0
0
0
0
0
0
0
0
0
0
0
0
0
0
0
0
0
0
0
0
0
0
0
0
0
0
0
0
0
0
0
0
0
0
0
0
0
0
0
0
0
0
0
0
0
0
0
1.28896e-16
6.56611e-16
1.48604e-16
0
0
0
0
0
0
0
0
0
0
0
0
0
0
0
0
-2.95069e-16
0
0
0
0
0
0
0
0
0
0
0
0
0
0
0
-5.6332e-16
2.64847e-17
0
0
0
0
0
0
0
0
0
0
0
0
0
0
0
0
0
0
0
0
0
0
0
0
0
0
0
0
0
0
0
0
0
0
0
0
0
0
0
0
0
0
0
0
0
0
0
0
0
0
0
0
0
0
0
0
0
0
0
0
0
0
0
0
0
0
0
0
0
0
0
0
0
0
0
0
0
0
0
0
0
0
0
0
0
0
0
0
0
0
0
0
0
0
0
0
2.79266e-12
0
0
0
0
0
0
0
0
0
0
0
0
0
0
0
0
0
0
0
0
0
0
0
0
2.82294e-16
-3.14175e-16
0
1.08123e-15
0
0
0
0
0
0
0
0
0
0
0
0
0
0
0
0
0
0
0
0
0
0
0
0
-5.29284e-16
0
0
0
0
0
0
0
2.18521e-16
0
0
0
0
0
0
0
0
0
0
0
0
0
0
-9.75358e-16
5.8628e-16
0
-9.57289e-17
5.52252e-17
0
0
0
0
0
0
0
0
0
0
0
0
0
0
0
0
0
0
0
0
0
0
0
0
0
0
0
0
0
0
0
0
-2.3122e-15
0
0
0
0
0
0
0
0
0
0
0
0
0
0
0
0
0
0
0
0
0
0
0
9.80969e-16
0
0
0
0
0
0
0
0
0
0
0
0
0
0
0
0
0
0
0
0
0
0
0
0
0
0
0
0
0
0
0
0
0
0
0
0
0
0
0
0
0
0
0
0
0
0
0
0
0
0
0
0
0
0
0
-2.60409e-12
0
0
0
1.06026e-15
-8.10496e-17
0
0
0
0
0
0
0
0
0
0
0
0
0
0
0
0
0
0
0
0
0
0
0
0
0
0
0
0
0
0
0
0
0
0
0
0
0
0
0
0
0
0
0
0
0
0
0
0
0
0
0
0
0
0
0
0
0
0
0
0
0
-4.09764e-16
-1.18428e-15
0
0
0
0
1.27741e-16
0
0
0
0
0
0
0
0
0
0
0
1.16696e-14
4.60141e-15
0
0
0
0
0
0
0
0
0
0
0
0
0
0
0
0
0
0
0
0
0
0
0
0
0
0
0
0
0
-1.26905e-14
0
0
0
0
0
-4.50957e-16
0
-1.41731e-15
0
0
0
0
0
0
-8.88923e-13
0
0
0
0
0
0
0
0
0
0
0
-3.69378e-16
0
0
0
0
0
0
0
0
0
0
0
0
1.97313e-16
0
0
0
0
1.39961e-31
-8.23884e-18
0
0
0
0
6.54525e-16
-8.84701e-17
0
0
0
0
0
0
0
0
0
0
0
0
0
0
0
0
0
0
0
0
0
0
0
0
0
0
0
0
0
0
0
0
0
0
1.98219e-18
-2.73082e-19
0
0
0
0
0
0
0
0
0
0
0
0
0
0
0
0
0
0
0
0
0
0
0
0
0
0
0
0
0
0
0
0
0
0
0
0
0
0
0
0
0
0
0
0
0
0
0
0
0
0
0
0
0
0
0
0
0
0
0
7.45475e-16
0
0
0
0
0
0
0
0
0
0
0
0
0
8.63525e-08
3.9632e-08
0
0
0
0
0
0
0
0
0
0
0
0
0
0
0
0
0
-7.95207e-17
-5.51164e-31
0
3.01507e-16
0
-4.07466e-12
0
0
0
0
0
0
0
0
0
0
-2.57253e-12
1.62015e-12
0
0
0
0
0
0
0
0
0
0
0
0
0
1.27477e-15
0
0
0
-8.45261e-16
2.00488e-15
0
0
0
0
0
0
0
0
0
0
0
0
0
0
0
0
0
1.48651e-15
-5.50059e-15
0
0
0
0
0
0
0
0
0
-5.92773e-15
-5.87119e-16
0
0
0
0
0
0
0
0
0
0
0
0
0
0
0
0
0
0
0
0
0
0
0
0
0
0
0
0
0
0
0
0
0
0
0
0
0
0
0
0
0
0
0
0
0
0
0
0
0
0
0
0
0
0
0
0
0
0
0
0
0
0
0
0
0
0
0
0
0
0
0
0
0
0
0
0
0
1.27853e-16
0
0
0
0
-1.39622e-16
0
0
0
1.30676e-16
0
0
0
0
0
0
0
0
0
0
0
0
0
0
0
0
0
0
1.02736e-16
0
3.43581e-15
0
-7.32049e-13
0
0
0
0
0
0
0
0
0
0
0
0
0
0
0
0
0
-2.80839e-16
5.20474e-17
0
0
0
0
0
0
0
0
0
0
0
0
0
0
0
0
0
0
0
0
0
0
0
0
0
0
0
-1.49458e-12
1.54804e-13
-7.5912e-17
0
0
0
0
0
0
0
0
0
0
0
0
0
0
0
0
-6.06357e-16
0
1.34945e-16
0
0
0
0
0
0
0
0
0
0
0
0
3.40474e-15
0
0
0
0
0
0
0
0
0
0
0
0
0
0
0
0
0
0
0
0
0
-9.3365e-17
4.9654e-16
0
0
0
0
0
0
0
0
0
0
0
0
0
0
0
0
0
0
0
0
0
0
0
0
0
0
0
0
0
0
0
0
0
0
0
0
0
0
0
0
0
0
0
0
0
0
0
0
0
0
0
0
0
2.1549e-13
-2.0676e-13
1.63648e-19
-3.38732e-18
0
0
0
0
0
0
0
0
0
0
0
0
0
0
0
0
0
0
0
0
0
0
7.63659e-17
0
-6.08866e-13
0
0
0
0
-4.53688e-15
0
0
0
0
0
0
0
0
0
-6.1679e-13
0
0
0
0
0
0
0
-3.87386e-16
2.75722e-16
0
0
0
9.29949e-16
0
1.32279e-15
0
0
0
0
0
0
0
0
0
0
0
1.19692e-16
-3.92313e-16
0
0
-1.54362e-15
0
0
0
0
0
0
0
0
0
0
0
0
0
0
0
0
0
0
0
0
0
0
0
0
0
0
0
0
0
0
0
0
0
0
0
0
0
0
0
0
0
0
0
0
0
0
0
0
0
0
0
-1.84695e-16
0
-2.5477e-17
0
0
0
0
0
0
0
0
0
0
-1.75144e-18
0
0
0
0
0
0
0
0
0
0
0
0
0
0
0
0
0
0
1.32388e-14
0
0
0
0
0
0
0
0
0
0
0
0
0
0
0
0
0
0
0
0
0
0
0
0
0
0
0
0
0
0
0
0
0
0
0
0
0
0
0
0
0
0
0
0
0
0
0
0
0
0
0
0
0
0
0
0
0
0
0
0
0
0
0
0
0
0
0
0
0
1.01293e-15
0
-1.59074e-16
0
0
0
0
0
0
0
0
0
0
0
0
0
4.96264e-16
0
0
0
0
0
0
0
0
0
0
0
0
1.67705e-16
0
0
0
0
0
0
0
0
0
-3.62258e-08
0
0
0
0
0
0
0
0
0
0
0
0
0
0
0
0
3.80007e-16
0
0
0
0
0
0
0
0
0
0
0
0
0
0
3.43873e-15
0
0
0
0
0
0
0
0
0
-1.57644e-16
-3.68014e-16
-2.17615e-16
0
0
0
0
0
0
0
0
0
0
0
0
0
0
0
0
0
0
3.39156e-16
3.98458e-16
1.23531e-16
0
0
0
0
0
0
0
0
0
0
0
0
0
0
0
0
0
0
0
0
0
0
0
0
0
0
0
0
0
0
0
0
0
0
0
0
0
0
0
0
0
-1.569e-16
0
0
0
0
0
0
0
0
0
0
0
0
0
0
0
0
0
0
0
0
0
0
0
0
0
-1.92804e-15
0
0
0
0
0
0
0
0
0
0
0
0
0
0
0
0
0
0
0
0
0
0
0
0
-5.19296e-16
-1.23604e-15
0
0
0
0
0
0
0
0
0
0
0
0
0
0
0
0
0
0
0
0
0
0
0
0
0
0
0
0
0
0
0
0
0
0
0
0
0
0
0
0
0
0
0
0
0
0
0
0
0
0
0
0
0
0
0
0
0
0
0
0
0
0
0
0
0
0
0
0
0
0
0
0
0
1.39744e-16
1.28813e-15
0
0
4.55195e-16
-9.7087e-16
0
0
-7.56619e-16
0
0
0
0
8.72321e-16
7.09501e-17
0
0
0
0
0
0
0
0
0
0
0
0
0
0
0
3.12682e-16
3.07179e-16
0
0
0
0
0
0
0
0
0
0
0
0
0
0
0
0
0
0
0
0
0
-1.70273e-15
1.22037e-15
0
0
0
0
0
0
-3.10973e-16
0
0
0
0
0
0
0
0
-2.44965e-16
-3.30027e-16
0
0
0
-3.77044e-09
-4.43313e-08
-1.13285e-15
6.95676e-16
0
0
0
0
0
0
1.41363e-15
0
0
0
0
0
0
0
0
0
0
0
0
0
0
0
0
0
0
0
0
0
0
0
0
0
0
0
0
-2.0769e-17
3.01215e-16
0
0
0
0
0
0
0
0
0
0
0
0
0
0
0
0
0
0
0
0
0
0
0
0
0
0
0
0
0
0
0
0
0
0
0
-3.39991e-15
0
0
0
0
0
0
0
0
0
0
0
0
0
0
0
0
0
-4.35639e-15
0
-1.47295e-15
0
0
0
0
0
0
0
0
0
0
0
0
0
0
0
0
0
5.66842e-16
0
0
0
0
0
0
0
0
0
-1.10985e-15
0
-2.23709e-16
0
0
0
0
0
0
0
0
0
-6.63601e-15
0
0
0
0
0
2.90768e-17
-1.23159e-12
0
0
-6.81949e-13
0
0
0
0
0
0
0
0
0
0
1.90434e-15
0
0
0
0
0
0
3.84686e-16
0
0
0
0
0
0
0
0
0
0
0
0
0
0
0
0
0
0
0
0
0
0
0
0
0
0
0
0
0
0
0
0
0
0
0
0
0
0
0
0
0
0
0
0
0
0
1.05187e-16
2.56179e-16
0
0
0
0
0
0
0
0
0
0
0
0
0
0
0
0
0
0
0
0
0
0
0
0
-1.08814e-16
-1.63675e-16
0
0
0
0
0
0
0
0
0
0
0
0
0
0
0
0
0
0
0
0
0
0
0
0
0
0
0
0
0
0
0
0
0
0
0
0
0
0
0
0
0
0
0
0
0
0
0
0
0
0
0
0
0
0
0
-1.13314e-15
0
0
0
0
0
0
0
0
0
0
0
0
0
0
0
0
0
4.59257e-16
0
0
-9.2655e-16
0
0
0
0
0
0
0
0
0
0
0
0
0
8.76632e-17
-3.99512e-16
0
0
0
0
0
0
0
0
0
0
0
0
0
0
0
0
0
0
1.17218e-15
-2.17231e-15
0
0
0
0
0
0
0
0
0
0
0
0
0
0
0
0
0
0
0
0
0
0
0
0
0
0
0
0
0
0
0
0
0
0
0
0
0
0
0
0
0
0
0
0
0
0
0
2.79211e-15
0
0
0
0
0
0
0
0
0
0
0
0
0
0
0
0
0
0
0
0
0
0
0
0
0
0
0
0
0
0
0
0
0
0
0
0
0
0
1.25635e-17
-6.78106e-35
0
0
0
0
0
0
0
0
0
0
0
0
0
0
0
0
0
0
0
0
0
0
0
0
0
0
0
0
0
0
0
0
0
0
0
-4.75441e-18
0
0
1.20854e-16
0
0
0
0
0
0
0
0
0
0
0
0
0
0
0
0
0
0
0
0
0
0
0
0
0
0
0
0
0
0
0
0
0
0
0
0
0
7.53519e-15
0
0
0
0
0
0
0
0
0
0
0
0
0
-1.9591e-13
0
0
0
0
0
0
0
0
0
0
0
0
0
0
0
0
0
0
0
0
0
0
0
0
0
0
0
0
0
0
0
0
0
0
0
0
0
0
0
0
0
0
0
0
0
0
0
0
0
0
0
0
0
0
0
0
0
4.66124e-16
0
0
0
0
0
0
-3.65599e-14
-1.07467e-13
0
0
0
0
0
0
0
1.85384e-15
0
0
0
0
0
0
0
0
0
0
0
0
0
0
0
0
0
0
0
0
0
0
4.42279e-13
0
2.4843e-16
0
0
-7.68207e-13
0
-5.38593e-13
0
0
0
0
0
0
0
0
0
0
0
0
0
0
0
0
0
0
0
0
0
0
0
0
0
0
0
0
0
0
0
0
0
0
0
0
0
0
0
0
0
3.2233e-15
0
0
0
0
0
0
0
0
0
0
0
0
0
0
0
0
0
0
0
0
0
4.37868e-16
0
0
0
0
3.77762e-15
9.86083e-16
0
0
0
0
0
0
0
0
0
0
0
0
0
0
9.64963e-16
-2.84399e-16
0
3.43178e-16
0
0
0
0
0
0
0
0
0
0
0
0
0
0
0
0
0
0
0
0
0
0
0
0
0
0
0
0
0
0
0
0
0
0
0
0
0
0
0
0
0
0
0
0
0
9.04503e-17
0
0
0
0
0
0
0
0
0
0
0
0
2.18162e-15
9.52364e-17
0
0
0
0
0
0
1.25093e-15
-5.67786e-15
-1.18695e-15
-1.49437e-15
0
0
0
0
0
0
0
0
0
0
0
0
0
0
0
0
0
0
0
0
0
0
0
0
0
0
0
0
1.42304e-15
0
0
0
4.59669e-16
4.71738e-16
0
0
0
0
0
0
0
0
0
0
0
0
0
0
0
0
0
0
0
0
0
0
0
0
0
0
0
0
0
0
0
0
0
0
0
0
0
0
0
0
0
0
0
0
0
0
0
0
0
0
0
0
0
0
0
0
0
0
0
0
0
0
0
0
0
0
0
0
0
0
0
0
0
0
0
0
0
0
0
0
0
0
0
0
0
0
0
0
0
2.72771e-16
0
0
0
0
1.31689e-16
1.9456e-16
1.28217e-16
-2.39071e-16
0
0
0
0
0
0
0
0
0
0
0
0
5.08961e-17
0
0
0
0
0
0
0
0
0
0
0
0
0
0
0
0
0
0
0
0
0
0
0
0
0
0
0
0
0
0
0
0
0
0
0
0
0
0
-1.26642e-14
0
0
0
0
0
0
0
0
0
0
0
0
0
0
0
0
0
0
0
0
0
-7.44437e-17
-1.75839e-17
0
0
0
0
0
0
0
0
0
0
0
0
0
0
0
0
0
0
0
0
0
0
0
0
0
0
0
0
0
0
0
0
0
0
0
0
0
0
0
0
0
0
0
0
0
-1.57301e-17
2.18712e-19
0
0
0
0
0
0
0
0
0
0
0
0
0
0
0
0
0
0
0
0
0
0
0
0
0
0
0
0
0
-4.09121e-19
0
0
0
0
0
0
0
0
0
0
0
0
0
0
0
0
0
0
0
0
0
0
0
0
0
0
0
0
0
0
0
0
0
0
0
0
0
0
0
0
0
0
0
0
0
0
0
0
8.93275e-17
3.96271e-17
0
0
0
0
0
0
0
0
0
0
0
0
0
0
0
0
0
0
0
0
0
0
0
0
0
0
0
0
0
0
0
0
0
0
0
0
0
0
0
0
0
0
0
0
0
-1.99549e-15
-7.97171e-15
0
0
0
0
0
0
0
0
0
0
0
0
0
0
0
0
0
0
0
0
0
0
0
0
0
0
0
0
0
0
0
0
0
0
0
0
0
0
-5.9947e-17
0
0
0
0
0
0
0
0
0
0
0
0
0
0
0
0
0
0
0
0
0
0
0
0
0
0
0
-1.20884e-15
1.0894e-15
0
0
8.70701e-17
-3.00022e-16
0
0
0
0
0
0
0
0
0
0
0
0
0
0
-8.44174e-16
5.15154e-16
0
0
0
0
0
0
0
0
0
0
0
0
0
0
0
0
0
0
9.3705e-16
1.68179e-16
0
0
0
0
0
0
0
0
0
0
0
0
0
0
0
0
0
0
0
0
0
0
0
0
0
0
0
0
0
0
0
0
0
-8.45853e-15
0
0
0
0
0
0
0
0
0
0
0
0
0
0
0
0
0
0
0
0
0
0
0
0
-5.63495e-16
-1.67482e-16
0
0
0
0
0
0
0
0
0
0
0
0
0
0
0
0
0
0
0
0
0
0
0
0
0
0
0
0
0
0
-6.09381e-15
0
0
0
0
0
0
0
0
0
0
0
0
0
1.65272e-16
0
0
0
0
0
0
0
1.22917e-14
2.46055e-15
0
0
0
0
0
0
3.11379e-16
0
-6.03097e-15
1.14552e-14
0
0
0
0
0
0
0
0
-1.77783e-29
0
0
0
0
0
0
0
0
0
0
0
0
0
0
0
0
0
0
0
0
0
0
0
0
0
0
0
0
0
0
0
0
0
0
0
0
0
0
0
0
0
0
0
0
0
0
0
0
0
0
0
0
0
0
0
0
0
0
0
0
0
0
0
0
0
0
0
0
0
0
0
0
0
0
0
0
0
0
0
0
0
6.33433e-15
0
0
0
0
0
0
0
0
0
0
0
0
0
0
0
0
0
0
0
0
0
0
0
0
0
0
0
0
0
0
0
0
0
0
-1.07693e-14
0
0
0
0
1.31587e-15
0
0
0
0
0
9.26567e-16
-4.11176e-15
0
0
0
0
0
0
0
0
0
0
0
0
0
0
0
0
0
0
0
0
0
0
8.21836e-16
0
0
0
0
0
0
0
0
0
0
0
0
0
0
0
0
0
0
0
0
0
0
0
0
0
0
0
0
0
0
0
0
0
0
0
0
0
0
0
0
0
0
0
0
0
-6.22542e-17
-9.5581e-17
0
-1.19435e-15
-2.26652e-17
0
0
0
0
0
0
0
0
0
0
0
0
0
7.92647e-16
-2.78489e-15
0
0
0
0
0
0
0
0
0
0
0
0
0
0
0
0
-8.16853e-16
-1.16782e-16
-9.88605e-19
0
0
0
0
0
0
0
0
0
0
0
0
0
0
0
0
0
0
0
0
0
0
0
0
0
0
0
0
0
0
0
0
0
0
0
0
2.77735e-31
0
1.5329e-16
0
0
0
0
0
0
0
0
0
0
0
0
0
0
1.63935e-15
0
0
0
0
0
0
0
0
0
0
0
0
0
0
0
0
0
0
0
0
0
0
0
0
0
0
0
0
0
0
0
0
0
0
0
0
0
0
0
0
0
0
0
0
0
0
0
0
0
0
0
1.09156e-15
0
0
0
0
0
0
0
0
0
0
0
0
0
0
0
0
0
0
0
0
0
0
0
0
0
0
0
0
0
0
0
0
0
0
0
0
0
0
0
0
0
0
0
0
0
0
0
0
0
0
0
0
0
0
0
-8.51223e-16
-3.35133e-18
0
0
0
0
0
0
0
0
0
0
0
0
0
0
0
0
0
0
0
0
0
0
0
0
0
0
0
0
0
0
0
0
0
0
0
0
0
0
0
0
0
0
0
0
0
0
0
0
0
0
0
0
0
0
0
0
0
0
0
0
0
0
0
0
0
0
0
0
0
0
0
0
0
0
0
-3.05076e-17
-6.15968e-17
0
0
0
4.98138e-15
-8.21506e-15
0
0
0
0
0
0
-1.70403e-17
0
0
0
0
0
0
0
0
0
0
0
0
0
0
0
0
0
0
0
0
0
0
0
0
9.34593e-17
-5.95228e-16
0
0
0
0
0
0
0
0
0
0
0
0
0
0
0
0
0
0
0
0
0
0
0
0
0
0
0
0
0
0
0
0
0
0
0
0
0
0
0
0
-1.97736e-17
0
1.67764e-18
0
0
0
0
0
0
0
0
0
0
0
0
0
0
0
0
0
8.26864e-18
-2.66366e-16
0
0
0
0
0
0
0
0
0
0
0
0
-2.17779e-15
0
0
0
0
0
0
0
0
0
0
0
0
0
0
0
0
0
0
0
0
0
0
0
0
0
0
0
0
0
0
0
0
0
0
0
0
0
0
0
0
0
0
0
0
0
0
0
0
0
0
0
0
0
0
0
0
0
0
0
0
0
0
0
0
0
0
0
0
0
4.96225e-15
0
2.55579e-14
0
0
0
0
0
7.53123e-17
0
0
0
-2.40044e-12
0
0
0
3.68153e-16
0
0
0
0
0
0
0
0
0
0
0
0
0
0
0
0
0
0
0
0
0
0
0
0
0
0
0
0
5.03211e-17
-4.73487e-16
0
0
0
0
0
0
0
0
0
0
0
0
0
0
-6.991e-16
0
0
0
0
0
0
0
0
0
0
0
0
0
0
0
0
0
0
0
0
0
1.42755e-15
0
0
0
0
0
0
0
0
0
0
-9.4645e-15
0
0
0
0
0
0
0
0
0
-1.9194e-17
0
0
0
0
0
0
0
0
0
0
0
0
0
0
0
0
0
0
0
0
0
0
0
0
0
0
0
0
0
0
0
0
0
0
0
0
0
0
0
0
0
0
0
0
0
0
0
0
-2.19144e-15
0
0
0
0
0
0
0
0
0
0
0
0
0
0
0
0
0
0
0
0
0
0
0
0
0
0
0
0
0
0
0
0
0
0
0
0
0
0
0
0
0
0
0
0
0
0
0
0
0
0
0
0
0
0
0
0
0
0
5.32874e-08
0
0
0
0
0
0
0
0
0
0
0
0
0
0
0
0
0
0
0
0
1.52194e-14
0
0
0
0
0
0
0
0
0
0
0
0
0
0
0
0
0
0
0
0
-7.00608e-16
0
1.96979e-15
0
0
0
0
0
0
0
0
0
0
0
0
0
-2.86523e-12
0
0
0
0
0
0
0
0
0
0
0
0
0
0
0
0
0
0
0
0
0
0
0
0
0
0
0
0
0
0
0
0
0
0
0
0
0
0
0
0
0
0
0
0
0
0
0
0
0
0
0
0
0
0
0
0
0
0
0
0
0
0
0
0
0
0
0
0
0
0
0
0
0
0
0
0
0
0
0
0
0
0
0
0
0
0
0
-4.51031e-16
0
0
0
0
0
0
0
0
0
0
0
0
0
0
0
0
0
0
0
0
0
0
0
0
0
0
0
0
0
0
0
0
0
0
0
0
0
0
0
0
0
0
0
0
0
0
0
0
0
0
0
0
0
0
7.42609e-13
-1.93505e-12
0
0
0
0
0
0
0
0
0
0
0
0
0
0
0
0
0
0
0
0
0
0
0
0
0
0
0
0
0
0
0
0
0
0
0
0
0
0
0
0
0
0
0
0
0
0
-1.36843e-16
0
0
0
0
0
0
0
0
0
0
0
0
0
0
0
0
0
0
0
0
0
0
0
0
0
0
0
0
0
0
0
0
0
0
0
0
0
0
0
0
0
0
0
0
0
0
0
0
0
0
-4.13138e-15
0
0
0
0
0
0
0
7.20188e-16
0
0
0
0
0
0
0
3.71754e-14
0
0
0
0
-2.14615e-15
-6.62451e-16
0
0
0
0
0
0
0
0
0
0
-2.59616e-15
0
0
0
0
0
0
-6.14776e-16
0
0
0
0
0
0
0
0
0
0
0
-6.1417e-16
6.12214e-17
0
0
0
0
0
0
0
0
0
0
0
0
0
0
0
0
0
0
0
0
0
0
0
0
0
0
0
0
0
0
0
4.17202e-16
0
0
0
0
0
0
0
0
0
0
0
0
0
0
0
0
0
0
0
0
0
0
0
0
0
0
0
0
0
0
0
0
0
0
0
0
0
0
0
0
0
0
0
0
0
3.31252e-15
0
0
0
0
0
0
0
0
0
0
0
0
0
0
0
0
0
0
0
0
0
0
0
0
0
-3.84754e-16
1.23114e-16
0
0
0
0
0
0
0
0
0
0
0
0
0
0
0
0
0
0
0
0
0
4.64218e-16
-1.68505e-15
0
0
0
0
0
2.22713e-15
-2.7796e-16
0
0
0
0
0
0
0
0
0
0
0
0
0
0
0
0
0
0
0
0
0
0
0
0
0
0
0
0
0
0
0
0
0
0
0
0
0
0
0
0
0
0
0
0
0
0
0
0
0
0
0
0
0
0
0
0
0
0
0
0
0
0
0
0
0
0
0
0
3.88701e-17
-4.00548e-17
-3.62398e-16
0
0
0
0
0
0
-1.80071e-18
0
0
0
0
0
0
0
0
0
0
0
0
0
0
0
0
-3.59959e-15
0
0
0
0
-1.41397e-16
0
3.79652e-16
0
0
0
0
0
0
0
0
0
0
0
0
0
0
0
0
0
0
0
0
0
0
0
0
0
0
0
0
0
0
0
0
0
0
0
0
0
0
0
0
0
0
0
0
0
0
0
0
0
0
0
0
0
0
0
0
0
0
0
0
0
0
0
0
0
-1.32906e-16
-2.70836e-16
0
0
0
0
0
0
0
0
0
0
0
-7.75639e-13
0
0
0
0
0
0
0
0
-7.40707e-17
0
0
0
0
0
0
0
0
0
5.49418e-16
-9.10913e-15
0
0
0
0
0
0
0
0
0
0
-2.73694e-15
-1.51096e-12
0
0
0
0
0
0
0
0
0
0
0
0
0
0
0
0
0
0
0
0
0
0
0
0
0
0
0
-8.56139e-17
-1.99166e-16
0
0
0
0
0
0
0
0
0
0
0
0
0
0
0
0
0
0
6.3552e-15
-1.74534e-15
-6.60456e-15
0
0
0
0
0
0
0
0
0
0
0
0
0
0
0
0
0
0
0
0
0
0
0
0
0
0
0
0
0
0
0
0
0
0
0
0
0
0
0
0
0
0
0
0
0
0
0
0
0
0
0
0
5.56589e-31
4.50326e-16
-3.28351e-16
0
0
3.46563e-15
-3.79411e-15
0
4.51617e-15
0
0
0
0
-6.47078e-16
0
0
0
0
0
0
0
0
0
0
0
0
0
0
0
0
0
0
0
0
0
0
0
0
0
0
0
0
0
0
0
0
0
0
0
0
0
0
0
0
0
-2.38722e-12
-6.04415e-13
0
0
0
0
-8.46251e-16
-6.92496e-16
0
1.8626e-16
0
0
0
0
0
0
0
0
0
0
0
0
5.84089e-16
0
0
0
0
0
0
-4.59715e-17
-5.33039e-16
0
0
0
0
0
0
0
0
0
0
0
0
0
0
0
0
0
0
3.3339e-15
0
0
0
0
0
0
0
0
0
0
0
0
0
-4.85026e-16
-6.0113e-16
0
0
0
0
0
0
0
0
0
0
0
0
0
0
0
0
0
0
0
0
0
0
0
0
0
0
0
0
0
0
0
0
0
0
0
0
0
0
4.23547e-16
0
0
0
0
0
0
0
0
0
0
0
0
0
0
0
0
0
0
0
0
0
0
0
0
0
0
0
0
0
0
0
0
0
0
0
0
0
0
0
0
0
0
0
0
0
0
0
0
0
0
0
0
0
0
0
0
0
0
0
0
0
0
0
0
0
0
0
0
0
0
0
0
0
0
0
0
0
0
0
0
0
0
0
0
0
0
0
0
0
0
-4.92722e-16
0
0
0
0
0
0
0
0
0
0
0
0
0
0
0
0
0
0
0
0
0
0
0
0
0
0
0
0
0
-4.18955e-17
0
0
0
0
0
0
0
0
0
0
0
0
0
0
0
0
0
0
0
0
0
0
0
0
0
0
0
0
0
0
-9.67368e-16
0
0
0
0
0
0
0
0
0
0
0
3.50707e-16
0
0
0
0
0
0
0
0
0
-5.44757e-15
0
0
0
0
0
0
0
0
0
0
0
0
0
0
0
0
0
0
0
0
0
0
0
0
0
0
0
0
-9.94497e-17
0
0
0
0
-6.3491e-16
3.76149e-17
0
0
0
0
0
0
0
0
0
0
0
0
0
0
0
0
0
0
0
0
0
0
0
0
0
0
0
0
0
0
0
0
0
0
0
0
0
0
0
0
0
0
0
0
0
0
0
0
0
0
-7.74762e-17
0
0
0
0
0
0
0
0
0
0
0
0
0
0
0
0
0
0
0
0
0
0
0
0
0
0
0
0
0
0
0
0
0
0
0
0
0
0
0
0
-3.63993e-16
4.79623e-17
3.1769e-16
0
0
0
0
0
0
0
0
0
0
0
0
0
0
0
0
0
0
0
0
0
0
0
0
0
0
0
0
0
0
0
0
0
0
0
0
0
0
0
2.58464e-16
0
0
0
0
0
0
0
0
0
0
0
0
0
0
-5.09819e-17
0
0
0
0
0
0
0
0
0
0
0
0
0
0
0
0
0
0
0
0
0
0
0
0
0
0
0
0
0
0
0
0
0
0
0
0
-2.83885e-17
0
0
0
0
0
0
0
0
0
0
1.46894e-16
4.63218e-17
0
0
0
0
0
0
0
0
0
0
0
0
0
0
0
0
0
0
0
0
0
0
0
0
0
0
0
-3.24172e-16
0
0
-4.35267e-18
1.89169e-15
0
0
0
0
0
0
0
0
0
0
0
0
0
0
0
1.98164e-18
0
0
0
0
0
0
0
0
0
0
0
0
0
0
0
0
0
0
0
0
0
0
0
0
0
-3.77371e-13
2.46932e-16
0
0
0
0
0
0
0
0
0
0
0
0
0
0
0
0
0
0
0
0
0
0
0
0
0
0
0
0
0
0
0
0
0
0
0
0
0
0
0
0
0
0
0
0
0
-1.35678e-16
2.11159e-18
0
0
0
0
0
0
0
0
0
0
0
0
0
0
0
-8.6949e-15
0
0
0
0
0
0
0
0
0
0
0
0
0
0
0
0
2.84227e-17
-5.04659e-17
0
0
0
0
0
0
0
0
0
0
0
0
0
0
0
0
0
0
0
0
0
0
0
0
0
0
0
0
0
0
0
0
0
-6.46847e-17
0
0
0
0
0
0
0
0
0
4.41618e-19
-9.0667e-17
0
0
0
0
0
0
0
0
0
0
0
0
0
0
0
0
0
0
0
0
0
0
0
0
0
0
0
0
0
0
6.89146e-17
0
0
0
0
0
0
0
0
0
0
0
0
0
0
0
0
0
0
0
0
0
0
0
0
0
0
0
0
0
0
0
0
0
0
4.01553e-16
0
0
0
0
0
0
0
0
0
0
0
0
0
0
0
0
0
0
0
0
0
0
-1.22104e-15
0
0
0
0
0
0
0
0
0
0
0
0
0
0
0
0
0
0
0
0
0
0
0
0
0
0
0
0
0
0
0
0
-2.01281e-16
0
0
0
0
0
-2.02687e-16
0
0
0
0
0
0
0
0
0
0
0
0
0
0
0
0
0
0
0
0
0
0
0
0
0
0
0
0
0
0
0
0
0
0
0
0
0
0
0
0
0
0
0
0
0
0
0
0
-1.63568e-15
0
0
0
0
0
0
0
0
0
0
0
0
0
0
0
0
0
0
0
0
0
0
0
0
0
0
0
0
0
0
0
0
0
0
0
0
0
0
0
0
0
0
0
0
0
0
0
0
0
0
0
0
0
0
0
0
0
0
0
0
0
0
0
-1.65438e-16
0
0
0
0
0
0
0
0
0
0
0
0
0
0
0
0
0
0
0
0
0
0
0
0
0
0
0
0
0
0
0
0
0
0
0
0
0
0
0
0
0
0
0
6.56928e-17
1.99686e-16
0
0
0
0
0
0
0
0
0
0
0
0
0
0
0
0
0
-2.34943e-15
0
0
0
0
0
0
0
0
0
0
0
0
0
0
0
0
0
0
0
0
0
0
0
1.38919e-15
3.45317e-16
0
0
0
0
0
0
0
0
0
0
0
0
0
0
0
0
0
0
0
0
0
0
0
0
0
0
0
0
0
0
-2.45932e-17
0
0
0
0
0
0
0
0
0
0
0
0
0
0
0
0
0
0
0
0
7.25494e-16
-3.9192e-16
0
0
0
0
0
0
0
0
0
0
0
0
0
0
0
0
0
0
0
0
0
0
5.43153e-16
1.96906e-16
0
0
0
0
0
0
0
0
0
0
0
0
0
4.33116e-16
4.06063e-16
0
0
0
0
0
0
0
0
0
0
0
0
0
0
0
0
0
0
0
0
0
0
0
0
0
0
0
0
0
0
0
0
0
0
0
0
0
0
-5.59844e-31
-1.83213e-16
0
0
0
0
0
0
0
0
0
0
0
0
0
-1.11969e-30
0
-4.73523e-16
-2.05e-17
0
0
0
0
0
0
0
0
0
0
0
0
0
0
0
1.66004e-15
0
0
0
0
0
0
0
0
0
0
0
9.18313e-16
-1.99639e-16
0
0
0
0
0
0
0
0
0
0
0
0
0
0
0
0
0
0
0
0
0
0
0
0
0
0
0
0
0
0
0
0
0
0
0
0
0
0
0
0
0
0
0
0
0
0
0
0
0
0
0
0
0
0
0
-3.64337e-16
0
0
0
0
0
0
0
0
0
0
0
0
0
0
0
0
0
0
5.54634e-18
2.54371e-19
0
0
0
0
0
0
0
0
0
0
0
0
0
0
0
0
0
0
0
0
0
0
0
0
0
0
0
0
-1.00541e-17
0
0
0
0
0
0
0
0
0
0
0
0
0
0
0
0
0
0
0
0
0
0
0
0
0
0
0
0
0
0
0
0
-1.6607e-16
1.68056e-16
0
0
0
0
0
0
0
0
0
0
0
0
0
0
0
0
0
0
0
0
0
0
0
0
0
0
0
0
0
0
0
0
0
0
0
0
0
0
0
0
0
0
0
0
0
0
0
0
0
0
0
0
0
0
0
0
0
0
0
0
0
0
0
0
0
0
0
0
0
0
0
0
0
0
0
0
0
0
0
0
0
0
0
0
0
0
0
0
0
0
7.93308e-16
0
0
0
0
0
0
0
0
0
0
0
0
0
0
0
0
0
0
0
0
0
0
0
0
0
0
0
0
0
0
0
0
0
0
0
0
0
0
0
0
0
0
0
0
0
0
0
0
0
0
0
0
0
0
0
0
0
0
0
0
0
0
0
0
0
0
0
0
0
0
0
0
0
0
0
0
0
0
0
0
0
0
0
0
0
0
0
0
0
0
0
0
0
0
0
0
0
0
0
0
0
0
0
0
0
0
0
0
0
0
0
0
0
0
0
0
0
0
0
0
0
0
0
0
0
0
0
-8.01098e-16
0
0
0
0
0
0
2.262e-16
1.14221e-16
0
0
0
0
0
0
0
0
0
0
0
0
0
0
0
0
0
0
0
0
0
0
0
0
0
0
0
0
0
0
0
0
2.75103e-16
1.14673e-16
0
0
0
0
0
0
0
0
0
0
0
0
0
0
0
0
0
0
0
0
0
0
0
0
0
0
0
0
0
0
0
0
0
0
0
0
0
0
0
0
0
0
0
0
0
0
0
0
0
0
0
0
0
0
0
0
0
0
0
0
0
0
0
0
0
0
-6.64228e-16
0
0
0
0
0
0
0
0
0
0
0
0
0
0
0
0
0
-4.87775e-12
0
0
0
0
0
0
0
0
0
0
0
0
0
0
0
0
0
0
0
0
0
0
0
0
0
0
0
0
0
0
0
0
0
0
0
0
0
0
0
0
0
0
0
0
0
0
0
0
0
0
0
0
0
2.90583e-15
0
0
0
0
0
-1.16475e-15
0
0
0
0
0
0
0
0
0
0
0
0
0
0
0
0
0
0
0
0
0
0
0
0
-5.14601e-16
0
0
0
0
0
0
0
0
-6.0741e-16
0
0
0
0
0
0
7.83958e-18
-3.10356e-20
0
-2.35335e-17
0
3.99448e-16
0
0
0
0
0
0
0
0
0
0
0
0
0
0
0
0
0
0
0
0
0
0
0
0
0
0
0
0
0
0
0
0
0
0
0
0
0
0
-1.22058e-14
0
0
0
0
0
0
0
0
0
0
0
0
0
0
0
0
0
0
0
0
0
0
-5.05743e-16
0
2.2135e-17
0
0
0
0
0
0
0
-6.71607e-16
-2.21334e-30
0
0
0
0
0
0
0
0
0
0
0
0
0
0
0
0
0
0
0
0
0
0
0
0
0
0
0
0
0
0
-7.2569e-16
0
0
0
0
0
0
0
0
0
0
0
0
0
0
0
0
0
0
0
0
0
0
0
0
0
0
0
0
0
0
0
0
0
0
0
0
0
0
0
0
0
0
0
0
0
0
0
0
-1.12837e-30
-2.37216e-15
0
0
0
0
0
0
0
-2.87245e-16
0
-2.41067e-15
0
0
0
0
0
0
0
0
0
0
0
0
0
0
0
-1.80079e-14
0
0
0
0
0
0
0
0
0
0
0
0
0
0
0
0
0
0
0
0
0
0
0
0
0
0
0
0
0
0
0
0
0
0
0
0
0
0
0
0
0
0
0
0
0
0
0
0
0
0
0
0
0
0
0
0
0
0
0
0
0
0
0
0
0
0
0
0
0
0
0
0
0
0
0
0
0
0
0
-1.63674e-15
0
0
0
0
0
0
0
0
0
0
0
0
0
0
0
0
0
0
0
0
0
0
6.04415e-15
0
0
0
0
0
0
0
0
0
0
0
0
0
0
0
0
0
0
4.42667e-30
0
0
0
0
0
0
0
0
0
0
0
0
4.75569e-18
-7.1566e-18
0
0
0
0
0
0
0
0
0
0
0
0
0
0
0
0
0
-5.02484e-15
-2.61603e-17
0
0
0
0
0
0
0
0
0
0
0
0
0
0
0
0
0
-1.11114e-30
0
0
0
0
0
0
0
0
0
0
0
0
0
0
0
0
0
0
0
0
0
0
0
0
0
0
0
0
0
1.32223e-15
-7.87495e-16
0
0
0
0
0
0
0
0
0
0
0
0
0
0
0
0
0
0
0
0
0
0
0
0
0
0
0
0
0
0
0
0
0
0
0
0
0
0
0
0
0
0
0
0
0
0
0
0
0
0
0
0
0
0
0
0
0
0
0
0
0
0
0
0
0
0
0
0
0
0
0
0
0
0
0
0
0
0
0
0
0
0
0
0
0
0
0
0
0
0
0
0
0
0
0
0
0
0
0
1.7562e-15
0
0
0
0
0
0
0
0
0
0
0
0
0
0
0
0
0
0
0
0
0
0
0
0
0
0
0
0
0
0
0
0
0
0
0
0
-1.53015e-12
0
0
0
0
0
0
0
0
0
0
0
0
0
0
0
0
0
0
0
0
0
0
0
0
0
0
0
0
0
0
0
0
0
0
0
0
0
0
0
0
0
0
0
0
0
0
9.99309e-16
0
0
0
0
0
0
0
0
0
0
0
0
0
0
0
0
0
0
0
0
0
0
0
0
0
0
0
0
0
0
0
0
0
4.62924e-16
0
0
0
0
0
0
0
0
0
0
0
0
0
0
0
0
0
0
0
0
0
0
0
0
0
0
0
0
0
0
0
0
0
0
0
0
0
0
0
0
0
0
0
0
0
0
0
0
0
0
0
0
0
0
0
0
0
0
0
0
0
0
0
0
0
0
0
0
0
0
0
0
0
0
0
0
0
0
0
0
0
0
0
0
0
0
0
0
0
0
0
0
0
0
0
0
0
0
0
4.44319e-16
0
0
0
0
0
0
0
0
0
0
0
0
0
0
0
0
0
0
0
0
0
0
0
0
0
0
0
0
0
0
0
0
0
0
0
0
0
0
0
0
0
0
0
0
0
0
0
0
0
0
0
0
0
0
0
9.39605e-16
-5.46345e-16
0
0
0
0
0
0
0
0
0
0
0
0
0
0
0
0
0
1.51621e-16
0
0
0
0
0
0
0
0
0
0
0
0
0
0
0
0
0
0
0
0
0
0
0
0
0
0
0
0
0
0
0
0
0
0
0
0
0
0
0
0
0
-1.6083e-17
0
-1.37017e-16
0
0
0
0
0
0
0
0
0
0
0
0
0
0
0
0
0
0
0
0
0
0
0
0
0
0
0
0
0
0
7.46328e-16
4.23706e-16
0
0
0
0
0
0
0
0
0
0
0
0
0
0
0
0
0
0
0
0
0
0
0
0
0
0
0
0
0
0
0
0
0
0
0
0
0
0
0
0
0
0
0
0
0
0
0
-3.85833e-17
0
0
0
0
0
0
0
0
1.20859e-14
3.16568e-16
0
0
0
0
-3.09827e-17
0
0
0
0
0
0
0
0
2.663e-16
0
0
0
0
0
0
0
0
0
0
0
0
0
0
0
0
0
0
0
0
0
0
0
0
0
0
0
0
0
0
0
0
0
0
0
0
-2.51709e-16
0
0
0
0
0
0
0
0
0
0
0
0
0
0
0
0
0
0
0
0
-2.70668e-16
0
0
0
0
0
0
0
0
0
0
0
0
0
0
0
0
0
0
0
0
0
0
0
0
0
0
0
0
0
0
0
0
0
0
0
0
0
0
0
0
0
0
0
0
0
0
0
-4.15826e-15
0
0
0
0
0
0
0
0
0
-4.41852e-15
0
1.05897e-16
0
0
0
0
0
0
0
0
0
0
0
0
0
0
0
0
0
0
0
-4.04726e-15
0
0
0
-1.32125e-17
0
-8.02706e-16
0
0
0
0
0
0
0
0
0
0
3.83349e-15
0
0
0
0
0
0
0
0
0
0
0
0
0
0
0
0
0
0
0
0
0
0
0
0
0
0
0
0
0
0
0
0
0
0
0
0
0
0
0
0
0
0
0
0
0
0
0
0
0
0
0
0
0
0
0
0
0
0
1.46544e-13
-4.35075e-12
0
0
0
0
0
5.57674e-31
0
0
0
0
0
0
0
0
0
0
0
0
0
0
0
0
0
0
0
0
0
0
0
0
0
0
0
0
0
0
0
0
0
0
0
0
0
0
0
0
0
0
1.77058e-16
0
0
0
0
0
0
0
0
0
0
0
0
0
0
0
0
-1.06032e-14
7.35391e-16
0
0
0
0
0
0
0
0
0
0
0
0
0
0
0
0
0
0
0
0
0
0
0
0
1.38547e-16
0
0
0
0
0
0
0
0
0
0
0
0
0
4.8809e-16
0
0
0
0
0
0
0
0
0
0
0
0
0
1.37275e-16
0
0
0
0
0
0
0
0
0
0
0
0
0
0
0
0
0
0
0
0
0
0
0
0
0
0
0
0
0
0
0
0
0
0
0
0
0
0
0
0
0
0
0
0
0
0
0
0
6.37581e-16
0
0
0
0
0
0
0
0
0
0
0
0
0
0
0
0
0
0
0
0
0
0
0
0
0
4.104e-16
1.31726e-16
0
0
0
0
0
0
0
0
-5.93007e-13
0
0
0
0
0
0
0
0
0
0
0
0
0
0
0
0
0
0
0
0
0
1.44998e-15
1.55978e-16
0
0
0
0
0
0
0
0
0
0
0
-2.21334e-30
4.04179e-16
0
0
0
0
0
0
-1.74871e-16
0
0
0
0
0
0
0
0
0
0
0
0
0
0
0
0
0
0
0
0
0
0
0
0
0
0
0
0
0
0
0
0
0
0
0
0
0
0
0
0
0
0
0
0
0
0
0
0
0
1.44785e-16
0
0
0
0
0
0
0
0
0
0
0
0
0
0
0
0
0
0
0
0
0
0
0
0
0
0
0
0
0
0
0
0
0
0
0
0
0
0
0
0
0
0
0
0
0
0
0
5.7477e-16
5.57713e-18
4.95517e-19
0
0
0
0
0
0
0
0
0
0
0
0
0
0
0
0
0
0
0
0
0
0
0
0
0
0
0
0
0
0
-8.31407e-15
0
0
0
0
0
0
0
0
0
0
0
0
0
0
0
0
0
0
0
0
0
0
0
0
0
0
0
0
0
0
0
0
0
0
0
0
0
0
0
0
0
-1.21692e-16
0
0
0
0
0
0
0
0
0
0
0
0
0
0
0
0
0
0
0
0
0
0
0
0
0
0
0
0
0
0
0
0
0
0
0
0
0
0
0
0
-1.87937e-15
0
0
8.83599e-30
0
0
0
0
0
0
0
0
0
0
0
0
0
0
0
0
0
0
0
0
0
0
0
0
0
0
0
0
0
0
0
0
0
0
0
0
0
0
0
0
0
0
0
0
0
0
0
0
0
0
0
0
0
0
0
1.06447e-13
-1.96067e-12
0
0
0
0
0
0
0
0
-3.18696e-16
0
0
0
0
0
0
0
0
0
0
0
0
0
0
0
0
0
0
0
0
0
0
0
0
0
0
0
0
0
0
-1.72555e-16
0
0
0
0
-2.11042e-17
0
0
0
0
0
0
0
1.65615e-16
0
0
0
0
0
0
0
0
0
0
0
0
0
0
0
0
0
0
0
0
0
0
0
0
0
0
0
0
0
0
0
0
0
0
-4.39486e-16
0
0
0
0
0
0
0
0
0
0
0
0
0
0
0
0
0
0
0
0
-4.23636e-16
0
0
0
0
0
0
0
0
0
0
0
0
0
0
0
0
0
0
0
0
0
0
0
0
0
0
0
0
0
0
0
0
0
0
0
0
0
0
0
0
0
0
0
0
0
0
0
0
0
0
0
0
0
0
0
0
0
0
0
0
0
0
0
0
0
0
0
0
0
0
0
0
0
0
0
0
0
0
0
0
0
0
0
0
0
0
0
0
0
-5.96027e-15
0
0
0
0
0
0
0
0
0
0
4.82092e-16
-6.6981e-17
-2.51073e-12
0
0
0
0
0
0
0
0
0
0
0
0
0
0
0
0
0
0
0
0
0
0
0
0
0
0
0
0
0
0
0
0
0
0
0
0
0
0
0
0
0
0
0
0
0
0
0
0
0
0
0
0
0
0
0
0
0
0
0
0
0
0
0
0
0
-2.28375e-12
0
0
0
0
0
0
0
0
0
0
0
0
0
0
0
0
0
0
0
0
0
0
0
0
0
0
0
0
2.97362e-14
-2.23903e-14
2.98368e-18
0
0
0
0
0
-1.41931e-15
0
0
0
0
-4.73582e-16
0
0
0
0
-1.85767e-21
0
1.03482e-15
2.56051e-15
0
0
0
0
0
0
0
0
0
0
0
0
0
0
0
0
0
0
0
0
0
0
-1.12569e-15
0
3.95588e-17
0
0
0
0
0
0
0
0
0
0
1.32764e-15
0
0
0
0
0
0
0
0
0
0
0
0
0
0
0
0
0
0
0
0
0
0
0
0
0
0
0
0
0
0
0
0
0
0
0
0
0
0
0
0
0
0
0
-1.72436e-12
3.09438e-13
0
0
0
0
0
0
0
0
0
0
0
0
0
0
0
0
0
6.83477e-16
-1.59922e-14
0
0
0
0
0
0
0
0
0
0
0
0
0
0
0
0
0
0
0
0
0
0
0
0
0
0
0
0
6.5573e-14
0
0
0
0
0
0
0
0
0
0
0
0
0
0
0
0
0
0
1.05556e-14
0
0
0
0
0
0
0
0
0
0
0
0
0
0
0
0
0
0
0
0
0
0
0
0
0
0
7.28757e-16
1.13672e-15
0
0
0
0
0
0
0
0
0
0
0
0
0
0
0
0
0
0
0
-7.13092e-16
0
0
0
0
0
0
0
0
0
0
0
1.13551e-16
0
0
0
0
0
0
0
0
0
0
0
0
0
0
0
0
0
0
0
0
0
0
0
0
0
0
0
0
0
0
0
0
0
0
0
0
0
0
0
0
0
0
0
0
0
0
0
0
0
0
0
0
0
0
0
0
0
0
0
0
0
4.16696e-15
0
0
0
0
0
0
0
0
1.11618e-14
-1.44954e-16
0
0
0
0
0
0
0
0
0
0
0
0
0
0
0
0
0
0
0
0
0
0
3.42977e-16
0
0
0
0
0
4.61979e-16
0
0
0
0
0
0
0
0
0
0
0
0
0
0
0
0
0
0
0
0
-2.20489e-16
-2.84319e-12
0
0
0
0
0
0
0
0
0
0
0
0
0
0
0
0
0
0
0
0
0
-2.90986e-12
0
0
2.73366e-16
0
6.46647e-17
0
0
0
0
0
0
0
0
0
0
0
0
0
0
0
0
0
0
0
0
0
0
0
0
0
0
0
0
0
0
0
0
0
0
0
0
0
0
0
0
0
0
0
0
0
-3.75833e-14
0
0
0
0
0
0
0
0
0
0
0
0
0
0
0
0
0
0
0
0
0
0
0
0
0
0
0
0
0
0
0
0
0
0
0
0
0
0
0
0
0
0
0
0
0
0
0
0
0
0
0
0
0
0
0
0
0
0
0
0
0
0
0
0
0
0
0
0
0
0
0
0
0
0
0
0
0
0
0
0
0
0
0
0
0
0
0
-9.65162e-12
0
0
0
0
0
0
0
0
0
0
0
0
0
0
0
0
0
0
0
0
0
0
0
0
-4.44132e-19
0
0
0
0
0
0
0
1.76889e-15
0
0
0
0
0
0
0
-4.55729e-19
0
0
0
0
0
0
0
0
0
0
0
0
0
0
-4.84594e-13
-6.55292e-13
0
0
0
0
0
0
0
0
0
0
0
0
0
0
0
0
0
0
0
0
0
0
0
0
0
0
0
0
0
0
0
0
3.86531e-17
0
0
0
0
0
0
0
0
0
0
0
0
0
0
0
0
0
0
0
0
0
0
0
0
0
0
0
0
0
0
0
0
0
0
0
0
0
0
0
0
0
0
0
0
-1.53025e-14
0
0
0
0
0
0
0
0
0
0
0
0
0
0
0
0
0
0
0
0
0
0
0
0
0
0
0
0
0
0
0
0
0
0
0
0
0
0
0
0
0
0
0
0
0
0
0
0
0
0
0
0
0
0
0
0
0
0
0
0
0
0
0
0
0
0
-4.3417e-16
0
0
0
0
0
0
0
0
0
0
0
0
0
0
0
0
0
0
0
0
0
0
0
0
0
0
0
0
0
0
0
0
0
0
0
0
0
0
0
0
0
0
0
0
0
0
0
0
0
0
0
0
0
0
0
0
-2.09032e-12
3.48485e-13
0
0
0
0
0
0
0
0
0
0
0
0
0
0
0
0
0
0
0
0
1.1712e-07
6.65952e-08
1.40847e-07
5.71514e-08
-4.25474e-08
6.42068e-09
2.51841e-09
1.76923e-09
5.16499e-08
-5.6935e-09
4.46024e-08
8.02076e-08
2.52947e-08
3.70538e-08
1.19029e-07
5.29946e-08
1.02378e-07
8.11853e-08
6.45524e-09
5.85698e-08
1.44801e-07
7.93643e-08
1.42228e-07
6.74046e-08
8.73836e-08
2.96782e-08
1.29114e-08
-1.16377e-08
3.90023e-08
8.01527e-08
1.35906e-08
3.13368e-08
-1.84445e-08
2.60191e-08
-2.4594e-08
-2.85267e-08
1.82708e-08
-3.7965e-08
1.33064e-08
-1.04309e-08
-5.1912e-08
-1.75978e-08
-5.92189e-08
-6.41972e-08
-2.41926e-08
-4.9517e-08
-5.3736e-08
-7.82763e-08
-4.31826e-08
-8.56458e-08
-9.92388e-08
-4.10233e-08
0
0
0
0
0
0
0
0
0
0
0
0
0
0
8.91687e-16
0
0
0
0
0
0
0
0
0
0
0
0
0
0
0
0
0
0
0
0
0
0
6.61988e-16
0
0
0
0
0
0
0
0
0
0
0
0
0
0
0
0
0
0
0
0
0
0
0
0
0
0
0
0
0
7.42251e-16
0
0
0
0
0
0
5.66957e-09
-3.90014e-08
0
0
-3.84742e-08
-7.3155e-08
-5.23844e-08
-1.28467e-08
-2.31122e-08
-6.23806e-08
-6.05339e-08
-1.91767e-08
0
0
0
0
0
0
-5.07324e-08
-8.68413e-08
-6.58229e-08
-2.54015e-08
-1.02164e-08
-4.93163e-08
-4.42646e-08
-9.51309e-09
-4.70646e-08
8.21183e-09
0
0
1.14349e-08
-3.35198e-08
1.89395e-08
-2.62967e-08
-2.50115e-08
2.34346e-08
0
0
-1.54919e-08
-5.84447e-08
-2.95632e-17
0
4.28272e-08
-1.261e-08
-1.8705e-08
2.8709e-08
2.66523e-08
-2.24416e-08
0
0
0
0
0
0
0
0
0
-2.89716e-08
1.59819e-08
5.91315e-18
0
5.49986e-08
1.30135e-09
0
0
0
3.2926e-08
-1.71399e-08
0
0
0
0
0
0
0
0
0
0
0
0
4.70999e-08
-5.26901e-09
0
5.98288e-08
8.05967e-09
0
0
0
0
0
0
0
0
0
0
0
0
0
0
0
0
0
0
6.76149e-08
1.47467e-08
0
0
0
5.3601e-09
-3.61312e-08
0
-4.15244e-08
-6.7283e-08
0
0
0
-5.46143e-08
-1.35139e-08
-2.1213e-08
-6.13881e-08
0
-7.6646e-08
-2.00549e-08
0
0
0
0
0
0
0
0
0
0
0
0
0
0
2.44359e-08
7.81731e-08
0
0
0
0
0
0
0
0
-4.12814e-08
0
0
-4.91586e-08
-8.55351e-08
0
0
0
0
-1.25244e-08
-4.45462e-08
0
0
0
2.4867e-08
8.92442e-08
8.34287e-08
2.49601e-08
0
0
-4.66921e-08
4.81182e-09
0
0
0
0
0
0
0
0
0
0
0
0
-2.23938e-30
-8.10589e-08
-6.85035e-08
0
0
0
0
1.16723e-08
-3.092e-08
2.09716e-08
-2.54375e-08
0
0
0
0
0
0
0
0
0
0
4.45644e-08
-1.15561e-08
0
0
0
-2.02488e-08
2.73579e-08
0
0
0
0
0
1.45663e-08
7.64053e-08
0
0
0
0
1.10435e-07
9.09754e-09
0
-7.21788e-18
0
0
0
0
0
0
0
5.65762e-08
2.61761e-09
0
0
3.45584e-08
-1.58786e-08
0
0
0
0
0
0
0
0
0
0
0
0
0
0
0
0
0
0
0
0
0
0
0
0
0
0
0
0
0
0
0
0
0
1.03794e-15
0
1.73909e-08
7.07643e-08
0
0
0
0
0
0
0
0
0
0
0
0
0
0
0
0
0
0
0
0
0
4.86703e-08
-3.94544e-09
0
6.28792e-08
0
0
0
0
0
0
0
0
0
0
0
0
0
0
0
0
0
0
0
0
0
0
0
-2.01969e-16
0
0
0
0
1.19433e-16
0
0
0
0
0
0
0
6.98513e-08
1.53911e-08
0
0
0
0
0
0
0
0
0
0
0
0
0
0
0
0
0
0
0
0
0
0
0
4.97409e-08
1.19375e-07
2.15235e-08
7.81767e-08
0
0
0
0
0
0
0
0
0
0
0
0
0
0
0
0
0
0
0
0
0
0
0
0
0
0
2.30046e-08
8.82312e-08
0
0
0
0
0
0
0
0
0
-1.55227e-14
0
-8.70072e-16
0
0
0
0
0
0
0
0
0
-8.54255e-17
0
1.01491e-14
0
0
0
4.38186e-16
0
0
0
0
0
0
0
0
0
5.77507e-08
1.22969e-07
1.19736e-07
5.52109e-08
0
0
0
0
0
0
0
0
0
0
0
0
0
0
0
0
0
0
0
0
0
0
0
0
0
0
0
0
0
0
0
0
0
0
0
0
1.41742e-15
-2.6861e-15
0
0
0
0
0
0
0
0
0
0
0
0
0
0
0
0
0
0
0
0
0
8.66199e-08
0
0
0
0
0
0
0
1.05635e-07
8.12049e-08
0
0
0
0
0
0
0
0
0
0
0
0
0
0
0
0
0
0
0
0
0
0
0
0
0
0
0
0
0
0
0
0
0
0
0
0
0
0
0
0
0
0
0
0
0
0
0
0
0
0
0
0
0
0
-7.79732e-15
2.58272e-08
0
0
0
0
0
0
0
0
0
0
0
0
0
0
0
0
0
0
0
0
0
0
0
0
0
0
0
0
0
0
0
0
0
0
0
1.1751e-15
0
-5.81171e-16
-1.16042e-16
0
0
0
0
0
0
0
0
-1.20873e-15
0
0
0
0
0
0
0
0
0
0
7.35661e-08
1.33263e-07
0
0
0
0
0
0
0
0
0
0
0
0
0
0
0
0
0
0
0
0
0
0
0
0
0
0
0
0
0
0
3.66831e-08
0
0
0
0
0
0
0
0
0
0
0
0
0
0
0
0
0
0
0
8.31431e-16
0
0
0
0
0
0
0
0
0
0
0
0
0
0
0
0
0
0
0
0
0
0
0
0
0
0
0
0
0
0
0
0
0
1.50684e-07
6.1765e-08
0
0
0
0
0
0
0
0
0
0
0
0
0
0
0
0
0
0
0
0
0
0
0
0
0
0
0
0
0
0
0
0
0
0
0
0
8.01334e-17
-2.7172e-16
0
0
0
0
0
0
0
0
0
0
0
0
0
0
0
0
-9.5489e-17
-9.86388e-17
0
0
0
1.78629e-29
0
0
0
0
0
0
0
0
0
0
-1.44963e-08
-5.65318e-08
4.8875e-08
1.17331e-07
0
0
0
0
0
0
0
0
0
0
0
0
0
0
0
0
0
0
0
0
0
7.36349e-08
1.47578e-07
0
0
0
0
0
0
0
0
0
6.10762e-16
0
0
0
0
0
0
0
0
0
0
0
0
0
0
0
0
0
0
0
0
0
0
0
0
0
0
0
0
0
0
0
0
0
4.39872e-15
0
0
0
0
0
0
0
0
0
0
0
0
0
0
0
0
0
0
0
0
0
0
0
0
0
0
0
3.09628e-16
0
0
0
-9.97895e-15
0
0
0
0
0
0
0
0
0
0
0
0
0
0
0
0
0
0
0
0
0
0
0
0
-4.1593e-16
0
0
0
0
0
0
0
0
0
0
0
0
0
0
0
0
0
0
0
0
0
0
0
0
0
0
0
0
0
0
0
0
0
4.37125e-18
0
0
0
0
0
0
0
0
6.92821e-16
0
0
0
0
0
0
0
0
0
0
0
0
0
0
0
0
0
0
0
0
0
0
0
0
0
0
0
0
0
0
0
0
0
0
0
0
0
0
0
0
0
0
5.11021e-08
1.26679e-07
0
0
0
0
0
0
0
0
0
0
-8.22039e-16
0
0
0
0
0
0
0
0
0
0
0
0
0
0
0
0
0
0
0
0
0
0
0
0
0
0
0
0
0
0
0
0
0
0
0
0
0
0
0
0
-1.17239e-15
-7.98072e-15
0
-6.05072e-12
0
0
0
0
0
0
0
0
0
0
0
0
0
0
0
0
0
0
0
0
0
0
0
0
0
0
0
0
0
0
0
4.35394e-16
-8.3392e-16
0
0
0
0
0
-1.12777e-14
0
0
0
0
0
0
0
0
0
0
0
0
0
0
0
0
0
0
0
0
0
0
0
0
0
0
0
0
0
0
0
0
0
0
0
0
0
0
0
0
0
0
0
0
0
0
2.33183e-16
0
0
0
5.15823e-15
0
0
0
0
0
0
0
0
0
0
0
0
0
0
0
0
0
0
0
0
0
0
0
0
0
0
0
0
0
0
0
0
0
0
0
0
0
0
0
0
0
0
0
0
0
0
0
0
0
0
0
0
0
0
1.2771e-07
6.17049e-08
0
0
0
0
0
0
0
0
0
0
0
0
0
0
0
0
0
0
0
0
0
0
0
0
-4.58534e-15
-1.09365e-30
0
0
0
0
0
0
0
0
0
0
0
0
0
0
0
0
0
0
0
0
0
0
0
0
0
0
0
7.34087e-08
1.44907e-07
0
0
0
0
0
0
0
0
0
0
0
0
0
0
0
0
0
0
-2.1968e-17
0
0
0
0
0
0
0
0
0
0
0
0
0
0
0
0
0
0
0
0
0
0
0
7.13986e-17
-9.57848e-17
0
0
0
0
0
0
0
0
0
0
0
0
0
0
0
0
0
0
0
0
0
0
0
0
0
0
0
0
0
0
0
0
0
0
0
0
0
0
0
0
0
0
0
0
0
0
0
0
0
0
0
0
0
-1.64726e-12
3.45633e-13
0
0
0
0
0
-5.5547e-31
0
0
0
0
0
0
0
0
0
0
0
0
0
0
0
0
0
0
0
0
0
0
0
0
0
0
0
0
0
0
0
0
0
0
0
0
0
0
0
0
0
0
0
0
0
0
0
0
0
0
0
0
-2.0634e-17
0
0
0
0
0
0
0
0
0
0
0
0
0
0
0
0
0
0
0
0
0
0
0
0
0
0
0
0
9.18568e-08
1.12355e-07
0
0
1.21285e-14
0
0
0
0
0
0
0
0
0
0
0
0
0
0
0
0
0
0
0
0
0
0
0
0
0
0
0
0
0
0
0
0
0
0
0
0
0
0
0
0
0
0
0
1.4429e-07
8.27999e-08
0
0
0
0
0
0
0
0
0
0
0
0
0
0
0
0
0
0
0
0
0
0
0
0
0
0
0
0
0
0
0
0
0
0
0
0
0
0
0
0
0
0
0
0
0
0
0
0
0
0
0
0
0
0
0
0
0
0
0
0
0
7.29805e-17
3.56143e-17
0
0
0
0
0
0
0
0
0
-1.27411e-15
0
0
0
0
0
0
0
0
2.41305e-16
0
0
0
0
0
0
0
0
0
0
0
0
0
0
0
0
0
0
0
0
0
0
0
0
0
0
0
0
0
0
0
0
0
0
0
0
0
0
0
0
0
0
0
0
0
0
0
0
0
0
0
0
-5.75895e-13
1.18747e-16
0
0
0
0
0
0
0
0
1.41912e-07
7.35473e-08
0
0
0
0
0
0
0
0
0
0
0
0
0
0
0
0
0
0
0
0
0
0
0
0
0
0
0
0
0
0
0
0
0
0
0
0
0
0
0
0
0
0
0
0
0
0
0
0
0
0
0
0
0
0
0
0
0
0
0
0
5.48675e-16
0
0
0
0
0
0
0
0
-9.2445e-15
0
0
0
0
0
0
0
0
0
0
0
0
0
1.14564e-15
4.62824e-16
0
0
0
0
0
0
0
0
0
0
0
0
0
0
0
0
0
0
0
0
0
0
0
0
0
0
0
0
0
6.48174e-17
0
0
0
0
0
0
0
0
0
1.69893e-15
-1.01972e-15
0
0
0
0
0
0
0
0
0
0
0
0
0
0
0
0
0
0
0
0
0
0
0
0
0
0
0
0
0
0
-1.12915e-17
3.75889e-17
0
0
0
0
0
0
0
0
0
0
0
0
0
0
0
0
0
0
0
0
0
0
0
0
0
0
0
0
0
0
0
0
0
0
0
0
0
0
0
0
0
0
0
0
0
0
0
0
0
0
0
0
0
0
0
0
0
0
0
0
0
0
0
4.69558e-17
0
0
0
0
0
0
0
0
0
0
0
0
0
0
-2.36491e-16
-2.05742e-15
0
0
0
0
0
0
0
0
0
0
0
0
0
0
0
-1.0455e-16
0
0
0
0
1.60539e-15
1.34963e-16
0
0
0
0
0
0
0
1.62967e-16
0
0
6.60854e-16
0
0
0
0
0
0
0
-1.14528e-15
0
0
0
-2.06037e-15
0
0
0
0
0
0
0
0
0
0
0
0
0
0
0
0
0
0
0
0
7.58896e-16
0
0
0
0
0
0
0
0
0
0
0
0
0
0
4.15956e-17
0
0
0
0
0
0
0
0
0
0
0
0
3.20443e-16
4.49669e-17
0
0
0
0
0
-5.67538e-17
2.8708e-17
0
0
0
0
0
0
0
0
0
0
0
0
0
0
0
0
0
0
0
0
0
0
0
0
0
0
0
0
0
0
0
0
0
0
0
-1.43145e-16
-4.82165e-16
0
0
0
-3.92212e-16
0
0
0
0
0
0
-1.0479e-16
-4.51209e-16
0
0
0
0
0
0
0
0
0
0
0
0
0
0
0
0
2.26379e-17
0
0
0
0
0
0
0
0
0
0
0
0
0
0
0
0
0
0
0
0
0
0
0
0
0
0
0
0
0
0
0
0
0
0
0
0
0
3.90426e-16
9.43219e-17
-3.71878e-16
0
0
0
0
0
0
0
0
0
0
0
0
0
0
0
0
0
0
0
0
0
0
0
0
0
0
4.12989e-16
0
0
0
0
0
0
0
0
0
0
2.68411e-12
0
3.03351e-12
3.15511e-12
0
0
2.91361e-12
3.13801e-12
3.16412e-12
0
0
0
0
0
0
0
0
0
0
0
0
0
0
0
0
0
0
0
0
0
2.73046e-12
0
0
0
0
0
0
0
0
0
0
2.62303e-12
2.77878e-12
0
0
0
0
0
0
0
0
0
0
0
0
0
0
0
0
0
0
0
0
0
0
0
0
0
0
2.8171e-12
0
0
2.59117e-12
0
0
0
0
0
0
0
0
0
0
0
0
0
0
0
0
0
0
0
0
0
0
0
0
0
0
0
0
0
1.23094e-16
2.49327e-12
2.28828e-12
0
0
0
0
0
0
0
2.03948e-12
0
0
0
0
0
0
0
0
0
5.76883e-10
4.99703e-08
0
0
0
0
0
0
0
0
0
0
2.37892e-12
0
5.73032e-15
-5.86423e-15
0
0
0
0
0
0
0
0
0
0
0
0
0
0
0
0
0
0
0
0
0
0
0
2.27267e-17
-2.23009e-16
0
0
0
0
0
1.60578e-12
2.36742e-12
0
0
0
0
0
0
0
0
0
0
0
0
0
0
0
0
0
0
0
0
0
0
0
0
0
0
0
0
0
0
0
0
0
0
0
0
0
0
3.02e-14
0
0
0
0
0
-1.57034e-14
4.29151e-15
3.36327e-12
0
0
1.30863e-16
5.87504e-17
3.28215e-12
3.11591e-12
2.68576e-12
0
0
0
0
0
0
0
0
0
0
0
0
0
0
0
0
0
0
0
0
0
0
-9.27593e-16
0
0
0
0
0
0
0
0
0
0
0
0
0
2.78422e-12
0
0
0
0
0
4.8115e-12
0
0
0
0
0
0
0
0
0
0
0
8.35154e-16
0
0
0
0
0
0
0
0
0
0
0
0
0
0
0
0
0
2.6822e-12
2.62934e-12
0
0
0
0
0
0
0
0
0
0
0
0
0
0
2.57987e-12
2.62988e-12
0
0
0
1.23565e-12
0
0
0
0
0
0
0
0
0
0
0
0
0
0
0
0
0
0
0
0
1.54961e-14
7.23722e-16
0
0
9.25103e-08
1.03103e-07
0
0
0
0
0
0
0
0
0
0
0
0
0
0
0
0
0
0
0
0
0
0
0
0
-5.85591e-13
-6.3567e-13
2.16044e-12
1.60092e-12
0
0
0
0
0
0
0
0
0
0
0
1.42635e-16
-2.63604e-12
-5.88425e-12
0
0
-1.25765e-15
0
0
0
0
3.84619e-09
5.82784e-08
0
0
0
0
0
0
2.35566e-12
0
0
0
0
0
0
0
0
0
0
0
0
0
0
0
0
0
0
0
0
0
0
0
-8.15983e-16
0
0
0
0
4.2286e-12
0
0
0
0
0
0
0
1.88169e-12
0
2.24703e-15
0
0
0
0
0
0
0
0
0
0
0
0
0
0
0
0
0
0
0
0
0
0
0
0
0
2.01373e-12
0
0
0
0
0
0
0
0
0
0
3.21181e-12
0
0
0
2.72056e-15
0
2.56207e-15
0
0
0
0
0
0
0
0
0
0
0
0
0
-2.27421e-12
0
0
0
0
0
0
1.37426e-12
0
0
0
0
0
0
0
0
0
0
0
0
0
0
0
0
0
0
0
0
0
0
0
0
3.35084e-12
0
0
2.15462e-12
0
0
0
0
1.22728e-07
3.75465e-08
0
0
0
0
0
-1.68419e-16
4.01611e-16
0
0
0
0
0
0
0
0
0
0
0
0
0
0
0
0
0
0
0
0
0
0
0
0
0
0
0
0
0
0
0
0
0
0
0
5.14203e-16
0
0
0
0
0
0
0
0
4.40416e-16
0
0
0
0
0
0
0
0
0
0
2.51308e-12
0
0
0
0
0
0
0
0
0
0
0
-2.78294e-31
0
0
0
0
0
0
0
-1.94967e-16
-1.83346e-15
2.40799e-15
0
0
0
0
0
0
0
0
0
0
0
0
0
0
0
0
0
0
0
0
0
0
0
0
0
0
0
0
0
0
0
1.55221e-15
0
0
0
0
0
0
0
5.26969e-15
-6.97913e-16
0
0
-5.66563e-16
0
-1.90709e-15
0
0
0
1.23472e-15
0
0
0
0
1.48259e-07
8.17013e-08
0
0
0
0
0
0
0
0
0
0
0
0
0
0
0
0
0
0
0
0
0
4.79872e-16
-1.0203e-15
0
0
0
2.47804e-16
2.01672e-15
0
0
0
0
0
0
0
0
0
0
0
0
0
0
2.34193e-12
0
0
0
0
0
0
0
0
0
0
0
0
0
0
0
0
0
0
0
0
0
0
0
-1.46601e-13
0
0
0
0
0
0
0
0
0
0
0
0
0
7.61171e-13
8.1972e-13
0
0
0
0
0
0
0
0
0
-6.97901e-16
0
0
0
0
0
0
0
0
0
0
0
0
0
0
0
0
0
0
0
0
0
0
0
0
0
0
0
0
0
0
0
0
0
0
0
0
0
0
0
0
0
0
0
0
0
0
0
0
0
0
0
0
0
0
1.47599e-19
0
0
-2.66553e-15
0
0
0
0
0
0
0
0
0
0
0
0
0
1.05065e-15
0
0
0
0
0
0
0
0
0
0
0
0
0
5.66478e-16
0
0
0
0
0
0
0
0
0
0
0
4.87858e-16
1.64511e-16
0
0
0
0
0
0
0
0
0
0
0
0
0
0
0
1.14741e-15
3.70963e-16
0
0
0
0
1.99506e-16
0
0
0
-9.31394e-16
0
4.36803e-12
0
0
0
0
0
0
0
0
1.77067e-15
-7.64219e-16
0
0
0
0
0
0
-1.23663e-15
0
0
0
0
0
0
0
0
0
0
0
0
0
0
0
0
0
0
0
0
0
0
0
0
0
0
0
0
0
0
0
0
6.31494e-15
0
0
0
0
0
0
0
0
0
0
0
0
0
0
0
0
0
0
0
0
0
0
0
0
0
0
0
0
0
0
0
0
0
0
0
0
0
0
0
0
0
0
0
0
0
0
0
0
0
0
0
0
0
0
0
0
0
0
0
0
2.93372e-16
0
-2.46988e-16
0
0
0
0
0
0
0
2.64163e-16
0
0
0
0
0
0
0
0
0
0
0
0
0
0
0
0
0
0
0
0
0
0
0
0
0
0
0
0
0
0
0
0
0
0
0
0
0
0
0
0
0
0
0
0
0
0
0
0
0
0
0
0
0
0
0
0
1.24506e-15
0
0
0
0
0
0
1.02222e-09
0
0
0
0
0
0
0
0
0
0
0
-2.06383e-16
0
0
0
0
0
0
0
0
0
0
3.51736e-15
1.5777e-14
0
0
0
0
0
0
0
0
0
0
0
0
0
0
0
0
-2.84997e-15
0
0
0
0
0
0
0
0
0
0
0
0
0
0
7.12833e-13
0
0
0
0
0
0
0
0
0
0
0
0
0
0
0
0
0
0
0
0
0
0
0
0
0
0
0
0
0
0
0
0
0
0
0
0
0
0
0
0
8.3549e-08
0
0
0
0
0
0
0
0
0
0
0
0
0
0
0
0
0
0
3.7151e-12
0
0
0
0
0
0
1.74937e-12
0
0
0
0
0
0
0
0
0
0
0
0
0
0
0
0
0
0
0
1.08516e-15
0
-4.09543e-16
0
0
0
0
0
0
0
0
0
0
0
0
0
0
0
0
0
0
0
0
0
0
0
0
0
0
0
0
0
0
0
0
0
0
-4.82463e-08
0
0
0
0
8.50941e-15
6.803e-13
0
0
0
0
0
0
0
0
0
0
0
0
0
3.33885e-15
0
0
0
0
4.62384e-16
-7.54205e-16
-5.18792e-16
0
0
0
0
0
0
0
0
0
0
0
0
0
0
2.93261e-15
0
0
0
0
0
4.39573e-08
0
0
0
0
0
0
0
0
0
0
0
0
0
0
0
0
0
0
0
0
-7.1088e-15
0
0
0
0
0
0
0
0
0
0
0
0
0
0
0
0
0
0
0
0
0
0
0
0
0
0
0
0
0
0
0
0
0
0
0
0
0
0
0
0
0
0
0
0
0
0
0
0
0
0
0
0
0
0
0
0
0
-5.31787e-16
-1.79403e-16
-1.62691e-14
0
0
0
0
8.49427e-16
0
0
0
0
0
0
0
0
0
0
4.44032e-16
0
0
0
0
0
2.35288e-15
0
0
0
0
0
0
4.38721e-15
0
0
0
0
0
0
0
0
0
0
0
0
0
0
0
0
0
0
0
0
0
0
2.72564e-15
0
0
0
0
0
0
0
0
0
0
0
0
0
0
0
0
0
0
0
0
0
0
0
0
0
0
0
0
0
0
0
0
0
1.01707e-12
0
0
0
0
0
0
0
0
0
0
0
0
0
0
0
0
0
0
0
0
0
0
0
0
0
0
-1.03535e-17
0
0
-1.54078e-13
0
0
0
0
0
0
0
0
0
6.2177e-13
5.67925e-13
0
2.75493e-16
0
0
0
0
0
0
-4.23736e-14
-2.81527e-12
0
0
0
0
0
0
0
0
0
0
0
0
0
0
0
0
2.30676e-13
2.1933e-16
9.90967e-17
0
0
0
0
0
0
0
0
0
0
0
0
0
0
0
0
0
0
0
0
0
0
-1.26037e-15
0
0
0
0
0
0
0
0
0
0
0
0
0
0
0
0
0
0
0
0
0
0
0
0
0
0
0
0
0
0
2.32748e-17
0
0
0
4.7917e-13
0
0
0
0
0
9.85545e-09
2.00326e-12
0
0
0
0
0
0
0
0
0
0
0
0
0
0
0
0
0
1.37374e-16
0
0
0
0
0
0
0
0
0
0
9.16585e-15
0
0
0
0
0
0
0
0
0
0
0
0
0
0
0
0
0
-1.72406e-16
0
0
0
0
0
0
0
0
0
0
0
0
0
0
0
0
0
0
0
0
0
0
0
-2.38964e-15
0
-4.5734e-08
0
-2.157e-07
0
0
0
0
0
0
0
0
0
0
0
0
0
0
0
-3.02008e-08
4.83273e-13
0
0
-3.30526e-12
7.90776e-13
0
0
0
0
0
0
0
0
0
0
0
0
0
0
0
0
0
0
0
0
0
0
0
0
0
0
0
0
0
0
0
0
0
0
0
0
0
0
0
0
0
1.66736e-14
0
0
0
0
0
0
0
0
0
0
0
0
0
0
0
0
0
0
0
0
0
0
0
0
1.08817e-15
0
0
0
0
0
-5.71602e-16
0
0
0
0
0
0
0
0
0
0
0
0
0
0
0
0
0
0
0
0
0
0
0
0
0
0
0
0
0
0
0
0
0
0
0
0
0
0
0
0
0
-5.66958e-16
0
0
0
0
0
0
0
0
0
0
0
0
5.89431e-13
5.78465e-13
0
0
0
0
0
1.45099e-16
0
0
0
0
0
0
0
0
0
0
0
0
0
0
0
0
0
0
0
0
-1.09835e-07
0
0
1.04943e-11
0
0
0
0
0
0
0
0
0
0
0
0
0
0
0
0
0
0
0
0
0
0
0
0
0
0
0
0
0
0
0
0
0
0
0
0
0
0
2.58868e-12
-3.51171e-08
1.79122e-12
0
0
0
0
0
0
0
0
0
0
0
0
0
0
0
0
0
0
8.92064e-15
0
0
0
0
0
0
0
0
0
0
0
0
0
0
0
-7.44419e-18
0
0
0
0
0
0
0
0
1.6477e-15
0
0
0
0
0
0
0
0
0
0
0
0
0
0
-1.84934e-15
-2.73483e-14
0
0
0
0
0
0
0
0
0
0
0
0
0
0
0
0
0
0
0
0
0
0
0
0
0
0
0
0
0
0
0
0
-1.324e-12
0
0
0
-6.03497e-12
0
0
0
0
0
0
2.04354e-12
-3.2482e-08
0
0
0
0
0
9.8836e-16
0
0
0
-2.8323e-12
0
0
0
0
0
0
0
0
0
0
0
0
0
0
0
0
2.42718e-17
-9.61052e-08
2.71266e-12
0
0
-4.52744e-16
0
0
0
0
0
0
0
0
0
0
0
0
0
0
0
0
0
0
5.09551e-13
0
-6.12678e-17
0
0
0
0
0
0
0
0
-2.53267e-12
0
0
0
0
0
0
0
0
0
0
0
3.00208e-15
0
0
0
0
0
0
0
0
0
0
0
0
0
0
0
0
0
0
0
0
0
0
0
0
0
0
0
0
0
-6.74704e-13
0
0
0
0
0
0
0
7.38118e-08
4.63483e-08
0
0
0
0
0
0
0
0
0
0
0
0
-2.7336e-14
-1.31699e-12
0
0
5.75482e-08
0
0
0
0
0
0
0
0
0
0
0
0
0
0
0
0
0
0
0
0
0
0
0
0
0
0
0
0
4.8598e-08
0
0
-9.26982e-13
1.35341e-13
0
0
0
0
0
0
0
0
0
0
0
0
0
0
0
0
0
0
0
0
0
0
0
0
0
0
0
0
-4.71582e-08
0
0
0
0
0
0
0
-2.75621e-12
0
0
0
0
0
0
0
0
0
0
0
0
0
0
0
0
0
0
0
0
0
0
0
0
0
1.07053e-11
0
0
0
0
0
0
0
0
0
0
7.26543e-16
0
0
0
0
0
-9.34118e-17
0
0
0
0
0
0
0
0
-3.57899e-17
0
0
0
4.42989e-16
0
0
0
0
0
0
0
0
0
0
0
0
4.51775e-15
0
0
0
0
0
0
0
0
0
0
0
0
0
0
0
0
0
0
0
0
0
0
0
0
0
0
0
0
0
7.83254e-08
3.10656e-12
0
0
0
0
0
0
0
0
0
0
0
0
0
0
0
0
0
-1.62993e-15
0
0
0
0
0
0
0
-1.28537e-15
0
6.12589e-13
3.73013e-13
0
0
0
0
0
0
0
0
0
0
0
0
0
0
0
0
-4.04297e-12
0
0
0
0
0
0
0
0
-3.38799e-12
2.1449e-12
0
0
0
0
2.47332e-08
0
0
-1.36458e-08
0
-4.75317e-10
2.42357e-12
0
0
0
0
0
0
0
0
0
0
0
0
0
0
-8.58231e-09
0
0
0
0
0
0
-4.25364e-17
1.27376e-17
-8.0208e-16
0
0
0
0
0
0
0
0
0
-8.10101e-08
0
0
0
0
0
0
0
0
0
0
0
-2.75206e-12
0
0
0
0
0
0
0
0
0
0
0
0
0
0
-5.37549e-16
0
0
0
0
0
0
0
0
0
0
0
0
0
-1.93882e-16
0
0
0
0
-5.55504e-31
0
0
0
0
0
0
0
0
0
0
0
0
0
0
0
-7.49374e-13
7.8688e-19
0
0
0
0
0
0
1.18072e-12
-1.56365e-08
0
0
0
0
0
0
0
0
0
0
0
0
0
0
0
0
0
7.22807e-08
0
0
0
0
0
0
0
0
0
0
0
0
0
0
0
0
2.16856e-08
0
0
0
0
0
0
0
0
0
0
0
0
0
0
0
0
-1.92643e-15
0
0
0
0
1.48267e-17
0
0
0
0
0
0
0
0
0
0
0
0
0
0
0
0
0
0
0
0
0
0
0
0
0
0
0
0
0
0
3.72997e-13
0
0
0
0
0
0
0
0
0
0
0
0
0
0
0
0
0
0
0
0
0
0
0
0
0
0
0
2.38945e-12
1.15462e-08
1.44038e-15
0
0
0
0
0
0
0
-1.26633e-14
0
0
0
0
0
0
0
0
0
0
0
0
0
0
0
0
0
0
0
0
0
0
0
0
0
0
0
0
0
0
0
0
0
0
0
0
0
0
0
0
0
0
0
0
0
0
0
0
0
0
0
0
0
0
0
0
0
0
0
0
0
0
0
0
0
0
0
0
0
-1.38876e-31
-1.1468e-15
-7.3168e-18
0
0
0
0
0
0
0
0
0
0
0
0
0
0
0
0
0
0
0
0
0
0
0
0
0
0
0
0
0
0
0
0
0
0
0
0
1.29341e-17
0
0
0
0
0
0
0
0
0
0
-5.09701e-16
0
0
0
-1.16762e-07
0
0
0
0
0
0
0
0
0
0
0
0
0
0
0
0
0
0
0
0
0
0
0
0
0
0
0
0
0
0
0
5.68166e-13
0
0
0
0
0
0
0
0
0
0
0
0
0
-4.37819e-16
0
0
0
0
0
0
1.67591e-13
-1.18605e-16
0
0
0
0
-4.41765e-08
1.22941e-12
-9.48846e-08
0
0
0
0
0
0
0
0
0
0
0
1.87696e-16
6.63723e-17
0
0
0
-7.56491e-08
0
0
-1.90034e-17
2.40356e-16
0
0
0
0
0
0
0
0
0
0
0
0
0
0
0
-1.10401e-14
-5.36664e-16
-3.86602e-16
0
0
0
0
0
0
0
0
8.27365e-08
0
0
0
0
0
-7.50264e-13
3.85329e-08
0
0
6.65612e-17
0
0
7.60984e-08
0
0
0
0
2.90896e-08
0
0
0
0
4.4507e-13
3.44063e-13
6.14378e-08
0
0
0
0
0
0
0
0
-3.80259e-14
2.01604e-13
0
0
0
-1.49498e-09
0
0
-5.36216e-16
0
0
0
0
0
0
0
0
0
0
0
0
0
0
0
0
0
-1.45906e-16
-2.56406e-16
2.97865e-13
-1.19058e-07
0
0
0
0
-7.96588e-08
0
0
0
0
0
0
0
0
0
0
0
0
-1.22275e-07
0
0
0
-1.94189e-11
1.602e-12
0
0
0
0
0
0
0
0
0
0
0
0
0
0
0
0
0
0
0
0
0
-3.90903e-14
0
0
0
0
0
0
0
9.50528e-13
7.19819e-13
0
0
0
0
0
0
0
0
0
0
0
0
0
0
0
0
3.66007e-13
0
0
0
0
0
0
0
0
0
0
-4.58212e-16
-1.16737e-15
0
0
0
0
0
0
0
0
0
0
0
5.15804e-16
0
0
0
0
0
0
0
0
1.23886e-16
-1.99097e-16
0
0
0
0
0
0
0
0
0
0
4.81537e-13
0
0
0
-8.17934e-13
0
-6.98081e-13
0
0
0
0
-3.73047e-16
-3.92161e-16
-3.99141e-16
0
0
0
0
0
0
0
0
-9.497e-13
0
-3.26288e-16
0
0
0
0
-2.26447e-16
0
0
0
0
0
0
0
0
9.53432e-17
0
0
0
0
5.50262e-16
9.21884e-13
1.02454e-12
0
0
0
0
0
0
0
0
0
0
0
0
0
0
0
0
0
0
-2.37239e-15
0
0
0
0
0
0
0
0
0
0
0
0
0
0
0
0
-7.87621e-08
0
0
0
0
0
0
0
0
0
0
0
0
0
0
0
0
0
0
0
0
0
0
0
0
0
1.39347e-07
0
0
0
0
0
0
0
0
0
0
0
0
0
0
0
0
0
0
0
2.49574e-16
0
0
0
0
0
0
0
0
0
0
0
0
0
-4.39617e-15
0
0
0
-6.73866e-13
0
0
0
0
0
0
0
0
0
0
0
0
0
0
0
0
0
0
0
0
0
0
-4.47702e-08
0
0
0
0
0
0
0
3.20654e-15
0
0
0
0
0
0
0
0
0
0
0
0
0
0
0
0
0
0
0
0
0
0
-4.72975e-13
0
-3.26232e-13
0
0
-5.52895e-16
2.10078e-15
0
0
3.49927e-13
0
0
0
0
0
0
0
-8.24525e-13
0
0
0
0
0
0
0
0
0
0
0
0
0
0
0
0
0
0
0
0
0
3.26754e-12
0
3.8833e-17
0
0
0
0
0
0
0
0
0
0
0
0
0
0
0
-2.16607e-16
0
0
0
0
0
0
0
0
0
0
0
0
0
0
0
0
0
0
0
0
0
0
0
0
0
0
0
2.3731e-12
-3.59498e-08
0
0
0
0
-4.57081e-13
9.51236e-16
-6.66885e-16
0
0
0
1.36271e-15
0
-1.45338e-14
4.00505e-15
0
0
0
6.14675e-16
3.55699e-15
0
0
2.45398e-13
2.89813e-13
0
0
0
0
0
8.05797e-17
0
0
0
0
0
0
0
0
0
0
0
0
0
0
0
0
0
0
0
0
0
0
0
-3.77213e-16
-1.08593e-16
2.12807e-16
0
0
0
0
0
3.89066e-17
-2.6245e-16
0
0
0
0
0
0
-2.66739e-16
0
0
0
0
0
0
0
0
0
0
0
1.37599e-13
0
0
0
0
-3.56904e-15
1.16317e-15
0
0
0
0
0
0
0
0
0
0
0
0
0
0
0
0
0
0
-5.74625e-13
-1.74958e-11
0
0
0
0
0
0
0
0
0
0
0
0
0
0
-1.49422e-16
-5.72773e-13
0
0
0
0
0
0
0
0
0
0
0
0
0
0
0
0
0
0
0
1.52709e-15
0
5.33394e-13
0
-5.58571e-13
0
0
0
0
0
0
0
0
0
0
0
0
0
0
-1.11388e-12
0
0
0
0
0
0
0
0
0
0
0
0
0
0
0
-2.56141e-16
-7.6273e-13
4.40069e-13
0
0
0
0
0
-1.52641e-15
0
0
0
0
0
0
0
0
0
0
0
0
2.11646e-16
0
0
0
0
6.89956e-13
0
0
0
0
0
0
0
0
0
0
0
0
0
0
0
0
0
0
0
0
-1.14674e-07
0
0
0
0
0
0
0
0
0
0
0
0
0
0
0
0
0
0
0
0
0
0
0
0
0
0
0
6.55225e-16
0
0
0
0
0
0
0
6.49633e-17
0
0
0
0
0
0
0
0
0
0
0
0
0
0
0
0
2.90872e-15
0
0
0
0
0
7.71648e-13
0
0
0
9.82083e-17
-6.96309e-13
0
0
0
0
0
0
0
0
0
0
0
0
0
0
0
0
0
0
0
0
0
0
0
0
0
0
0
0
0
0
0
0
0
0
0
0
0
0
0
0
0
-1.14281e-15
1.22585e-15
0
0
0
0
-4.31454e-13
0
0
0
0
0
0
0
0
0
0
0
5.65486e-13
0
0
0
0
0
0
0
0
0
0
0
1.94516e-18
0
0
0
5.47916e-13
0
0
0
0
0
0
0
0
0
0
0
0
0
0
0
0
0
0
0
0
0
0
-5.75003e-13
0
0
0
0
0
0
0
1.51859e-16
3.61298e-13
0
-5.16654e-13
0
0
0
0
0
0
0
0
5.43664e-16
1.65078e-15
0
0
0
0
0
0
0
0
0
0
0
0
0
0
0
6.78854e-13
-1.08535e-16
0
0
0
0
0
0
0
8.16808e-13
0
0
0
0
0
0
0
0
0
0
0
0
0
0
0
0
0
2.166e-14
-1.11812e-14
0
-1.00655e-14
0
0
0
0
0
0
1.47912e-12
0
0
0
0
0
0
0
0
0
0
0
0
0
0
0
0
0
0
0
0
0
0
0
0
0
0
0
0
0
0
0
0
0
0
0
0
0
0
0
0
0
5.27434e-13
0
0
0
0
0
0
0
0
-1.88764e-12
0
0
0
0
0
-7.28476e-13
0
-5.68249e-13
0
6.79603e-16
0
0
-4.71399e-17
0
0
0
0
0
0
0
0
0
0
0
0
0
0
0
0
0
0
0
0
0
0
-9.94604e-13
0
2.00223e-13
0
0
0
0
0
0
4.61898e-13
-4.94719e-13
0
0
0
0
6.37732e-13
0
-7.24374e-13
1.2029e-16
0
0
0
0
0
0
0
0
0
0
0
0
0
0
0
0
-4.61951e-13
0
0
0
0
0
0
0
0
0
0
0
1.08773e-16
0
0
0
0
0
0
0
0
0
0
0
0
0
0
0
0
0
-8.15669e-13
0
-6.84924e-16
0
0
0
0
0
0
7.61508e-13
0
0
0
0
0
0
0
0
0
0
0
-3.33632e-13
0
0
0
6.50981e-33
0
0
0
0
0
0
0
0
0
0
0
-8.47437e-13
0
0
0
0
0
0
0
0
0
0
0
0
0
0
0
0
0
0
4.09775e-16
0
0
0
0
0
0
0
0
0
3.19843e-14
0
0
0
0
0
0
0
0
0
0
0
0
0
-7.04583e-08
0
0
0
0
0
0
0
0
0
0
0
0
0
0
0
0
0
0
0
0
3.53768e-13
0
0
0
0
0
0
0
0
0
0
0
0
0
0
0
0
0
0
0
0
0
0
0
0
8.56946e-13
7.03388e-13
0
-7.58799e-13
-1.30376e-16
0
0
0
0
0
0
0
0
0
0
0
0
0
0
0
0
0
0
0
0
0
0
0
0
0
0
0
-6.2984e-13
0
0
0
-6.79348e-17
5.83232e-13
0
0
0
0
0
0
0
0
0
0
0
0
0
0
1.26624e-14
0
0
0
0
0
0
6.05771e-08
0
-9.6873e-17
8.8707e-30
0
0
0
0
0
0
0
0
0
0
0
0
0
0
1.92785e-13
0
0
0
0
0
0
0
0
0
0
0
0
1.13807e-16
6.29761e-13
0
0
0
0
0
0
0
0
0
0
0
0
0
0
-7.90466e-13
0
0
0
0
0
0
0
0
0
0
7.57512e-13
0
0
0
0
0
0
0
0
0
0
0
0
-4.97372e-13
0
7.08826e-19
0
0
0
0
0
0
0
0
0
0
-6.16684e-13
0
0
5.27698e-13
0
0
0
0
0
-9.09252e-13
0
0
0
-4.71813e-16
0
0
0
0
0
0
0
0
4.29545e-13
0
0
0
0
0
0
0
0
0
0
0
-2.31425e-16
0
0
0
0
0
0
0
0
0
0
0
0
0
0
0
0
-5.08288e-16
0
0
0
0
0
0
0
0
-9.77321e-17
0
1.84228e-16
)
;

boundaryField
{
    frontback
    {
        type            empty;
        value           nonuniform List<scalar> 0();
    }
    topbottom
    {
        type            calculated;
        value           uniform 0;
    }
    outlet
    {
        type            calculated;
        value           nonuniform List<scalar> 0();
    }
    inlet
    {
        type            calculated;
        value           uniform 0;
    }
    walls
    {
        type            calculated;
        value           nonuniform List<scalar> 
135
(
-3.09641e-07
-1.47586e-07
-2.69127e-07
2.34401e-07
-2.92278e-07
-1.53373e-07
-2.51764e-07
9.54966e-08
-3.67517e-07
-3.96456e-07
7.23459e-08
1.01284e-07
-1.07072e-07
-7.81336e-08
-2.1125e-07
-3.15428e-07
-3.44367e-07
-2.8649e-07
-2.63339e-07
-1.30223e-07
-4.48545e-07
-4.19606e-07
-2.34401e-07
-1.59161e-07
-5.49829e-08
-1.88099e-07
-2.60445e-08
-2.89384e-09
2.02569e-08
4.91952e-08
1.24435e-07
1.53373e-07
1.76524e-07
2.05462e-07
2.28613e-07
2.57552e-07
2.80702e-07
6.65583e-08
2.22826e-07
1.30223e-07
1.70736e-07
1.59161e-07
2.74915e-07
1.82312e-07
1.18647e-07
1.07072e-07
7.81336e-08
4.34076e-08
1.44692e-08
2.89384e-09
1.47586e-07
-6.07706e-08
-2.02569e-08
-8.68151e-09
2.60445e-08
-1.1286e-07
-3.18322e-08
-8.39213e-08
-1.3601e-07
-1.64949e-07
6.07706e-08
2.17038e-07
1.3601e-07
1.64949e-07
1.93887e-07
-2.05462e-07
2.40189e-07
2.69127e-07
1.1286e-07
-2.28613e-07
-2.17038e-07
8.39213e-08
2.98065e-07
3.76199e-08
8.68151e-09
-6.65583e-08
-1.44692e-08
-1.82312e-07
-2.40189e-07
-1.18647e-07
-3.76199e-08
-1.76524e-07
-8.9709e-08
-1.41798e-07
-1.70736e-07
-3.38579e-07
-1.99675e-07
-2.22826e-07
-3.6173e-07
-3.50154e-07
-2.45976e-07
-3.73305e-07
-2.74915e-07
-4.13819e-07
-2.98065e-07
-4.25394e-07
1.41798e-07
-3.32791e-07
-4.42757e-07
-3.55942e-07
-3.79093e-07
-4.3697e-07
-4.08031e-07
-4.54333e-07
-4.31182e-07
-1.01284e-07
-3.90668e-07
-1.24435e-07
-3.21216e-07
-4.6012e-07
2.63339e-07
8.9709e-08
5.49829e-08
-7.23459e-08
-2.80702e-07
-4.34076e-08
-2.57552e-07
3.03853e-07
2.51764e-07
-9.54966e-08
2.1125e-07
2.45976e-07
3.18322e-08
-1.93887e-07
-3.8488e-07
1.88099e-07
-4.91952e-08
-3.27004e-07
-3.03853e-07
2.92278e-07
1.99675e-07
5.49829e-08
-4.02243e-07
2.8649e-07
4.91952e-08
)
;
    }
    procBoundary0to1
    {
        type            processor;
        value           nonuniform List<scalar> 
104
(
0
0
0
0
0
0
0
0
1.22405e-12
0
-1.03615e-15
0
0
0
0
0
0
0
0
3.67408e-16
0
0
0
0
0
0
0
0
0
0
0
0
0
0
0
0
0
0
0
0
0
0
0
0
0
0
0
0
0
0
0
0
0
0
0
0
0
0
0
0
0
0
0
0
0
0
0
-5.31611e-12
0
0
0
0
0
0
0
0
0
0
0
0
0
0
0
0
0
0
0
0
0
0
0
0
0
0
0
0
0
0
0
-7.86139e-08
0
0
0
0
)
;
    }
    procBoundary0to2
    {
        type            processor;
        value           nonuniform List<scalar> 
83
(
0
0
0
0
-5.32938e-16
-3.95947e-12
0
0
0
2.3806e-16
0
0
0
0
0
0
0
0
0
-1.95239e-14
0
0
0
0
7.67155e-15
0
0
0
-5.02754e-17
0
0
-6.04758e-16
0
1.33405e-15
1.89878e-15
0
0
0
0
0
0
0
-2.2799e-16
1.21082e-15
0
1.44578e-16
0
0
0
0
9.62134e-16
-1.11969e-30
-4.10431e-15
0
0
0
0
0
0
0
0
1.47441e-14
-1.63155e-07
0
-9.13149e-15
0
0
0
-7.54145e-15
2.94343e-16
0
0
-7.42229e-15
0
0
0
0
0
1.47881e-16
0
0
0
1.0133e-16
)
;
    }
}


// ************************************************************************* //
