/*--------------------------------*- C++ -*----------------------------------*\
| =========                 |                                                 |
| \\      /  F ield         | OpenFOAM: The Open Source CFD Toolbox           |
|  \\    /   O peration     | Version:  v2012                                 |
|   \\  /    A nd           | Website:  www.openfoam.com                      |
|    \\/     M anipulation  |                                                 |
\*---------------------------------------------------------------------------*/
FoamFile
{
    version     2.0;
    format      ascii;
    class       surfaceScalarField;
    location    "700";
    object      meshPhi;
}
// * * * * * * * * * * * * * * * * * * * * * * * * * * * * * * * * * * * * * //

dimensions      [0 3 -1 0 0 0 0];
oriented        oriented;


internalField   nonuniform List<scalar> 
20537
(
0
0
0
-3.44816e-16
2.44753e-16
-1.08501e-14
0
0
0
0
0
0
0
0
0
0
0
0
0
0
0
0
0
0
0
0
0
0
0
0
0
0
0
4.83901e-16
1.16805e-14
-1.02827e-16
0
0
0
0
0
0
0
0
0
0
0
0
0
0
0
0
0
0
0
0
0
0
0
0
0
0
0
0
0
0
0
0
0
0
0
0
0
0
0
0
-1.54605e-07
7.66234e-12
0
0
0
0
0
0
0
0
0
0
0
0
0
0
0
0
0
0
0
0
0
0
0
0
0
-6.8211e-16
6.16423e-16
0
0
0
0
0
0
0
0
-6.85314e-12
-2.61574e-17
-6.29621e-12
0
0
0
0
0
-9.77316e-17
1.24707e-15
4.00038e-17
0
0
0
0
0
0
0
0
0
0
0
0
0
0
0
-5.3968e-16
-6.22538e-16
-1.1215e-15
-3.70417e-12
-9.0907e-12
0
0
0
0
0
0
0
0
0
0
0
0
9.97238e-16
1.36174e-16
0
0
0
0
0
0
0
1.85687e-16
0
7.817e-17
0
0
0
0
0
0
0
0
0
0
0
0
0
0
0
0
0
0
0
0
0
3.07536e-12
-1.09958e-13
-5.11916e-12
2.13281e-15
0
3.34727e-18
-4.77131e-16
1.05592e-14
0
0
0
0
0
0
0
0
0
0
-4.09832e-12
-3.8425e-16
-1.64772e-12
0
0
0
1.94724e-13
-3.72579e-12
0
0
0
0
0
0
0
0
0
5.1601e-31
-1.92621e-16
1.15744e-15
0
0
6.97154e-15
2.10528e-16
0
0
0
-2.33904e-15
0
-6.07071e-33
0
0
0
0
0
0
0
0
0
0
0
0
0
0
0
0
0
0
0
0
0
0
0
-1.25367e-15
1.18568e-15
0
0
0
0
0
0
0
0
0
0
0
0
0
0
0
0
0
0
0
0
0
0
0
0
0
0
0
0
0
0
0
0
0
0
0
0
0
0
0
0
0
0
0
0
0
0
0
0
0
0
0
0
0
0
0
4.24786e-12
-2.21254e-11
0
0
0
0
0
0
0
0
0
0
0
0
0
0
0
0
0
0
0
0
0
0
0
0
0
4.53984e-14
1.14822e-16
0
0
0
0
0
0
0
0
3.96991e-16
0
-1.92539e-16
-1.18589e-16
0
3.10082e-17
-1.82022e-16
0
2.27018e-15
0
0
0
0
0
0
0
0
0
0
0
0
0
0
0
0
0
0
6.77013e-16
-8.37187e-16
0
0
0
0
0
0
0
0
0
0
0
0
0
0
0
0
0
0
0
0
0
0
0
0
0
0
0
0
0
0
0
0
0
0
0
0
0
0
0
0
0
0
0
0
0
0
0
0
0
0
0
0
0
-8.18109e-12
2.92418e-13
0
0
0
0
0
-3.48768e-16
-1.49117e-15
0
0
0
0
0
0
0
0
0
0
0
0
0
0
0
0
0
0
0
0
0
0
0
0
0
0
0
0
0
0
0
0
0
0
0
0
0
0
0
0
3.16135e-16
0
0
0
0
0
0
0
-2.13192e-15
0
0
0
0
0
0
0
0
0
0
0
0
0
0
0
-5.63541e-17
0
-1.36707e-15
0
0
0
0
0
0
0
0
0
0
0
-1.85406e-16
-2.90072e-15
2.6104e-31
0
0
0
0
0
0
0
0
0
-2.88693e-16
2.72543e-16
0
0
0
0
0
0
0
0
0
0
0
0
0
0
0
0
0
0
1.05008e-16
1.24588e-15
0
0
0
0
0
0
0
0
0
-1.9043e-16
0
-5.95125e-16
0
0
0
0
0
0
0
0
0
0
0
0
0
0
0
0
0
0
0
0
0
0
0
0
0
0
0
0
0
0
0
0
0
0
-2.31424e-15
0
0
0
0
0
0
0
0
0
0
0
0
0
0
0
0
0
0
0
0
0
0
0
2.78967e-16
-3.28517e-14
1.43315e-16
0
0
0
0
0
0
0
0
0
0
0
0
0
0
0
0
0
0
0
0
0
0
0
0
0
1.2057e-11
8.95075e-08
1.76861e-07
0
0
0
0
0
0
0
0
0
0
0
0
0
0
0
0
0
0
0
0
0
0
0
-3.72424e-16
0
0
0
0
0
0
0
0
0
0
0
0
0
0
0
0
0
0
0
0
0
0
0
0
0
0
0
0
0
0
0
0
0
0
0
0
0
0
0
0
0
0
0
0
0
0
0
0
0
0
0
2.50877e-15
0
0
0
0
0
0
0
0
0
0
0
0
0
0
0
-2.69779e-15
0
0
0
0
0
0
0
0
0
0
0
0
0
0
0
0
0
0
0
0
0
0
0
0
0
0
0
0
0
0
-1.81427e-16
-6.5273e-17
0
0
0
0
0
0
0
0
0
0
0
0
0
0
0
0
0
0
0
0
0
0
0
0
0
0
0
0
0
9.55062e-13
8.9619e-12
0
0
0
0
0
0
0
0
0
0
0
0
0
0
0
0
0
0
0
0
0
0
0
0
0
0
0
0
0
0
0
0
0
0
0
0
0
0
0
4.63059e-15
-6.17799e-16
0
0
0
0
0
0
0
0
0
0
0
0
0
-1.62191e-16
0
-1.35942e-16
0
2.00184e-15
1.92583e-16
0
0
0
0
0
0
0
2.85371e-15
0
-6.67645e-16
0
0
0
0
0
0
0
0
-5.70345e-16
1.64867e-16
0
0
0
0
0
0
0
0
0
0
0
0
0
0
0
0
0
0
0
0
0
0
0
0
0
-2.10349e-16
6.94991e-16
6.09676e-15
0
2.10724e-16
3.05156e-14
0
0
0
0
0
0
0
0
0
3.58864e-16
0
0
0
0
0
0
0
0
0
0
0
0
0
-3.86116e-16
1.89945e-17
0
0
0
1.48019e-15
1.31822e-15
0
0
0
0
0
0
0
0
0
0
0
0
0
0
0
0
0
0
0
0
0
0
0
0
0
0
0
0
0
0
0
0
0
0
-2.10771e-13
-1.1486e-12
0
0
0
0
0
0
0
0
0
0
0
0
0
0
0
0
0
0
0
0
0
0
0
0
0
0
0
0
0
0
0
0
0
1.43889e-16
-2.68146e-16
0
0
0
0
0
0
0
0
0
0
0
0
0
0
-1.48217e-15
0
0
0
0
0
0
0
0
0
0
-3.42615e-16
0
1.35524e-15
7.70873e-17
0
-5.16367e-17
0
0
0
0
0
-1.35619e-12
0
0
0
0
0
0
0
0
0
0
0
0
0
0
0
0
0
0
0
0
0
0
0
8.94507e-17
-1.02833e-15
0
0
0
0
0
-1.36411e-16
-5.52562e-16
0
0
0
0
0
0
0
0
0
0
0
0
0
0
0
0
0
0
7.88446e-16
0
0
0
0
-2.98577e-15
4.8055e-16
0
0
0
0
-1.03271e-15
-4.37785e-17
-1.76994e-17
0
0
0
0
0
-5.86275e-16
0
0
0
0
0
0
0
9.24679e-15
1.49472e-15
0
0
0
0
0
0
0
0
0
0
0
0
0
0
0
0
0
0
0
0
0
0
0
0
0
0
0
0
0
0
0
0
0
0
0
0
0
0
0
0
0
0
0
0
0
0
0
0
0
0
0
0
0
0
0
-5.30969e-17
0
0
0
0
0
0
0
-2.8675e-15
1.74562e-15
-2.61706e-15
0
0
0
0
-6.52747e-16
8.44158e-16
0
0
0
6.48602e-12
-2.02929e-11
0
0
0
0
0
0
0
1.45885e-15
0
1.34096e-16
0
0
0
0
0
0
0
4.46924e-17
3.86728e-14
0
0
0
0
0
0
0
0
0
0
0
0
0
0
0
0
0
0
0
0
0
0
0
0
0
0
0
0
0
2.54596e-17
0
0
0
0
0
0
0
9.40781e-17
4.45685e-17
-7.22513e-16
0
0
0
0
0
0
-2.79377e-16
0
1.40949e-15
0
0
0
6.92999e-17
2.53256e-14
0
0
0
0
0
0
4.16202e-15
-1.88286e-15
0
0
0
-2.63974e-15
0
0
0
0
0
0
0
0
1.5437e-16
0
3.33372e-16
0
0
0
0
0
0
0
0
0
0
0
0
0
0
0
0
0
0
0
0
0
0
-7.43939e-17
2.20012e-15
0
0
0
0
0
0
6.73164e-16
-5.28173e-16
0
0
0
0
0
0
0
0
0
0
0
0
0
0
0
0
0
0
0
0
0
0
0
-4.13793e-16
4.12352e-17
5.80175e-16
0
0
0
0
0
0
0
0
0
0
0
0
0
-7.27056e-17
0
1.42736e-16
0
0
0
0
0
0
0
0
0
0
0
0
-5.87086e-15
0
0
0
0
0
0
0
0
0
0
0
0
0
0
0
0
6.95017e-17
-1.99429e-15
0
0
0
0
0
0
0
0
0
0
0
0
0
0
2.16659e-14
0
7.22287e-16
-1.70065e-15
0
6.94671e-17
0
0
0
-2.34687e-12
-1.32255e-12
0
0
0
0
0
0
0
0
0
0
0
0
0
0
0
0
0
0
0
0
0
0
0
0
0
0
0
0
0
0
0
0
0
0
0
0
0
0
0
0
0
0
0
0
0
0
0
0
0
0
0
2.2042e-15
0
0
0
0
0
-1.89807e-15
0
0
0
0
0
0
0
0
0
0
0
0
0
0
4.60284e-17
1.55731e-17
0
0
0
0
0
0
0
0
0
0
3.44936e-16
0
0
0
0
-1.4372e-16
5.65948e-17
-1.96092e-17
0
0
0
0
0
0
0
0
0
0
0
0
0
0
0
0
0
0
0
0
0
0
0
0
0
0
0
0
0
0
0
0
0
0
0
0
0
0
-8.02101e-16
4.12833e-15
0
0
0
0
0
0
0
0
0
0
0
0
0
0
0
0
0
0
0
0
0
0
0
0
0
0
0
0
0
0
0
0
0
0
-9.80533e-16
-6.34274e-17
0
0
0
0
0
9.05186e-17
-6.9079e-17
0
0
0
0
0
0
0
3.65214e-16
0
0
0
0
0
0
0
0
2.83117e-16
0
0
0
0
5.47371e-16
0
0
0
0
0
0
0
0
0
0
0
0
0
0
-2.1818e-15
0
1.78442e-15
0
0
0
0
0
0
0
0
0
0
0
0
0
0
0
0
0
0
0
0
0
0
0
0
-3.30329e-16
2.84547e-16
0
0
0
0
0
0
0
0
0
0
0
0
8.38297e-15
8.25266e-15
0
0
-1.16848e-15
0
4.26802e-17
0
0
-1.57936e-16
0
1.85216e-16
0
0
0
0
-8.96637e-13
-8.89987e-13
6.79851e-12
-2.14085e-11
4.00908e-12
0
0
0
0
3.60501e-16
1.47586e-15
0
0
0
0
0
0
0
0
0
0
0
0
1.20013e-15
0
0
0
0
0
0
0
0
0
0
0
0
0
0
0
7.46248e-17
0
0
0
0
0
0
0
0
0
0
0
0
0
0
0
0
0
0
0
0
0
0
0
-1.36375e-16
5.8536e-16
0
0
0
0
0
0
0
0
0
0
0
0
0
0
0
0
0
0
0
0
0
0
0
0
0
0
0
0
0
0
5.17227e-16
2.71915e-15
0
-2.7924e-16
0
3.03535e-33
0
0
0
0
0
0
0
-2.4576e-17
-8.69832e-16
0
0
0
0
0
0
0
0
0
0
0
0
0
0
0
0
0
0
0
0
0
0
0
0
0
0
0
3.32843e-16
7.31045e-16
0
0
0
1.44006e-15
0
0
0
-1.7309e-16
0
0
8.3732e-17
-1.0918e-16
1.70419e-16
0
0
0
0
-8.7419e-16
9.18369e-17
-1.41831e-15
0
0
1.57708e-15
-1.98527e-15
1.01967e-15
-6.25828e-16
0
-6.55827e-16
-7.4062e-16
0
0
0
0
0
0
0
0
0
0
0
1.78962e-16
-3.82352e-17
0
0
0
0
0
0
0
0
0
0
0
0
0
0
-3.01383e-17
-1.04224e-11
1.2615e-12
0
0
0
0
0
0
1.32389e-14
0
2.90114e-14
0
0
0
0
0
0
0
-4.78069e-12
0
0
0
0
0
0
0
0
0
0
0
0
0
0
0
0
0
0
0
0
-4.84965e-15
1.24819e-17
0
0
0
5.93225e-17
-8.59306e-13
0
0
0
-2.07195e-17
3.87956e-17
4.84916e-16
1.49871e-15
-3.2629e-16
1.12388e-16
0
0
0
0
0
0
0
0
0
0
0
-7.46069e-15
-2.05613e-15
3.48633e-17
0
0
0
0
0
0
0
0
0
0
0
0
0
0
0
0
0
0
-1.15455e-16
0
0
0
-5.76634e-15
0
0
0
0
0
0
0
0
0
0
0
-6.47059e-13
1.16353e-13
0
0
0
0
0
0
0
-5.87792e-16
0
0
0
0
0
0
0
0
0
0
0
2.57073e-16
8.9397e-17
0
0
0
0
0
0
0
0
0
0
0
0
0
0
0
0
-7.35579e-17
-1.22244e-15
-8.80696e-17
0
0
0
0
0
1.51656e-16
8.56446e-15
0
0
0
0
0
0
0
0
0
0
0
0
-1.14226e-15
-2.86578e-17
0
0
0
0
0
0
0
0
0
0
0
0
0
0
0
0
5.98821e-15
0
3.89703e-16
0
0
0
0
0
0
0
2.18691e-13
5.56642e-13
-1.41622e-16
0
-5.61878e-17
0
0
-1.1349e-15
-2.81594e-17
0
0
0
0
0
0
0
0
0
0
0
0
0
0
0
0
0
0
0
0
0
0
0
0
-6.35513e-12
0
-4.80695e-12
0
0
0
5.06113e-17
0
0
0
0
0
0
0
0
0
0
-3.34237e-12
0
0
0
0
-2.53924e-15
0
0
0
-1.42721e-17
-9.40259e-12
7.8831e-13
0
0
0
0
0
0
0
0
0
1.83869e-17
0
0
2.77118e-16
-1.59304e-16
2.66269e-15
0
0
0
0
0
0
0
0
0
0
0
0
0
0
0
0
0
0
0
0
0
0
0
0
0
0
0
-1.60358e-17
-2.87157e-17
0
0
0
0
0
0
0
0
0
0
0
0
0
0
0
0
0
0
0
0
0
0
0
0
0
0
0
0
0
0
0
0
0
0
0
0
0
0
0
0
0
0
0
2.35059e-16
-1.31664e-16
0
0
0
0
0
0
0
0
0
0
0
0
0
-1.12636e-15
3.96944e-17
0
0
0
0
0
0
0
0
0
0
0
0
0
0
0
0
0
0
0
0
0
0
0
0
0
0
0
0
0
0
0
0
0
0
0
0
0
0
0
0
0
0
0
0
0
0
0
0
0
0
0
0
0
0
0
0
0
0
0
0
0
0
0
0
0
0
0
3.66648e-17
0
0
0
0
3.1242e-16
-5.31604e-18
0
0
0
0
0
0
0
0
0
0
0
0
0
0
0
0
0
0
0
0
0
0
0
0
0
0
0
0
0
0
0
0
0
0
0
0
0
0
0
0
0
0
0
0
0
0
0
0
0
0
0
0
0
0
0
0
0
0
0
0
0
0
0
0
0
0
0
-1.71145e-12
-1.99654e-12
-2.70135e-16
0
0
3.06114e-16
-2.80929e-16
0
0
0
0
0
0
0
0
0
0
0
0
1.35873e-14
0
-2.76448e-15
0
0
0
0
0
0
0
0
0
0
0
-4.11383e-16
0
9.36035e-16
0
0
-1.44125e-17
-8.45434e-17
9.61296e-16
0
0
0
7.57268e-16
4.33769e-16
6.52115e-16
0
0
0
0
1.4244e-15
0
0
0
0
0
0
0
0
-1.19598e-14
0
5.95932e-16
0
0
0
0
0
0
0
0
0
0
0
0
0
0
0
0
0
0
0
0
0
0
0
0
0
0
0
0
0
0
0
0
0
2.32221e-16
3.71244e-17
0
0
3.57032e-16
-7.26235e-17
0
0
0
0
0
0
0
0
-9.86691e-17
0
0
0
0
0
0
-1.44653e-14
2.57559e-15
2.46702e-15
-1.09687e-16
0
0
0
0
0
2.90759e-16
-2.74279e-16
0
0
0
0
0
0
0
0
0
0
0
0
0
0
0
0
0
0
0
0
0
0
0
0
0
0
0
0
0
0
0
-8.81844e-16
-7.97612e-12
-2.74712e-13
0
0
0
0
0
0
0
0
0
0
0
0
0
0
0
0
0
0
0
0
0
0
0
-1.53742e-15
0
0
0
0
0
0
0
0
0
0
0
-1.56058e-12
0
-1.19501e-12
0
0
3.85735e-17
2.55721e-17
1.71276e-17
0
0
0
0
0
0
4.68576e-16
0
0
0
0
0
0
0
0
0
0
1.77304e-16
-2.93771e-15
0
0
0
-1.08036e-16
0
0
0
1.08197e-15
0
0
-6.07849e-15
1.39466e-16
0
0
0
0
-1.9872e-16
0
0
0
0
0
-1.50397e-11
1.35108e-12
-6.07765e-16
0
0
0
0
0
3.78824e-16
-1.01706e-16
0
0
0
0
0
0
0
0
0
0
0
0
-6.60087e-15
0
0
0
0
0
0
1.0155e-15
1.79731e-16
0
0
0
0
0
0
0
-1.21488e-15
0
0
0
0
0
0
0
0
0
0
0
0
0
0
0
0
0
0
0
0
-3.32149e-16
-1.72589e-12
0
0
0
0
0
0
0
0
0
0
0
0
0
0
0
0
0
0
0
0
0
3.12546e-16
0
-3.34766e-16
0
0
0
0
0
0
0
0
0
0
0
0
-1.78892e-15
0
0
0
0
0
0
0
0
0
0
0
0
0
0
0
0
0
0
0
0
0
0
0
0
0
0
0
0
0
0
0
0
0
0
0
8.8535e-16
-2.60519e-16
0
0
0
0
0
0
0
0
0
0
0
0
0
0
0
0
0
0
4.38533e-16
-4.73497e-17
0
7.46872e-15
0
0
0
0
0
0
0
0
0
0
0
0
0
0
0
0
0
0
0
0
0
0
0
0
0
0
0
0
0
0
0
0
0
0
1.26949e-15
2.89433e-16
0
0
0
0
0
0
0
0
0
0
0
0
0
0
1.35403e-16
0
0
0
0
0
-4.0206e-15
-2.07618e-30
0
0
0
0
0
0
0
8.30882e-15
0
0
0
0
0
0
0
0
0
0
0
0
0
0
0
0
0
0
0
0
0
0
0
0
0
7.02305e-14
5.02866e-14
0
0
0
0
0
0
0
0
0
0
0
0
0
0
-2.03158e-15
0
5.06454e-16
0
0
0
0
3.13829e-14
0
-2.45669e-14
0
0
0
0
0
0
0
0
0
0
-2.41884e-16
8.25178e-16
0
0
0
0
0
0
0
0
0
0
0
0
0
0
0
0
0
0
0
0
0
0
0
0
0
0
-4.33971e-16
-4.168e-16
0
0
0
0
0
0
0
0
0
0
0
0
0
0
0
0
0
0
0
0
0
0
0
0
0
0
0
0
0
0
0
0
0
0
0
0
0
0
0
0
0
0
0
0
0
0
0
0
0
0
0
0
0
0
0
0
-9.26692e-17
0
0
0
0
0
0
0
0
0
1.35331e-15
0
0
0
0
0
0
0
0
0
0
0
0
0
0
0
-8.78801e-14
0
-2.27261e-16
0
0
0
0
-3.86196e-15
0
-1.61328e-17
8.5101e-17
-3.13383e-17
0
0
0
0
0
0
0
0
0
0
0
0
0
0
0
0
0
0
0
0
0
0
0
0
0
0
0
0
0
0
0
0
0
0
0
-2.95285e-15
-2.80402e-15
0
0
0
0
0
0
0
0
3.43458e-16
0
-2.05944e-16
0
0
0
0
0
0
0
0
0
0
0
0
4.30472e-17
-1.02257e-16
5.92099e-17
7.32537e-16
1.19943e-15
0
0
0
0
-2.88078e-16
-2.63797e-16
0
0
0
0
0
0
0
0
0
0
0
0
0
0
0
0
0
0
2.06404e-30
-2.58817e-16
1.47426e-16
1.5431e-12
-6.68269e-12
0
0
0
0
0
3.69181e-18
2.45721e-16
-2.56566e-17
0
-1.04152e-15
0
0
0
0
0
0
0
0
0
0
0
0
0
0
0
0
0
0
0
0
0
0
0
0
0
0
0
0
0
0
0
0
0
0
0
0
0
0
1.84451e-15
0
0
0
0
0
0
0
0
0
-1.55591e-16
0
0
0
0
0
0
0
0
0
0
0
0
0
0
0
0
0
0
0
0
0
0
0
0
0
0
0
0
0
0
0
0
-3.37779e-12
-7.02805e-17
-1.46305e-12
5.32164e-15
0
1.11917e-14
0
0
0
0
0
0
0
0
0
0
0
8.80598e-17
-2.91915e-16
0
0
0
0
0
0
0
0
0
0
0
0
0
0
0
0
0
-7.73048e-17
-1.00712e-15
0
0
0
0
0
0
0
0
0
0
0
7.15533e-17
0
0
0
0
0
-2.25372e-16
1.5737e-16
0
0
0
0
0
0
0
0
0
0
0
0
0
0
0
0
0
0
0
0
0
0
0
0
0
0
0
0
0
0
0
0
0
0
0
0
0
-2.28846e-16
0
0
0
0
0
0
0
0
0
0
0
0
-1.12627e-15
5.19045e-31
-3.25352e-17
1.96522e-16
-6.87322e-15
0
0
0
0
0
1.66819e-14
-4.81963e-12
1.14066e-16
0
0
0
0
0
0
0
-3.2209e-15
-1.65868e-16
-2.97206e-14
0
0
0
0
0
0
0
0
0
0
0
0
0
0
0
0
0
1.79935e-15
3.46778e-16
2.52901e-15
-7.84934e-16
0
0
0
0
-4.26673e-17
0
0
0
0
0
0
0
0
0
4.75917e-16
0
0
0
0
0
0
0
0
0
0
0
0
0
-1.41831e-12
-1.96544e-11
0
0
0
0
0
0
0
0
0
0
0
0
-3.16151e-15
0
0
0
0
0
0
0
0
-5.68771e-15
7.17415e-17
-1.76278e-16
0
0
0
0
0
0
0
0
0
5.2786e-17
1.39599e-15
4.67947e-17
0
0
0
0
0
0
0
0
0
0
-1.57068e-12
-6.23888e-12
-7.61591e-16
0
0
-3.14647e-12
-8.23369e-16
0
0
2.06213e-15
-1.38254e-16
0
0
0
0
0
0
0
0
0
9.6162e-18
0
0
0
0
0
0
0
0
0
0
0
0
0
0
0
0
0
0
0
0
5.63511e-16
4.40575e-17
0
0
0
0
0
0
0
0
-1.27896e-15
3.21793e-17
0
0
0
0
0
0
0
0
0
0
0
0
0
0
0
0
0
0
0
0
0
0
0
0
0
4.15643e-16
0
0
0
0
0
0
0
0
0
0
-1.54766e-16
0
0
0
0
0
0
0
0
0
0
-1.10469e-16
0
0
0
0
0
-3.49693e-17
6.45783e-16
0
0
0
0
3.25016e-17
0
0
0
-2.86023e-16
-5.06995e-15
0
0
-4.08223e-15
2.05516e-14
0
0
0
0
0
0
-3.85861e-16
-5.13869e-12
0
0
0
0
0
0
0
0
0
0
0
0
0
0
0
-2.4051e-15
0
0
0
0
0
0
1.65051e-16
0
0
-2.70628e-15
2.37448e-16
0
0
0
0
0
0
0
0
0
0
0
0
0
0
0
0
0
0
0
0
0
0
0
7.60359e-13
0
0
0
0
0
0
0
0
0
0
0
0
0
0
0
0
0
0
0
0
0
0
0
1.29166e-15
0
0
0
0
0
0
0
0
0
0
0
0
0
0
0
0
0
0
0
0
0
0
0
0
0
0
0
0
0
0
0
0
0
0
0
0
0
0
0
0
0
1.09807e-14
-6.82264e-15
0
0
0
0
0
0
0
0
0
0
0
0
0
0
0
0
0
0
0
0
0
0
0
0
0
0
0
0
0
0
0
0
0
0
0
0
0
0
-1.23771e-16
4.0499e-17
0
0
0
0
0
0
0
0
0
0
0
0
0
0
0
0
0
0
0
0
-7.21457e-17
2.55854e-16
-1.20839e-16
0
0
0
0
0
0
0
0
0
0
-7.95382e-15
0
0
0
0
0
0
0
0
0
0
0
0
-7.0664e-16
-4.48667e-16
1.34104e-15
2.17605e-17
-9.56681e-17
0
0
0
0
0
0
0
0
0
0
2.2478e-15
-1.66943e-15
0
0
0
0
0
4.14632e-16
-6.78381e-16
0
0
0
0
0
0
1.29259e-16
-5.30116e-17
0
0
0
1.23722e-15
-1.20642e-15
-1.3687e-16
0
0
0
0
0
0
0
0
0
0
0
0
0
0
0
0
0
0
0
0
0
0
0
0
0
9.99786e-16
2.59523e-31
0
0
0
0
0
0
0
0
0
0
0
0
0
0
0
0
0
0
0
0
-1.42551e-15
-1.01316e-16
0
-2.94783e-15
2.89014e-15
0
0
-5.48582e-17
0
0
0
0
0
5.81119e-17
0
0
0
0
-3.10554e-17
0
0
0
0
0
0
0
0
0
0
0
0
0
-6.53259e-17
0
0
0
0
0
0
0
0
0
0
0
0
0
0
0
0
7.42109e-17
0
0
0
0
0
0
0
0
0
0
0
0
0
0
0
0
0
0
0
0
0
0
0
0
0
0
0
-4.40381e-16
0
0
0
0
0
0
0
0
0
-3.5449e-17
-5.33616e-17
0
0
0
0
0
0
0
0
-4.33036e-15
2.18308e-15
0
0
0
0
0
0
0
0
2.22411e-16
0
0
0
0
0
0
0
0
0
0
0
0
0
0
0
0
0
0
0
0
0
0
0
0
0
0
0
0
0
0
0
0
0
0
0
0
0
0
0
0
-4.07095e-16
0
0
0
0
0
0
0
0
1.20803e-15
1.0785e-15
-1.97464e-15
0
0
0
0
0
-5.79097e-16
2.39195e-15
0
0
0
0
0
0
0
0
0
0
0
0
0
-3.06417e-14
-1.0449e-15
0
0
0
0
0
0
-2.87591e-17
1.49041e-15
0
0
0
0
0
0
0
0
0
0
0
0
0
0
0
0
0
0
0
0
0
0
0
0
0
0
0
-2.43647e-15
0
0
0
-2.92651e-16
6.06952e-17
0
0
0
0
0
0
0
0
0
0
0
0
0
0
0
0
0
0
0
0
0
0
0
0
0
0
0
8.81428e-16
0
0
-8.77773e-13
0
0
0
0
0
0
0
0
0
0
0
1.02405e-16
-2.16065e-16
0
0
0
0
0
0
0
0
1.98678e-15
1.62412e-15
3.87008e-31
0
0
0
0
0
0
0
0
0
0
0
0
0
0
0
0
0
1.20365e-16
3.98823e-17
-1.07316e-16
0
0
0
0
0
0
0
0
0
0
-4.92858e-16
0
0
0
0
0
0
0
0
0
0
0
0
0
0
0
0
0
0
0
0
0
0
0
0
0
0
0
2.5765e-16
6.8152e-15
0
0
0
0
0
0
-1.85005e-16
6.92178e-16
1.41734e-16
0
0
0
0
0
0
0
0
0
0
0
0
0
0
0
0
0
0
0
0
0
0
0
0
0
0
0
0
0
0
0
0
0
0
1.06422e-15
3.16375e-17
0
0
0
0
0
0
0
0
0
0
0
0
0
0
0
0
0
1.79369e-15
0
0
0
0
0
0
0
0
0
0
0
0
0
-2.21788e-15
0
0
0
0
0
0
0
0
0
0
0
-7.67439e-12
0
0
0
-2.07729e-14
0
0
0
0
0
0
0
0
0
0
0
0
0
0
0
0
0
0
0
0
0
0
0
0
0
0
-1.35005e-16
2.05002e-16
2.59523e-31
-1.23894e-17
1.92337e-17
0
0
0
0
0
0
0
0
0
0
0
0
0
0
0
0
-4.84e-16
0
1.83657e-16
0
0
0
0
0
1.6633e-16
3.90814e-16
0
0
-7.63376e-16
0
-6.69448e-15
0
0
0
0
0
0
0
0
0
0
0
0
0
0
0
0
0
5.56016e-17
-6.85766e-17
0
0
1.0767e-16
-4.27996e-16
0
0
0
0
0
0
0
0
0
0
0
0
-4.34966e-16
0
0
0
0
0
0
0
0
0
0
0
0
0
0
0
0
0
0
0
0
0
0
0
0
0
0
0
0
0
0
0
0
0
0
0
0
0
0
0
0
0
0
0
0
0
0
0
0
0
0
0
0
0
1.94542e-17
0
0
0
0
0
0
0
0
0
0
0
0
0
0
0
0
0
0
-1.72426e-15
0
0
0
0
0
0
0
0
0
0
0
0
0
0
0
0
0
0
0
0
5.76343e-16
5.4444e-16
0
0
0
-5.86488e-17
-2.44173e-16
0
-2.68361e-15
-1.33188e-16
-9.60441e-17
0
0
0
0
0
-6.37282e-16
0
0
0
0
0
0
0
0
0
0
0
0
0
0
0
0
0
0
0
0
0
0
0
0
0
0
0
0
0
0
0
0
0
0
0
0
0
1.89604e-15
0
-2.1912e-15
0
-2.20047e-16
0
0
0
0
0
0
0
0
0
0
0
0
0
0
0
0
0
0
0
0
0
0
0
0
1.28788e-15
-9.51526e-17
0
0
0
0
0
0
0
0
0
0
0
0
0
0
0
0
0
1.1852e-15
0
6.91808e-16
0
0
0
0
0
0
0
0
-2.93588e-16
1.84132e-15
0
0
0
0
0
0
0
0
0
0
0
0
0
0
0
0
0
0
0
7.87556e-17
-1.00336e-16
0
0
0
0
0
0
0
0
-5.02369e-17
1.43113e-16
0
-1.43018e-16
6.50574e-16
0
0
0
0
-1.50497e-16
-1.81611e-12
0
0
0
0
0
0
0
0
0
0
0
0
0
0
0
0
0
0
0
7.26171e-17
0
6.07166e-17
0
0
0
0
0
0
0
0
0
0
0
0
0
0
0
0
0
0
0
0
2.08569e-15
-2.29665e-16
-4.32418e-16
-3.87788e-16
0
-4.15236e-30
-2.97518e-16
2.91217e-15
0
0
0
0
0
0
0
0
0
0
0
0
0
0
0
0
0
0
0
0
0
0
0
0
0
0
0
0
0
0
0
0
0
0
0
0
0
0
0
0
0
0
0
0
0
0
0
0
0
0
0
0
0
0
0
0
0
0
0
0
0
0
0
0
0
-3.4975e-16
0
0
0
1.77247e-14
0
0
0
0
0
0
0
0
0
0
0
0
0
0
0
0
0
0
0
-9.92459e-17
0
0
0
0
0
0
0
0
0
0
0
0
0
-1.74271e-16
0
-7.03563e-13
-5.65407e-13
0
0
0
0
0
0
0
0
0
0
0
0
0
-2.10526e-16
0
0
0
0
0
0
0
0
0
0
0
0
0
0
0
0
1.03202e-30
0
0
0
-6.93752e-17
0
0
0
0
0
0
0
0
0
0
-1.479e-12
-2.2818e-12
3.61931e-17
0
0
0
0
0
0
0
0
0
0
0
0
0
0
0
0
0
0
0
0
0
0
0
0
5.2645e-15
1.57358e-17
-3.14366e-17
0
0
0
0
0
0
0
0
0
0
1.91829e-14
0
0
0
0
0
0
3.97839e-16
0
0
0
0
0
0
0
7.56173e-17
6.05444e-17
0
0
0
1.35389e-16
-2.24144e-17
0
0
0
0
0
0
0
0
0
0
0
0
0
0
0
0
0
0
0
0
0
0
0
0
0
0
0
0
0
0
0
0
0
-6.07406e-17
-5.82208e-16
0
0
1.3358e-15
1.39416e-15
0
0
0
0
0
0
0
0
0
0
0
0
0
0
0
0
0
0
0
0
0
0
0
0
0
0
-1.21985e-16
0
-2.98355e-15
4.18193e-16
-2.51942e-15
0
0
0
0
0
0
0
0
0
0
0
0
0
0
0
0
0
0
0
0
0
0
0
0
0
0
0
0
0
0
-1.62467e-12
-9.82418e-15
-3.55687e-17
4.32285e-17
0
0
0
0
0
0
0
0
0
0
0
0
0
0
0
0
0
0
0
0
0
0
0
0
0
0
0
0
0
0
0
0
4.98281e-16
-2.52343e-16
0
0
0
0
-7.17852e-12
4.53503e-17
0
0
0
0
0
0
8.35793e-14
0
0
0
0
0
0
0
0
8.41217e-17
-3.10964e-17
0
0
0
5.26094e-17
5.44943e-17
0
0
1.78191e-15
2.16372e-16
2.00298e-15
0
0
0
0
0
0
0
0
0
0
0
0
0
0
7.86174e-17
-1.16615e-15
0
0
0
0
0
0
0
0
0
0
0
0
0
0
0
0
0
1.11243e-15
-7.37978e-17
0
0
0
0
0
0
0
0
0
0
0
0
0
0
0
0
-1.36155e-15
0
0
0
0
0
5.27773e-17
-2.10224e-16
-2.76666e-15
0
0
0
0
0
0
0
0
0
0
0
0
0
0
0
0
0
0
0
0
0
0
0
0
0
0
0
0
0
0
0
0
0
0
0
0
0
0
0
0
0
0
0
0
0
0
0
0
0
0
0
0
0
-1.16736e-16
0
0
0
0
0
0
0
0
0
0
0
0
0
0
0
0
0
0
0
-2.84942e-16
1.52687e-15
0
0
0
8.3403e-17
0
-8.82078e-16
0
0
9.74764e-17
0
0
0
1.21048e-15
-4.06452e-17
0
0
0
0
0
0
0
0
0
0
0
0
0
0
0
0
0
0
0
0
0
0
0
0
0
0
0
0
0
0
0
0
0
0
0
0
0
0
0
0
0
0
0
0
0
0
0
0
0
0
0
0
0
0
0
0
0
0
0
0
0
0
-1.69858e-15
0
0
0
0
0
0
0
0
0
3.57739e-15
2.42828e-32
0
0
0
0
0
0
0
0
5.75578e-17
-3.57052e-16
0
0
0
0
0
0
0
0
0
0
0
0
0
0
0
0
0
0
0
0
0
1.33528e-15
-3.38217e-16
0
0
0
-1.70037e-17
0
3.06486e-15
0
0
0
-2.64675e-15
0
0
0
0
0
0
0
0
0
0
0
0
0
0
0
0
0
0
0
0
0
1.13095e-15
0
0
0
0
-1.29902e-15
-1.06101e-16
-1.03809e-30
0
0
0
0
0
0
0
-8.99078e-17
2.4912e-16
-3.99281e-15
5.16947e-16
-1.26069e-16
0
0
0
0
0
0
0
0
0
0
0
0
0
0
0
0
0
0
0
0
0
0
0
0
0
0
0
0
0
0
0
0
0
0
0
0
-3.59993e-15
0
0
0
0
0
0
0
0
0
0
0
0
0
0
0
0
0
0
0
0
0
0
0
0
0
0
0
0
-6.93662e-15
0
0
0
0
0
0
0
0
0
0
0
0
0
0
0
0
0
0
0
0
0
0
0
0
0
0
0
0
0
0
0
0
0
0
0
0
0
0
0
0
0
0
0
0
0
0
0
0
0
0
0
0
0
0
0
0
0
0
0
0
0
0
0
0
0
0
4.11439e-14
0
0
0
0
0
0
0
0
0
0
0
0
0
0
0
0
0
0
0
0
0
0
0
0
0
0
0
0
0
0
0
0
0
0
0
0
0
0
0
0
0
0
0
0
0
0
0
0
0
0
0
0
0
0
0
0
-1.69618e-15
0
0
0
0
0
0
0
0
0
0
0
0
0
0
0
0
0
0
0
0
0
0
0
0
0
0
0
0
0
0
0
0
0
0
0
0
0
0
0
0
-7.68834e-16
0
0
0
0
0
0
0
0
0
0
0
0
0
0
-3.72373e-16
0
2.897e-16
0
0
0
0
0
0
0
0
-1.14306e-16
0
0
0
0
0
0
0
0
0
6.54938e-15
0
0
0
0
0
0
0
0
0
0
0
-3.42147e-16
-1.07442e-14
0
0
0
0
0
0
0
0
0
0
0
0
0
0
0
0
0
0
0
0
0
0
0
0
0
0
0
0
0
0
0
0
0
1.74902e-16
0
0
0
0
0
0
0
0
0
0
0
0
0
0
0
0
0
0
0
0
0
0
0
0
0
0
0
0
0
0
0
0
0
0
0
0
0
0
0
0
0
6.66352e-17
3.10949e-16
0
0
0
0
0
0
0
0
0
0
0
0
0
0
0
3.1249e-16
0
0
0
0
0
0
-2.61691e-17
0
0
0
0
0
0
0
0
0
-3.64903e-15
5.5566e-17
0
0
0
0
0
0
1.4764e-15
0
0
0
0
0
0
0
0
0
0
0
0
0
0
0
0
0
-4.15125e-15
3.13629e-17
0
0
0
8.67098e-15
-1.71989e-15
0
0
0
0
0
0
0
0
0
0
0
0
0
0
0
0
0
0
0
0
0
0
0
0
0
0
0
0
0
0
0
0
0
0
0
0
0
0
0
0
0
0
0
0
0
0
0
0
0
0
0
0
0
0
0
0
0
-2.018e-16
-1.93931e-15
0
0
0
0
0
0
0
0
0
0
0
0
0
0
0
0
0
0
0
0
0
0
-5.05085e-17
5.88778e-15
0
0
0
0
0
0
0
0
0
0
0
0
0
0
0
0
0
0
0
0
0
0
0
-9.40817e-17
0
0
0
0
0
0
0
0
0
0
0
0
0
0
0
0
0
0
0
0
0
0
0
0
0
0
0
0
0
0
-9.60847e-16
-1.06034e-15
1.14762e-15
0
0
0
0
0
0
0
0
0
0
0
0
0
0
0
0
0
0
8.51164e-16
0
0
0
0
0
0
0
1.55372e-16
-1.2814e-16
2.85752e-15
0
0
0
0
0
0
0
0
0
0
0
0
0
0
-5.57618e-17
-1.32635e-16
0
0
0
0
0
0
0
0
0
0
0
0
0
0
0
0
0
0
0
0
0
0
0
0
0
0
0
0
0
0
0
0
0
0
0
0
0
0
0
0
-9.1685e-16
1.81616e-16
-2.77177e-17
-2.52361e-16
0
0
0
0
0
0
0
0
0
0
0
0
0
0
0
-1.37508e-16
0
-1.21782e-14
0
0
0
0
0
0
0
0
0
0
-3.29514e-16
1.37041e-16
1.95016e-16
0
0
0
0
0
0
0
0
0
0
0
0
0
0
0
0
0
-5.08815e-15
1.79341e-16
1.23359e-16
0
0
0
0
0
0
0
0
0
0
0
0
0
0
0
0
0
0
0
0
0
0
0
0
0
0
0
0
0
-1.19084e-17
-2.08999e-15
0
-6.85743e-17
3.05392e-17
0
0
0
0
0
0
0
0
0
0
0
0
0
-1.1051e-16
8.51403e-17
1.5852e-15
0
0
0
0
0
0
0
0
0
0
0
0
0
0
0
0
0
0
0
0
0
0
0
0
0
0
0
0
-3.96611e-14
0
1.1265e-14
2.79572e-15
-3.68027e-15
0
0
0
0
0
0
0
0
0
0
0
0
0
2.38437e-16
0
0
0
0
0
0
0
0
1.39693e-16
0
0
0
0
0
0
0
0
0
0
0
0
0
0
0
0
0
0
0
0
0
0
0
0
-4.68002e-15
9.73719e-16
0
0
0
0
0
0
0
0
0
0
0
8.81546e-17
0
0
0
0
0
0
0
0
0
0
0
0
0
-4.80573e-15
-1.32737e-15
0
0
0
0
0
0
0
0
0
0
0
0
0
5.66449e-15
0
0
0
0
0
0
0
0
0
0
0
0
0
0
0
0
0
0
0
0
0
0
0
0
0
0
0
0
0
0
0
0
0
0
0
0
0
0
0
0
4.59914e-16
1.09002e-15
0
0
0
0
0
0
0
0
0
0
0
0
0
0
0
0
0
0
0
0
0
0
0
0
0
0
0
0
0
0
0
0
0
0
0
0
0
0
0
0
0
0
0
0
0
0
0
0
0
0
0
0
0
0
0
0
0
0
0
5.95265e-15
0
0
0
0
0
0
0
0
0
0
0
0
0
0
0
0
0
0
0
1.79958e-16
-8.67398e-17
-9.23329e-16
0
0
0
0
0
0
0
0
0
0
0
0
0
-1.03195e-15
0
0
0
0
0
0
0
0
0
0
0
0
0
0
0
0
0
0
0
0
0
0
0
0
0
0
0
0
0
0
0
0
0
0
0
0
0
0
0
0
0
0
-2.87396e-16
-1.28224e-14
0
0
0
0
0
0
0
0
0
0
0
0
0
0
0
0
1.26646e-16
-1.03632e-16
0
0
0
0
0
0
0
0
0
0
0
0
0
0
0
0
0
0
0
0
0
0
0
0
0
0
0
0
0
0
0
0
0
0
0
0
0
0
-1.49957e-16
-7.45309e-17
-3.79848e-17
0
0
0
0
2.65272e-15
0
0
0
-4.01933e-16
0
0
0
0
0
0
0
0
0
0
0
0
0
0
0
0
0
0
0
-8.01711e-15
0
0
0
0
0
0
0
0
-1.19296e-14
-9.71313e-32
0
0
0
0
0
0
0
0
0
0
0
-4.92663e-13
-1.96077e-11
0
0
0
0
0
0
1.88613e-16
0
0
0
0
0
0
0
0
0
0
0
0
0
0
0
0
0
0
0
0
0
0
4.32502e-16
0
0
0
0
0
0
0
0
0
0
0
0
0
0
0
0
0
0
0
0
0
0
0
0
0
0
0
0
0
-3.19618e-16
0
0
0
0
0
0
0
0
0
0
0
0
0
0
0
-1.01503e-15
0
0
0
0
0
0
0
0
0
0
0
0
0
0
-9.90311e-17
0
0
0
0
0
0
0
0
0
0
0
0
0
0
0
0
0
0
0
0
0
0
0
0
0
0
0
0
0
0
0
0
0
0
0
0
0
0
0
0
0
0
0
0
0
0
0
0
0
0
0
0
0
0
0
0
2.52946e-33
0
0
0
-6.76443e-16
0
0
0
0
0
0
0
0
0
0
0
0
0
0
0
0
0
0
0
0
0
-2.26485e-15
-1.04589e-15
0
0
0
0
0
0
0
0
0
0
0
0
0
0
0
0
0
0
0
0
0
0
0
0
0
0
0
0
0
0
0
0
0
0
0
0
0
0
0
0
0
0
0
0
0
0
0
0
0
-4.70175e-16
0
0
0
0
0
0
0
0
-1.95416e-16
0
0
0
0
0
0
0
-1.61886e-32
0
-3.08709e-15
-8.85728e-17
7.64472e-17
0
0
0
0
0
0
0
0
0
0
0
0
0
0
0
0
0
0
0
0
0
0
0
0
0
0
0
0
1.11892e-14
-3.75404e-15
0
0
0
0
0
0
0
0
0
0
0
-6.67225e-17
2.38737e-16
0
0
0
0
0
0
0
-5.24245e-16
0
-4.28432e-16
2.48884e-16
1.14405e-16
0
0
0
0
0
0
0
0
0
0
0
0
0
0
0
0
0
0
0
0
0
1.34423e-15
0
-3.95879e-16
0
3.62522e-15
5.87921e-17
6.48653e-17
-2.9586e-14
0
0
0
0
0
0
-4.86134e-15
0
0
-8.37836e-15
0
0
0
0
0
0
0
0
0
0
0
0
0
0
0
0
0
0
0
0
0
0
0
0
0
0
0
0
0
0
0
0
0
0
0
0
0
0
0
0
0
0
0
0
0
0
0
0
0
0
0
0
0
0
0
0
0
0
0
0
0
0
0
0
0
0
0
0
0
0
0
0
0
0
0
0
0
0
0
0
0
0
3.91151e-15
0
-1.00105e-14
0
0
-5.7223e-16
0
0
0
2.21523e-16
-1.04353e-16
0
0
0
0
0
0
0
0
0
0
0
0
0
0
0
0
0
0
0
0
0
0
0
0
1.8804e-14
0
-2.01473e-14
0
0
0
0
0
0
0
0
0
0
0
0
0
0
0
0
0
0
0
0
0
0
0
4.25845e-17
0
0
0
0
0
0
0
0
0
0
0
0
0
0
0
0
0
0
0
0
0
0
0
0
0
0
0
0
0
0
0
0
0
0
0
0
0
0
0
0
0
-1.30214e-15
0
0
0
0
0
0
0
0
0
0
0
0
0
0
0
0
0
0
0
0
0
0
0
0
0
0
0
0
0
0
0
0
0
-1.50819e-14
-5.72744e-14
0
0
0
0
0
0
0
0
-1.18837e-15
0
0
0
-1.258e-16
1.83191e-16
0
0
0
0
0
0
0
0
0
0
0
0
6.56601e-17
0
0
0
0
0
0
0
0
0
0
0
0
0
0
0
0
4.43159e-15
0
0
0
0
0
0
0
0
0
0
0
0
0
0
0
0
1.40842e-15
0
0
0
0
0
0
0
0
0
0
0
0
0
0
0
0
0
-1.87549e-16
2.21432e-17
0
0
0
0
0
0
0
2.84073e-17
0
3.82659e-16
0
0
0
0
0
0
0
0
-3.07741e-14
7.28551e-16
5.10378e-15
0
0
0
0
0
0
0
0
0
0
-3.5925e-14
0
0
0
0
0
0
0
1.35358e-16
0
0
0
0
0
0
0
0
0
0
0
0
0
0
0
0
0
0
0
0
0
0
0
0
0
0
0
0
0
0
0
0
0
0
0
0
0
0
-2.39841e-16
2.3493e-14
-6.92586e-17
0
0
0
0
0
-1.39084e-15
0
0
0
0
0
-4.94186e-16
-3.13077e-14
0
0
0
0
0
0
0
0
0
0
0
0
0
0
0
0
0
0
0
2.90666e-14
0
0
0
0
0
2.7634e-16
0
0
0
0
0
0
0
0
0
0
0
0
0
0
0
0
0
0
0
0
0
0
0
0
0
0
0
0
0
0
0
0
0
0
0
0
0
0
-3.35473e-17
-1.25068e-15
0
0
0
0
0
0
0
0
0
0
5.17687e-15
0
0
0
0
0
0
0
0
0
0
0
4.16195e-15
0
0
0
0
0
1.31011e-16
-4.12925e-16
0
0
0
0
0
0
0
-9.91028e-16
0
0
0
0
0
0
0
0
0
0
0
0
-1.05547e-16
0
0
0
0
0
0
0
0
0
0
0
0
0
0
0
0
0
0
0
0
0
0
0
0
5.41456e-15
0
0
0
0
0
0
0
0
0
0
0
0
-2.839e-16
0
0
0
0
0
0
0
0
0
0
0
0
0
0
0
0
0
0
0
0
0
0
0
0
0
0
0
0
0
0
0
0
0
0
0
0
0
0
0
0
0
-3.57757e-16
0
-9.97582e-16
0
0
0
0
0
0
0
0
0
0
0
0
0
0
0
0
0
0
0
0
0
0
0
0
0
0
0
0
0
0
0
0
0
0
0
0
-5.87199e-16
1.96886e-16
-8.02364e-15
0
3.36715e-16
0
0
0
0
0
0
0
0
0
0
0
0
0
0
0
0
0
0
0
0
0
0
0
0
0
0
0
0
0
0
0
0
0
0
-1.02893e-16
-9.22294e-17
0
0
0
0
0
0
0
-1.87659e-17
0
0
0
0
0
0
0
0
0
0
0
0
0
0
0
0
0
0
0
0
0
0
0
0
0
0
0
0
0
0
0
0
0
0
0
0
0
0
0
0
0
0
0
0
0
-1.12088e-14
0
0
2.5472e-14
3.42245e-14
0
0
0
0
0
0
0
0
0
0
0
0
0
0
0
0
0
0
0
0
0
0
0
0
0
0
0
0
0
0
-2.3884e-16
-2.66464e-16
7.53916e-17
0
0
0
0
0
0
0
0
0
0
0
0
0
0
0
0
0
0
0
0
0
0
5.58552e-16
0
0
7.87055e-17
-2.70803e-16
0
0
0
-5.5684e-16
0
0
0
0
0
0
0
0
-1.04416e-30
0
0
0
0
0
0
0
0
0
0
0
0
0
0
0
0
0
0
0
0
0
0
2.34308e-14
0
0
0
0
0
0
0
0
0
0
0
0
8.70315e-16
0
0
0
0
0
0
0
0
0
0
0
0
0
0
0
0
0
0
0
0
0
0
0
0
0
0
0
0
0
0
6.72605e-16
0
0
0
0
0
0
0
0
0
0
0
0
0
0
0
0
0
0
0
0
0
0
0
0
0
0
0
0
0
0
0
0
0
0
0
0
0
0
0
0
0
0
0
0
0
0
0
0
0
0
0
0
0
0
0
0
0
0
0
0
0
0
0
0
0
0
3.61142e-17
-6.72644e-14
0
0
0
0
0
0
0
0
0
0
0
0
0
0
0
0
0
0
0
-4.4041e-16
6.77086e-16
0
0
0
0
0
0
0
3.72811e-16
-3.14322e-14
0
0
0
0
0
0
0
0
0
0
0
0
0
0
0
0
0
0
0
0
0
0
0
0
0
0
0
0
0
0
0
0
0
0
0
0
0
0
0
0
0
0
0
0
0
0
0
0
0
0
0
0
0
0
0
0
0
7.40116e-15
-1.27961e-15
0
0
0
0
0
0
0
2.17169e-15
0
-2.65777e-14
0
0
0
0
0
0
0
0
0
0
0
0
0
0
0
0
0
0
1.41349e-16
0
0
0
0
0
0
0
0
0
0
0
0
0
0
0
0
0
0
0
0
0
0
0
0
0
0
0
0
0
0
0
0
0
0
0
0
0
0
0
0
0
0
0
0
0
0
-4.34869e-16
1.11259e-17
0
0
0
0
0
0
0
0
0
0
0
0
0
0
0
0
0
0
0
0
0
0
-1.07291e-15
0
0
0
1.59038e-14
0
0
0
0
0
0
0
0
0
0
0
0
0
0
0
0
0
0
0
0
0
0
0
0
0
0
0
0
-3.53411e-14
0
0
0
0
0
0
-8.61813e-14
0
0
0
0
0
0
0
0
0
0
0
0
0
0
0
0
0
0
0
0
0
0
0
0
0
0
0
0
0
0
0
0
0
0
0
0
-8.5465e-15
-2.66492e-16
0
0
0
0
0
0
0
0
0
0
0
0
0
0
0
0
3.29116e-16
8.92605e-17
-1.08081e-14
0
0
0
0
0
0
0
0
0
0
0
0
0
0
0
0
0
0
0
0
0
0
0
0
0
0
0
0
0
0
0
0
0
0
0
0
0
0
0
0
0
0
0
0
0
0
7.10496e-15
3.3582e-16
0
0
0
0
0
-3.09722e-14
0
0
0
0
0
0
0
0
0
0
0
0
0
0
0
0
0
0
0
0
0
0
0
0
0
0
0
0
0
0
0
0
0
0
0
0
0
0
0
0
0
0
0
0
0
0
0
0
0
-3.86891e-17
-4.8364e-16
0
0
0
0
-6.35087e-16
0
0
0
0
0
2.84637e-17
1.10352e-17
0
0
0
0
0
0
6.93716e-16
6.62225e-16
0
0
0
0
0
0
0
0
0
0
0
0
0
0
0
0
0
0
0
0
0
0
0
0
0
0
0
0
0
0
0
0
0
-7.56055e-15
-3.61402e-14
-2.01466e-16
0
0
0
0
0
0
0
0
0
5.85165e-17
-1.55481e-16
0
0
0
0
0
0
0
0
0
0
-1.77118e-16
0
0
7.9671e-15
-4.86243e-15
0
0
0
0
0
0
0
0
0
0
0
0
0
0
0
0
0
0
0
3.55774e-17
3.98557e-15
1.94712e-18
0
0
0
0
0
0
7.20081e-14
1.13831e-15
0
0
0
0
0
0
0
0
0
-2.44695e-15
0
0
0
0
0
0
0
0
0
0
0
0
0
0
0
0
0
0
0
0
0
0
0
0
0
0
0
0
0
0
0
0
0
0
0
0
0
0
0
0
0
0
3.52154e-17
0
0
0
0
0
0
0
0
0
0
0
0
0
0
0
0
0
0
0
0
0
0
0
0
0
0
0
0
0
0
0
0
0
0
0
0
0
0
0
0
0
0
0
0
0
0
0
0
0
0
0
0
0
0
0
0
0
0
0
0
0
0
0
0
0
0
0
0
0
0
0
0
0
0
0
0
-3.77163e-16
1.35713e-14
0
0
0
0
0
0
0
0
0
0
0
0
0
0
0
0
0
0
0
0
0
0
0
0
0
0
0
0
0
0
0
0
0
0
0
0
6.24062e-15
0
0
0
0
0
0
0
0
0
0
-7.39425e-14
0
0
0
0
0
0
0
0
0
0
0
0
0
0
0
0
0
0
0
0
0
0
0
0
0
0
0
0
0
0
0
0
0
0
0
0
0
0
0
0
0
0
0
0
0
0
0
3.66571e-14
3.82258e-15
0
0
0
0
0
0
0
0
0
0
0
0
0
0
0
0
0
0
0
0
0
0
0
0
0
0
0
0
0
0
0
0
-8.37503e-15
0
0
0
0
0
0
0
0
0
0
0
0
0
0
0
0
0
0
0
0
0
0
-2.39209e-16
0
8.37343e-16
0
0
6.50971e-17
1.89918e-15
0
0
0
0
0
0
0
0
0
0
0
0
0
0
0
0
0
0
0
0
0
0
0
0
0
0
0
0
0
0
0
-2.93621e-16
-5.92684e-16
0
0
0
0
0
0
0
0
0
0
0
0
0
0
0
0
0
0
0
0
0
0
0
0
-2.60598e-17
2.07455e-16
-2.96668e-15
0
0
0
0
0
0
0
0
0
0
0
0
0
0
0
0
0
0
0
0
0
0
0
0
0
0
0
0
0
0
0
0
0
0
9.99708e-14
0
-4.67518e-15
0
0
0
0
0
0
0
0
0
-9.94099e-16
0
0
0
0
0
0
0
0
0
0
0
0
0
0
0
0
0
-2.72726e-15
0
0
0
-3.49686e-14
0
0
0
0
0
0
0
0
0
0
0
0
0
-3.85539e-16
-2.83834e-14
0
0
0
0
0
0
0
0
0
0
0
0
0
0
0
0
0
0
3.97788e-17
-9.44089e-14
0
0
0
2.38656e-16
0
0
0
0
0
0
0
0
0
0
0
0
0
0
0
0
0
0
0
0
0
0
0
0
0
0
0
0
0
0
0
0
0
0
0
0
0
0
0
0
0
0
8.86986e-15
0
0
0
0
0
0
0
0
0
0
0
0
0
0
0
0
1.05737e-14
0
0
0
0
0
0
0
0
0
0
0
0
0
0
0
0
0
0
0
0
0
0
0
0
0
0
0
0
0
0
0
0
0
0
0
0
0
0
0
0
0
-9.00169e-16
0
0
0
0
0
0
0
0
0
0
0
0
0
4.11291e-16
0
0
0
0
0
0
0
0
0
1.12289e-15
0
0
0
0
0
-1.26688e-15
0
0
0
0
0
0
0
0
0
0
0
0
0
0
0
0
0
0
0
0
0
0
0
0
0
0
0
0
0
0
0
0
0
0
0
0
0
0
0
0
0
0
0
0
4.16441e-17
0
0
0
-1.20057e-15
0
0
0
0
0
0
0
0
0
0
-1.98528e-15
0
0
0
0
0
0
0
0
0
0
0
0
0
0
0
0
0
0
0
0
0
7.76652e-14
0
0
0
0
0
0
0
0
0
0
0
1.2534e-16
0
0
0
0
0
0
0
0
0
0
0
0
0
0
0
0
0
0
0
2.43358e-15
0
0
0
0
0
0
0
0
0
0
0
0
0
0
0
0
0
0
0
0
0
0
0
0
0
0
0
0
0
0
0
0
0
0
0
0
0
0
0
0
0
0
0
0
0
0
0
0
0
0
0
0
0
0
0
0
0
0
-2.37796e-14
2.42877e-14
0
0
0
0
0
0
0
0
0
0
0
0
0
0
0
0
0
0
0
0
0
0
0
0
0
0
0
0
0
0
0
0
0
0
0
1.78306e-14
-1.80397e-14
0
0
0
0
0
-9.00621e-17
0
0
0
0
0
0
0
0
0
0
0
0
0
0
0
0
0
0
0
0
0
0
0
0
0
0
0
0
0
0
0
0
0
0
0
0
0
0
0
0
0
-2.42537e-16
5.27334e-16
0
0
0
0
0
0
0
0
0
0
0
0
0
0
0
0
0
0
0
0
0
0
0
0
0
0
0
0
0
0
0
0
0
0
0
0
0
0
0
0
0
0
0
-8.3889e-15
0
0
0
0
0
0
0
0
0
0
0
0
-3.56945e-17
-1.10697e-16
0
0
0
0
0
0
0
0
0
0
0
0
0
0
0
-6.14785e-14
-3.10521e-16
0
0
0
0
0
0
0
0
0
0
0
0
0
0
0
0
0
0
0
0
0
0
0
0
0
2.85672e-16
0
3.97266e-16
-1.46264e-16
0
0
0
0
0
0
0
0
0
-2.41953e-16
3.81705e-16
0
0
0
0
0
0
0
0
0
0
0
0
0
0
0
0
1.00919e-15
0
0
0
0
0
0
0
0
-5.42184e-14
0
0
0
0
0
0
0
0
0
0
0
0
0
0
0
0
0
0
0
0
0
0
0
0
1.59628e-15
4.60685e-16
-8.89143e-17
-1.27407e-15
0
0
0
0
0
0
0
0
0
0
0
0
0
0
0
0
0
0
0
0
0
0
0
0
0
-3.11826e-17
-8.96779e-17
0
0
0
0
0
0
0
0
0
0
5.18707e-16
0
0
0
0
0
0
0
0
0
-5.60928e-16
-4.48072e-15
0
0
0
0
0
0
0
0
0
0
0
0
0
0
1.77501e-16
0
0
0
0
0
0
0
0
0
0
0
0
0
0
0
0
0
0
0
0
0
0
0
0
0
0
0
0
-1.33328e-16
0
0
0
0
0
0
0
0
0
0
0
0
0
0
0
3.19722e-16
0
-2.30504e-16
0
0
0
0
0
0
0
0
0
0
0
0
0
0
0
0
0
0
0
0
0
-5.33152e-17
0
0
0
0
0
0
0
0
0
0
0
-1.0499e-16
-1.9748e-16
0
0
0
0
0
0
0
0
0
0
0
0
0
0
0
0
0
0
0
0
0
0
0
0
0
0
0
0
0
0
0
0
0
0
0
0
0
0
0
0
0
0
0
0
0
0
0
0
0
0
0
0
0
0
0
0
0
0
0
-4.74334e-16
0
0
0
0
0
0
0
0
-3.46649e-14
-4.91413e-14
0
0
0
0
0
0
0
0
0
0
0
0
0
0
0
0
0
0
0
0
0
0
0
0
0
0
0
0
0
0
0
0
0
0
0
0
0
0
0
0
0
0
0
0
0
0
0
0
0
0
0
0
0
0
1.66429e-16
-1.56646e-16
7.53068e-16
0
0
0
0
0
0
0
0
0
0
0
0
0
0
-1.0641e-16
0
0
0
0
0
0
0
0
0
0
0
0
0
0
0
0
0
0
0
0
0
0
0
0
0
0
0
0
0
0
0
0
0
0
0
0
0
0
0
0
0
0
0
0
0
0
0
0
0
0
0
0
0
0
0
0
0
0
0
0
0
0
0
0
0
0
0
0
0
0
0
0
0
0
0
0
0
0
0
0
0
0
0
0
0
0
0
0
0
0
0
0
0
0
0
0
0
0
0
0
0
0
0
0
0
0
0
0
0
0
0
0
0
0
0
0
0
0
0
0
0
0
0
0
0
-1.51936e-15
-1.53079e-15
0
0
0
0
0
0
0
0
0
0
0
0
0
0
0
0
0
0
0
0
0
0
0
0
0
0
0
0
0
0
0
0
0
0
0
0
0
0
0
0
0
0
0
0
0
0
0
0
0
0
0
0
0
0
0
0
0
0
0
0
0
0
0
0
0
0
0
0
0
3.1078e-17
0
0
0
0
0
0
0
0
0
0
0
0
0
0
0
0
0
0
0
0
0
0
0
0
0
0
0
0
0
0
0
0
0
0
0
0
0
0
0
0
0
0
2.59183e-15
0
0
0
0
0
0
0
0
0
0
0
0
0
0
0
0
0
0
0
0
0
0
0
0
0
0
0
0
0
0
0
-2.5503e-14
-5.78732e-16
0
0
0
0
0
0
0
0
0
0
0
-5.06175e-15
0
0
0
0
0
0
0
1.4248e-14
6.43699e-15
0
0
0
0
0
0
0
0
0
0
0
0
-9.71398e-17
0
0
0
0
0
0
0
0
0
0
0
0
0
0
0
0
0
0
0
0
0
0
0
0
0
0
0
0
0
0
0
0
0
0
0
0
0
0
0
0
0
0
0
-7.39737e-15
0
0
0
0
0
0
0
0
0
0
0
0
0
0
0
0
0
0
0
0
0
0
0
0
0
0
0
0
0
0
0
0
0
0
0
0
0
0
0
0
0
0
0
0
0
0
0
0
0
0
0
0
0
0
0
0
0
0
0
0
0
0
0
0
0
0
0
0
0
0
0
0
0
0
0
0
0
0
0
0
0
0
0
0
0
0
0
0
0
0
0
0
0
-5.32585e-17
0
0
0
0
0
0
0
0
0
0
0
0
0
0
0
0
0
0
0
0
0
0
0
0
0
0
0
0
0
0
0
0
0
0
0
0
0
0
0
0
0
0
0
0
0
0
0
0
0
0
0
0
0
0
0
0
0
0
0
0
0
0
0
0
0
0
0
0
0
0
0
0
0
0
0
0
0
0
0
0
0
0
0
0
0
0
0
0
0
0
0
0
0
0
0
0
0
0
0
0
0
0
0
0
0
0
0
0
0
0
0
0
0
0
0
0
0
0
0
0
0
0
0
0
0
0
0
0
0
0
0
0
0
-1.83326e-15
0
0
0
0
0
0
0
0
0
0
0
0
0
0
0
0
0
0
0
0
0
0
0
0
0
0
0
0
0
0
0
0
0
0
0
0
0
0
0
0
0
0
0
0
0
0
0
0
0
0
0
0
0
0
0
0
0
0
0
0
0
0
0
0
0
0
0
0
0
0
0
-6.31582e-14
1.30602e-15
0
0
0
0
0
0
0
0
0
0
0
0
0
0
0
0
0
0
0
0
0
0
0
0
0
0
0
0
0
0
0
0
0
0
0
0
0
0
0
0
0
0
0
0
0
1.49735e-17
-2.0906e-17
0
0
0
0
0
0
0
0
0
0
0
0
0
0
0
0
0
0
0
0
0
0
0
0
0
0
0
0
0
0
0
0
0
0
0
0
0
0
0
0
0
0
0
0
0
0
0
0
0
0
0
0
0
0
0
0
0
0
0
0
0
0
0
0
0
0
0
0
0
0
0
0
0
0
2.32464e-14
0
0
0
0
0
0
0
0
0
0
0
0
0
0
0
0
0
0
0
0
0
0
0
0
0
0
0
0
0
0
0
0
0
0
0
0
0
0
0
0
0
0
0
0
0
0
0
0
0
0
0
0
0
0
0
0
0
0
0
0
0
0
0
0
0
0
0
0
0
0
0
0
0
0
0
0
0
0
0
0
0
0
0
0
0
0
0
0
0
0
0
0
0
0
0
0
0
0
0
0
0
0
0
0
0
0
0
0
0
0
0
0
0
0
0
0
0
0
0
0
-3.51552e-16
1.04926e-16
0
0
0
0
0
0
0
0
0
0
0
0
0
0
0
0
0
0
0
0
0
0
0
0
0
0
0
0
0
0
0
0
0
0
0
0
0
0
0
0
0
0
0
0
0
0
0
0
0
0
0
0
0
0
0
0
0
0
0
0
0
0
0
0
0
0
0
0
0
0
0
0
0
0
0
0
0
0
0
0
0
0
0
0
0
0
0
0
0
-2.44213e-16
-2.88408e-17
0
0
0
0
0
0
0
0
0
0
0
0
0
0
0
0
0
0
0
0
0
0
0
0
0
0
0
0
0
0
0
0
0
0
0
0
0
0
0
0
0
0
0
0
0
0
0
0
0
0
0
0
0
1.91537e-16
0
0
0
0
0
0
0
0
0
0
0
0
0
0
0
-6.26195e-17
-1.23673e-16
0
0
0
0
0
0
0
0
0
0
0
0
0
0
0
0
0
-6.91864e-17
-1.23581e-16
0
0
0
0
0
0
0
0
0
0
0
0
0
0
0
0
0
0
0
0
0
0
0
0
0
0
0
0
0
0
0
0
0
0
0
0
0
0
0
0
0
0
0
5.98851e-16
-5.35773e-16
-1.08668e-15
0
0
0
0
0
0
0
0
0
0
0
0
0
0
0
0
0
0
0
0
0
0
0
0
0
0
0
0
1.05985e-15
-1.35664e-16
0
0
0
0
0
0
0
0
0
0
0
0
0
0
0
0
0
0
0
0
0
0
0
0
0
0
0
0
0
0
0
0
0
0
0
0
0
0
0
0
0
0
0
0
0
0
0
0
0
0
0
0
0
0
0
0
0
0
0
0
0
0
0
0
0
0
0
0
0
0
0
0
0
-5.64694e-16
0
0
0
0
0
0
0
0
0
0
0
0
0
6.18913e-16
0
-3.72852e-17
0
0
0
0
0
0
0
0
0
0
0
0
0
0
0
0
0
0
0
0
0
0
0
0
0
0
0
0
0
2.64781e-16
0
0
0
0
0
0
0
0
0
0
0
0
0
0
0
0
0
0
0
0
0
1.7077e-13
0
0
0
0
0
0
0
0
0
0
0
0
0
0
0
0
0
0
0
0
0
0
0
0
0
0
0
0
0
0
0
0
0
0
0
0
0
0
0
0
0
0
0
0
0
0
0
0
0
0
0
0
0
0
0
0
0
0
0
0
0
0
0
0
0
0
0
0
0
5.38459e-15
0
0
0
0
0
0
0
0
0
0
0
0
0
0
0
0
0
0
0
0
0
0
0
0
0
0
0
0
0
0
0
0
0
0
0
0
0
0
0
-1.06406e-15
-2.2145e-16
9.19235e-16
0
0
0
0
0
1.12479e-13
0
0
0
0
0
0
0
0
0
0
0
0
0
0
0
0
0
0
0
0
0
0
0
0
0
0
0
0
0
0
0
0
0
0
0
0
0
1.88346e-16
0
0
0
0
0
0
0
0
0
0
0
0
0
0
0
0
0
0
0
0
0
0
0
0
0
0
0
0
0
0
0
0
0
0
0
0
0
0
0
0
0
0
0
0
0
0
0
0
0
0
0
0
0
0
0
0
0
0
0
0
0
0
0
0
0
0
0
0
0
0
0
0
0
0
0
0
0
0
0
0
0
0
0
0
0
0
0
0
0
0
0
0
0
0
0
0
0
0
0
0
0
0
0
0
0
0
0
0
0
0
0
0
0
0
0
0
0
0
0
0
0
0
0
0
0
0
0
0
0
0
0
0
0
0
0
0
0
0
0
0
0
0
0
0
0
0
0
0
0
0
0
0
0
0
-5.89808e-18
0
0
0
0
0
0
0
0
0
0
0
0
0
-1.48775e-14
0
0
0
0
0
0
0
0
0
0
0
0
0
0
0
0
0
0
0
0
0
1.12946e-14
-1.80203e-16
0
0
0
0
0
0
0
0
0
0
0
0
0
0
0
0
0
0
0
0
0
0
0
0
0
0
0
0
0
0
0
0
0
0
0
0
0
0
0
0
0
0
0
0
0
0
0
0
0
0
0
0
0
0
0
0
0
0
0
0
0
0
0
0
0
0
0
0
0
0
0
0
0
0
0
0
0
0
0
0
0
0
0
0
0
0
0
0
0
0
0
0
0
0
0
0
0
0
0
0
0
0
0
0
0
0
0
0
0
0
0
0
0
0
0
0
0
0
0
0
0
0
0
0
0
0
0
0
0
0
0
0
0
0
0
0
0
0
0
0
0
0
0
0
0
0
0
0
0
0
0
0
0
0
0
0
0
0
0
0
0
0
0
0
-7.31531e-17
0
0
0
0
0
0
0
0
0
0
0
0
0
0
0
0
0
0
0
0
0
0
0
0
0
0
0
0
0
0
0
0
0
0
0
0
0
0
0
0
0
0
0
0
0
0
0
0
0
0
0
0
0
0
6.53771e-14
0
0
0
0
0
0
0
0
0
0
0
0
0
0
0
0
0
0
0
0
0
0
0
0
0
0
0
0
0
0
0
0
0
0
0
0
0
0
0
0
0
0
0
0
0
0
0
0
0
0
0
0
0
0
0
0
0
0
0
0
0
0
0
0
0
0
0
0
0
0
0
0
0
0
0
0
0
0
0
0
0
0
0
0
0
0
0
0
0
0
0
0
0
0
0
0
0
0
0
0
0
0
0
0
0
0
0
0
0
0
0
0
0
0
0
0
0
0
0
0
0
0
0
0
0
0
0
0
0
0
4.02207e-14
0
0
0
0
0
0
0
0
0
0
0
0
0
0
0
0
0
0
0
0
0
0
0
0
0
0
0
0
0
0
0
0
0
0
0
0
-1.72071e-16
0
0
0
0
0
0
0
0
0
0
0
0
0
0
0
0
0
0
0
0
0
0
0
0
0
0
0
0
0
0
0
0
0
-1.17223e-16
0
0
0
0
0
0
0
0
0
0
0
0
0
0
0
0
0
0
0
0
0
0
0
0
0
0
0
0
0
0
0
0
0
0
0
0
0
0
0
0
0
0
0
0
0
0
0
0
0
0
0
0
0
0
0
0
0
0
0
0
0
0
0
0
0
0
0
0
2.27692e-15
0
0
0
0
0
0
0
0
0
0
0
0
0
0
0
0
0
0
0
0
0
0
0
0
0
0
0
0
0
0
0
0
0
0
0
0
0
0
0
0
0
0
0
0
0
-4.14797e-17
1.17697e-17
0
0
0
0
0
0
0
0
0
0
0
0
0
0
0
0
0
0
0
0
0
0
0
0
0
0
0
0
0
0
0
0
0
0
0
0
0
0
0
0
0
0
0
0
0
0
0
0
0
0
0
0
0
0
0
0
0
0
0
0
0
0
0
0
0
0
0
0
0
0
0
0
0
0
0
0
0
0
0
0
0
0
0
0
0
0
0
0
0
0
0
0
0
0
0
0
0
0
0
0
0
0
0
0
0
0
0
0
0
0
0
0
0
0
0
0
0
0
0
0
0
0
0
0
0
0
0
0
0
0
0
0
0
0
0
0
0
0
0
0
0
0
0
0
0
0
0
0
0
0
0
0
0
2.14533e-15
0
0
0
0
0
0
0
0
0
0
0
0
0
0
0
0
0
0
0
0
0
0
0
0
0
0
0
0
0
0
0
0
0
0
0
0
0
0
0
0
0
0
0
0
0
0
0
0
0
0
0
0
0
0
0
0
0
0
0
0
0
0
0
0
0
0
0
0
0
0
0
0
0
0
0
0
0
0
0
0
0
0
0
0
0
0
0
0
0
0
0
0
0
0
0
0
-1.58078e-15
0
0
0
0
0
0
0
0
0
0
0
0
0
0
0
0
0
0
0
0
0
0
0
0
0
0
0
0
0
0
0
0
0
0
0
0
0
0
0
0
0
0
0
0
0
0
0
0
0
0
0
0
0
0
0
0
0
0
0
0
0
0
0
0
0
0
0
0
0
1.0823e-17
3.08331e-16
0
0
0
0
0
0
0
0
0
0
0
0
0
0
0
0
0
0
0
0
0
0
0
-9.65634e-17
0
0
0
0
0
0
0
0
0
0
0
0
0
0
0
0
0
0
0
0
0
0
-1.80772e-16
6.44772e-16
-4.34561e-17
0
0
0
0
0
0
0
0
0
-5.23335e-17
4.96703e-16
0
0
-2.97068e-17
0
0
0
0
0
0
0
0
0
0
0
0
0
0
0
0
0
0
0
0
0
0
0
0
0
0
0
0
0
0
0
0
0
0
0
0
0
2.53931e-16
0
0
0
0
0
0
0
0
0
0
0
0
0
0
0
0
-6.63891e-16
-6.24468e-14
0
0
0
0
0
0
0
0
0
0
0
0
0
0
0
0
0
0
0
0
0
0
0
0
0
0
0
0
2.45602e-13
7.25996e-16
0
0
0
0
0
0
0
0
0
0
0
0
0
0
0
0
0
0
0
0
0
0
0
0
0
0
0
0
0
0
0
0
0
0
0
0
0
0
0
0
0
0
0
0
0
0
0
0
0
0
0
0
0
0
0
0
0
0
0
0
0
0
0
0
0
0
0
0
0
0
0
0
0
0
0
0
0
0
0
-6.95768e-15
0
0
0
0
0
0
0
0
0
0
0
0
0
0
0
0
0
0
0
0
0
0
0
0
0
0
0
0
0
0
0
0
0
0
-4.85479e-16
0
0
0
0
0
0
0
0
0
0
0
0
0
0
0
0
0
0
0
0
0
0
0
0
0
0
8.6395e-17
0
0
0
0
0
0
0
0
0
0
0
0
0
0
0
0
0
0
0
-2.33653e-15
4.62081e-15
0
0
0
0
0
0
0
-1.88484e-16
0
0
0
0
0
0
0
0
0
0
0
0
0
0
0
0
0
0
0
0
0
0
0
0
-2.7398e-16
1.05151e-15
0
0
0
0
0
0
0
0
0
0
0
0
0
0
0
0
0
0
0
0
0
0
0
0
0
0
0
0
0
0
0
0
0
0
0
0
0
0
0
0
0
0
0
0
0
0
0
0
0
0
0
0
0
0
0
0
0
0
0
0
0
0
0
0
0
0
0
0
0
0
0
0
0
0
0
0
0
5.83496e-17
0
0
0
0
0
0
0
0
0
0
0
0
0
0
0
0
0
6.55093e-15
0
0
0
0
0
0
0
0
0
0
0
0
0
0
0
0
0
0
0
0
0
0
0
0
0
0
0
0
0
0
0
0
0
0
0
0
0
0
0
0
0
0
0
0
0
0
0
0
0
0
0
0
0
0
0
0
0
0
0
-4.64245e-16
0
1.17635e-17
0
0
0
0
0
0
0
0
0
-5.68366e-14
0
0
0
0
0
0
0
0
0
0
0
0
0
0
0
0
0
-3.83773e-16
2.25445e-16
0
0
-2.86369e-17
0
0
0
0
0
0
0
0
0
0
0
0
0
0
0
0
0
0
0
0
0
0
0
0
0
0
0
0
0
0
0
-1.32271e-13
0
0
0
0
0
0
0
0
0
0
0
0
0
0
0
0
0
0
0
0
0
0
0
0
0
0
0
1.49278e-17
5.98307e-18
0
0
0
0
0
0
0
0
0
0
0
0
0
0
0
0
0
0
0
0
0
0
0
0
0
0
0
0
0
0
0
0
0
0
0
0
0
0
0
0
0
0
0
0
0
0
0
0
0
0
0
0
0
0
0
0
0
0
0
0
0
0
0
0
0
0
0
0
0
0
0
0
0
0
0
0
0
0
0
0
0
0
0
0
0
0
0
0
0
0
0
0
0
0
0
0
0
0
0
0
0
0
0
0
0
0
0
0
0
0
0
0
-2.6893e-15
0
3.1735e-16
0
0
0
0
0
0
0
0
0
0
0
0
0
0
0
0
0
0
0
0
0
0
0
0
0
0
0
0
0
0
0
0
4.17319e-14
0
0
0
0
0
0
0
0
0
0
0
0
0
0
0
0
0
0
0
0
0
0
0
0
0
0
0
0
0
0
0
0
0
0
0
0
0
0
0
0
0
0
0
0
0
0
0
0
0
0
0
0
0
0
0
0
0
0
0
0
0
0
0
0
0
0
0
0
0
0
0
0
0
0
0
0
0
0
0
0
0
0
0
0
0
0
0
0
0
-9.06907e-15
0
0
0
0
0
0
0
0
0
0
0
0
0
0
0
0
0
0
0
0
0
0
0
0
0
0
0
0
0
0
0
0
0
0
0
0
0
0
0
0
0
0
0
0
0
0
0
0
0
0
0
0
0
0
0
0
0
0
0
0
0
0
0
0
0
0
0
0
0
0
0
0
0
0
0
0
0
0
0
0
0
0
0
0
0
0
0
0
0
0
0
0
0
0
0
0
0
0
0
0
0
2.37875e-15
0
0
0
0
0
0
0
0
0
0
0
0
0
0
0
0
0
0
0
0
0
0
0
0
0
0
0
0
0
0
0
-1.87313e-14
0
0
0
0
0
0
0
0
0
0
0
0
0
0
0
0
0
0
0
0
0
0
0
0
0
0
0
0
0
0
0
0
0
0
0
0
0
0
0
0
0
0
0
0
0
0
0
0
0
0
0
0
0
0
0
0
0
0
0
0
0
0
0
0
0
0
0
0
0
0
0
0
0
0
0
0
0
-5.99913e-17
0
0
0
0
0
0
0
0
0
0
0
0
0
0
0
0
0
0
0
0
0
0
0
0
0
0
0
0
0
4.79527e-16
-1.67451e-15
0
0
0
0
0
0
0
0
0
0
0
0
0
0
0
0
0
0
0
0
0
0
0
0
0
0
0
0
0
0
0
0
0
0
0
0
0
0
0
0
0
0
0
0
0
0
0
0
0
0
0
0
-2.99093e-17
0
0
0
0
0
0
0
0
0
0
0
0
0
0
0
0
0
0
0
0
0
0
0
0
0
0
0
0
0
0
0
0
0
0
0
0
0
0
0
0
0
0
0
0
0
0
0
0
0
0
0
0
0
0
0
0
0
0
0
0
0
0
0
0
0
0
0
0
0
0
0
0
6.98611e-17
0
0
0
0
9.91224e-16
0
0
0
0
0
0
0
0
0
0
0
0
0
0
0
0
-1.36263e-16
5.3185e-16
7.24009e-17
0
0
0
0
0
0
0
0
0
0
0
0
0
0
0
0
0
0
0
0
0
0
0
9.15599e-16
1.59472e-16
1.58799e-16
2.38703e-16
0
0
0
0
0
0
0
0
0
0
0
0
0
0
9.12083e-15
0
0
0
0
6.10025e-14
0
0
0
0
0
0
0
0
4.14811e-17
0
0
0
0
0
0
0
0
0
0
0
0
0
0
0
-1.18875e-15
0
0
0
0
0
0
0
0
-2.95576e-16
0
0
0
0
0
0
0
0
0
0
0
0
0
0
0
0
0
0
0
0
0
0
0
0
0
0
0
0
0
0
0
0
0
0
0
0
0
1.4383e-15
0
0
0
0
0
0
0
0
0
0
0
0
0
0
0
0
0
0
0
0
0
0
0
0
0
0
-6.86424e-17
0
0
0
0
0
0
0
0
0
0
0
0
0
0
0
0
0
0
0
0
0
0
0
0
0
0
-5.33078e-17
0
0
0
0
0
0
0
0
0
0
0
2.94409e-14
0
0
0
-1.88122e-16
0
0
0
0
0
0
-4.18153e-16
0
0
4.52166e-15
0
2.58676e-14
0
0
0
0
0
0
0
0
0
0
0
0
0
0
0
0
0
0
0
0
0
0
0
0
0
0
0
0
0
0
0
0
0
0
9.58518e-17
0
0
0
0
0
0
0
0
0
0
0
0
0
0
0
0
0
0
0
0
0
0
0
0
0
0
0
0
0
0
0
0
0
0
0
0
0
0
0
0
0
0
0
0
0
0
0
0
0
0
0
0
0
0
0
0
0
0
0
0
0
0
0
0
0
0
0
0
0
0
0
0
0
0
0
0
0
0
0
0
0
0
0
0
0
0
0
0
0
0
0
0
0
0
0
0
0
0
0
0
0
0
0
0
0
0
0
0
0
0
0
0
0
0
0
0
0
0
0
0
0
0
0
0
0
0
0
0
0
0
0
0
0
0
0
0
0
0
0
0
0
0
0
0
0
0
0
0
0
0
0
0
0
0
0
0
0
0
0
0
0
0
0
0
0
0
0
0
0
0
0
0
0
0
0
0
0
0
0
0
0
0
0
0
0
0
0
0
0
0
0
0
0
0
0
0
0
0
0
0
0
0
0
0
0
0
0
0
0
0
0
0
0
0
0
0
0
0
0
0
0
0
0
0
0
0
0
0
0
0
0
0
0
0
0
0
0
0
0
0
0
0
0
0
0
0
0
0
0
1.39611e-14
0
0
0
0
0
0
0
0
0
0
0
0
0
0
0
0
0
0
0
0
0
0
0
0
0
0
0
0
0
0
0
0
0
0
0
0
0
0
0
0
0
0
0
0
0
0
0
0
-6.68328e-16
0
0
0
0
0
0
0
0
0
0
0
0
0
0
0
0
0
0
0
0
0
0
0
0
0
0
0
9.11264e-15
0
0
0
0
-6.64429e-16
0
0
0
0
3.98776e-14
0
0
0
0
0
0
0
0
0
0
0
0
0
0
0
0
0
2.00536e-17
0
0
0
0
0
0
0
0
0
0
0
0
0
0
0
0
0
0
0
0
0
0
0
0
0
0
0
0
0
0
0
0
0
0
0
0
0
0
0
0
0
0
0
0
0
0
0
0
0
0
0
0
0
0
0
0
0
0
0
0
0
0
0
0
2.80221e-15
0
0
0
0
0
0
0
0
0
0
0
0
0
0
0
0
0
0
0
0
0
0
-1.76843e-15
1.41452e-16
0
0
0
0
0
0
0
0
0
0
0
0
0
0
0
0
0
0
0
0
0
0
0
0
0
0
0
0
1.19771e-14
0
0
0
0
0
0
0
0
0
0
0
0
0
0
0
0
0
0
0
0
0
0
0
0
0
0
0
0
0
0
0
0
0
0
0
0
0
0
0
0
0
0
0
0
0
-4.1645e-30
3.58404e-16
0
0
0
0
0
-9.43226e-17
0
0
0
0
0
0
0
0
0
0
5.88566e-17
0
-2.01496e-11
3.5604e-12
0
0
0
0
0
0
0
0
0
0
0
0
0
0
0
-5.96202e-16
0
0
0
0
0
0
0
0
0
0
0
0
0
1.72809e-16
-1.83304e-12
0
0
0
0
0
-2.75996e-17
-2.54024e-17
0
0
0
0
0
0
0
0
0
0
0
0
0
0
0
-6.22499e-12
0
0
0
0
0
0
0
0
0
0
0
0
0
0
0
0
0
0
0
0
0
0
0
0
0
0
0
0
0
0
0
0
0
0
0
0
0
0
0
0
0
0
0
0
0
0
0
0
0
0
0
0
0
0
0
0
0
0
0
0
0
0
0
0
0
0
0
-2.59815e-15
0
0
0
0
0
0
0
0
-1.96204e-15
-2.00998e-16
0
0
0
0
0
0
0
0
0
0
0
0
0
0
0
0
0
0
0
0
0
0
0
0
0
0
0
0
0
0
0
0
0
0
0
0
0
0
0
0
0
0
0
0
0
0
0
0
0
0
0
0
0
0
0
0
0
0
0
1.19263e-15
0
0
6.33402e-15
0
0
0
0
0
0
0
0
0
0
0
0
0
0
0
0
0
0
0
0
0
0
3.02654e-16
0
0
0
0
0
0
0
0
0
0
5.39886e-17
8.21509e-17
0
3.95552e-14
-4.8695e-14
1.11816e-15
0
0
0
0
0
0
0
0
0
0
0
0
0
0
0
0
0
0
0
0
0
0
0
0
0
0
0
0
0
0
0
0
0
0
0
0
0
0
-4.38255e-15
6.19141e-14
1.78117e-14
0
0
0
0
0
0
0
0
0
0
0
0
0
0
0
0
0
0
0
0
0
0
0
0
0
0
0
0
0
0
0
0
0
0
0
0
0
0
0
1.329e-16
-1.76223e-16
0
0
0
0
0
0
0
0
0
0
0
0
0
0
0
0
0
0
-4.29544e-15
0
0
2.23225e-15
3.27194e-16
0
0
0
0
0
0
0
0
0
0
0
0
0
0
0
0
0
0
0
0
0
0
0
0
0
0
0
0
0
0
0
0
0
0
0
0
0
0
0
0
0
0
0
0
0
0
0
1.18689e-15
2.84775e-14
0
0
0
0
0
0
0
0
0
0
0
0
0
0
0
0
0
0
0
0
0
0
0
0
0
0
0
0
0
0
0
0
0
8.23879e-17
-1.03201e-16
0
0
0
0
0
0
0
0
0
0
0
0
0
0
0
0
0
0
0
0
0
0
0
0
0
0
0
0
0
0
0
0
0
0
0
0
0
0
0
0
0
0
0
0
0
0
0
0
0
0
0
0
0
0
0
0
0
0
0
0
0
0
0
0
0
0
0
0
0
0
0
0
0
0
0
8.33656e-15
0
0
0
0
0
0
0
0
0
0
0
0
0
0
0
0
0
0
0
0
0
0
0
0
0
0
0
0
0
0
0
0
0
0
-8.41743e-14
0
0
0
0
0
0
0
0
0
0
0
0
0
0
0
0
0
0
0
0
0
0
0
0
0
0
0
0
0
0
0
0
0
0
0
0
0
0
0
5.41876e-14
0
-2.20863e-14
0
0
0
0
0
0
0
0
0
0
0
0
0
0
0
0
0
0
0
0
0
0
0
0
0
0
0
0
0
0
0
0
0
0
0
0
0
0
0
0
0
0
0
0
0
0
0
0
0
0
0
0
0
0
0
4.52242e-14
0
0
0
0
0
0
4.35191e-15
0
0
0
0
0
0
0
0
0
0
0
0
0
0
0
0
0
0
0
0
0
0
0
0
0
0
0
0
0
0
0
0
0
0
0
0
0
0
0
0
0
0
0
0
0
0
0
0
0
0
0
0
0
0
0
0
0
0
0
0
-2.31095e-15
5.47136e-16
0
0
0
0
0
0
0
0
0
0
0
0
0
0
0
0
0
0
0
-8.80654e-16
0
0
0
0
0
0
0
0
0
0
0
0
0
0
0
0
0
0
0
0
0
0
0
0
0
0
0
0
0
0
0
0
0
0
0
0
0
0
0
0
0
0
-5.24705e-17
-2.00374e-17
0
0
0
0
0
0
0
0
0
-4.15236e-30
0
0
0
0
0
0
0
0
0
0
0
0
0
0
0
0
0
0
0
0
0
0
0
0
0
9.108e-15
0
0
0
0
0
0
0
0
0
0
0
0
0
0
0
0
0
0
0
0
0
0
0
0
0
0
0
0
0
0
0
0
0
0
0
0
0
0
0
0
0
0
0
0
0
-1.20803e-14
0
0
-2.87826e-16
0
0
0
0
0
0
0
0
0
0
0
0
0
0
0
0
0
0
0
0
0
0
0
0
0
0
0
0
0
0
0
0
0
0
0
0
0
0
0
0
0
0
0
0
0
0
0
0
0
0
0
0
0
0
0
0
0
0
0
0
0
0
0
0
0
0
0
0
0
0
0
0
0
0
0
0
0
0
0
0
0
0
0
0
0
0
0
0
0
-9.08012e-15
0
-1.03464e-14
0
0
0
0
0
0
0
0
0
0
0
0
0
0
0
0
0
0
0
0
1.09008e-14
0
0
0
0
0
0
0
0
0
-4.56262e-17
0
0
0
0
0
9.03427e-17
0
0
0
0
0
0
0
0
0
0
0
-1.8172e-14
0
0
0
0
0
0
0
0
0
7.34872e-15
1.66853e-16
0
0
0
0
0
0
0
0
0
0
0
0
0
0
0
-3.65719e-16
0
0
0
0
7.09824e-16
0
0
0
0
0
0
0
0
0
0
0
0
0
0
0
0
0
0
0
0
0
0
0
0
0
0
0
0
0
0
0
0
0
0
0
0
0
0
0
0
0
0
0
0
0
0
0
0
0
0
0
0
0
0
0
0
0
0
0
0
0
0
0
0
0
0
0
0
0
0
0
0
0
0
0
0
0
0
0
0
0
0
0
0
0
0
0
0
0
0
0
0
0
0
0
0
0
0
0
0
0
0
0
0
0
0
0
0
0
0
0
0
0
0
0
0
0
0
0
0
0
0
0
0
0
0
0
0
0
0
0
0
0
0
0
0
0
0
2.04661e-14
-3.82919e-16
0
0
0
0
0
0
0
0
0
0
0
0
0
0
0
0
0
0
0
0
0
0
0
0
0
0
0
0
0
0
0
0
0
0
0
0
0
0
0
0
0
0
0
0
0
0
0
0
0
0
0
0
0
0
0
-8.94084e-16
1.29335e-14
0
0
0
0
0
0
0
0
0
2.03279e-14
2.7332e-14
-3.51245e-16
0
0
0
0
0
0
0
0
0
0
1.48345e-17
-7.7912e-17
0
0
0
0
0
0
-6.30787e-17
0
-2.0346e-14
0
0
0
0
0
0
0
0
0
0
0
0
0
0
0
0
-6.16854e-16
0
0
0
-2.51808e-14
0
0
0
0
0
0
0
0
0
0
0
0
0
-5.1896e-17
0
0
0
0
0
0
0
0
0
0
0
0
0
0
0
0
0
0
0
0
0
0
0
0
0
0
0
0
0
0
0
0
0
0
0
0
0
0
0
0
0
0
0
7.31033e-15
1.29414e-14
-3.54507e-14
0
0
0
0
0
0
0
0
0
0
-2.6605e-14
6.17594e-16
0
0
0
0
0
0
0
0
0
1.03364e-16
-9.47624e-17
0
0
0
0
0
0
0
0
0
0
0
0
0
0
0
-4.25136e-16
2.71538e-14
4.83315e-14
0
0
0
0
0
0
0
0
0
0
0
0
0
-2.43351e-16
-3.99606e-15
0
0
0
0
0
0
0
0
0
0
0
0
0
9.53695e-17
0
0
0
0
0
0
0
0
0
0
0
0
0
0
0
0
0
0
0
0
0
0
-1.74104e-07
1.93829e-07
-1.92795e-07
1.85041e-07
-1.94287e-07
0
3.32018e-14
0
0
0
0
8.49638e-15
0
0
0
0
0
0
0
0
0
0
0
0
0
0
0
0
0
0
0
0
0
1.71866e-07
-1.62961e-07
0
0
0
0
0
0
0
0
0
0
0
0
0
0
1.90746e-07
-1.7164e-07
0
0
0
0
0
0
6.0122e-15
0
-4.48473e-15
0
0
0
0
-8.32293e-08
-5.29414e-08
-6.02958e-08
-8.85861e-08
-1.15571e-07
-8.15854e-08
-1.16235e-07
-4.24339e-08
-8.19448e-08
-1.07629e-07
-9.40016e-08
-7.78344e-08
-1.11782e-07
-7.00587e-08
0
0
0
0
0
0
-1.89301e-17
6.63923e-17
0
0
0
0
0
0
0
0
0
0
0
0
0
0
0
0
-6.98978e-16
0
0
0
0
0
0
0
0
-1.20902e-16
0
0
0
0
0
0
0
0
0
0
0
0
0
0
0
0
0
0
0
0
0
0
0
0
0
0
0
0
0
0
0
0
0
0
0
0
0
0
0
0
0
0
0
0
0
0
0
0
0
0
0
0
0
0
0
0
0
0
0
0
0
0
0
0
0
0
0
0
0
0
0
0
0
0
0
0
0
0
0
0
0
0
0
0
0
0
0
0
0
0
0
0
0
0
0
0
0
0
0
0
0
0
0
0
0
0
0
0
0
0
0
0
0
0
0
0
0
0
0
0
0
0
0
0
0
0
0
0
0
0
0
0
-7.48704e-12
8.01186e-16
0
0
0
0
0
0
0
0
0
0
0
0
0
0
0
0
0
0
-7.32964e-16
-8.35904e-15
0
0
0
0
0
0
0
0
0
0
0
0
0
0
0
0
0
0
0
0
-2.22668e-16
-6.1846e-15
0
0
0
-4.41619e-16
0
0
0
-2.75543e-16
-7.8782e-16
0
0
0
-4.4516e-16
0
0
0
0
-2.26617e-16
0
0
0
0
0
0
0
0
0
0
0
0
0
0
0
0
0
0
0
0
0
0
8.48274e-15
-2.98917e-16
0
0
0
0
0
0
0
0
0
5.15745e-17
-1.04608e-15
-2.65934e-17
-8.44631e-08
-5.42503e-08
3.77431e-16
0
0
0
0
0
0
2.14713e-16
0
0
0
0
0
0
0
3.58208e-16
0
0
0
0
0
0
0
0
0
0
0
0
0
0
-1.10943e-16
0
0
0
0
0
0
0
0
-4.47943e-08
-1.11404e-07
-8.99544e-08
-6.14572e-08
0
0
0
0
0
0
0
0
0
0
0
0
0
6.76269e-15
0
0
1.80701e-15
0
0
0
0
0
0
0
0
0
0
0
0
0
0
0
0
0
0
0
0
0
0
-6.64623e-08
-8.00605e-08
0
0
0
0
0
0
0
0
0
-8.12286e-08
-8.81464e-08
0
0
0
0
0
0
0
3.35183e-14
3.32189e-29
0
0
0
0
0
0
0
0
0
0
0
0
0
0
0
0
0
0
0
0
0
0
8.88394e-17
-7.55083e-15
4.98285e-17
0
0
0
-1.08805e-07
-8.33116e-08
0
0
0
0
0
0
0
0
0
0
0
2.18872e-15
0
-7.68771e-08
-1.0253e-07
7.25542e-16
0
0
0
0
0
0
0
0
0
1.4702e-16
-7.00177e-17
0
0
0
-6.18326e-08
-8.2002e-08
0
0
0
0
0
0
0
0
0
0
0
0
0
0
3.21032e-17
-2.38811e-16
0
0
0
0
0
0
0
0
0
0
0
0
0
0
0
0
0
0
0
0
0
0
0
0
0
0
0
0
0
0
0
0
1.43351e-16
0
0
0
0
0
0
0
0
0
0
0
0
0
0
-4.15236e-30
0
0
0
0
0
0
0
0
0
0
0
1.90725e-15
-2.31801e-14
0
0
0
0
0
0
-9.75558e-08
-4.35599e-08
0
0
-1.79315e-07
1.78018e-07
0
0
0
0
2.93259e-16
0
0
0
0
0
0
0
0
0
0
0
0
0
-1.84731e-07
1.91194e-07
0
0
0
0
0
0
0
0
0
0
0
0
0
0
0
0
0
0
0
0
0
0
0
0
-3.07608e-15
0
0
0
0
0
0
0
0
0
0
0
0
0
-2.51325e-15
7.72353e-15
0
0
0
0
0
0
0
0
0
0
0
0
-5.799e-08
-9.58913e-08
0
0
0
0
0
0
0
0
0
0
0
0
0
0
0
0
0
0
0
0
0
0
0
0
0
0
0
1.07376e-15
0
0
0
2.31761e-17
0
0
0
0
0
0
0
0
0
0
0
0
0
0
0
0
0
0
0
0
0
0
0
0
0
0
0
-1.45681e-15
0
0
0
0
0
0
0
0
0
0
0
0
0
1.68012e-15
0
0
0
0
0
0
0
0
0
0
0
0
0
0
0
0
0
0
0
0
0
0
0
0
0
-1.8807e-07
1.76679e-07
1.65471e-07
-1.81994e-07
5.57073e-16
0
0
0
0
0
0
0
0
0
0
0
0
0
0
0
0
0
0
0
0
0
0
0
0
0
2.07365e-07
-1.95977e-07
0
0
0
0
0
0
0
-8.71275e-08
-7.98027e-08
0
-1.75361e-07
1.91998e-07
0
0
0
0
0
0
0
0
0
0
0
0
0
0
0
2.21675e-16
0
0
0
0
0
0
0
1.70197e-16
0
0
0
0
0
0
0
0
0
0
0
0
0
0
5.25522e-16
-3.17507e-16
0
0
0
0
0
0
0
0
0
0
1.57434e-15
0
-8.55746e-16
0
0
0
0
0
0
0
0
0
-5.25312e-17
0
0
0
0
0
0
0
0
0
0
0
0
0
0
0
0
0
0
0
0
0
0
0
-6.79213e-16
-2.43245e-15
0
0
0
0
0
0
0
-8.70746e-08
-1.07633e-07
0
0
0
0
0
0
0
0
0
0
0
0
0
0
0
0
0
0
0
0
0
0
0
0
0
0
0
0
0
0
0
0
0
0
0
0
0
-8.55703e-08
-9.14206e-08
0
0
0
0
0
0
0
0
0
0
0
0
0
0
0
0
0
0
0
0
0
0
0
0
0
0
0
0
0
0
0
0
0
0
0
0
0
0
-3.38634e-16
-2.59727e-16
0
0
0
0
0
0
0
0
0
0
-8.36794e-15
0
0
0
0
0
0
0
0
8.19449e-16
2.45995e-15
0
0
3.64053e-17
-1.22445e-15
0
0
0
-5.4828e-16
1.63688e-15
0
0
0
0
-2.13178e-15
0
0
0
0
0
0
0
0
-1.30804e-16
1.05943e-16
0
0
0
0
0
0
0
0
0
0
0
0
0
0
0
0
0
0
0
0
-1.17262e-14
-5.88015e-15
0
0
0
0
0
0
0
0
0
0
0
0
0
0
-3.72189e-15
0
0
0
0
0
0
0
0
-1.2475e-16
-7.63777e-17
8.18628e-17
-1.58936e-15
0
0
0
0
0
0
0
0
0
0
0
-1.23309e-16
-4.044e-13
8.67593e-17
-1.18343e-16
6.05035e-17
0
2.26363e-16
0
0
0
-5.72011e-16
0
0
0
0
0
0
0
0
0
0
0
0
0
0
0
0
0
0
0
0
0
0
0
0
0
1.74359e-15
6.21236e-30
0
0
0
0
0
0
0
0
0
0
0
0
-8.30252e-16
2.71198e-14
4.32287e-16
2.02135e-15
-5.1601e-31
-1.98423e-15
-1.76647e-07
1.72727e-07
0
0
0
0
0
0
0
0
0
0
0
0
0
0
0
0
0
0
0
0
0
1.30056e-16
-2.71153e-16
0
0
0
0
0
0
0
0
0
0
0
7.38122e-15
0
0
5.44388e-15
9.0508e-17
0
0
0
0
0
0
0
0
0
0
0
0
0
0
0
0
0
0
0
0
0
0
0
0
0
1.79494e-16
7.5617e-17
-3.06216e-16
7.79315e-15
0
0
0
9.11389e-16
0
5.34359e-15
0
0
-4.7899e-16
0
0
0
0
0
-1.94598e-15
1.05604e-15
0
0
0
0
0
0
6.94403e-15
-6.71724e-16
0
0
0
0
0
0
0
0
0
0
0
0
0
0
0
0
0
0
0
0
0
1.88341e-07
-1.66776e-07
0
2.7733e-15
0
-2.68853e-15
0
0
0
0
0
0
0
0
0
0
0
0
-7.65288e-15
0
0
0
0
0
0
0
0
0
0
0
0
0
0
0
0
-1.15636e-16
0
0
0
0
1.43048e-15
-3.32953e-16
0
0
0
0
0
0
0
0
0
0
0
0
0
0
0
0
0
0
0
0
0
0
0
0
0
0
0
0
0
0
0
0
0
0
0
0
0
0
0
0
0
0
0
0
0
-5.57322e-16
5.47182e-16
0
0
0
0
0
0
0
0
-5.62338e-17
-8.35612e-17
0
3.93123e-17
0
0
0
0
0
0
0
0
0
0
0
-1.55143e-15
0
0
0
0
0
0
0
-1.84453e-07
1.70505e-07
0
0
0
0
0
0
0
0
0
0
0
0
0
0
0
0
0
0
0
0
0
0
0
0
0
0
0
0
0
0
0
0
0
0
0
0
0
0
0
1.78029e-07
-1.64096e-07
0
0
0
0
0
0
0
0
0
0
0
0
0
0
0
0
0
0
0
0
0
0
0
0
5.55924e-16
0
0
0
0
0
0
0
0
0
0
0
0
0
0
0
0
0
0
0
0
0
0
0
0
0
0
0
0
0
0
0
-2.55563e-15
4.97954e-15
-2.62723e-16
0
0
0
0
0
0
0
0
0
0
0
0
0
0
0
0
0
0
0
0
0
0
0
0
0
0
0
0
0
1.38971e-16
-2.19939e-15
0
-1.41808e-16
-1.58005e-15
1.36923e-15
0
0
0
0
0
0
0
0
0
0
0
0
0
0
0
-1.92051e-11
2.54067e-12
-1.19521e-14
0
0
0
6.00748e-16
-1.49679e-16
0
0
0
0
0
0
0
0
0
0
0
0
0
5.38975e-16
-4.43405e-16
5.66823e-15
-1.20557e-15
0
0
0
0
0
0
0
0
0
2.41369e-12
0
0
0
0
0
0
0
0
0
0
0
-1.0765e-14
0
0
0
0
0
0
0
0
0
0
0
0
3.77493e-12
0
0
0
0
0
0
0
0
0
0
0
0
0
-3.99298e-16
7.20025e-17
0
0
0
0
0
0
5.59134e-17
-1.50914e-15
0
0
0
0
0
0
0
0
0
0
0
0
0
0
0
5.29997e-12
0
5.02222e-12
0
0
0
0
0
0
0
0
0
0
0
0
0
0
0
0
0
0
0
0
1.11685e-15
-5.93778e-12
-2.64791e-12
0
0
-1.16883e-16
0
0
0
0
0
0
0
0
0
0
0
0
0
0
0
0
4.59563e-12
0
0
0
0
0
-1.55052e-15
-1.75101e-15
0
0
0
0
0
0
0
0
0
0
0
0
0
0
0
0
0
2.40833e-16
1.74384e-15
0
0
0
0
0
0
0
0
0
0
-6.2164e-30
0
0
2.18296e-11
0
0
0
0
0
0
0
0
0
0
0
0
0
0
0
0
0
0
0
0
0
0
0
0
0
2.06185e-11
0
0
0
0
0
0
0
0
-3.1774e-16
-2.01215e-15
0
0
2.53476e-16
0
2.14171e-16
1.35815e-16
4.72071e-16
0
0
0
0
0
1.42367e-16
0
0
0
-3.06679e-14
1.19764e-16
0
0
0
0
0
0
0
0
0
0
0
0
0
0
0
0
0
0
0
0
0
0
0
0
0
-1.48332e-15
0
0
2.47866e-11
0
0
0
0
0
0
0
6.80712e-16
0
0
0
0
0
0
0
0
0
5.22081e-31
7.31217e-15
0
0
0
0
0
0
0
0
0
0
0
0
0
0
0
0
0
0
0
0
0
0
0
0
0
0
0
-3.63536e-15
0
0
0
0
0
0
0
0
0
0
0
0
0
0
0
0
0
0
1.05173e-15
-2.94886e-17
5.99059e-17
0
0
0
0
0
0
0
0
0
0
0
3.14965e-14
3.06405e-12
0
0
0
0
0
0
0
0
0
0
0
0
0
0
0
0
0
0
0
0
0
0
0
0
0
0
0
0
0
0
-3.18574e-16
0
0
0
0
0
0
0
0
-9.4896e-16
0
0
0
0
0
0
0
0
0
0
0
8.62197e-16
4.07734e-16
0
0
0
1.11998e-12
3.11414e-12
0
0
0
0
0
0
0
9.70536e-16
0
0
0
0
0
0
0
0
0
0
0
0
0
-1.57776e-16
2.39326e-16
0
0
0
0
-1.31955e-16
1.04025e-15
-1.11993e-07
-8.77539e-08
0
3.37429e-15
-4.31675e-15
0
0
0
0
0
0
0
0
0
0
0
1.90849e-07
-1.66778e-07
0
0
0
0
0
0
0
0
0
0
0
-1.9697e-15
2.95313e-16
0
0
0
0
0
0
0
0
1.64708e-15
2.7548e-15
0
0
0
0
0
0
0
0
0
0
3.39793e-16
6.2973e-17
0
0
0
0
0
0
0
0
0
0
0
0
0
0
0
0
0
0
0
0
-2.17841e-16
0
1.45303e-16
0
0
0
0
0
0
0
0
0
0
0
0
0
0
0
0
0
0
0
0
0
0
0
0
0
0
0
0
0
0
0
0
0
0
1.98042e-15
-1.54068e-16
2.2325e-11
0
0
0
0
0
0
0
0
0
-1.45792e-16
-1.17602e-15
4.14076e-15
0
0
0
0
0
0
0
0
0
2.31146e-16
0
6.30488e-12
0
0
-4.69915e-17
0
0
-4.12919e-16
0
0
0
-1.36911e-16
1.17717e-15
0
0
0
0
0
-6.38729e-15
2.31863e-15
0
0
0
0
0
0
0
0
0
-1.99315e-16
2.16756e-16
0
0
0
0
0
0
0
0
0
0
0
0
0
0
0
0
0
0
0
0
0
0
9.57311e-16
0
0
0
0
0
0
0
0
0
0
0
0
0
0
-3.12188e-15
-1.60354e-15
0
-2.92775e-15
0
0
0
0
0
0
0
0
0
3.43024e-17
0
-6.28333e-17
0
-2.80409e-16
0
0
0
0
0
0
0
0
0
0
-9.69446e-15
0
0
5.86584e-17
0
0
0
0
2.293e-17
1.65267e-16
0
0
0
0
0
0
0
0
0
0
0
1.93738e-17
-1.82808e-15
0
0
0
0
0
1.88635e-15
-3.71222e-15
0
0
0
-6.74732e-16
1.0395e-15
-5.76953e-16
0
0
0
0
0
0
-2.06894e-15
8.4732e-16
0
0
0
0
0
0
0
0
0
-1.45214e-15
0
0
0
0
0
0
0
0
0
0
0
0
-9.61612e-17
-3.79936e-15
0
0
-7.82642e-08
-1.08727e-07
-5.48687e-16
2.07789e-16
1.04416e-30
8.67618e-17
1.70815e-15
-7.54905e-15
0
-3.20186e-16
0
0
0
0
-1.12788e-07
0
0
0
0
0
0
0
0
0
0
0
0
0
0
1.05777e-16
0
0
0
0
-5.50574e-15
2.47084e-16
0
0
0
0
0
0
0
0
0
2.01083e-15
0
7.53752e-15
-7.28558e-15
0
0
0
0
2.63661e-15
0
-8.69136e-17
1.04011e-30
0
0
0
0
0
2.52395e-16
-5.96417e-15
1.15388e-15
2.12174e-15
0
0
0
0
0
0
0
0
-9.00179e-17
-8.64692e-17
0
0
0
-1.87516e-11
0
0
0
0
0
0
0
0
0
0
0
0
0
0
0
0
0
0
0
0
1.31437e-15
0
0
0
0
0
0
0
0
0
0
0
4.356e-12
0
0
0
0
3.5781e-15
0
0
0
0
1.83575e-16
-1.98079e-16
0
2.00943e-16
0
0
0
0
0
0
0
0
0
0
0
0
0
0
0
0
0
0
0
0
0
0
0
0
0
0
0
-5.02143e-17
0
-3.47158e-16
6.57792e-12
0
0
-1.96959e-15
0
0
0
0
0
0
0
0
0
0
0
-2.79212e-15
-2.51451e-14
0
0
1.59514e-15
0
1.8375e-15
0
0
0
0
0
0
0
0
-3.32193e-16
0
0
0
0
0
-2.57363e-15
3.42723e-16
0
0
6.78199e-17
0
0
0
0
0
0
0
-7.48616e-16
1.94962e-11
-6.26526e-16
0
0
0
0
0
0
0
0
0
0
0
1.36857e-12
-5.06846e-12
1.88098e-12
7.47196e-13
0
0
0
0
0
0
1.91514e-11
0
0
0
0
0
0
0
0
0
0
0
0
0
0
0
0
0
0
1.16847e-07
3.64143e-16
-1.10667e-16
0
0
0
0
0
0
0
0
1.70297e-16
0
0
0
0
0
0
0
0
0
0
0
1.38018e-16
0
0
3.75713e-16
0
0
0
0
0
-6.81392e-16
2.32294e-16
0
0
0
0
0
0
0
0
0
0
0
0
0
0
0
0
0
0
7.05151e-15
2.81826e-16
0
0
0
0
0
0
0
0
0
0
0
0
0
0
-1.31513e-16
0
0
0
0
0
0
0
0
-2.05016e-16
0
0
0
0
0
0
0
0
0
0
0
0
0
0
0
1.12745e-16
-1.52932e-15
0
0
5.65598e-17
0
8.32092e-30
0
-1.00736e-15
0
0
0
0
-6.74851e-08
0
0
0
1.28296e-14
0
0
0
0
0
0
0
0
0
0
0
0
0
0
0
0
0
0
-3.28338e-16
0
0
0
0
0
0
0
1.22121e-12
0
0
0
0
0
0
0
0
0
0
0
0
0
0
0
0
0
2.26964e-15
0
0
0
0
1.56583e-15
0
0
0
0
0
0
0
0
0
-1.83662e-16
0
0
7.42481e-15
0
0
0
1.14636e-15
0
0
0
5.66469e-16
7.88527e-16
0
0
-6.4722e-15
0
0
0
-5.12654e-16
0
0
0
3.78983e-16
0
0
0
0
0
0
0
0
1.62853e-16
0
0
0
2.9493e-15
0
0
0
0
-7.12794e-17
0
1.54159e-15
-1.50913e-15
0
0
0
0
0
0
0
0
0
0
0
0
0
0
-5.83214e-17
-3.05167e-17
0
0
0
0
0
1.10699e-16
0
0
0
0
0
0
0
0
0
0
-5.93114e-16
0
0
0
0
0
0
0
0
0
0
0
0
-1.69367e-15
1.71454e-15
0
0
0
0
0
2.36183e-15
0
0
0
0
0
5.41622e-17
0
0
0
0
0
0
0
0
0
0
0
0
0
0
0
0
-1.11921e-11
2.49961e-12
0
0
0
0
0
0
0
0
0
0
1.05657e-17
0
0
0
0
0
0
0
0
0
0
0
0
0
0
0
0
1.58287e-16
0
0
0
0
0
0
0
0
0
0
0
0
0
0
0
0
0
0
0
0
0
-6.12855e-15
0
0
0
0
0
0
0
0
0
0
5.34517e-17
0
0
0
0
0
-5.99565e-12
7.36251e-13
0
0
0
0
0
0
0
0
0
0
0
0
0
0
0
0
0
0
0
1.09175e-15
0
8.78224e-17
-3.72026e-16
0
0
0
0
0
0
-5.74267e-15
0
0
0
0
0
0
0
0
1.79477e-11
0
0
0
0
0
0
0
0
0
0
0
0
0
0
0
0
0
0
0
-6.19203e-12
0
0
0
0
0
0
0
0
0
0
0
0
0
0
0
0
6.36289e-17
0
0
0
0
0
0
0
0
0
0
3.88631e-12
0
0
0
0
0
-1.11809e-16
0
0
0
0
0
0
0
0
0
0
2.36176e-15
-5.78946e-16
0
0
0
0
0
0
1.03202e-30
-5.794e-16
0
0
-7.48308e-16
0
-7.6787e-12
0
0
0
0
0
0
0
0
0
0
0
0
0
0
0
0
0
0
0
0
0
0
0
0
0
0
-1.0329e-16
7.56438e-17
0
0
0
0
0
0
0
0
0
0
0
0
0
0
0
1.55647e-15
0
0
0
0
0
0
0
0
0
0
0
0
0
0
0
0
0
0
0
0
0
0
0
0
0
0
0
0
0
0
0
0
0
0
0
0
0
0
0
0
0
0
0
0
0
0
0
0
0
0
0
0
0
0
0
0
1.31946e-16
2.62609e-15
0
0
0
0
0
0
0
0
0
0
0
0
0
0
0
0
0
0
0
0
0
0
0
0
0
0
0
0
0
0
0
0
0
1.03202e-30
0
-6.562e-16
0
0
0
0
0
0
0
0
0
-3.23367e-16
0
0
0
0
0
0
0
0
0
0
0
0
0
0
0
0
0
0
0
0
0
0
0
0
0
0
0
0
0
0
0
0
0
0
0
0
0
0
0
0
0
0
0
0
0
0
0
0
-2.85805e-16
2.07635e-15
0
0
0
0
0
7.93038e-12
0
0
1.19427e-16
0
0
0
0
0
0
0
2.69097e-16
-6.91544e-17
0
0
0
0
0
0
0
0
0
0
0
0
0
6.60233e-17
0
0
0
0
0
0
0
0
-2.51519e-16
0
0
0
0
0
0
0
0
0
0
0
0
0
0
0
8.32643e-17
0
0
0
0
0
1.8226e-16
0
3.96857e-17
0
0
0
0
0
0
0
0
0
0
0
0
0
0
0
0
0
-4.07404e-16
0
0
0
0
0
0
0
0
0
0
0
0
0
0
0
0
0
0
0
0
0
0
0
0
0
0
0
0
0
0
0
0
0
0
0
0
0
0
0
0
0
0
0
1.31748e-16
-1.79043e-12
0
0
0
-3.91147e-17
0
0
0
0
0
0
0
0
0
0
0
0
0
0
0
0
0
0
0
0
0
0
0
0
0
0
0
0
0
0
0
0
0
0
0
0
0
0
0
0
0
0
0
0
0
0
0
0
0
0
0
0
0
0
0
0
0
0
0
0
-3.0486e-16
1.63485e-16
1.29049e-15
0
0
0
0
0
0
0
0
0
0
0
0
0
0
0
0
0
0
0
0
0
0
0
0
0
0
0
0
0
0
0
0
0
0
0
0
0
0
0
0
0
0
0
0
0
0
0
0
0
0
0
0
0
0
0
0
-5.08159e-17
0
0
1.58235e-14
0
0
-8.49044e-16
0
0
0
0
0
0
0
0
0
2.51399e-16
0
1.09176e-15
-3.5363e-17
-7.45025e-12
7.40941e-16
0
0
0
0
0
0
0
0
0
0
0
-3.03535e-33
0
0
0
0
0
0
0
0
0
1.65573e-15
-4.08273e-16
0
0
0
0
0
0
0
0
0
0
0
9.15828e-08
0
0
0
-4.17357e-16
0
-1.06719e-14
0
4.0628e-16
0
0
0
0
0
0
0
0
0
0
0
4.97764e-16
0
0
0
0
0
0
0
-3.51547e-15
0
0
0
0
9.24557e-17
-2.91826e-15
-1.01274e-16
0
0
0
0
0
0
1.85847e-15
0
0
0
0
2.40129e-16
4.12611e-17
-7.217e-15
0
0
0
0
0
0
-1.25548e-15
4.52357e-15
0
0
0
0
0
0
1.77553e-12
0
1.2119e-16
0
1.66283e-16
0
0
0
0
0
0
0
0
0
0
0
0
0
0
-2.18747e-15
0
0
0
0
0
0
0
0
0
3.86563e-17
0
0
0
0
-2.39731e-17
0
-4.14022e-30
0
0
0
0
0
0
0
0
0
0
0
0
0
0
0
0
-5.98314e-15
-5.67968e-15
-2.22094e-16
0
0
0
0
0
0
0
0
0
0
0
9.83445e-15
0
0
0
0
0
0
0
8.28304e-08
4.70032e-15
0
0
0
0
0
-1.6116e-16
1.87416e-15
-1.03809e-30
0
0
0
0
7.47423e-17
0
7.86759e-16
0
0
0
0
0
0
0
0
0
0
0
0
-1.55353e-15
0
0
0
0
0
0
0
0
0
0
0
0
0
0
0
0
0
0
0
0
0
0
0
0
0
0
0
0
0
-2.91083e-16
-5.9385e-16
0
0
9.25456e-08
0
0
0
0
0
0
0
-8.11888e-17
0
0
-2.20184e-11
0
0
0
0
0
0
0
0
0
1.22342e-15
0
0
0
9.18706e-08
0
0
0
2.53171e-17
0
0
0
0
0
0
0
0
0
0
0
0
0
7.48119e-16
0
0
0
0
0
0
0
0
0
0
0
0
0
0
0
0
0
1.35932e-16
0
0
0
0
-8.84596e-17
0
0
0
0
0
-1.10491e-16
9.9887e-17
0
0
0
0
-4.96083e-16
0
0
0
0
0
0
0
0
-1.35751e-07
0
0
1.86222e-16
-1.27543e-07
0
0
0
1.58175e-15
0
0
0
0
-1.94646e-15
0
0
-8.30312e-16
0
0
0
0
0
0
-1.66127e-16
0
0
0
-2.27965e-16
0
0
0
1.53151e-16
1.04223e-15
-1.03027e-15
0
0
0
0
-3.7689e-16
0
0
0
0
0
0
0
0
0
0
0
-1.69757e-16
0
0
0
0
0
0
0
0
0
1.04305e-15
0
0
0
0
0
1.32009e-07
0
1.41154e-15
0
0
0
0
0
0
0
0
0
0
0
0
0
0
0
0
-1.4462e-16
0
0
0
0
0
0
0
0
0
7.57663e-17
6.00197e-15
0
0
0
0
0
0
0
0
0
0
0
0
0
0
0
0
0
0
0
0
0
0
0
0
-2.58005e-31
-7.53556e-18
0
0
0
0
0
0
0
0
0
7.38939e-17
0
0
0
0
0
1.33976e-07
0
0
0
-2.78313e-15
0
0
0
0
0
0
0
0
0
0
0
0
0
0
0
0
-1.85954e-17
8.11797e-15
0
0
0
0
0
0
0
0
0
1.74853e-16
0
0
0
0
0
0
0
0
0
0
0
0
0
0
0
0
0
0
0
0
0
0
0
0
0
0
0
1.30046e-12
0
0
0
0
0
0
0
0
0
0
0
0
0
0
0
0
0
0
0
0
0
0
0
0
0
0
0
0
0
0
0
0
0
0
0
0
0
0
0
0
0
0
0
0
0
0
0
0
0
0
0
0
0
0
0
0
0
0
0
0
0
0
0
0
0
0
0
0
0
0
0
0
0
0
8.25482e-17
7.96374e-17
0
0
0
0
0
0
0
0
0
0
0
0
0
0
0
0
0
0
2.98825e-15
0
0
0
0
0
2.71086e-16
0
0
0
0
0
-8.70395e-17
0
0
0
0
0
0
0
0
0
0
0
0
0
0
0
0
0
0
0
0
2.57395e-15
0
0
0
0
0
0
0
0
2.11724e-16
5.80823e-15
0
-1.2444e-16
0
0
0
0
0
0
0
0
0
0
0
0
0
0
0
0
0
0
0
0
0
0
2.01405e-15
4.67602e-15
0
0
-5.88744e-17
0
0
0
0
0
0
0
-1.97454e-15
0
0
0
0
0
-5.1601e-31
0
0
0
0
0
0
0
0
0
0
0
0
0
0
0
0
0
0
0
0
0
0
-3.98963e-17
3.00294e-16
0
0
0
0
0
0
0
0
1.87951e-16
0
0
0
0
0
0
0
0
0
0
0
0
0
0
0
0
0
0
0
0
0
0
0
-2.52664e-16
0
0
0
0
0
0
0
0
0
0
0
0
0
0
0
0
0
0
1.59758e-16
0
0
0
0
3.35791e-16
0
0
0
0
1.81456e-17
0
0
0
0
-1.97471e-14
0
0
0
0
0
5.68957e-17
0
0
0
0
0
4.44852e-16
6.6227e-15
0
0
0
0
0
0
0
0
0
0
0
0
0
0
0
2.07804e-15
1.49238e-15
0
0
0
0
0
0
0
0
0
0
0
0
0
0
0
0
0
0
0
0
0
0
0
1.44881e-16
0
-5.34199e-16
0
0
0
0
0
0
0
0
0
0
0
0
0
0
0
0
0
0
0
0
0
7.36285e-15
0
0
0
0
0
0
0
0
0
0
0
0
0
0
0
0
0
0
0
0
0
0
0
0
0
0
0
0
0
-1.86362e-16
0
0
0
0
0
0
0
0
0
-1.85603e-17
0
0
0
0
0
0
0
0
0
0
0
0
0
0
0
0
0
0
0
0
0
0
0
0
0
0
0
0
0
0
0
0
0
0
0
0
0
0
0
0
0
0
0
0
2.67198e-16
0
0
0
0
0
0
0
0
-7.25973e-08
0
0
-1.91744e-12
0
0
0
0
0
-1.98105e-17
0
0
0
0
0
0
0
0
6.2449e-16
0
0
0
0
0
0
0
0
0
0
0
0
0
0
0
0
0
0
0
0
0
0
0
0
0
1.79731e-15
-4.15069e-16
2.54605e-15
3.11412e-16
0
0
0
0
0
0
0
0
0
0
0
0
0
0
0
0
0
0
0
0
0
0
0
0
0
0
0
0
0
0
0
0
0
0
0
0
0
0
0
0
1.55904e-15
-4.92997e-12
0
0
0
0
0
0
0
0
0
0
0
0
0
0
0
0
0
0
0
0
0
0
0
0
0
0
0
0
0
0
0
0
0
0
0
0
0
0
-6.89897e-08
0
0
0
0
0
0
2.64395e-15
0
0
0
0
0
0
0
0
0
0
0
0
0
0
0
0
0
0
0
0
0
0
0
0
0
0
0
0
0
0
0
0
0
0
0
0
0
0
0
0
0
3.45593e-17
0
0
0
0
0
0
0
0
0
0
0
0
0
0
0
0
0
0
0
0
1.13702e-15
0
0
0
-2.14839e-15
0
0
0
0
0
0
0
0
0
4.88064e-12
0
0
0
4.50146e-16
0
0
0
0
-2.13507e-17
0
0
0
0
0
0
0
0
0
0
0
0
0
0
0
0
0
0
0
0
0
1.70393e-16
0
0
0
0
0
0
0
0
0
0
0
0
0
0
0
0
0
0
0
0
0
0
0
0
0
-2.82636e-17
0
0
0
0
0
0
0
0
0
0
0
0
0
0
0
0
0
0
0
0
0
0
0
0
0
0
0
0
0
0
0
0
0
0
0
0
0
1.0081e-12
8.80331e-13
0
0
0
0
0
0
0
0
0
0
0
0
0
0
0
0
1.00174e-12
0
0
-8.52431e-17
1.61261e-16
0
-1.34291e-16
0
0
0
0
0
0
0
0
0
4.68327e-17
0
0
0
0
0
0
0
0
0
0
0
0
0
0
0
0
0
0
0
0
0
0
2.09123e-16
0
0
0
0
0
0
0
0
0
0
0
0
0
-2.7993e-16
0
0
0
0
0
0
0
0
0
0
0
0
0
0
0
0
0
0
0
0
3.91037e-16
0
0
0
0
1.7441e-16
0
0
0
0
0
0
0
0
0
0
0
0
0
0
0
0
0
0
0
0
0
0
0
0
0
6.42998e-15
0
0
0
0
0
0
6.39259e-13
0
0
-8.88694e-13
0
0
0
0
-3.13553e-15
0
0
0
0
0
0
0
0
0
0
0
8.13973e-13
0
3.80915e-17
0
0
0
3.86288e-12
0
0
0
-6.16145e-16
0
0
0
-1.71687e-18
0
0
0
0
0
0
3.39118e-13
5.19045e-31
0
0
0
4.38446e-12
0
0
0
0
0
0
0
0
0
0
0
0
0
0
0
0
0
)
;

boundaryField
{
    frontback
    {
        type            empty;
        value           nonuniform List<scalar> 0();
    }
    topbottom
    {
        type            calculated;
        value           uniform 0;
    }
    outlet
    {
        type            calculated;
        value           uniform 0;
    }
    inlet
    {
        type            calculated;
        value           nonuniform List<scalar> 0();
    }
    walls
    {
        type            calculated;
        value           nonuniform List<scalar> 
45
(
3.81466e-08
-2.54311e-09
1.78018e-08
-1.78018e-08
-3.81466e-08
2.72113e-07
2.97544e-07
3.94182e-07
3.17889e-07
3.78923e-07
3.4332e-07
3.63665e-07
2.77199e-07
3.12802e-07
3.0263e-07
2.92458e-07
3.38234e-07
3.8401e-07
3.58578e-07
2.87371e-07
2.82285e-07
2.54311e-09
-1.27155e-08
3.07716e-07
2.2888e-08
3.30604e-08
-2.2888e-08
3.33147e-07
-3.30604e-08
3.89096e-07
3.53492e-07
7.62933e-09
-4.32329e-08
2.79742e-08
-2.79742e-08
3.99268e-07
-4.83191e-08
3.73837e-07
4.04354e-07
3.68751e-07
3.48406e-07
3.28061e-07
3.22975e-07
-7.62933e-09
1.27155e-08
)
;
    }
    procBoundary3to1
    {
        type            processor;
        value           nonuniform List<scalar> 
205
(
2.53191e-07
0
0
0
0
0
0
0
0
0
0
-5.21277e-16
0
-5.07564e-16
1.54071e-15
0
0
0
0
0
0
0
0
0
0
-1.88867e-15
0
0
0
0
2.5451e-15
2.35863e-15
-5.84836e-16
0
0
0
0
0
3.35202e-16
0
-7.64139e-15
0
6.68812e-16
0
0
0
0
-7.96351e-16
7.54014e-17
0
0
0
0
2.83213e-16
-3.69561e-14
-2.5957e-14
0
0
5.11533e-15
1.15608e-15
-2.27347e-16
0
2.93827e-14
0
0
0
6.19252e-16
0
0
0
-1.08031e-14
0
0
0
0
0
0
0
0
0
0
0
0
0
0
3.34967e-15
0
0
0
0
0
1.43711e-15
0
0
0
0
0
0
0
0
0
0
0
0
0
0
0
0
0
0
0
0
0
0
0
0
0
0
0
0
-6.07461e-16
0
0
0
0
0
0
0
0
0
-1.2344e-15
0
0
0
0
1.1974e-13
0
0
-2.18805e-16
2.05823e-16
0
0
0
0
0
-8.58691e-17
0
0
0
9.3524e-17
-3.75277e-14
0
0
0
0
0
0
8.36564e-14
0
4.11387e-16
0
0
0
0
3.32991e-15
-9.30005e-15
0
0
0
0
1.57123e-14
0
0
0
0
0
2.48885e-16
3.1467e-15
0
0
-7.97741e-15
9.20698e-15
-7.78689e-15
0
4.43254e-16
0
6.01194e-15
0
0
0
0
0
2.16219e-14
-5.99608e-15
0
-1.43618e-15
0
2.89846e-12
5.49069e-15
0
0
1.50837e-16
0
-7.51823e-15
0
)
;
    }
    procBoundary3to2
    {
        type            processor;
        value           nonuniform List<scalar> 
99
(
0
0
2.21568e-12
0
0
0
0
0
0
0
0
0
0
0
0
0
0
1.55916e-30
0
0
-1.26984e-15
0
0
0
0
0
0
0
0
0
0
0
0
0
0
0
0
0
0
0
0
0
-9.89568e-15
0
0
0
0
0
0
0
0
0
0
0
0
0
0
0
0
0
0
0
0
0
0
0
0
0
0
5.55853e-08
0
0
0
0
0
0
0
0
0
0
-1.19063e-14
0
0
0
0
0
0
0
0
0
0
0
0
0
0
0
0
0
0
)
;
    }
}


// ************************************************************************* //
