/*--------------------------------*- C++ -*----------------------------------*\
| =========                 |                                                 |
| \\      /  F ield         | OpenFOAM: The Open Source CFD Toolbox           |
|  \\    /   O peration     | Version:  v2012                                 |
|   \\  /    A nd           | Website:  www.openfoam.com                      |
|    \\/     M anipulation  |                                                 |
\*---------------------------------------------------------------------------*/
FoamFile
{
    version     2.0;
    format      ascii;
    class       surfaceScalarField;
    location    "150";
    object      meshPhi;
}
// * * * * * * * * * * * * * * * * * * * * * * * * * * * * * * * * * * * * * //

dimensions      [0 3 -1 0 0 0 0];
oriented        oriented;


internalField   nonuniform List<scalar> 
20673
(
0
0
0
0
0
0
0
0
0
0
0
0
0
0
0
-1.27388e-15
4.29083e-17
0
0
0
0
0
2.61822e-16
-1.20487e-16
0
0
0
0
0
0
0
0
0
0
0
0
0
-2.54842e-08
7.92342e-13
5.50783e-09
0
0
0
0
0
0
0
0
0
0
0
0
0
0
0
0
0
0
0
0
0
0
0
0
0
0
0
0
0
0
0
0
0
2.71368e-15
2.10663e-16
-2.78646e-16
0
0
0
-1.43563e-16
4.38374e-16
0
0
0
0
0
0
0
0
0
0
0
-9.24481e-17
5.28938e-16
-3.80252e-15
-1.19298e-16
0
0
0
0
0
0
0
0
0
0
0
0
0
0
-3.01665e-13
3.54206e-13
-9.54183e-16
0
0
0
0
0
0
0
0
0
0
0
0
0
0
0
3.87365e-15
-1.93797e-16
3.75073e-15
0
0
0
0
0
-3.33159e-12
-2.66613e-12
1.27106e-15
0
0
0
0
0
0
-4.86878e-16
7.20348e-16
0
1.26697e-12
-9.1791e-12
0
-2.76474e-15
0
0
0
0
0
0
0
0
0
0
0
0
0
0
0
0
0
0
0
0
-8.66242e-09
0
0
-7.09808e-17
3.04617e-17
0
0
0
0
0
6.40495e-16
-1.44401e-14
0
0
0
0
0
0
0
0
0
0
0
0
0
0
0
-2.4647e-12
1.16152e-15
-3.2376e-12
0
0
0
-4.88861e-13
0
-7.5204e-14
0
0
0
0
0
0
0
0
0
0
0
0
0
7.85481e-16
6.55701e-17
6.66026e-18
0
0
3.33808e-16
0
5.69652e-16
0
0
0
0
0
0
0
0
0
0
0
4.66101e-16
-1.15764e-16
0
0
0
0
0
0
0
0
0
0
0
0
-1.0969e-16
-1.73617e-15
0
0
0
0
0
0
0
0
0
0
3.42323e-17
-1.94692e-15
3.32266e-17
0
0
0
-5.4722e-15
-2.99036e-16
-3.16154e-15
0
0
0
0
0
0
0
0
0
0
0
0
0
0
0
0
0
0
0
0
0
0
0
0
1.60236e-16
1.14945e-13
0
0
0
0
0
1.42981e-17
0
4.86485e-17
1.06728e-12
-4.59101e-17
-4.2828e-12
0
0
0
2.64153e-18
1.18674e-16
-1.21756e-16
-1.07382e-13
-2.84515e-14
0
-5.03518e-15
3.57328e-15
-3.64483e-15
0
0
0
0
0
0
0
0
0
0
0
0
0
0
0
0
0
0
0
0
0
0
0
0
0
0
-7.54266e-17
0
0
0
0
0
0
0
0
0
0
0
0
1.6294e-15
1.13431e-16
-1.43782e-16
3.50332e-14
2.10598e-16
-7.27078e-17
0
0
0
0
0
0
-7.74454e-15
0
1.42168e-15
2.15149e-15
1.10409e-15
0
4.18436e-16
0
0
0
0
0
0
0
0
5.62056e-16
0
0
0
0
0
0
0
0
0
3.94639e-17
-2.9192e-12
0
0
0
0
0
0
0
0
0
0
0
0
0
0
0
0
0
-1.21943e-12
1.23542e-13
0
0
0
0
0
0
0
0
0
0
0
0
0
0
0
0
0
0
0
0
0
0
0
0
0
0
-2.48348e-15
0
0
0
3.76084e-13
-1.38305e-12
-2.12433e-16
0
0
0
6.06673e-15
-5.45125e-15
0
0
0
0
0
0
0
0
0
1.64233e-17
-1.35387e-15
0
0
0
0
0
0
0
0
0
0
0
0
0
0
0
0
0
0
0
0
0
0
0
0
0
0
0
0
0
0
0
0
2.60607e-16
0
0
0
0
0
0
0
-5.63544e-17
-8.21046e-17
4.14546e-31
-2.48394e-15
3.68849e-17
0
0
0
0
0
0
0
0
0
0
0
0
0
0
0
0
0
0
0
0
0
0
0
0
0
0
0
0
0
0
0
0
0
0
-1.17548e-14
0
0
0
0
-4.12293e-13
0
-1.57766e-13
0
0
0
0
3.23382e-17
0
-1.2098e-15
-1.17925e-15
0
-5.18199e-16
-5.51525e-13
-1.42924e-16
-4.60944e-14
0
0
0
0
0
0
0
0
0
0
0
0
0
0
0
0
0
0
0
0
0
0
0
0
0
0
0
0
0
0
0
0
0
-1.31796e-15
1.42865e-16
0
-3.82512e-15
-9.76495e-13
0
0
0
0
0
4.76417e-17
0
0
0
0
0
0
0
0
0
-7.92144e-14
2.86649e-17
0
0
0
0
0
0
0
0
0
0
0
0
0
0
0
0
0
0
0
0
0
0
4.65334e-13
2.08787e-13
-1.33109e-12
0
0
0
-1.86013e-15
0
0
-8.32571e-16
2.70809e-17
-1.69845e-15
0
0
0
0
0
0
0
0
0
0
0
0
0
0
0
0
0
0
0
-5.35639e-13
-2.72637e-13
0
-8.62805e-16
-4.57595e-16
0
0
0
0
0
0
0
0
4.5366e-13
1.22591e-13
-1.12185e-12
0
0
4.79397e-18
-5.9014e-16
0
0
0
0
0
0
0
0
0
0
0
0
0
0
0
0
0
0
0
0
0
0
0
0
0
0
0
0
0
0
0
0
0
0
0
0
0
0
0
0
0
2.92886e-15
8.16436e-17
0
0
0
0
0
0
0
0
0
0
0
0
-2.35165e-16
0
0
0
0
0
0
0
3.90976e-14
0
2.1157e-17
0
0
0
0
0
0
0
0
0
0
0
0
0
0
0
0
0
0
0
0
2.76536e-15
6.51554e-16
-2.12881e-15
0
0
0
0
0
0
0
0
0
0
0
0
-4.43817e-14
-9.91895e-14
0
0
0
0
0
0
0
0
0
0
0
0
0
0
0
0
0
0
0
0
0
0
0
0
0
0
-3.80963e-12
-1.90327e-12
6.52781e-18
0
0
0
0
0
0
0
0
0
0
0
0
-1.29824e-17
-5.05608e-16
0
0
0
0
0
0
0
-8.11387e-16
0
-1.32918e-14
-2.31361e-16
3.71949e-15
-2.55877e-16
1.66603e-14
-1.73747e-13
2.56595e-14
0
0
0
1.86538e-16
6.49996e-16
6.0775e-16
4.95232e-17
-1.09803e-15
0
0
0
0
0
0
0
0
0
0
0
0
0
0
0
0
0
0
0
0
3.07089e-13
1.02757e-13
0
0
0
0
0
0
0
0
-1.07549e-15
0
0
0
1.90963e-13
-9.89242e-13
-9.76968e-16
0
3.29791e-17
0
0
0
0
0
1.46201e-16
0
0
0
0
0
0
0
0
0
0
0
0
0
0
0
0
-1.50676e-16
0
1.88188e-13
2.11279e-13
-7.99674e-13
0
0
0
0
0
0
0
0
0
0
0
0
0
0
0
0
0
0
0
1.59021e-12
-1.07226e-11
0
0
0
0
0
0
0
0
0
0
0
0
0
0
0
4.43411e-12
8.62e-08
-7.11384e-08
-1.44024e-16
0
-6.63736e-14
-1.20779e-12
0
0
0
0
0
0
0
0
0
0
0
0
0
0
0
0
0
0
0
0
0
0
0
0
0
0
0
0
0
0
0
0
0
0
0
0
0
0
0
0
0
0
-1.04236e-16
0
1.18162e-15
0
0
0
1.24342e-16
-8.87623e-17
0
0
0
0
0
0
0
0
0
0
0
0
0
0
0
0
0
0
0
0
0
0
-6.1099e-15
0
0
0
0
4.33653e-16
0
7.5921e-15
0
0
0
0
0
-3.95954e-13
0
-2.17983e-14
0
0
0
0
0
0
0
0
0
0
0
0
0
0
0
0
0
0
0
0
0
0
0
0
0
0
-5.96598e-16
0
0
0
0
0
0
0
0
0
0
0
0
0
0
0
0
0
0
0
0
0
0
0
-1.00685e-13
-6.2799e-13
0
0
0
0
0
-5.34322e-13
0
-2.93456e-13
0
0
0
-4.39632e-16
0
5.44091e-31
0
0
0
0
0
0
0
0
0
0
0
0
0
0
0
0
0
0
1.7416e-13
-2.27467e-17
-5.41763e-13
0
0
0
0
0
0
0
0
0
0
0
0
0
0
0
0
0
0
0
0
0
0
0
0
0
0
0
0
0
0
-5.603e-16
0
7.4727e-16
9.39892e-17
1.82792e-15
0
0
0
0
0
0
0
0
0
0
0
0
0
0
0
0
0
0
0
0
0
0
0
0
1.64182e-17
0
0
0
4.92066e-17
1.1247e-15
3.10384e-16
0
0
0
0
0
0
0
0
0
0
0
0
0
0
0
0
0
-2.57323e-16
-3.90702e-13
0
0
0
0
0
0
0
0
0
-4.56963e-14
-1.05794e-12
0
0
-2.71943e-13
-2.54273e-13
0
0
0
0
0
0
0
0
0
0
0
0
0
0
0
0
0
0
0
0
0
0
0
0
1.3746e-13
1.787e-13
-6.4013e-13
0
0
0
-2.86254e-13
-4.23003e-13
9.36606e-16
0
0
0
0
0
0
0
0
0
0
0
0
0
0
0
0
0
0
0
0
0
0
0
0
0
0
0
0
0
0
0
0
0
0
0
0
0
0
0
0
0
0
0
0
0
0
0
0
0
0
0
0
0
0
-2.3356e-14
-5.78531e-17
-1.51144e-14
0
0
-5.11116e-17
0
0
0
0
0
0
0
0
0
0
0
0
0
0
0
0
0
0
0
-1.75273e-18
3.0455e-17
0
0
0
0
0
0
0
0
0
0
0
0
0
0
0
-3.95296e-13
0
9.86159e-18
0
0
0
0
0
0
0
0
0
0
0
0
0
-3.77451e-16
7.11301e-17
0
0
0
1.6177e-12
-4.54035e-12
6.00546e-13
0
0
0
0
0
0
0
0
0
0
0
-4.63309e-16
0
0
0
0
0
0
0
0
0
0
0
0
-1.93833e-09
-2.05572e-08
0
0
0
0
0
0
0
0
0
0
0
0
0
0
-1.2319e-15
3.65022e-16
0
2.95168e-15
-7.9824e-16
0
0
0
-1.2352e-13
0
0
0
0
0
0
0
0
0
0
0
0
0
-2.61801e-13
0
-3.96425e-12
0
0
0
1.00426e-16
6.35343e-18
0
0
0
0
0
0
-5.37356e-13
0
0
0
0
0
0
0
0
0
0
0
0
0
0
0
0
0
0
0
0
0
0
0
0
0
0
0
1.89998e-13
-1.4205e-12
0
0
0
0
0
0
0
0
0
0
0
0
0
6.59958e-15
0
0
0
0
0
-1.02689e-11
0
0
0
0
0
0
0
0
0
0
0
0
0
0
0
0
0
0
0
0
0
0
0
0
0
0
0
0
0
0
0
0
0
0
0
0
0
0
0
0
0
0
3.48495e-15
-2.9609e-16
0
0
0
1.99842e-12
1.05804e-12
0
0
0
0
0
0
0
3.03383e-18
-3.36726e-16
0
0
0
1.41756e-14
-1.64348e-15
-1.48787e-16
0
4.36508e-16
0
0
0
0
0
0
0
0
0
0
0
0
0
0
0
0
0
0
0
0
0
0
0
0
0
0
0
0
0
0
0
2.14212e-08
1.54332e-12
0
0
0
0
0
0
0
0
0
0
0
0
0
0
0
0
0
0
0
0
0
1.15539e-15
-1.07639e-16
0
0
0
0
0
0
0
-7.4576e-16
0
0
0
0
0
0
0
0
0
0
-1.5198e-13
0
0
0
0
0
-9.84501e-13
0
0
0
0
0
0
0
3.95655e-15
0
0
0
0
0
0
0
0
0
0
0
0
0
0
-6.33797e-16
5.71284e-16
1.25779e-16
8.58746e-15
0
0
-3.29921e-16
1.15426e-15
0
0
0
0
0
0
0
0
0
0
0
-3.0979e-17
3.14023e-16
0
-2.25994e-16
6.73762e-17
0
0
0
0
0
0
0
0
0
0
0
0
0
0
0
0
0
0
0
0
0
0
0
0
0
0
0
0
0
0
0
0
1.07687e-15
9.46453e-16
1.83366e-16
0
0
0
0
0
0
0
0
0
0
0
0
0
0
0
0
0
0
0
0
0
0
0
0
0
0
0
0
0
-2.99715e-16
0
0
0
0
0
0
0
0
0
0
0
0
0
0
0
0
0
0
0
0
0
0
0
0
0
0
0
0
0
0
0
0
0
0
0
0
0
0
0
1.04385e-16
-2.68046e-16
0
0
0
0
0
0
0
0
0
0
0
0
0
0
0
0
0
0
0
0
0
0
5.64497e-13
3.15422e-13
-1.74722e-12
0
0
0
0
0
0
0
-1.30903e-16
-1.72162e-13
6.51883e-16
0
1.10152e-15
0
0
0
0
0
0
0
0
0
0
0
0
0
0
0
0
0
0
0
-1.48894e-15
0
0
0
0
0
0
0
0
0
0
0
0
0
0
0
-3.90655e-13
-2.75126e-13
0
0
0
0
0
0
0
-5.49519e-17
7.05961e-17
0
0
0
0
0
0
0
0
0
0
0
4.8252e-13
-7.20394e-13
2.32221e-14
0
0
0
0
0
0
0
0
0
0
0
0
0
0
-2.73434e-15
-1.98157e-16
0
0
0
0
0
3.86346e-15
-1.09406e-15
0
1.11707e-12
2.83476e-15
-1.68336e-12
0
0
0
0
0
0
0
0
0
0
0
0
0
-3.45058e-16
0
0
0
0
0
4.08054e-16
-6.35825e-17
0
0
0
0
0
0
0
0
0
0
0
0
0
0
0
0
0
0
0
0
0
-3.93471e-16
1.4788e-14
0
0
0
0
0
0
0
0
0
0
0
0
0
0
0
0
-1.95467e-16
-1.04462e-14
2.83794e-16
0
0
0
0
0
0
6.39089e-13
-3.50773e-12
7.07375e-16
-1.54808e-16
-4.0529e-16
0
0
0
0
0
0
0
0
0
0
0
0
0
0
0
0
0
0
0
0
-3.95076e-17
-1.2397e-16
0
0
0
0
0
0
0
0
1.45382e-16
0
0
0
0
0
0
0
0
6.92322e-15
-7.77462e-13
2.25717e-13
0
0
0
0
0
4.26933e-13
3.25904e-13
-1.50843e-12
1.21381e-16
8.42627e-18
-4.31705e-18
0
0
0
0
0
0
0
0
0
0
0
0
0
0
0
0
0
0
0
0
0
0
-3.83486e-17
9.422e-17
0
0
0
0
5.35491e-17
-9.51883e-17
0
0
0
0
0
0
0
0
0
0
0
0
0
0
-1.75244e-13
-2.67254e-14
-2.5403e-16
0
0
0
0
8.16114e-15
-1.85492e-16
0
0
0
0
0
0
-1.6648e-12
2.86558e-13
0
0
0
0
0
0
0
0
0
-1.17281e-12
0
0
0
0
0
0
0
0
0
0
0
0
0
0
0
0
0
0
0
0
0
0
0
0
0
0
0
0
0
0
0
0
-4.40686e-13
-4.41551e-13
0
0
0
-2.99493e-16
-3.089e-16
-7.03296e-16
0
0
0
0
0
0
0
6.06638e-17
-2.41834e-15
1.00296e-15
0
0
0
0
0
-8.31726e-14
-6.16343e-14
-2.48789e-13
0
2.76904e-31
-1.17669e-20
0
0
0
0
0
0
0
0
0
2.41122e-16
0
0
0
0
0
0
0
0
0
0
0
0
0
0
0
0
0
-7.39145e-17
0
1.55112e-16
0
0
0
0
0
0
0
0
0
0
0
0
0
-5.17269e-13
1.48163e-16
-2.27486e-13
0
0
0
0
2.57588e-16
9.26886e-17
-1.40111e-15
0
-3.33063e-17
5.41446e-18
0
0
0
0
0
0
2.72012e-16
0
0
0
0
0
0
0
0
0
0
0
0
0
0
0
0
0
0
0
0
0
0
0
0
-2.94926e-14
0
0
0
0
0
0
0
0
0
0
0
0
0
0
0
0
0
0
0
0
0
0
0
0
0
0
0
0
1.07114e-15
2.20227e-30
0
0
0
0
0
0
0
0
0
0
0
1.57896e-16
1.62828e-18
0
0
0
0
0
0
0
0
0
0
0
0
0
0
0
0
0
0
0
0
0
0
0
0
0
0
0
0
0
-1.78074e-16
0
0
0
0
0
0
0
0
0
0
0
0
0
0
0
4.15117e-17
0
0
0
0
0
0
0
0
0
0
0
0
0
-4.29256e-18
-9.44245e-17
0
0
0
5.43203e-13
-1.69943e-12
3.12481e-13
0
0
0
0
0
0
0
4.23078e-16
0
7.04831e-16
0
0
0
0
0
0
0
0
0
0
0
0
0
0
0
0
0
0
0
0
0
0
0
0
0
0
0
0
0
0
0
-5.26491e-17
0
0
0
0
0
0
0
0
0
0
0
0
0
3.43086e-15
-4.24752e-17
0
0
0
0
0
0
0
0
0
-2.22725e-15
-1.00959e-15
0
0
0
0
0
0
0
0
0
0
0
0
0
0
0
0
0
0
0
0
0
0
0
0
0
0
0
0
0
0
0
0
-1.47236e-13
0
0
0
0
0
0
0
0
0
0
-1.12107e-12
1.68884e-13
0
0
0
0
0
0
0
0
0
0
0
0
0
0
0
0
0
0
0
0
0
0
0
0
0
0
0
0
0
0
0
0
0
0
0
0
0
0
0
0
0
0
0
0
0
0
0
0
0
0
0
0
0
7.09181e-17
0
0
0
0
4.49449e-18
4.33413e-18
3.17387e-15
0
0
5.09574e-17
-3.46796e-16
8.7823e-16
-4.10813e-12
0
0
0
0
0
0
0
0
0
0
0
0
0
-4.57502e-17
3.2862e-16
-3.27673e-16
0
0
0
-5.71911e-16
1.50591e-16
0
0
0
0
0
0
0
-3.13542e-17
0
0
0
0
0
0
0
0
0
0
0
0
-1.40843e-16
0
0
0
0
0
0
0
6.79128e-16
0
0
0
0
0
0
0
0
0
0
0
-3.33385e-18
6.80114e-32
0
0
0
0
0
0
0
0
0
0
0
0
0
0
0
0
0
0
0
-6.53742e-15
0
0
0
0
0
0
0
0
0
0
0
0
0
0
0
0
0
1.2947e-15
-2.83042e-17
-3.62414e-16
0
0
0
-6.92971e-16
2.03964e-15
0
0
0
0
0
0
0
0
0
0
0
0
0
0
0
0
0
0
-4.99247e-13
0
0
0
0
0
0
-8.67384e-17
0
4.03747e-16
0
0
0
0
0
0
0
0
0
0
0
0
0
0
0
0
0
-3.78827e-16
0
0
0
0
0
0
0
0
0
0
-2.3567e-16
0
4.77652e-18
0
0
0
0
0
0
0
0
0
0
0
4.3423e-17
0
0
0
0
0
0
0
0
0
0
0
-5.9419e-15
-9.6417e-16
0
0
0
0
0
0
0
0
0
0
0
0
0
0
0
0
0
0
0
0
0
0
0
0
0
0
0
0
0
3.87657e-15
-6.2714e-15
0
0
0
0
0
0
0
0
0
0
0
0
0
0
0
0
0
0
0
0
0
0
0
0
0
0
0
0
0
0
0
0
0
0
0
0
0
0
0
0
0
0
4.36303e-15
-4.36769e-15
0
-3.71974e-13
0
0
0
0
0
0
0
1.01849e-16
1.56891e-16
0
0
0
0
0
0
0
4.57747e-13
-1.41654e-12
2.46362e-13
0
0
0
0
0
0
0
0
0
0
0
-1.31425e-12
-6.61161e-16
-7.1204e-13
0
0
1.27761e-15
5.65612e-17
0
0
0
0
0
0
0
0
0
0
0
-2.86232e-15
2.23726e-16
0
0
0
0
0
0
0
0
0
-2.06333e-15
-7.32569e-16
0
0
0
0
0
0
0
0
5.88509e-13
-6.7137e-16
-1.09502e-12
0
0
0
0
7.16189e-16
-6.44926e-17
0
-5.33764e-13
0
0
0
0
0
0
-4.31153e-16
2.738e-16
5.12964e-17
0
-1.30355e-15
0
-9.63149e-13
-6.25339e-13
0
0
0
0
0
0
0
0
0
0
0
0
0
0
0
-1.0594e-16
-3.85722e-15
0
0
0
0
0
0
0
0
-1.05504e-16
0
0
0
0
0
0
0
0
0
0
-4.71498e-13
0
-3.97547e-13
0
0
0
0
0
0
0
-4.39554e-13
-3.29891e-13
0
-2.94326e-13
-1.06718e-12
2.50372e-17
0
0
0
0
0
0
0
0
0
2.53319e-13
0
-1.37867e-12
0
0
0
0
0
0
0
0
0
0
0
0
7.52013e-17
-6.10547e-16
0
0
0
0
0
0
0
0
0
0
0
0
0
0
0
0
0
0
0
0
0
0
0
0
-7.76278e-16
-2.99363e-17
-5.65823e-13
7.13622e-19
0
0
0
-4.32789e-16
1.89358e-17
0
0
0
0
0
0
0
0
0
0
0
0
-9.73418e-17
2.29773e-16
0
0
0
0
0
-3.57505e-18
8.3083e-18
0
-5.75177e-15
0
0
0
0
0
0
2.22895e-12
2.712e-12
-9.87058e-12
-5.81991e-17
-6.20106e-16
0
0
0
0
0
-1.87895e-16
-1.75974e-14
-1.80437e-13
-3.5473e-13
0
0
0
0
0
0
0
0
0
0
0
0
0
0
0
0
0
0
0
1.58823e-18
-6.92977e-18
0
0
0
0
0
0
0
0
0
0
-1.42502e-12
2.78251e-13
0
0
0
0
0
6.25982e-19
4.61144e-18
0
0
-1.71379e-15
1.4392e-16
-2.12557e-15
0
0
0
0
0
0
0
0
0
0
0
0
0
0
0
0
0
0
0
0
0
0
0
0
0
0
0
0
0
0
0
0
0
0
0
-9.25159e-16
-1.15455e-15
0
0
0
0
0
0
0
0
0
0
0
0
0
0
0
0
0
4.34549e-15
1.43001e-14
0
0
0
0
0
0
0
-1.19433e-12
-8.58506e-17
0
0
0
0
0
1.99737e-15
-1.56675e-14
0
0
0
0
-3.56456e-13
0
-2.32317e-16
-1.08071e-15
0
0
0
0
0
0
0
3.83634e-17
-2.77559e-16
0
0
0
0
0
-7.80843e-17
-1.60844e-15
2.41912e-16
0
0
0
0
0
0
0
0
0
0
0
1.70053e-13
-2.83481e-13
3.39066e-15
-5.75499e-15
0
0
0
0
0
0
0
0
0
0
0
0
0
1.23653e-14
0
0
0
-1.03184e-11
0
0
0
0
0
0
0
0
0
0
0
0
0
0
0
0
0
0
0
0
0
0
0
0
0
0
0
0
0
0
0
0
0
0
0
0
0
0
0
0
0
0
0
0
0
2.47019e-16
0
0
0
0
0
0
0
0
0
0
0
0
0
0
0
0
0
0
0
0
0
0
0
0
0
0
0
0
0
0
0
0
0
0
0
-1.34332e-13
0
0
0
0
0
0
0
0
0
0
-3.3065e-12
4.17382e-13
0
0
0
0
0
0
0
0
0
0
0
0
0
0
0
0
0
0
0
0
0
0
0
0
0
2.17e-18
1.16149e-17
0
0
0
0
0
0
0
0
0
0
0
0
0
0
0
0
0
0
0
0
0
0
0
0
0
0
0
0
0
0
-1.00775e-16
3.76454e-13
4.74853e-13
-1.70803e-12
0
0
0
0
0
0
0
0
0
0
0
0
0
0
5.54887e-31
0
0
0
0
0
0
0
0
0
0
0
0
0
0
0
0
0
0
0
-9.57106e-17
0
1.14022e-16
0
0
0
0
0
0
0
0
0
-5.41753e-16
0
0
0
0
0
0
0
0
0
-8.72949e-16
1.4893e-16
0
0
0
-2.75284e-31
0
-4.27829e-16
0
0
0
0
0
0
0
0
0
0
0
-3.28505e-15
-9.09474e-16
0
0
0
0
0
0
0
-5.17597e-17
0
0
-1.93412e-13
-3.52245e-13
0
0
0
0
-5.2435e-17
-4.56086e-16
-1.10863e-13
0
-8.33547e-18
0
0
0
0
0
0
0
0
0
0
0
0
2.01711e-13
-3.48327e-12
0
0
0
0
0
0
0
0
0
0
0
0
0
0
0
0
0
0
-1.15626e-12
0
0
0
-3.18773e-15
-2.03164e-15
0
0
0
0
0
0
0
0
0
0
0
0
0
0
0
0
0
0
0
-9.12684e-16
2.72043e-16
7.98486e-16
2.30513e-16
0
0
0
0
0
0
0
0
0
0
0
0
0
0
0
0
0
0
0
0
0
0
0
0
0
0
0
0
0
0
3.92801e-13
-1.76179e-12
0
0
0
0
0
0
0
0
0
0
0
0
0
0
0
0
5.78575e-16
-2.65087e-15
-1.51992e-15
0
0
0
0
-1.37052e-17
1.01599e-16
6.29809e-17
1.11308e-14
-1.0281e-12
0
0
0
0
0
0
0
0
0
0
0
0
0
-8.5362e-14
-1.72257e-12
0
0
0
0
0
0
0
0
0
0
0
0
0
0
0
0
0
0
0
0
0
0
0
0
0
0
0
3.31773e-13
-3.64075e-14
-3.04249e-13
0
0
0
0
4.85489e-17
0
0
1.53282e-16
0
0
0
0
0
0
0
0
0
0
0
0
3.79419e-16
0
1.09564e-16
7.65902e-15
-3.03302e-16
0
0
0
0
0
0
0
0
0
0
0
0
0
-1.31672e-15
0
0
0
0
0
0
-8.70418e-17
0
0
0
0
0
0
0
0
0
0
0
0
0
0
0
0
0
-1.05756e-16
-5.62767e-18
0
0
0
0
0
0
-1.78877e-15
1.16811e-14
-4.03082e-16
0
-9.44168e-16
2.40734e-16
0
-3.94434e-17
0
-8.53786e-17
0
0
0
0
0
0
0
0
0
0
0
-3.78416e-16
0
0
0
0
0
0
0
0
0
0
0
0
0
0
0
0
0
0
0
-1.68354e-16
0
1.35915e-16
0
0
0
-2.03136e-14
-2.86196e-16
0
0
0
0
0
-7.91354e-17
-2.38377e-12
0
0
0
0
0
0
0
0
0
0
0
0
0
0
0
0
0
0
0
0
0
0
7.34454e-13
-1.26238e-12
0
0
0
0
0
0
0
0
0
0
0
0
0
0
0
0
0
0
0
0
0
2.91813e-13
-9.20241e-13
1.66208e-13
0
0
0
0
0
0
0
0
0
0
0
0
0
0
0
0
0
0
2.76366e-31
2.81719e-16
0
0
0
0
0
0
0
0
0
0
0
0
0
0
0
0
0
0
0
0
0
0
0
0
-2.55653e-12
0
0
0
0
0
0
0
0
0
0
0
1.60545e-15
0
0
0
0
0
0
0
0
0
0
0
0
0
1.2472e-15
4.28852e-17
0
0
0
0
0
0
0
0
0
0
0
0
0
0
0
0
0
0
0
0
0
0
0
0
0
0
5.58126e-31
-1.32125e-17
0
0
0
0
0
1.36316e-16
-1.38567e-16
0
0
0
0
0
0
0
3.76525e-17
0
0
0
0
0
0
0
-3.84773e-12
0
0
0
0
0
0
0
0
0
0
0
1.91105e-15
0
0
0
0
0
0
0
0
0
0
0
0
0
0
0
0
0
0
0
0
0
0
0
7.669e-16
0
9.89623e-17
-6.92833e-15
-7.46248e-17
0
0
0
0
0
0
0
0
0
0
0
0
0
0
0
0
0
0
0
0
0
-6.30879e-13
0
0
0
-1.50069e-16
-5.57046e-31
0
0
-1.02484e-17
-1.55736e-16
0
-1.49973e-16
1.30749e-16
0
0
0
0
0
0
-3.23319e-16
3.5625e-32
0
0
0
0
0
0
0
0
0
0
-1.55488e-15
0
0
0
0
0
1.6037e-16
9.4036e-16
0
0
0
0
0
0
0
-1.3047e-15
0
0
1.46019e-16
-4.5768e-13
0
0
0
0
0
0
0
0
0
0
0
0
0
0
0
0
0
0
0
0
0
0
0
0
0
0
0
0
0
0
0
0
0
0
0
0
0
0
0
0
0
-2.1518e-16
0
4.16473e-16
0
0
-2.16768e-13
0
0
0
0
0
0
0
-9.50416e-13
-4.04335e-13
0
0
0
0
0
0
0
0
-7.72268e-16
1.81477e-17
0
0
0
0
0
0
0
0
0
0
0
0
0
0
0
0
0
0
0
0
0
0
0
0
0
0
0
0
0
0
0
0
-2.39562e-16
0
0
0
0
0
-6.05068e-16
0
0
-2.50484e-15
5.51105e-15
0
0
0
0
0
0
0
0
0
0
0
0
0
0
0
0
0
0
0
0
0
0
0
0
0
0
0
0
0
0
0
0
0
0
0
0
0
0
0
0
0
0
0
0
0
0
0
0
0
0
-2.92348e-12
0
0
-1.1487e-15
0
0
0
0
0
0
0
3.92445e-15
2.24415e-15
0
0
0
0
0
0
0
-1.83155e-15
0
2.60647e-15
0
0
0
0
0
0
0
0
0
0
0
1.76093e-15
0
0
0
0
0
0
0
0
0
0
0
0
0
0
0
0
0
0
0
0
0
-3.25145e-17
5.61007e-17
0
0
0
0
0
0
0
1.34265e-14
0
0
0
0
0
0
0
0
0
-2.9287e-17
-9.82967e-17
-8.76765e-13
-4.22e-16
-4.61494e-13
0
0
0
0
0
0
0
0
0
0
-1.66592e-12
-4.67679e-17
1.95462e-15
2.15549e-16
0
0
0
3.57038e-18
-7.04331e-18
0
0
-7.10363e-16
0
4.65491e-15
-3.53987e-15
0
0
0
0
0
0
0
0
-1.38615e-12
2.57396e-13
0
0
0
0
0
0
0
0
0
0
2.24147e-15
0
0
7.01397e-17
0
0
0
-8.46426e-13
0
-3.60256e-13
0
-2.29938e-13
0
0
0
0
0
0
0
0
0
0
0
0
0
-1.83328e-15
1.83274e-16
0
0
0
0
0
0
0
0
0
0
0
0
2.53723e-15
0
0
-6.35345e-16
0
0
0
0
0
0
0
0
0
0
0
8.84062e-17
-1.55549e-15
0
0
0
0
0
0
0
0
0
0
0
0
0
0
0
0
0
0
0
0
0
0
3.78635e-16
0
0
0
0
0
0
0
0
0
0
0
0
0
0
0
0
0
0
0
3.01253e-15
0
-1.34403e-15
0
0
0
0
0
0
0
-1.29683e-15
7.3894e-18
-9.63973e-18
0
0
0
0
0
0
0
0
0
0
0
0
0
0
0
0
0
0
0
0
0
-2.73202e-16
0
-5.57046e-31
0
0
0
0
0
0
0
0
0
0
0
0
0
0
0
0
0
0
0
0
0
0
0
0
0
0
0
0
0
0
0
0
0
0
0
0
0
0
0
0
0
0
0
2.36809e-15
-1.30606e-12
0
0
0
1.94153e-16
0
0
0
-1.35442e-12
0
0
0
0
0
0
0
0
0
0
0
0
0
0
0
0
2.36796e-16
7.93559e-17
0
0
0
0
0
0
0
-2.37106e-13
-4.03824e-13
0
0
0
0
0
0
0
0
0
0
0
0
0
0
0
0
0
0
0
-8.84149e-30
0
0
0
0
0
0
0
0
-6.5415e-15
0
0
0
0
0
0
0
0
0
0
0
0
0
1.72714e-15
8.69113e-16
0
2.22818e-30
0
0
0
0
0
0
0
-9.00781e-16
2.62508e-15
0
0
0
0
0
0
0
0
0
-3.09644e-13
0
0
0
0
0
0
0
0
0
0
0
0
0
0
0
7.1912e-17
0
0
0
0
0
0
0
5.10468e-19
0
0
0
0
0
0
0
0
0
0
0
0
0
0
-2.29596e-16
0
0
0
0
0
0
0
0
0
0
0
0
0
0
0
0
0
0
0
0
0
0
0
0
0
0
-3.69439e-16
0
0
0
0
0
0
0
0
0
0
0
0
0
0
-1.71827e-16
-4.42265e-17
0
0
0
0
0
0
0
-3.41734e-16
-4.25102e-16
0
0
0
1.48142e-17
3.77539e-17
0
0
0
0
0
0
0
0
0
0
0
0
0
0
0
0
0
0
0
0
0
0
0
0
0
0
0
0
0
0
0
1.0508e-16
-4.72969e-16
0
0
0
0
-6.004e-17
-2.13553e-15
-8.60246e-15
0
0
0
0
0
0
0
0
0
0
0
0
0
0
0
0
0
0
-1.67495e-18
0
0
0
0
0
0
0
0
0
0
0
0
0
0
0
0
0
0
0
0
0
0
0
9.27358e-16
1.32974e-15
1.97695e-16
0
0
0
0
0
0
0
0
0
0
-2.82674e-16
-4.03959e-13
0
0
0
0
0
0
0
0
0
0
0
0
0
0
0
0
0
0
0
0
0
0
0
-1.13322e-15
-1.13303e-16
0
0
0
0
-7.8175e-17
0
0
0
0
0
0
0
0
2.93671e-16
-5.97657e-16
7.45949e-17
-1.74403e-17
0
0
1.47745e-18
7.94899e-16
0
0
0
0
0
0
-1.29032e-15
0
0
0
0
9.67136e-17
0
0
0
1.22021e-15
0
0
0
0
0
0
0
0
0
0
0
0
0
0
0
0
0
0
0
0
0
0
0
0
0
0
-5.27251e-16
-3.77759e-16
0
0
0
0
0
0
0
0
0
0
0
0
0
0
0
0
0
0
0
0
0
0
0
0
0
0
0
0
0
0
0
0
0
-1.87703e-15
0
4.41967e-16
0
0
0
0
0
0
0
0
0
0
-1.12658e-17
0
9.3595e-17
0
0
0
0
0
0
0
0
0
0
0
1.90613e-13
-6.95053e-13
0
0
0
0
0
0
0
0
0
0
0
0
0
0
0
0
0
0
0
0
0
0
-3.67825e-15
-3.91212e-15
0
0
0
1.27427e-15
0
0
0
0
0
0
0
0
0
0
0
0
0
0
0
0
0
0
1.4444e-16
0
0
0
0
-1.39916e-15
-3.13795e-17
0
0
0
-7.33177e-16
3.81234e-18
0
0
0
0
0
0
0
0
0
0
0
0
0
0
0
0
0
0
0
0
0
0
0
0
0
0
0
0
-1.70346e-08
4.00168e-14
4.68834e-08
0
0
0
0
-1.32733e-17
7.5442e-18
0
0
0
4.46066e-17
0
0
0
0
0
0
0
0
0
0
0
0
0
0
0
0
0
-2.70299e-16
3.8728e-16
0
0
0
0
0
0
0
0
0
0
0
0
6.20326e-16
0
-1.74035e-18
0
0
0
0
0
0
0
6.43305e-17
-1.63602e-15
1.58799e-17
0
0
0
0
0
0
0
0
0
0
0
0
0
0
0
0
0
0
0
0
0
0
0
0
0
0
0
0
0
0
0
0
0
0
0
0
0
0
0
0
0
0
0
0
1.93768e-16
-8.19468e-17
0
0
0
0
0
0
0
0
0
0
0
0
0
0
0
0
0
0
0
0
0
0
0
0
0
0
-1.27932e-16
1.57363e-15
0
0
0
0
0
0
0
3.07318e-15
0
-1.9556e-16
0
0
0
0
0
0
0
0
0
0
0
0
1.4401e-17
0
0
0
5.48193e-17
0
0
0
0
5.10055e-18
0
0
0
0
-3.29508e-15
-3.97859e-17
0
0
0
-1.70549e-18
0
4.86418e-16
0
0
0
0
0
0
0
0
0
0
0
0
0
0
0
0
0
0
0
-1.65562e-17
0
0
0
0
0
0
0
0
0
0
0
0
0
0
0
0
0
0
0
0
0
0
0
0
0
0
0
0
0
-1.7814e-15
0
0
0
0
0
5.99616e-16
1.17695e-16
0
0
0
0
0
-1.10114e-30
0
0
0
0
0
0
0
-8.21539e-16
3.24396e-15
0
0
0
0
0
0
0
-2.38448e-15
0
0
0
0
0
0
0
0
0
0
0
0
0
0
0
0
0
0
0
0
0
0
0
-4.34278e-17
5.6469e-17
-4.11064e-17
0
0
0
0
0
1.1091e-15
1.18532e-16
1.22394e-15
0
0
0
0
-2.24365e-17
5.53807e-31
-5.45177e-16
2.53989e-17
0
0
0
0
0
0
0
0
0
4.56042e-17
-1.35419e-16
0
0
0
0
0
0
-1.24411e-18
0
0
0
0
1.44049e-16
0
0
0
0
0
0
0
0
0
0
0
0
0
0
0
0
0
0
0
0
0
0
0
0
0
0
-1.60961e-12
-1.91746e-16
0
-4.20448e-16
5.53284e-16
0
0
0
-1.16793e-15
4.31015e-16
-1.39033e-16
2.68286e-08
9.75631e-13
0
0
0
0
0
0
0
0
0
0
0
0
0
0
0
0
0
0
0
0
0
0
-1.81284e-19
2.76347e-31
0
0
0
0
0
-2.06443e-13
0
-5.19e-14
0
0
0
0
0
-5.90007e-16
-5.13098e-15
0
0
0
0
0
0
0
0
0
0
0
0
0
0
0
0
0
0
-5.146e-16
9.7118e-16
0
0
0
0
0
0
0
0
0
0
0
0
0
0
-2.97916e-16
0
0
0
0
0
0
0
0
0
0
0
0
0
0
0
0
0
0
0
0
0
0
0
-3.62475e-17
-2.10397e-16
-1.88912e-15
0
-9.60228e-16
-8.25724e-16
1.00444e-15
3.32297e-16
-1.45533e-16
3.90119e-13
-1.13844e-12
0
0
0
0
0
0
0
0
2.48297e-17
-1.7165e-15
0
0
0
0
0
0
0
0
0
0
0
0
0
0
0
0
0
0
0
0
0
0
0
0
0
0
0
0
0
0
-1.854e-15
0
0
0
0
0
0
0
0
0
0
0
0
0
0
1.10873e-16
5.81023e-17
0
0
0
0
0
0
0
0
0
3.44022e-16
-2.14072e-12
0
0
0
0
0
0
0
0
0
2.83109e-16
-1.03545e-16
0
0
0
0
0
0
0
-2.17865e-17
-3.27154e-16
1.88725e-15
0
0
0
0
-4.00081e-16
0
1.0928e-15
0
0
0
-1.07167e-12
0
0
0
0
0
0
-8.65614e-17
0
0
0
0
0
0
0
0
0
0
0
0
0
0
0
0
9.04153e-16
0
0
0
0
0
0
0
0
0
0
0
0
0
0
0
0
0
0
0
0
0
0
0
0
0
0
0
0
0
0
-5.01476e-18
8.1682e-16
0
-1.26199e-15
0
0
0
0
-4.91451e-13
0
0
-3.92678e-15
2.54015e-15
0
0
0
0
0
0
0
0
0
0
0
0
0
0
1.03704e-16
4.21456e-15
0
0
0
0
0
0
0
7.4714e-17
0
0
0
0
0
0
0
0
-4.81157e-16
0
0
0
-2.85827e-13
-7.96123e-17
0
0
0
0
0
0
0
0
0
5.13054e-16
-2.85248e-16
0
0
0
0
0
0
0
0
0
0
0
0
-7.80736e-17
0
0
0
0
0
0
0
0
0
0
0
0
0
0
0
0
0
0
0
0
0
1.12058e-14
9.1599e-17
0
0
0
0
0
0
0
0
0
0
0
0
0
0
0
0
0
0
0
0
0
0
0
0
0
0
0
0
0
0
0
0
0
0
0
0
0
0
0
0
0
0
0
0
0
0
0
0
0
0
-2.79406e-15
0
0
0
0
-5.93959e-17
0
-6.36739e-17
0
0
0
0
0
0
0
0
0
0
1.10481e-17
0
0
0
0
0
0
0
0
0
0
0
0
0
0
0
0
0
0
5.82243e-13
-1.96547e-12
4.01243e-13
6.76912e-16
-1.45614e-16
0
0
0
0
0
0
-8.70881e-16
-6.72044e-16
0
0
0
0
0
0
0
0
0
0
0
0
0
0
0
0
0
1.234e-16
7.46349e-17
-1.37331e-16
0
0
0
0
0
0
0
0
0
0
0
0
0
0
0
0
0
0
0
-3.0752e-16
1.39979e-16
0
0
1.75437e-16
0
0
0
0
0
0
0
0
0
0
0
0
0
0
0
0
6.54925e-15
-1.29708e-14
0
0
0
1.22828e-15
0
0
0
8.55027e-16
0
0
0
0
0
0
0
0
0
0
0
0
3.11278e-09
1.37843e-12
0
0
0
0
0
0
0
-3.11802e-16
-2.84584e-16
0
0
0
0
0
0
0
0
0
4.34102e-15
4.6989e-17
0
0
0
0
0
0
1.21959e-16
6.59291e-17
0
0
0
0
0
0
0
0
0
0
0
0
0
0
0
0
0
8.02487e-16
3.97943e-15
0
0
0
0
0
0
0
0
0
0
0
0
0
9.23633e-17
0
0
0
0
0
0
0
0
0
0
0
0
0
0
0
1.62187e-15
4.80802e-16
-1.7329e-15
0
0
-1.27378e-16
0
0
0
0
0
0
0
0
0
0
0
0
0
0
0
0
-8.69309e-17
0
0
0
0
0
0
0
0
0
0
0
0
0
-2.43469e-15
0
0
0
0
-2.36945e-17
-2.38299e-16
0
0
0
0
0
0
9.21969e-16
0
0
0
0
0
0
0
0
0
0
0
0
2.61791e-16
-3.75581e-17
-1.24397e-16
0
0
0
0
0
0
0
1.03658e-16
3.31491e-17
0
0
0
0
0
0
0
0
0
0
0
0
0
0
0
0
0
0
2.74921e-16
0
0
0
0
0
0
0
0
0
0
5.1816e-17
0
0
0
0
0
0
0
0
0
0
0
-5.21307e-15
0
0
0
0
0
0
0
0
0
0
-1.97361e-16
0
0
0
0
8.94876e-16
0
1.13351e-15
0
0
0
0
0
0
0
0
0
0
0
0
0
0
0
0
0
0
0
0
0
0
0
0
0
0
0
0
0
0
1.6139e-16
0
1.32518e-16
-4.38104e-16
-5.22536e-17
0
0
0
0
0
0
0
0
0
0
-5.5145e-16
-2.63286e-16
0
0
0
0
0
0
0
0
-2.0927e-18
0
0
0
0
0
0
0
0
0
0
0
0
0
0
0
0
0
0
0
0
0
0
0
0
0
1.87279e-16
1.0754e-17
4.00527e-17
0
0
0
1.81008e-15
0
2.91608e-17
0
0
0
0
0
0
0
0
0
0
0
0
0
0
0
0
0
0
0
0
0
0
0
0
0
0
0
0
0
0
0
0
0
0
0
0
0
0
0
0
0
6.69265e-17
0
0
0
0
0
0
0
0
0
0
0
0
0
0
0
0
0
0
0
0
0
0
0
0
0
0
0
0
0
0
0
0
0
0
0
0
0
0
0
0
0
0
0
0
0
0
0
0
0
0
0
0
0
0
0
0
0
0
0
0
0
0
0
0
0
0
0
0
0
0
0
0
0
0
0
0
0
0
0
0
-4.74469e-17
-8.72692e-17
6.7358e-16
0
0
2.02698e-15
0
0
0
0
0
0
0
0
0
0
0
0
0
0
0
0
0
0
0
0
0
0
0
0
0
0
0
0
0
0
0
0
0
0
0
0
0
-3.12732e-15
0
0
0
0
0
0
0
0
0
0
0
0
0
0
0
0
0
2.59191e-16
0
0
5.58295e-16
-5.03722e-16
0
0
0
0
7.20525e-16
-3.73898e-15
0
0
0
0
0
0
0
0
0
0
0
0
0
0
0
0
0
0
0
0
0
0
0
0
0
0
0
0
0
0
0
0
0
0
0
0
0
0
0
-4.39004e-16
0
0
0
0
0
0
0
0
0
0
2.58538e-16
6.56619e-17
1.68497e-15
0
0
0
0
0
0
0
0
0
-8.23936e-16
0
0
0
0
0
0
0
0
0
-2.61707e-15
0
0
0
0
0
0
0
0
0
0
0
0
0
0
0
0
0
0
1.58634e-15
0
0
0
0
0
0
0
0
0
0
0
0
0
0
0
0
0
0
0
0
0
6.37837e-16
0
0
0
0
0
-4.52027e-16
6.14647e-16
0
0
0
0
0
0
0
0
0
0
0
0
0
0
0
0
0
0
0
-8.60809e-17
1.94807e-16
0
0
0
0
3.29815e-16
0
-3.86142e-16
0
0
0
0
0
0
0
0
0
0
0
0
0
0
0
0
2.80354e-16
0
0
0
0
0
0
0
0
0
0
0
0
0
0
0
2.90118e-17
-2.26726e-15
0
5.52188e-31
0
0
0
0
0
0
0
0
0
0
0
0
0
0
0
3.41661e-16
0
0
0
0
0
0
0
0
0
0
0
0
0
0
0
4.87188e-16
0
0
0
0
0
0
0
0
0
0
0
0
0
0
6.49503e-17
0
0
0
0
0
0
0
0
0
0
0
0
0
-1.16254e-15
1.66732e-15
0
0
0
0
0
0
0
0
0
0
0
0
0
-1.25178e-15
0
0
0
0
0
0
0
0
0
0
0
0
0
0
0
0
0
0
0
0
0
0
0
0
0
0
0
0
0
0
2.63111e-16
0
0
0
0
0
0
0
0
-6.45816e-19
0
-4.40883e-17
0
0
0
0
0
0
0
0
0
0
0
0
0
0
0
0
0
-4.40455e-30
0
-1.19112e-16
0
0
0
0
0
0
0
0
0
0
0
0
0
0
0
0
0
0
0
0
0
0
0
0
0
0
0
0
0
0
0
0
0
0
0
0
0
0
0
0
0
0
0
0
0
0
0
0
0
0
0
0
0
0
0
0
0
0
0
0
0
0
5.95672e-16
0
-2.42857e-15
0
-3.54697e-16
-6.20399e-16
0
0
0
0
0
0
0
0
0
0
0
0
0
0
0
0
0
0
0
0
0
0
0
0
0
0
0
0
0
0
0
0
0
0
0
0
0
0
0
0
0
0
0
-2.18655e-18
0
0
0
0
0
0
0
0
0
0
0
0
0
2.27207e-15
0
0
0
0
0
0
0
0
4.43136e-16
0
0
0
0
0
0
0
4.85991e-17
-4.2028e-16
0
0
1.37642e-31
4.49097e-16
0
0
0
-3.69806e-16
-4.26423e-17
0
0
0
0
0
0
0
0
0
0
0
0
0
-4.70442e-15
8.27179e-15
0
0
0
0
0
0
0
0
0
0
0
0
0
0
0
0
0
0
-1.5257e-15
0
0
0
0
0
0
0
0
0
0
-1.44652e-16
0
1.3634e-16
0
0
0
0
0
0
4.93733e-19
-1.91442e-17
0
0
0
0
0
0
0
0
0
0
0
0
0
0
0
3.26534e-16
0
0
0
0
0
0
0
0
0
0
0
0
0
0
0
0
0
0
0
0
0
0
0
0
0
0
0
0
0
0
-5.12222e-17
0
0
0
0
0
0
0
0
0
0
0
0
0
0
0
0
0
0
0
0
0
0
0
0
0
0
0
0
0
0
-1.98889e-16
3.60502e-16
0
0
0
0
0
0
0
0
0
0
0
0
0
0
0
0
0
0
0
0
0
0
0
2.24429e-16
0
0
0
0
-1.10655e-14
1.79925e-16
0
0
0
0
0
0
0
0
0
0
0
3.35974e-16
0
0
0
0
0
0
0
0
0
0
0
0
0
0
0
0
0
0
0
0
0
0
0
0
0
0
0
0
0
0
0
0
0
0
0
0
0
0
0
0
-6.91184e-17
0
0
0
0
0
0
0
0
0
0
0
9.82584e-17
0
5.2587e-16
0
0
0
0
0
0
0
-3.55041e-15
0
-7.53462e-16
0
-2.49914e-15
-1.31044e-16
0
0
0
-8.52638e-17
1.98979e-16
0
0
0
0
0
1.12752e-15
0
0
0
0
0
0
0
0
0
0
0
0
0
0
0
0
0
8.49952e-17
0
0
0
0
0
0
0
0
0
0
0
0
0
0
0
0
0
-3.37182e-15
-2.8436e-16
0
0
-1.70027e-15
-9.46598e-17
3.55304e-16
0
0
0
-4.8515e-16
0
0
0
0
0
0
0
0
0
0
0
0
0
0
0
0
0
0
0
0
0
0
0
0
0
0
0
0
0
0
0
0
0
0
0
0
0
-2.82919e-16
-9.35179e-16
0
0
0
0
0
0
0
0
0
0
0
0
0
5.65488e-13
-1.71295e-08
0
0
0
0
0
0
0
0
0
0
0
0
0
0
0
0
0
0
4.1185e-17
5.1019e-17
0
-5.14534e-16
1.94128e-16
0
0
0
0
0
0
0
0
0
0
0
0
0
0
0
0
0
0
0
0
0
0
0
0
0
0
0
0
0
0
0
0
0
0
0
0
0
0
0
0
0
-1.58115e-16
1.39048e-16
0
0
0
0
0
-2.22571e-16
0
4.8725e-17
0
0
0
0
3.99242e-17
0
0
0
0
0
0
0
0
0
0
0
0
0
0
0
0
0
0
0
0
0
0
0
-8.89968e-16
0
-5.02238e-17
2.25844e-16
0
-3.60866e-17
0
-1.02041e-16
0
0
0
0
0
0
0
0
0
0
0
0
0
0
0
0
0
0
0
0
0
0
0
0
0
0
4.61497e-16
6.16254e-16
0
0
0
0
0
0
0
0
0
0
0
0
0
0
0
0
0
0
0
0
0
0
0
0
0
0
0
0
0
0
0
0
0
0
0
0
0
0
0
2.4578e-17
0
0
0
0
0
0
0
0
0
0
0
0
0
0
0
0
0
0
0
0
0
0
0
0
0
0
0
0
0
0
0
0
0
0
0
0
0
0
0
-6.25277e-18
1.77111e-17
0
0
0
0
0
1.36209e-16
0
0
0
0
0
0
0
0
0
0
-5.3602e-16
0
0
0
0
0
0
0
0
0
0
0
0
0
0
0
0
0
0
0
0
0
0
0
0
0
0
0
0
0
0
0
0
0
0
0
0
0
0
3.23104e-16
-4.82405e-16
0
0
0
0
0
0
0
0
0
0
0
0
0
0
0
0
0
0
0
-5.98731e-16
4.14801e-16
0
0
0
0
0
-8.38639e-14
0
0
0
0
0
0
0
0
0
0
0
0
0
0
0
0
0
0
0
0
0
-1.50842e-16
5.02559e-16
0
0
0
0
0
0
0
0
0
0
0
0
0
0
0
0
0
0
0
0
0
0
0
0
0
0
0
0
0
0
0
0
0
0
0
0
0
0
0
0
0
0
0
0
0
0
0
0
0
0
0
0
0
0
0
0
0
0
0
0
0
0
0
0
0
0
0
0
0
0
0
0
0
0
-7.06621e-16
0
0
0
0
0
0
0
0
0
0
0
0
-1.01727e-16
3.73175e-15
0
0
-1.49003e-15
4.55695e-18
0
0
0
0
0
0
0
0
0
0
0
0
0
0
0
-7.70148e-16
7.17045e-16
0
0
0
0
0
0
0
0
0
0
0
0
0
0
0
0
0
0
0
0
0
0
0
0
0
0
0
0
0
0
0
0
0
0
0
0
0
0
0
0
0
0
0
0
1.90193e-16
0
0
0
0
0
0
0
0
0
0
0
0
0
0
0
0
0
0
0
0
0
0
0
0
0
0
0
0
0
0
0
0
0
0
0
0
0
0
0
0
0
0
0
0
3.49949e-15
-8.07887e-16
0
0
0
0
0
0
0
0
0
0
0
0
0
-1.16573e-16
0
0
0
0
0
0
0
0
0
0
0
0
0
0
0
0
0
0
0
0
0
0
0
0
0
0
0
0
0
0
0
0
-7.97677e-16
-6.9584e-17
0
0
0
0
0
0
0
0
0
0
0
0
0
0
0
0
0
0
0
0
0
0
0
6.55456e-17
1.35657e-16
0
0
0
0
0
0
0
-1.43925e-15
3.6432e-15
0
0
0
0
0
0
0
0
0
0
0
0
0
0
0
0
0
0
0
0
0
0
4.32846e-16
0
0
0
0
0
0
0
0
8.23758e-16
1.16799e-16
0
0
0
0
0
0
0
0
-3.15506e-15
0
5.40452e-16
-8.91399e-16
0
0
0
0
0
0
0
0
0
-7.75497e-17
-1.37653e-17
0
1.03838e-15
0
-1.45357e-16
0
0
0
0
0
0
0
0
0
0
0
0
0
0
0
0
0
0
0
0
0
0
0
0
0
0
0
0
0
0
0
0
0
0
0
0
0
0
0
0
0
0
0
0
0
0
0
0
0
0
0
0
0
0
0
0
0
0
0
0
0
0
0
0
0
0
0
0
0
0
0
0
0
0
0
0
0
0
0
0
0
0
0
0
0
0
0
0
0
0
0
0
0
0
0
0
0
0
0
0
0
0
0
0
0
6.57921e-16
0
0
0
0
0
0
0
0
0
0
0
0
0
1.20325e-17
0
0
0
0
0
0
0
0
0
0
0
0
0
-2.18773e-16
2.3884e-17
0
0
0
1.64204e-16
0
0
-1.15966e-16
0
0
0
0
0
0
0
0
0
0
0
0
0
0
-1.16318e-16
3.79312e-17
2.27629e-18
0
0
0
0
0
0
0
0
-1.98785e-15
3.29941e-17
0
0
0
0
0
0
0
0
0
0
0
0
0
0
0
0
0
0
0
0
0
0
0
0
0
0
0
0
0
0
0
0
0
0
0
0
0
0
0
0
1.67621e-16
-8.09345e-17
0
0
0
0
0
0
0
0
2.27474e-18
-2.9937e-17
0
0
0
0
0
0
0
0
0
0
0
0
0
0
0
0
0
0
0
0
0
0
0
0
0
0
0
0
0
0
0
0
0
0
0
0
0
0
0
0
0
0
0
0
0
0
0
0
0
0
0
-1.34745e-16
0
0
0
0
0
0
0
0
0
0
0
0
0
0
0
0
0
0
0
0
0
4.6836e-15
6.05178e-15
0
0
0
0
0
0
0
0
0
0
0
0
0
0
0
0
0
0
0
0
0
0
0
0
0
0
0
0
0
0
0
0
0
0
0
0
0
-1.38726e-16
0
0
0
0
0
0
0
0
0
0
0
0
0
0
0
0
0
0
0
0
0
0
0
0
0
0
0
-8.13179e-16
-9.81769e-16
0
0
0
0
0
0
0
0
0
0
0
0
0
0
0
0
-3.15716e-16
0
0
-6.91485e-16
0
0
0
0
0
0
0
0
0
0
0
0
0
0
0
0
0
0
0
0
0
0
-5.50811e-16
4.65464e-16
0
0
0
0
0
0
0
0
0
0
0
0
0
0
0
0
0
0
2.39715e-16
-1.53486e-15
0
0
0
0
0
9.04839e-15
0
0
0
0
0
0
0
0
0
0
0
-1.17317e-15
0
0
0
0
-1.14585e-15
0
0
0
0
0
0
0
0
0
0
1.09679e-16
-1.9113e-16
0
0
-6.97252e-17
0
0
0
0
0
0
0
3.56686e-15
-3.895e-14
-8.36647e-12
0
0
0
0
0
0
0
1.99341e-15
0
0
0
0
-7.45086e-17
0
5.08361e-17
1.19431e-16
0
0
0
0
0
0
0
0
0
0
0
0
0
0
0
0
0
0
0
0
0
0
0
2.1049e-16
5.95493e-17
0
0
-1.12038e-12
-3.45902e-12
0
0
2.79783e-15
0
0
0
-5.15944e-16
0
0
0
0
0
0
0
0
0
0
0
0
4.38596e-16
0
0
0
2.66298e-19
0
0
0
0
0
0
0
0
0
0
0
0
0
0
-2.17637e-30
0
0
0
0
0
0
0
-2.35751e-17
0
0
3.63437e-16
0
0
0
0
0
0
0
0
0
0
1.56687e-15
-1.2641e-16
0
0
0
0
0
0
0
0
0
0
0
0
0
0
0
0
0
0
0
-3.45e-15
0
0
0
0
0
0
0
8.92651e-16
2.75831e-17
0
0
0
0
0
0
0
0
0
0
0
0
0
0
0
5.86716e-17
0
0
0
0
0
0
0
0
0
0
0
0
0
0
0
0
0
0
0
0
0
0
0
0
0
0
0
0
0
-3.84754e-17
-6.85508e-15
-9.29654e-15
0
0
0
0
0
0
0
-1.40305e-14
-1.99925e-16
9.46929e-17
1.83517e-15
-2.17319e-16
7.54232e-15
5.60524e-15
0
0
0
0
0
0
0
0
0
0
0
0
0
0
0
0
0
0
0
0
0
0
1.99635e-15
0
0
0
0
0
0
0
0
0
0
0
0
0
0
0
0
0
0
0
0
0
0
0
0
0
0
0
0
0
0
0
0
0
0
0
0
0
0
0
0
0
0
0
0
0
0
0
0
0
0
0
0
0
0
0
0
0
0
0
0
0
0
0
0
-2.24643e-12
0
0
0
0
0
0
0
0
0
-3.30073e-16
0
0
0
0
0
0
0
0
0
0
0
0
0
0
-1.12854e-14
0
0
0
0
0
0
0
0
0
0
0
0
0
-1.77855e-15
0
1.18185e-16
0
0
0
0
0
0
0
0
0
0
0
-6.07152e-16
-4.62801e-13
0
-2.70084e-13
0
0
0
0
0
0
0
0
-2.01967e-16
0
0
0
0
3.02527e-14
5.50496e-16
-2.13618e-16
0
0
0
7.9984e-18
0
-1.93725e-16
0
0
0
0
0
0
0
0
0
0
0
0
0
0
0
-1.41521e-16
0
-6.14269e-16
0
-6.07258e-17
0
0
0
0
0
0
0
0
0
0
0
0
0
0
0
0
0
0
0
0
0
0
0
0
0
0
0
0
0
0
0
0
0
0
0
0
0
0
0
0
0
0
0
0
0
0
0
0
0
0
0
0
0
0
0
0
0
0
0
0
0
0
0
0
0
0
0
0
0
0
0
0
0
0
0
0
0
0
0
0
0
0
0
0
2.88365e-15
0
0
0
0
0
0
0
0
0
0
0
0
7.08698e-16
0
0
0
0
0
0
0
0
0
0
0
0
0
0
0
0
0
0
0
0
0
0
0
0
0
0
0
0
0
0
0
0
0
0
0
0
0
0
0
0
0
0
0
0
0
0
0
0
0
0
0
0
0
0
0
0
0
0
0
0
0
0
0
0
0
0
0
0
0
0
0
0
0
0
0
0
-8.43996e-17
-1.13629e-15
0
0
0
0
0
0
0
0
0
0
0
0
0
1.83617e-16
1.50029e-16
0
0
0
0
0
0
0
1.07741e-12
0
0
0
0
0
0
0
0
0
0
0
0
0
0
0
0
0
0
0
0
0
0
0
0
0
0
0
0
0
0
0
0
0
0
0
0
0
0
0
0
0
0
0
0
0
0
-8.61727e-17
-8.08086e-16
0
0
0
0
0
0
0
0
0
-4.99291e-17
0
0
0
0
0
0
0
0
0
0
0
-1.7681e-17
0
0
0
0
0
0
0
1.21741e-16
0
0
0
0
0
0
0
0
0
0
0
0
0
0
0
0
0
0
0
0
0
-5.6058e-16
0
-4.4441e-16
0
0
0
0
0
0
0
0
0
0
0
0
-5.28663e-15
0
0
0
0
6.19728e-16
9.01753e-18
0
0
0
0
0
0
0
0
0
0
0
2.3873e-16
0
4.01305e-17
0
0
0
0
-6.47515e-17
0
0
0
0
0
0
9.48272e-15
2.27729e-16
0
0
0
0
0
0
0
0
0
0
0
0
0
0
0
0
0
-1.22668e-14
0
9.30599e-15
0
0
0
0
0
0
0
0
0
0
-1.99125e-15
0
0
0
0
0
0
0
0
0
0
0
0
0
0
0
0
0
0
0
0
0
2.49601e-15
0
0
0
0
0
0
0
0
0
0
0
0
0
0
0
0
0
0
0
0
0
0
0
-6.48556e-17
0
0
0
7.91854e-16
2.18754e-14
0
0
0
0
0
0
0
0
0
0
0
0
0
0
0
0
0
0
0
0
0
0
0
0
0
0
0
0
0
-1.05142e-14
-2.81574e-14
0
0
0
0
0
0
0
0
0
3.1422e-16
0
0
0
0
0
0
0
0
0
0
0
0
0
0
0
0
0
1.70554e-16
0
0
0
0
0
0
0
0
0
0
0
0
0
0
0
0
0
0
0
0
0
0
0
0
-9.07937e-18
0
0
0
-8.75944e-17
-4.45069e-16
0
0
0
0
0
0
0
0
0
0
0
-3.03191e-16
0
0
0
0
0
0
0
0
0
0
0
0
0
0
0
0
0
0
0
0
0
2.62526e-16
0
0
0
0
0
0
0
0
0
0
0
0
0
0
0
0
0
0
0
0
0
0
0
0
0
0
0
0
0
0
0
0
0
0
0
0
0
0
0
0
0
0
0
0
0
0
0
0
0
0
0
0
0
0
0
0
0
0
0
0
0
0
0
0
0
0
0
0
0
0
0
0
0
0
0
0
0
0
0
0
0
0
0
0
0
0
0
0
0
1.90967e-16
0
0
0
0
0
0
0
0
0
0
0
0
0
0
0
0
0
0
0
0
0
0
0
0
0
0
0
0
0
0
0
0
0
0
-6.64928e-15
0
-2.45652e-18
0
0
0
0
0
0
0
0
0
0
0
0
0
0
0
0
0
0
0
0
0
0
0
0
0
0
0
0
0
0
0
0
0
0
0
0
0
0
0
0
-1.56317e-16
-2.1212e-16
0
0
0
0
0
0
0
0
0
0
0
0
0
0
0
0
0
0
0
0
0
0
0
0
0
0
0
0
0
0
0
0
0
0
0
0
0
0
0
0
0
0
0
0
0
0
0
0
0
0
0
0
0
0
0
0
0
0
0
0
0
0
0
0
0
0
0
0
0
7.07759e-16
0
0
0
0
0
0
0
0
0
0
0
0
0
0
0
0
0
0
0
0
0
0
0
0
0
0
0
0
0
0
0
0
0
0
0
0
0
0
0
0
0
0
0
0
0
0
0
-4.06799e-16
-1.61863e-14
0
0
0
0
0
0
0
0
0
0
2.32691e-15
-4.02231e-15
0
0
0
0
0
0
0
0
0
0
0
0
0
0
0
0
0
0
0
0
0
0
0
0
0
0
0
0
0
0
0
0
0
0
-1.04743e-16
0
0
0
0
0
0
1.4886e-16
0
0
0
0
0
0
0
0
0
0
0
0
0
0
0
0
2.80276e-17
0
-5.6971e-16
0
0
0
0
0
0
0
0
0
0
0
0
0
0
0
0
0
0
0
0
0
0
0
0
0
0
0
0
0
0
0
0
0
0
0
0
0
0
2.14461e-16
8.23391e-16
0
0
0
0
0
0
0
0
0
0
0
9.03604e-17
0
0
0
0
0
0
0
0
0
0
0
0
0
0
0
0
0
0
0
0
0
0
0
0
0
0
0
0
0
0
0
0
0
0
0
0
0
0
0
0
0
0
0
0
0
0
0
0
0
0
0
0
0
0
0
0
0
0
0
0
0
0
0
0
0
0
0
0
0
0
0
0
0
0
0
0
-2.30705e-15
-8.63579e-16
0
0
0
0
0
-3.57137e-17
1.97634e-16
4.94617e-16
0
0
0
0
0
0
0
0
0
0
0
-6.2977e-15
1.76913e-15
-1.51138e-16
0
0
0
0
0
0
0
0
0
0
0
0
0
0
2.03361e-17
1.77259e-17
0
0
0
0
0
0
0
0
0
2.57419e-18
-6.68318e-18
0
0
0
0
0
0
0
0
0
0
0
0
0
0
0
0
0
0
0
0
0
0
0
0
0
0
0
0
0
0
0
0
0
0
0
0
0
0
0
0
0
0
0
0
0
0
0
0
0
-9.26063e-16
1.7422e-17
0
0
0
0
0
0
0
0
0
0
0
0
0
0
0
0
0
0
0
0
0
0
0
0
0
0
0
0
0
0
0
0
0
0
0
0
0
0
0
0
0
0
0
0
0
0
0
0
0
0
0
0
0
0
0
0
0
0
0
0
0
0
0
0
0
0
0
0
0
0
0
0
0
0
0
0
8.27216e-15
0
0
0
-2.82998e-16
0
0
0
0
0
0
0
0
0
0
0
0
0
0
0
0
0
0
0
0
-1.18086e-15
-6.86353e-16
-2.85589e-16
0
0
-8.77001e-16
8.82596e-17
0
0
0
0
0
0
0
0
0
0
0
0
0
0
0
0
0
0
0
0
0
0
0
0
0
0
0
0
0
0
0
0
0
0
0
0
0
0
0
0
4.86999e-16
-1.11915e-17
0
0
0
0
0
0
0
0
0
0
0
0
0
0
0
0
0
0
0
0
0
0
7.84606e-17
0
6.7425e-17
0
0
1.86157e-15
0
0
0
0
0
0
0
0
0
0
0
0
0
0
-3.11482e-16
-1.17004e-15
0
0
0
0
0
0
0
0
0
0
0
0
0
0
0
0
0
0
0
0
0
0
0
0
0
0
4.40893e-17
0
0
0
0
0
0
0
0
0
0
0
0
-1.98066e-16
0
0
0
0
0
0
0
0
3.07946e-13
-9.2032e-13
-1.38925e-15
0
0
0
0
0
0
0
0
0
0
0
0
0
0
0
0
0
-4.66216e-17
0
0
0
0
0
0
0
0
0
0
0
0
0
0
0
0
0
0
0
0
0
0
0
0
0
0
0
0
0
0
0
0
0
0
0
0
0
0
0
0
0
0
0
0
0
0
0
0
0
0
0
0
0
0
0
0
0
0
0
0
0
0
0
0
0
2.50138e-16
4.84873e-16
0
0
0
0
0
0
0
0
0
0
0
0
0
0
0
0
0
0
0
0
0
0
0
0
0
0
0
0
5.61334e-16
5.62068e-16
0
0
0
0
0
0
0
0
0
0
0
0
0
0
0
0
0
0
0
0
0
0
0
0
0
0
0
0
0
0
-9.53159e-16
0
1.03364e-14
0
2.55339e-15
-1.69292e-16
0
0
0
0
0
0
0
0
0
0
0
0
0
0
0
0
0
0
0
0
0
-2.05734e-15
0
-1.42704e-12
0
0
0
0
0
0
0
0
0
0
0
0
0
0
0
0
-1.04841e-14
0
0
0
0
0
-4.09264e-17
0
0
0
0
0
0
0
0
0
1.02322e-16
0
0
0
0
0
0
0
0
0
0
0
0
0
0
0
0
0
0
0
0
0
0
0
0
0
0
0
0
0
0
0
0
0
0
0
0
0
0
0
0
0
0
0
0
0
0
0
0
1.88311e-13
0
0
0
0
0
0
0
0
0
0
0
0
0
0
0
0
0
0
0
0
1.08056e-15
0
0
0
0
0
0
0
0
0
0
0
0
0
0
0
0
0
-1.8339e-16
-2.40018e-16
0
0
0
1.77925e-17
0
0
0
0
0
0
0
0
0
0
0
0
0
0
0
0
0
0
0
0
0
0
0
0
0
0
0
0
0
0
0
0
2.56899e-17
1.60381e-17
0
0
0
0
0
0
0
0
0
0
0
0
0
0
0
0
0
0
0
0
0
0
0
0
-1.84756e-17
0
-1.00287e-16
0
-1.17632e-16
0
0
0
0
0
0
0
0
0
0
0
0
0
0
0
0
0
0
0
0
0
0
0
0
0
0
0
0
0
0
0
0
0
8.78284e-16
4.31226e-16
0
0
0
0
0
0
0
0
0
0
0
9.52781e-16
0
0
0
0
0
0
2.413e-15
0
0
0
0
0
0
0
0
0
0
0
0
0
0
0
0
0
0
0
0
0
0
0
0
0
0
0
0
0
0
0
0
0
0
0
0
0
0
0
0
4.91131e-16
0
0
0
0
0
0
0
0
0
0
0
0
0
0
0
0
0
0
0
0
0
0
0
0
0
0
0
0
0
0
0
0
0
0
0
0
0
0
0
0
0
0
0
0
0
0
0
0
0
0
0
0
0
0
0
0
0
0
0
0
0
0
0
0
0
0
0
0
0
0
0
0
0
0
0
0
0
0
0
0
0
0
0
0
0
0
0
0
0
0
0
0
0
0
0
0
0
0
0
0
0
0
0
0
0
0
0
1.93082e-15
0
0
0
0
0
0
0
0
0
0
0
0
0
0
0
0
0
0
8.71103e-17
0
0
0
0
0
0
0
0
0
0
0
0
0
0
0
0
0
0
0
0
0
0
0
0
0
-2.81206e-17
0
0
0
0
0
0
0
0
0
0
0
0
0
0
0
0
0
0
0
0
0
0
0
0
0
0
0
0
0
0
0
0
0
0
0
0
0
0
0
0
0
0
0
0
0
0
0
0
0
6.72884e-16
0
1.38059e-15
0
0
0
0
0
0
0
0
0
0
0
0
0
0
0
0
0
0
0
0
0
0
0
0
0
0
0
0
0
0
0
0
0
0
0
0
0
0
0
0
0
0
0
0
0
0
0
0
0
0
0
0
0
0
0
0
0
0
0
0
0
0
0
0
0
0
0
0
-2.06399e-15
0
0
0
0
0
0
0
0
0
0
0
0
0
0
0
0
0
0
0
-2.86807e-14
0
-1.24575e-13
0
-3.04189e-17
9.30517e-17
0
0
0
0
0
0
0
0
0
0
0
0
0
0
0
-8.08461e-17
0
0
-8.64461e-16
0
0
0
0
0
0
0
0
0
0
0
0
0
0
0
0
0
0
0
0
0
0
0
0
0
0
0
0
0
0
0
0
0
0
0
0
0
0
0
0
0
0
0
0
0
0
0
0
0
0
0
0
0
0
0
0
0
0
6.55874e-16
0
0
0
0
0
0
0
0
0
0
0
0
0
0
0
0
0
0
0
0
0
0
0
0
0
0
0
0
0
0
0
0
0
0
0
0
0
0
-2.47661e-15
-9.47984e-15
-3.9076e-15
0
0
0
0
0
-2.99125e-16
-6.16588e-17
0
0
0
0
0
-3.68353e-16
-7.55431e-16
0
0
0
0
0
0
1.40897e-16
9.23625e-16
1.24192e-16
-1.06451e-16
0
0
0
0
0
0
0
0
0
0
0
0
0
0
0
0
0
0
0
0
0
0
0
0
0
0
0
0
0
0
0
0
0
0
0
0
0
0
0
-6.18372e-16
-2.65525e-15
0
0
0
0
0
0
0
0
0
0
0
0
0
0
0
0
0
0
0
0
0
0
0
0
0
0
0
0
0
0
0
0
0
-4.11938e-17
0
0
0
0
0
0
0
0
0
0
0
0
9.70155e-17
0
0
0
0
-1.10932e-12
0
0
0
0
0
0
0
0
0
0
0
0
0
6.86742e-16
0
0
0
0
0
0
0
0
0
0
0
0
0
0
0
0
0
0
0
0
0
0
0
0
0
0
0
0
0
0
0
0
0
0
0
0
0
0
0
-6.46766e-16
0
0
0
0
0
0
0
0
0
0
0
0
0
0
0
0
0
0
0
0
0
0
0
0
0
0
0
0
0
0
0
0
0
0
0
0
0
0
0
0
0
0
0
0
0
0
0
0
0
-3.97874e-16
6.5143e-16
0
0
0
0
0
0
-2.36509e-13
0
0
0
0
0
0
0
0
0
-5.00755e-16
-1.82836e-16
0
0
0
0
0
0
0
0
0
0
0
0
0
0
0
0
0
0
0
0
0
0
0
0
0
0
0
0
0
0
0
0
-3.53174e-16
4.34235e-16
1.35564e-16
0
0
0
0
0
0
0
0
0
0
0
0
0
0
0
0
0
0
0
0
0
0
0
0
0
0
0
0
0
0
0
0
0
0
0
0
0
0
0
0
0
0
0
0
0
0
0
0
0
0
0
0
0
0
0
6.59655e-17
3.01083e-16
0
0
0
0
0
0
0
0
0
0
0
0
0
0
0
0
0
0
0
0
0
0
0
0
2.53323e-16
-3.12942e-17
0
0
0
0
0
-1.20373e-16
-1.00188e-16
1.9359e-15
0
0
0
0
0
0
0
0
0
0
0
0
0
0
0
0
0
0
0
-3.27702e-16
0
0
0
5.38747e-16
0
0
0
0
0
0
0
0
0
-4.83548e-17
0
0
0
-6.09412e-16
-1.19086e-15
0
0
0
0
0
0
0
0
4.05195e-13
-1.46741e-12
0
0
0
0
0
0
0
0
0
0
1.75511e-16
0
0
0
0
0
0
0
0
0
0
0
0
0
0
0
0
0
0
0
0
0
0
0
0
0
-7.07751e-16
1.13272e-16
0
0
0
0
0
0
0
0
0
0
1.17437e-16
-1.1904e-16
0
0
0
0
0
0
0
0
0
0
0
0
0
0
0
0
0
0
0
0
-1.08346e-15
0
-1.9497e-16
0
0
0
-1.58373e-16
-1.14193e-15
0
0
0
0
0
0
0
0
0
-1.0323e-17
0
0
0
0
0
0
0
0
0
0
0
0
0
0
0
0
0
0
0
0
0
0
0
0
0
0
0
0
0
0
0
0
0
0
0
0
0
0
0
0
0
0
0
1.71378e-15
0
0
0
0
0
0
0
0
0
0
0
0
0
0
0
0
0
0
0
0
0
0
0
0
0
0
0
0
0
0
0
0
0
0
0
0
0
0
0
0
0
0
0
0
0
0
0
0
0
0
0
0
0
0
0
0
0
0
0
0
0
0
0
0
0
0
0
0
0
0
0
0
0
0
0
-3.82264e-16
0
2.02833e-15
-1.01581e-16
-2.39363e-16
0
0
0
0
0
0
0
0
0
0
0
0
0
0
0
0
0
0
0
0
0
0
0
5.14482e-17
0
2.4869e-16
0
0
0
1.52547e-16
0
0
0
0
0
0
0
0
0
0
0
0
0
0
0
0
0
0
0
0
0
0
0
0
0
0
0
0
0
0
0
0
0
0
0
0
0
0
0
0
0
0
0
0
0
0
0
0
0
0
0
0
0
0
0
0
0
0
0
0
0
0
0
0
0
0
0
0
0
0
0
0
0
0
0
0
0
0
8.54924e-16
-2.09538e-16
0
0
0
0
0
0
0
0
0
0
0
2.76398e-31
0
0
0
0
0
0
0
0
0
0
-3.81883e-16
0
0
0
0
0
-3.69367e-17
0
0
0
-4.10022e-15
0
0
0
0
0
0
0
0
0
7.77413e-16
6.52651e-15
0
0
8.007e-17
-2.28939e-17
0
0
0
0
0
0
0
0
0
0
0
0
0
0
0
0
0
0
0
0
0
0
0
0
0
0
0
0
0
0
0
0
0
0
0
0
0
0
-4.26878e-13
0
0
0
0
0
4.15354e-16
1.67607e-15
0
0
0
0
0
0
0
0
0
0
0
0
0
0
0
0
0
0
0
-1.36221e-12
0
0
0
0
0
0
0
0
0
0
0
0
0
0
0
0
0
0
8.73508e-17
0
0
0
0
0
0
0
0
0
0
0
0
0
0
0
0
0
0
0
0
0
0
0
0
0
0
0
0
0
0
0
0
0
0
0
0
0
0
0
0
0
0
0
0
0
0
0
0
0
0
0
0
0
0
0
0
0
0
0
0
0
0
0
0
0
0
0
0
0
0
0
0
0
0
0
0
0
0
0
0
0
0
0
0
0
0
0
0
0
0
0
0
0
0
0
0
0
0
0
0
0
0
0
0
0
-1.14964e-16
1.97646e-16
0
-2.99328e-17
0
0
0
0
0
0
0
0
0
0
0
0
0
0
0
0
0
0
0
0
0
0
0
0
0
0
0
0
0
0
0
0
0
0
0
0
0
0
0
0
0
0
0
-2.03953e-16
0
0
0
0
0
0
0
0
0
5.25356e-16
-8.75348e-17
0
0
0
4.02432e-18
1.02469e-18
0
0
0
0
0
-4.62429e-16
0
0
0
0
1.66707e-16
1.35538e-15
0
0
0
0
0
0
0
0
0
0
0
0
0
4.53211e-16
9.59763e-17
-1.9672e-16
-1.5166e-14
0
0
0
0
0
0
2.75182e-17
0
0
0
0
0
0
0
0
0
0
0
0
0
0
0
0
0
0
0
0
0
0
0
0
0
0
0
0
0
0
0
0
0
-5.82387e-17
-8.91448e-15
0
0
0
0
-4.42706e-16
0
0
0
0
5.14044e-17
0
0
0
0
0
0
0
0
0
0
0
0
-1.07805e-14
4.51022e-15
0
0
0
0
0
1.08936e-15
-2.03482e-17
-5.84334e-17
0
0
0
0
0
0
0
0
0
0
0
0
0
0
0
0
0
0
0
0
0
0
0
0
0
0
-1.108e-13
-9.92578e-13
0
0
0
0
0
0
0
0
0
0
0
0
0
0
0
0
0
0
0
0
0
0
0
0
0
0
0
0
0
0
0
-2.83802e-13
0
-2.91453e-13
0
0
0
0
0
0
0
0
0
0
0
0
0
0
0
0
0
0
0
0
0
0
0
0
0
0
0
0
0
0
0
0
0
0
0
0
0
0
0
-5.02474e-15
0
0
0
0
0
0
0
0
0
0
0
0
0
0
0
-3.18101e-16
7.21338e-15
0
0
0
0
-2.34627e-13
-2.3523e-13
0
0
0
0
0
0
0
0
0
0
0
0
0
0
0
0
0
0
0
0
0
0
0
0
0
0
0
5.89434e-15
0
-2.85648e-16
0
1.16498e-15
-7.10648e-16
0
0
0
0
0
0
0
0
0
2.96791e-16
0
0
0
0
0
0
0
0
-5.22937e-19
0
0
0
0
0
0
1.99231e-16
3.72097e-17
0
0
0
0
0
0
0
0
0
0
0
0
0
-1.89727e-16
0
0
0
0
0
0
0
0
0
0
0
0
0
0
0
0
0
0
0
0
0
0
0
0
0
0
0
0
0
0
0
0
0
0
0
0
0
0
0
0
0
0
0
0
0
0
0
0
0
0
0
0
0
0
0
0
0
0
0
0
0
0
0
0
0
0
0
0
0
0
0
0
0
0
0
-7.08387e-16
0
0
0
0
0
0
7.23897e-16
0
0
0
0
0
0
0
0
0
0
0
0
0
0
0
0
0
0
0
3.59696e-16
0
0
0
0
0
-1.51745e-15
0
0
0
0
0
0
0
0
0
0
0
0
0
-5.85418e-16
0
0
0
0
0
0
0
1.38989e-17
0
0
0
0
0
0
0
0
0
0
7.49814e-15
0
0
0
0
0
0
0
0
0
-1.12342e-15
0
0
0
0
0
0
0
0
0
0
0
0
0
0
0
0
0
0
0
0
0
0
0
0
0
0
0
0
0
0
0
0
0
0
0
0
0
0
0
0
0
0
0
0
0
0
0
0
0
0
0
0
0
0
0
0
0
0
0
0
0
0
0
0
0
0
0
-1.10894e-16
0
0
0
0
0
0
0
0
0
0
0
0
0
0
0
0
0
0
0
0
0
0
0
0
0
0
0
0
0
0
0
-7.09957e-13
0
-4.0042e-13
-1.12016e-16
0
-5.33843e-13
-2.14546e-13
0
0
0
0
0
0
0
0
0
0
0
0
0
0
0
0
0
0
0
0
0
0
0
0
0
0
0
0
0
0
0
0
0
0
0
0
4.14546e-31
0
0
0
0
0
0
0
0
0
0
0
0
0
0
0
0
0
0
0
0
0
0
0
0
0
0
0
0
0
0
0
0
0
0
0
0
0
0
0
0
0
0
0
0
0
0
0
0
0
0
0
0
0
0
0
0
0
0
0
0
0
0
0
1.1693e-15
0
0
0
0
0
0
0
0
0
0
0
0
0
0
0
0
0
2.4844e-16
0
0
0
0
3.34727e-15
0
0
0
-2.275e-17
0
0
0
0
0
0
0
0
0
0
0
0
0
0
0
0
0
0
0
0
7.27631e-17
-5.14683e-13
0
0
0
0
0
0
0
0
0
0
0
0
0
0
0
0
0
0
-1.60736e-17
0
0
0
0
0
0
0
0
0
0
0
0
0
0
0
0
0
0
0
0
0
0
0
0
0
0
0
0
0
0
0
-4.58782e-13
0
0
1.84349e-15
0
-1.64215e-15
0
0
0
0
0
0
0
0
0
0
0
1.51388e-15
0
0
0
-2.58483e-14
0
-1.12852e-14
0
0
0
0
0
0
0
0
0
0
0
0
0
0
0
0
0
0
0
0
0
0
0
0
0
0
0
0
0
0
0
0
0
0
0
0
0
0
0
0
0
0
0
0
0
0
0
0
0
0
0
0
0
0
0
0
0
0
0
0
0
0
0
0
0
0
0
0
0
0
0
0
0
6.28691e-16
2.76904e-31
0
0
0
0
0
0
0
0
0
0
0
0
0
0
0
0
0
0
0
0
0
0
0
0
0
0
0
8.14111e-17
-5.88303e-16
0
-5.48637e-18
0
0
0
0
0
-1.58575e-15
0
0
0
0
0
0
0
0
0
0
0
0
0
0
0
0
0
0
0
0
0
-9.47061e-17
0
0
0
0
0
0
0
0
0
0
0
0
0
0
0
0
0
0
0
0
0
0
0
0
0
0
0
1.17601e-14
0
0
0
0
0
0
0
0
0
0
0
0
0
0
0
0
0
0
0
0
0
0
0
0
0
0
0
0
0
0
0
0
0
-8.63496e-16
-4.77097e-15
0
0
0
0
0
0
0
4.77862e-15
0
0
0
0
0
0
0
0
0
0
0
0
0
0
0
0
0
-1.42092e-15
0
0
1.40807e-15
0
0
0
0
0
0
0
0
0
0
0
0
0
0
0
0
0
0
0
0
0
0
0
0
0
0
0
0
4.2464e-16
0
0
0
0
0
-1.63434e-15
0
0
0
0
0
0
0
0
0
0
0
0
0
-1.74764e-16
0
0
0
0
0
0
0
0
0
0
0
0
0
0
4.92982e-17
2.68983e-15
0
0
0
0
0
0
0
0
0
0
0
0
0
0
0
0
0
0
0
0
-1.39844e-16
0
0
0
0
0
0
0
0
0
0
0
0
0
0
0
0
0
0
0
0
0
0
0
0
-6.86168e-15
0
0
0
0
0
0
0
0
0
0
0
0
-2.17913e-15
0
0
0
0
0
0
0
0
0
0
0
0
0
0
0
0
0
0
0
0
0
0
0
0
0
0
0
0
0
0
0
0
0
0
0
0
1.94912e-15
0
0
0
0
0
0
0
0
0
0
0
0
0
0
0
0
4.13763e-16
-5.22994e-15
0
0
0
0
0
0
0
0
0
0
0
0
0
0
0
0
0
0
0
0
0
0
0
0
0
0
0
0
0
0
0
0
0
0
0
0
0
0
0
0
0
0
0
-5.42076e-16
-9.52837e-17
0
0
0
0
0
0
0
0
0
0
0
0
0
0
0
0
0
0
0
7.24531e-16
-1.67726e-15
0
0
0
0
0
0
0
0
0
0
0
0
0
0
0
0
0
0
0
0
0
0
0
0
-4.80598e-16
0
0
0
0
0
0
0
0
0
6.24281e-15
-1.77363e-16
-2.54581e-17
-1.40321e-15
0
0
0
0
0
0
0
0
5.50569e-31
4.1271e-17
0
0
0
0
0
-1.05543e-15
0
0
0
0
0
0
0
0
0
0
0
0
0
0
0
0
0
0
0
0
0
0
0
0
0
0
0
0
0
0
0
0
1.34051e-15
-9.99047e-17
0
0
0
0
0
0
0
0
0
0
0
-2.26579e-12
0
0
0
0
0
0
0
0
0
0
0
0
0
0
0
0
0
0
0
0
0
0
0
0
0
0
0
0
0
0
0
0
0
0
0
0
0
0
-3.52226e-12
6.61515e-17
1.34547e-16
-8.45316e-15
-1.54375e-14
0
0
0
0
0
0
0
0
0
0
0
0
0
0
0
-8.00206e-18
3.09379e-14
0
0
0
0
0
0
0
-1.12404e-16
0
0
0
0
0
0
0
0
0
0
0
0
0
0
0
0
0
0
0
0
0
0
0
0
0
0
0
0
0
0
0
0
0
0
0
0
0
0
0
0
0
0
0
0
0
0
0
2.30212e-15
-2.83496e-15
0
0
0
0
0
0
0
0
0
0
9.18124e-16
0
0
0
0
0
0
0
0
0
0
0
0
0
0
0
0
0
0
0
0
0
0
0
0
0
0
0
0
0
0
0
0
0
0
-8.21543e-17
4.41546e-17
0
0
0
0
0
0
0
0
0
-3.08271e-16
0
0
0
0
0
0
0
0
0
0
0
0
0
0
0
0
0
0
0
0
0
-7.83687e-17
0
0
0
0
0
0
-2.00408e-12
0
0
0
0
0
0
0
0
0
0
0
0
0
0
0
0
0
0
0
0
0
0
0
0
0
0
0
0
0
0
0
8.10477e-19
0
0
0
0
0
0
0
0
0
0
0
1.84128e-15
0
0
0
0
0
0
0
0
0
0
-1.55363e-14
-9.90577e-15
0
1.72836e-08
4.43421e-08
-2.19422e-08
-6.78364e-09
-2.89123e-08
-6.0741e-09
-3.47197e-08
-6.49375e-09
-6.23847e-08
-2.9766e-08
-5.36672e-08
-4.49814e-08
2.77776e-08
5.90977e-09
2.96462e-08
-2.49413e-09
-5.75744e-09
1.64933e-08
1.45529e-08
-1.03117e-08
4.13945e-08
1.51451e-08
3.87592e-08
1.26925e-08
3.48718e-08
1.02253e-08
3.54929e-08
3.06823e-09
2.30871e-08
-9.02678e-10
2.12439e-08
9.48233e-09
-1.03487e-08
-1.32063e-08
7.51709e-09
-1.67935e-08
4.7164e-09
-1.82257e-08
8.76775e-10
-2.16456e-09
-3.54381e-08
-1.09181e-08
-3.45345e-08
-1.70176e-08
-3.70439e-08
-2.08811e-08
-3.82618e-08
-2.47794e-08
-2.77764e-08
-4.16006e-08
-5.34439e-08
-2.21518e-08
-2.77842e-08
-5.29453e-08
-3.18112e-08
-5.52999e-08
0
0
0
0
0
0
0
0
0
0
0
0
0
0
0
0
0
0
0
0
0
0
0
0
0
0
0
0
0
0
0
0
0
-9.32568e-12
0
0
0
0
0
0
0
0
0
0
2.68543e-16
0
0
0
0
0
0
0
0
0
0
0
0
0
0
0
0
0
0
0
0
0
0
0
0
0
0
0
0
0
0
0
0
0
0
0
0
0
0
0
0
0
0
0
0
0
0
0
0
0
0
0
0
0
0
0
0
0
0
0
0
0
0
0
0
0
0
0
0
0
0
0
0
0
0
0
0
0
0
0
0
0
-3.74969e-16
0
0
0
0
0
0
0
0
0
0
0
0
0
0
0
0
0
0
9.0186e-09
-1.34046e-08
-1.13775e-08
9.29024e-09
5.31552e-09
-1.61868e-08
0
0
0
0
0
1.64479e-08
-4.36708e-09
0
-9.51756e-10
-1.5189e-08
0
0
0
0
0
0
0
0
0
-4.28301e-10
2.1368e-08
1.13713e-09
2.48781e-08
0
0
0
0
0
0
0
0
0
0
0
0
0
0
0
0
4.98626e-09
2.74111e-08
0
0
0
0
0
0
0
-5.69562e-09
-2.1745e-08
-2.16244e-08
-3.2646e-09
0
0
0
0
1.45884e-09
3.59193e-08
0
0
0
0
0
0
0
0
0
0
0
0
0
0
9.71965e-16
0
0
0
0
0
0
0
0
0
0
0
-1.1134e-08
-2.27429e-08
0
0
0
0
0
0
0
0
1.24666e-08
3.77148e-08
0
0
0
0
0
0
0
1.51036e-08
4.01612e-08
4.02581e-08
1.24254e-08
0
0
0
-8.548e-09
-3.15235e-08
0
0
0
0
-2.74767e-08
-2.38919e-09
0
0
-1.68836e-08
-2.84602e-08
0
0
0
0
0
0
0
0
0
0
0
-1.3365e-14
0
0
4.22139e-08
1.55882e-08
0
0
0
0
0
0
0
0
0
0
0
0
0
0
-2.79355e-16
0
0
-1.58822e-08
-3.43969e-08
0
0
0
0
2.46103e-08
-1.17211e-09
0
-2.02387e-08
-3.64056e-08
2.58687e-18
0
0
3.25193e-14
-4.31324e-17
0
-1.24224e-16
1.40319e-17
-9.19011e-09
1.12186e-08
4.59235e-08
-3.66997e-08
-2.25218e-08
-2.29643e-08
-3.87762e-08
1.12674e-08
-1.44635e-08
5.48703e-09
-1.50829e-08
-3.93758e-08
-2.49086e-08
0
0
1.31218e-15
0
0
0
0
0
0
0
0
0
3.61686e-15
0
0
0
0
0
0
1.795e-08
-4.65308e-09
0
5.34066e-10
-1.5191e-08
-6.93898e-09
1.5163e-08
0
0
0
0
0
0
1.05441e-09
1.86784e-08
0
0
-1.8282e-08
-1.58753e-09
5.39964e-10
2.42034e-08
0
0
0
0
0
0
-4.21251e-08
-2.85291e-08
0
0
0
0
0
0
0
7.03203e-09
2.41633e-08
0
0
0
0
0
0
0
0
0
0
0
-3.72027e-09
-2.24083e-08
0
0
7.0747e-09
2.91697e-08
0
0
0
0
0
0
0
0
0
1.50841e-08
2.76299e-08
0
0
0
-2.99003e-08
-4.45583e-08
0
1.09115e-08
3.67241e-08
0
-1.44047e-08
-2.33069e-08
0
0
-1.56407e-16
0
0
0
0
-8.11602e-08
-7.57709e-08
7.52743e-08
8.02898e-08
-8.60633e-08
-8.786e-08
9.73763e-08
9.8567e-08
-9.42002e-08
0
0
0
0
0
0
0
0
0
0
-1.89356e-15
8.69344e-16
0
0
0
-3.16335e-16
0
0
0
0
0
0
0
0
0
0
2.3952e-15
-5.0305e-16
-1.112e-08
-2.15151e-08
0
0
0
0
0
0
0
0
7.59145e-16
0
0
-3.48219e-29
-5.37809e-16
0
0
1.15037e-08
3.74039e-08
0
0
0
0
0
0
0
0
0
0
0
1.30072e-08
4.09534e-08
0
0
0
0
0
0
0
0
5.82306e-16
0
-1.70978e-15
0
-1.32977e-08
-2.56234e-08
0
0
0
-2.22462e-08
-2.19209e-08
0
0
0
0
0
0
0
0
0
0
0
0
0
0
0
0
0
0
4.5415e-08
1.36045e-08
0
0
0
0
0
0
0
0
0
0
0
0
0
1.57685e-08
4.83706e-08
-2.12141e-08
-2.79806e-08
0
0
0
0
-3.04599e-08
-4.27392e-08
0
0
0
0
0
0
0
-5.39889e-08
-2.80124e-08
0
5.40929e-16
0
0
0
0
0
0
0
0
0
0
0
0
0
0
0
-1.76422e-08
-3.76998e-08
0
0
0
0
0
0
0
0
0
0
0
0
0
0
0
0
0
2.25606e-08
4.29027e-08
-3.78406e-08
-2.26257e-08
0
-4.09446e-08
-2.46019e-08
0
0
0
0
0
0
0
0
0
0
0
0
0
0
0
0
0
0
0
0
0
0
0
1.00834e-15
0
0
0
0
0
0
0
0
0
0
0
0
0
0
-1.34924e-12
0
0
0
0
0
0
0
0
0
0
0
0
0
0
0
0
3.70809e-16
0
-3.07936e-16
0
0
0
0
0
0
0
0
0
0
0
0
0
0
0
0
0
0
0
0
0
0
0
-4.16545e-13
0
0
0
0
0
0
0
0
0
0
0
0
0
0
0
0
0
-2.21891e-16
0
0
0
0
1.0969e-16
0
0
0
0
0
0
0
0
0
-1.02517e-12
0
0
0
-4.28956e-08
-2.90158e-08
0
0
0
0
0
0
0
0
0
0
0
0
0
0
0
0
-2.15478e-16
0
0
0
0
0
0
0
0
0
0
0
0
0
0
0
0
0
0
0
0
0
0
0
0
0
0
0
0
0
0
0
5.20592e-18
3.37474e-18
0
0
0
0
-5.49119e-08
-3.34872e-08
-4.0216e-08
-5.07883e-08
2.76172e-15
0
2.03319e-15
0
0
8.61882e-16
0
2.90268e-16
0
0
0
0
0
0
0
0
0
0
0
0
0
0
0
0
0
0
0
0
0
0
0
0
0
0
0
0
0
0
0
0
0
0
0
0
0
0
0
0
0
0
0
0
0
0
0
0
0
0
0
0
0
0
0
0
0
0
0
0
0
0
0
0
0
0
0
0
0
0
2.17291e-15
0
0
-4.63969e-08
-5.10071e-08
0
0
0
0
0
0
0
0
0
0
0
0
0
0
0
0
0
0
0
0
0
0
0
0
0
0
0
0
0
0
0
0
0
0
0
0
0
0
0
5.52854e-16
-4.5042e-16
0
0
0
0
0
0
0
0
0
0
0
0
0
0
0
0
0
8.21005e-15
0
0
0
0
0
0
-5.05623e-16
0
0
0
0
0
0
0
0
0
0
0
0
0
0
0
0
0
0
0
0
0
0
0
0
0
0
0
0
0
0
0
0
0
0
6.51425e-15
0
-3.63819e-08
-4.19708e-08
0
-3.09955e-16
9.44091e-17
0
0
4.69267e-16
3.43391e-17
0
0
0
0
0
0
0
0
0
1.51947e-15
-2.85687e-15
0
0
0
0
0
0
0
0
0
0
0
0
0
0
-4.24917e-15
0
0
0
0
0
0
0
0
0
0
0
0
0
0
0
0
0
0
0
0
0
-1.10438e-30
8.91763e-16
0
0
0
0
0
0
0
0
0
0
-7.19014e-16
0
0
0
0
6.3645e-18
0
0
0
0
0
0
0
0
0
0
0
0
0
0
0
0
0
0
0
0
0
-1.17969e-16
-3.36262e-16
-4.73903e-13
-1.16082e-13
0
0
0
0
0
0
0
-5.04656e-08
-3.41412e-08
0
0
0
0
0
0
0
0
0
0
0
0
3.9966e-13
3.62006e-13
0
0
0
0
0
6.89415e-19
4.03974e-17
0
0
0
0
0
0
0
0
0
0
0
0
0
0
0
0
0
0
0
0
0
0
0
0
0
0
0
0
0
0
0
0
0
0
0
0
0
0
0
0
0
0
0
0
0
0
0
0
0
0
0
0
0
0
0
0
0
0
0
0
0
0
0
0
0
0
0
0
-6.27337e-15
0
0
0
0
0
0
0
9.42245e-15
0
0
0
-2.64295e-16
0
0
0
0
0
0
0
0
0
0
0
0
0
0
0
0
0
0
0
4.35769e-16
-3.03355e-15
0
1.59369e-14
3.55826e-15
0
0
0
0
0
0
0
0
0
0
0
4.47589e-16
-2.49456e-16
0
0
0
0
0
3.75504e-17
-5.75905e-18
0
0
0
0
7.84575e-18
-1.26496e-16
0
0
0
0
0
0
0
0
-8.961e-08
8.25724e-08
-5.61033e-08
-4.37913e-08
0
0
0
0
0
0
0
0
0
0
0
0
0
0
0
0
0
-5.10496e-08
-3.22668e-08
0
0
0
0
0
0
0
0
0
0
0
0
0
0
0
0
0
0
0
0
0
0
0
0
0
0
0
0
0
0
0
0
0
0
0
0
0
0
0
0
0
0
0
0
0
0
0
0
0
-2.04476e-16
0
0
0
0
0
0
0
0
-4.99398e-16
-8.81082e-16
0
0
0
0
0
0
0
0
0
0
0
0
0
0
0
0
0
0
0
0
0
0
0
-1.88041e-14
1.68725e-14
1.78447e-16
8.6482e-17
5.12038e-18
0
0
0
0
0
0
0
0
0
0
0
0
0
0
0
0
0
0
0
0
0
0
0
0
0
0
0
0
0
0
1.91786e-14
6.12687e-17
0
0
0
0
0
0
0
0
0
0
0
0
0
0
0
0
0
0
0
0
-9.89647e-08
1.02147e-07
1.0238e-07
-1.0168e-07
0
0
0
0
8.15943e-08
-8.61242e-08
0
0
0
0
0
0
0
0
0
0
0
0
0
0
0
0
0
0
0
0
0
0
0
0
0
0
0
0
4.3978e-16
0
0
0
0
0
0
0
0
0
0
0
0
0
0
0
0
0
0
0
0
0
0
0
0
0
0
0
0
0
0
0
0
1.62346e-17
2.24032e-16
0
0
0
0
-5.63706e-17
0
-4.9591e-18
0
-3.06355e-15
0
0
0
0
0
0
0
0
0
0
9.53121e-08
-8.97274e-08
0
0
0
0
-3.4954e-16
0
0
0
0
0
0
0
0
0
0
-3.24645e-15
0
0
0
0
0
0
0
0
0
0
0
0
0
-4.60591e-08
-4.88043e-08
0
0
-2.52914e-16
-4.11314e-16
0
0
0
2.77297e-15
0
0
0
2.42591e-16
-1.41586e-15
0
0
0
0
0
0
0
0
0
0
0
0
-4.22701e-15
0
0
0
0
0
0
0
0
3.61569e-16
0
0
0
0
0
-6.14948e-13
1.37178e-13
0
0
0
0
0
0
0
0
-4.44946e-16
0
0
0
0
0
0
0
0
0
0
0
0
0
0
0
0
0
0
0
0
0
0
0
0
0
0
0
0
0
0
0
0
0
0
0
0
0
0
0
0
-1.03896e-16
2.85373e-15
0
0
0
1.30399e-14
0
0
0
0
0
0
0
0
0
0
-5.14758e-08
-3.8245e-08
0
0
0
0
0
0
0
0
0
0
0
0
-5.51571e-17
0
0
1.01589e-13
-6.94702e-13
2.6687e-08
8.34355e-09
0
0
0
0
0
0
0
0
0
0
0
0
0
0
0
0
0
0
0
0
0
0
0
0
0
0
0
0
0
0
0
0
0
0
0
0
0
0
0
0
0
0
0
0
0
0
-1.69663e-17
0
0
-3.6857e-16
3.21634e-15
0
0
0
0
0
0
0
0
0
0
0
0
0
8.80783e-16
0
-2.72904e-13
0
2.15147e-15
0
0
0
0
0
0
0
0
0
0
0
0
0
0
0
0
0
-5.83853e-17
9.54817e-16
-1.9811e-16
0
0
0
0
0
0
0
0
0
0
0
0
0
0
-4.2948e-08
-5.3148e-08
0
0
-2.46586e-16
5.5988e-18
0
0
3.98135e-08
2.31801e-08
0
0
0
0
0
-1.06613e-14
4.86773e-17
-1.11961e-16
0
0
0
0
0
0
0
0
0
0
0
0
0
0
0
0
0
0
0
0
0
0
0
0
0
0
0
0
3.07405e-18
7.12805e-17
0
0
0
0
0
0
0
0
0
0
0
0
0
0
0
0
0
0
0
0
0
0
0
0
0
0
0
0
0
0
0
0
0
0
0
0
0
0
0
0
0
0
0
0
0
0
0
0
0
0
0
2.15008e-16
0
0
0
0
0
0
0
0
0
0
0
0
0
0
0
8.5041e-08
-9.3315e-08
0
0
0
0
0
0
0
0
-3.66994e-18
0
0
0
0
0
0
0
0
0
0
0
0
-3.97736e-15
0
0
0
0
0
-2.06271e-16
-8.34687e-16
1.54092e-16
0
0
0
0
0
0
0
0
0
0
0
0
0
0
0
0
0
0
0
0
0
0
0
0
0
0
0
0
0
0
0
0
0
0
0
0
0
0
0
0
0
0
0
0
0
0
0
0
0
-6.89658e-17
-3.98132e-16
0
0
0
0
0
0
0
0
0
0
0
0
0
0
0
0
0
0
0
0
0
0
0
0
0
0
0
0
0
0
0
0
0
0
0
0
0
0
0
0
0
0
0
0
0
4.29971e-16
0
0
0
0
0
0
0
-1.66885e-15
0
0
0
0
0
0
0
0
0
0
8.62734e-16
2.92691e-18
0
0
9.53117e-18
0
0
0
0
0
0
0
0
0
0
0
4.24098e-16
1.15606e-16
0
-6.5484e-16
0
0
0
0
0
0
0
0
0
0
0
0
0
0
0
0
0
-6.25052e-16
0
0
0
0
0
0
0
0
0
0
0
0
0
0
0
0
8.18438e-16
0
0
0
0
0
0
0
0
0
0
0
0
0
0
0
0
0
0
0
0
0
0
2.27968e-16
-8.35143e-16
0
0
0
0
0
0
0
0
0
0
0
0
0
0
0
0
0
0
0
0
0
0
0
0
0
0
0
0
0
0
0
0
0
0
0
0
0
0
0
0
0
0
0
0
0
0
0
1.61386e-16
0
0
0
0
0
0
0
0
0
-1.10319e-16
7.2467e-17
0
0
0
0
0
0
0
0
0
0
-1.23352e-14
0
0
0
0
0
0
0
0
0
0
0
0
-5.84741e-16
0
-6.25801e-16
0
0
0
0
0
0
0
0
0
0
0
-6.61246e-17
-1.46154e-16
0
0
0
0
0
4.11933e-16
0
0
0
0
0
0
0
0
0
0
0
0
0
0
0
0
0
0
0
0
0
0
0
0
0
0
0
0
0
0
0
0
0
0
0
0
0
0
0
0
0
0
0
0
0
1.09733e-12
1.1049e-12
1.73326e-12
0
0
0
0
0
0
0
0
0
1.16247e-12
0
0
0
0
0
0
0
0
0
0
0
0
0
0
0
0
0
0
0
0
0
0
0
0
1.22192e-12
0
0
-1.14663e-16
0
0
0
0
0
0
0
0
1.39979e-12
0
0
0
0
0
0
0
2.9351e-13
0
0
0
0
0
0
0
0
0
0
0
6.16039e-17
0
0
0
0
0
0
0
0
0
0
0
0
0
0
0
-8.90696e-08
9.09536e-08
0
0
1.7685e-12
0
0
9.67772e-13
0
0
0
1.44749e-16
1.0119e-12
9.35899e-13
0
0
0
0
0
0
0
0
0
0
0
9.37514e-08
-9.71567e-08
0
0
0
1.24651e-12
4.07004e-16
6.23121e-16
0
0
0
0
0
0
0
6.43547e-15
0
0
0
0
8.46883e-13
0
0
0
0
0
0
0
0
0
0
0
0
0
0
0
0
0
0
0
0
0
0
0
1.54603e-12
-5.55031e-08
-4.56812e-08
7.95762e-17
3.10744e-17
0
0
0
0
0
0
8.20575e-16
0
-4.94449e-15
0
0
0
0
1.62606e-12
0
0
0
-1.10761e-30
-1.77937e-15
-1.56238e-15
0
0
0
0
0
0
0
-4.51853e-17
0
0
-2.14047e-17
-1.00492e-15
0
0
0
0
0
0
0
5.12056e-17
0
0
0
0
0
1.1586e-13
-1.24447e-12
0
0
0
0
0
0
0
0
0
0
0
0
0
0
0
0
0
0
0
0
0
0
0
0
-3.00418e-17
-3.21302e-08
-5.37158e-08
0
0
0
0
0
0
0
0
0
0
0
-8.33468e-17
-3.84729e-16
0
0
0
0
0
0
0
0
0
0
0
0
0
0
0
0
0
0
0
0
0
0
0
0
0
6.0406e-16
-2.46146e-15
0
0
0
0
0
0
0
0
0
0
8.59052e-08
-7.91568e-08
0
0
0
1.28015e-12
0
0
0
0
0
0
0
0
0
0
0
0
0
0
0
0
0
0
0
0
0
0
0
0
0
0
0
0
0
0
0
0
0
0
0
0
0
1.42973e-12
0
0
0
0
0
0
0
0
0
0
1.19455e-12
0
0
0
0
0
0
0
0
0
0
0
0
0
0
-2.5172e-16
0
0
0
0
0
0
3.51793e-15
0
0
0
0
0
0
-3.13889e-14
-2.00883e-12
0
0
0
0
0
0
0
1.26182e-12
0
0
0
1.04462e-12
0
0
0
0
0
0
0
0
0
-1.88808e-15
0
0
0
0
0
0
0
0
-5.23583e-15
0
0
1.40374e-12
0
0
0
0
0
0
0
0
0
0
0
0
0
0
0
1.28497e-12
1.38776e-12
0
0
0
0
0
0
0
0
0
0
1.88976e-16
0
0
0
0
-2.58636e-13
0
0
0
0
0
0
0
0
0
0
0
0
-4.3323e-16
0
0
3.03039e-16
-7.75617e-15
0
0
0
0
0
0
0
0
0
0
0
0
0
0
0
0
0
0
0
0
0
-5.70957e-16
0
0
-2.75537e-15
0
0
0
0
0
0
0
0
0
0
0
0
0
5.4841e-31
0
0
0
0
0
0
0
0
0
-6.63287e-16
4.21791e-16
-5.29153e-16
5.54887e-31
5.4841e-31
0
0
0
0
0
0
0
0
0
0
0
0
0
6.05654e-13
0
0
0
0
-7.70425e-13
0
0
0
0
1.29684e-16
0
0
0
0
0
0
8.73414e-13
8.8623e-13
0
0
-1.29183e-16
-2.02139e-15
0
0
0
0
0
0
0
0
0
0
0
0
0
0
0
0
0
0
0
0
0
1.70234e-12
0
0
0
0
0
0
0
0
0
0
0
0
0
0
0
0
0
0
0
0
0
0
0
0
0
0
0
0
-1.40964e-15
4.53758e-16
0
0
1.20323e-12
0
0
0
1.58287e-15
0
0
0
0
2.4549e-16
0
0
5.24352e-13
0
0
0
0
0
0
0
0
0
0
0
0
0
0
0
0
0
0
0
0
0
0
0
0
0
0
0
0
0
0
0
2.30507e-12
0
0
4.62205e-16
0
-3.86706e-16
0
0
0
0
0
4.08506e-12
0
0
0
0
0
0
0
0
1.22012e-12
0
0
0
0
0
0
0
5.69831e-17
0
0
-1.25574e-15
0
0
0
0
0
0
0
0
0
0
0
0
0
-9.57119e-09
1.2775e-08
0
1.65547e-12
1.5529e-12
1.47901e-12
0
0
2.23604e-12
0
7.75935e-16
2.32714e-15
0
0
0
0
0
1.38222e-12
0
0
-5.40347e-16
0
0
0
0
0
0
0
0
0
0
0
0
0
0
0
0
4.18088e-16
0
0
0
0
0
0
0
-7.44933e-17
-2.84932e-17
0
0
0
0
0
0
0
0
0
-2.53316e-15
2.43429e-15
0
0
5.71655e-16
-1.15482e-15
0
0
0
4.42126e-14
0
0
-2.77674e-16
0
0
0
0
0
0
0
0
0
0
0
0
0
-1.68943e-12
0
-2.52454e-12
0
-1.06805e-16
-1.28421e-15
4.21506e-17
6.99561e-16
-4.88057e-16
0
0
0
0
0
0
0
0
0
1.54257e-16
0
0
0
0
0
0
0
0
0
0
7.23199e-13
0
0
0
0
-3.85911e-16
2.55044e-15
1.60055e-12
0
0
1.26928e-14
0
0
0
0
0
0
0
0
0
0
0
0
0
0
0
0
0
-1.30034e-16
0
0
0
0
0
0
0
0
0
0
2.2439e-16
-6.38327e-15
0
0
0
0
0
0
0
0
0
0
0
0
0
0
0
0
0
0
0
0
0
0
-5.44091e-31
0
-9.64045e-13
2.10703e-13
0
0
0
0
-4.98922e-16
0
0
0
0
0
0
0
0
0
0
1.75134e-15
0
0
0
0
0
0
0
0
0
0
0
0
0
0
0
0
0
0
0
0
0
0
0
0
1.68738e-12
0
0
0
0
0
0
0
0
0
0
0
0
0
0
0
0
8.92645e-16
-1.54257e-15
0
0
0
0
0
0
7.83256e-17
0
0
0
0
0
0
-5.24195e-16
0
0
0
0
0
0
0
0
0
0
0
0
0
0
0
0
0
0
0
0
2.78988e-13
2.70428e-13
0
0
0
0
0
0
0
0
0
0
0
-2.88495e-18
0
0
1.34127e-14
0
0
0
-2.63538e-15
0
0
0
0
0
0
0
0
0
0
0
0
0
0
0
0
-1.6713e-15
0
0
0
0
0
0
0
0
0
0
0
0
0
0
0
0
-1.53451e-16
2.46031e-13
3.68419e-13
0
0
0
0
0
0
0
0
0
0
0
9.43842e-12
0
0
0
0
0
0
0
0
-1.67003e-17
0
0
-6.96231e-13
0
0
0
0
-1.77007e-08
-8.76607e-10
0
0
0
0
9.00737e-13
0
0
3.2228e-16
0
0
0
0
0
0
0
0
0
0
0
0
0
0
0
0
0
0
0
0
0
0
0
0
1.6876e-15
0
0
0
0
0
0
0
0
0
0
0
0
0
0
0
0
0
0
0
-6.37658e-16
0
0
0
0
0
0
0
0
0
0
0
0
0
8.77425e-18
0
0
0
0
0
0
0
0
0
0
0
0
0
0
0
0
0
0
0
0
0
0
0
0
0
0
0
0
0
0
0
0
9.35583e-12
0
0
0
0
0
0
0
0
0
0
0
9.77088e-12
0
0
0
0
0
0
0
8.89657e-16
0
0
0
0
0
0
0
3.3696e-13
0
0
0
0
0
0
0
0
0
0
0
0
0
0
0
0
0
0
0
0
0
0
0
0
0
0
0
0
0
0
0
1.50058e-12
0
0
0
0
0
0
0
0
0
0
0
0
0
0
0
0
0
0
0
0
0
0
0
0
-3.56684e-16
0
0
0
0
0
0
0
0
0
0
0
0
-1.8085e-08
-1.44196e-17
-4.0667e-16
0
0
0
0
0
0
0
0
0
0
0
0
0
0
0
0
0
0
0
0
0
0
0
0
0
0
0
0
0
0
0
0
0
0
0
0
0
0
0
0
0
0
0
0
0
0
0
0
0
0
0
0
0
0
0
0
0
0
0
0
0
0
0
0
0
0
0
0
0
0
0
0
0
0
2.86031e-15
7.29015e-16
-2.35027e-16
0
0
0
0
0
0
0
0
0
0
0
0
0
0
0
0
0
0
0
0
0
0
0
1.42392e-12
0
0
-3.9333e-17
0
0
0
0
0
0
0
0
0
0
0
0
0
0
0
0
0
0
0
0
0
0
0
0
0
0
0
0
0
0
0
-5.26883e-16
0
0
0
0
0
1.06134e-11
0
0
0
0
0
0
0
0
0
0
0
0
0
0
0
0
0
9.00946e-15
0
0
0
0
0
0
0
0
0
0
0
0
0
0
0
0
0
0
0
0
0
0
0
0
0
0
0
1.07089e-12
1.75009e-12
0
0
0
0
0
0
0
0
0
0
0
0
0
0
0
0
0
0
0
0
0
0
0
0
-5.75704e-13
0
0
0
0
0
0
0
0
0
-1.10768e-16
0
0
0
2.18274e-17
0
4.75181e-15
9.69754e-17
0
0
0
0
0
3.87514e-16
0
-7.20543e-16
0
0
0
-4.58998e-16
3.71786e-17
0
0
0
0
0
0
0
0
0
0
0
0
0
0
0
0
0
0
0
-1.99265e-16
0
0
0
0
0
0
0
0
-8.74953e-16
2.12404e-15
1.93175e-16
3.11879e-16
0
0
0
0
0
0
0
0
2.66262e-17
-1.34364e-16
9.07396e-15
0
0
0
-3.61951e-15
0
-1.36515e-16
0
0
0
0
0
0
0
0
0
0
0
0
9.8266e-08
-5.30955e-17
0
0
0
0
1.46434e-16
1.61109e-16
1.46748e-17
0
0
0
0
0
0
1.36542e-16
0
0
0
0
0
0
0
0
0
0
8.75067e-16
0
0
0
0
0
0
0
0
0
0
0
0
0
0
0
0
0
0
0
0
0
0
0
0
-6.25309e-17
0
1.91286e-14
0
0
0
0
0
0
0
0
0
0
-5.53807e-31
0
0
0
0
0
0
0
0
0
0
0
0
0
0
0
0
0
0
0
0
0
0
0
0
0
0
0
0
0
0
0
1.45636e-18
0
0
0
0
0
0
0
0
-1.44325e-16
0
0
0
-3.534e-29
0
0
0
0
0
0
0
0
0
0
0
0
0
3.55738e-16
0
0
0
0
0
0
0
0
0
6.03196e-09
0
0
0
0
0
0
0
0
0
0
0
0
0
2.19947e-15
-1.005e-15
0
0
0
3.75618e-13
1.75688e-13
0
0
0
0
0
0
0
0
0
0
0
0
0
0
0
0
0
0
0
-1.4437e-15
-3.14712e-16
0
0
0
0
0
0
0
0
0
-2.96613e-17
0
0
0
0
0
1.54965e-16
0
0
0
0
4.06537e-16
0
2.87618e-12
0
0
0
0
0
0
0
0
0
0
2.71242e-15
-1.86256e-15
0
0
0
-8.52495e-17
0
0
0
0
0
0
0
0
0
0
0
-2.33878e-16
0
0
0
0
0
-2.04346e-08
0
0
-1.30879e-08
0
0
0
0
0
0
0
0
0
0
0
0
0
0
0
0
0
4.54741e-16
0
0
0
0
0
0
-1.65306e-15
-8.16873e-16
0
0
0
0
0
0
0
0
0
0
6.25245e-12
0
0
0
0
0
0
0
0
0
0
0
0
0
0
0
0
0
0
0
-1.48966e-16
0
0
0
0
0
0
0
0
8.99788e-16
0
-1.23051e-15
0
0
0
0
0
0
0
0
0
0
8.66461e-17
0
9.64432e-12
0
0
0
0
0
4.54654e-16
3.45503e-16
0
0
0
0
0
-3.72163e-08
0
0
0
0
0
0
0
0
0
1.03924e-11
0
0
0
0
0
0
5.17148e-17
0
0
0
5.45328e-16
0
0
4.07229e-08
0
0
-1.0784e-12
1.66552e-13
3.67455e-13
0
0
-1.17799e-12
-2.60878e-16
0
0
0
0
0
0
0
0
0
0
0
0
0
0
-9.93544e-16
1.80057e-16
0
0
0
0
0
0
0
0
0
0
0
0
0
3.95178e-13
0
0
0
0
0
0
0
0
0
0
-3.08434e-08
0
0
0
0
2.70792e-17
0
0
0
0
5.54649e-17
0
-2.61024e-08
0
-2.56887e-15
-2.16773e-30
0
0
0
0
0
6.02905e-16
0
0
0
0
0
0
0
0
0
0
0
0
0
0
0
0
-1.75072e-12
0
0
1.33281e-15
0
0
9.56396e-16
0
0
0
2.30281e-17
0
0
0
-9.1208e-09
0
0
0
-2.26497e-16
0
0
0
0
0
0
0
0
0
0
0
0
0
0
0
0
0
0
0
0
0
0
0
0
0
0
0
0
0
0
0
0
-1.02326e-16
-3.39191e-15
0
0
0
0
0
0
0
0
0
0
0
0
0
0
0
0
0
0
0
0
0
0
0
0
0
0
0
0
0
0
0
0
0
0
0
0
0
0
0
5.866e-15
0
0
0
0
0
0
0
0
0
0
0
0
-2.76667e-16
0
-5.6156e-17
0
0
0
0
0
0
0
0
0
-2.01815e-12
1.17788e-13
0
0
0
0
0
0
0
0
0
0
5.79894e-12
0
0
0
0
0
0
0
0
0
0
0
0
0
0
0
0
0
0
0
1.11288e-12
5.52351e-09
0
0
-1.10564e-12
2.32883e-13
3.19214e-13
0
0
0
0
0
0
0
0
0
0
0
0
-1.45378e-15
9.15154e-16
0
0
0
0
0
0
0
0
0
0
0
-6.44576e-13
-4.06864e-17
-3.84058e-13
-1.27349e-16
0
-3.10115e-16
0
0
0
0
0
0
0
0
0
0
0
0
0
0
0
0
0
0
0
0
0
0
0
0
0
0
0
0
0
0
1.55789e-15
4.6105e-13
-7.85436e-12
0
0
0
0
0
0
5.16648e-16
0
0
0
0
0
-1.50094e-08
0
0
0
0
0
0
0
0
0
0
0
0
0
0
0
0
0
0
3.25175e-13
2.31073e-13
0
0
0
0
0
0
0
0
0
0
0
0
0
0
0
0
0
-2.14426e-13
0
0
0
0
0
0
0
0
0
0
0
0
0
0
0
0
0
0
-1.80535e-15
0
0
0
0
3.2074e-16
-5.59979e-16
0
2.11e-13
0
0
0
0
0
0
0
0
0
0
0
0
5.97616e-17
0
0
0
0
0
1.11849e-15
3.01338e-17
0
0
1.40081e-17
0
0
0
0
2.79981e-17
4.91667e-17
0
0
2.08205e-15
1.80642e-15
9.99464e-16
0
0
0
0
0
0
0
0
0
0
0
0
0
0
0
0
-4.35044e-13
-7.53168e-17
1.02972e-15
0
0
1.75275e-08
0
0
-2.60994e-13
-8.618e-12
0
0
0
-1.49609e-08
0
0
0
0
0
1.18451e-16
0
0
0
0
0
0
0
0
0
0
0
0
0
0
0
0
0
0
0
0
0
0
0
0
0
0
0
0
2.72148e-08
1.54418e-12
-2.08843e-16
0
0
0
0
0
0
1.8297e-15
0
0
0
0
0
0
-1.11409e-30
0
0
0
0
0
0
0
-4.25449e-09
0
0
0
0
2.37965e-08
0
0
0
0
0
0
0
0
-2.31219e-16
0
-2.93101e-16
2.57127e-08
0
0
0
0
-3.5944e-16
-1.00337e-14
0
0
0
0
0
-2.54576e-16
0
0
0
0
0
-1.61718e-16
0
0
0
1.33343e-08
0
0
0
0
9.61479e-15
0
-4.53452e-08
7.41061e-09
0
-4.02738e-17
-1.10832e-15
8.96709e-16
0
0
0
0
0
-1.371e-16
0
0
0
0
0
0
0
0
0
8.17456e-17
0
0
0
0
0
0
0
0
0
0
0
0
0
0
0
0
0
0
-4.31779e-18
0
0
0
0
0
1.0564e-08
0
0
7.55529e-17
0
0
0
0
0
0
0
0
0
0
0
0
0
0
0
0
0
3.40972e-16
0
0
0
0
-1.67572e-16
0
0
0
0
0
0
0
0
3.35755e-13
0
0
7.10948e-17
1.076e-16
0
0
0
0
0
0
0
0
0
0
0
0
0
0
0
0
0
0
0
0
2.78111e-16
0
0
0
0
0
-3.56485e-17
6.33767e-16
0
0
0
0
-2.78487e-17
-2.49743e-18
0
0
0
0
0
0
0
0
0
-1.78017e-16
0
0
0
0
0
-8.28398e-13
1.52871e-13
0
0
0
4.37222e-16
0
0
0
0
0
0
0
0
0
0
0
0
0
0
0
0
0
0
-8.76851e-17
-3.31476e-16
0
0
0
0
-3.3926e-18
-2.96765e-16
0
0
0
0
0
0
0
0
-9.79395e-13
6.82007e-17
0
0
8.12893e-13
0
0
0
0
0
0
0
0
0
0
0
0
0
0
0
0
0
0
9.15089e-17
0
0
0
0
0
0
0
0
-8.23661e-12
0
0
0
0
0
0
0
-4.46317e-16
-1.85396e-17
0
0
0
0
0
0
0
0
0
0
0
0
0
0
0
0
0
4.43046e-30
0
0
0
-8.65511e-16
0
2.40929e-17
7.57458e-16
0
2.89115e-13
0
0
-2.65309e-29
0
0
0
0
0
0
-4.18262e-17
0
0
0
0
0
0
0
0
0
0
0
0
1.98237e-14
0
0
2.94718e-13
1.15619e-16
7.15163e-16
0
0
1.11134e-15
0
0
6.49835e-16
0
0
-1.49939e-12
0
-2.36594e-16
0
0
-1.21433e-16
0
0
0
0
0
-3.45647e-15
-1.05476e-15
0
0
0
0
0
0
4.15364e-16
0
0
0
0
0
0
0
0
-1.09505e-15
0
0
-9.47595e-18
0
0
0
0
0
0
0
0
0
0
0
0
-2.10431e-13
0
0
0
0
0
0
0
0
0
7.06402e-13
3.05892e-08
0
0
0
0
0
0
0
0
0
0
0
0
0
-1.00897e-14
0
0
9.5443e-16
0
0
0
0
0
0
0
0
0
0
0
-8.25211e-09
0
0
0
0
0
0
0
0
0
0
5.69095e-08
0
0
0
0
0
0
0
0
0
0
-2.8033e-16
-1.32949e-12
-2.42252e-16
0
0
0
0
0
0
0
2.74562e-08
0
0
0
0
0
0
0
0
0
0
0
0
0
-1.17094e-12
4.40877e-13
0
0
0
0
7.64517e-09
0
0
0
0
0
0
0
0
0
4.72934e-16
0
0
0
0
0
0
0
0
0
0
0
8.12099e-16
-4.40316e-16
1.02586e-15
-8.91506e-16
0
0
0
0
0
0
0
0
0
0
9.79544e-16
1.08397e-14
0
0
0
0
0
0
0
0
0
0
0
0
0
0
0
0
0
0
0
0
4.89092e-08
0
1.5198e-08
0
0
0
0
0
0
0
0
0
0
0
0
0
0
0
0
0
0
0
0
0
0
0
-2.56459e-16
0
0
0
0
0
4.08793e-08
1.43444e-12
0
0
2.72046e-31
0
0
0
0
0
0
0
0
0
0
0
0
0
0
0
0
0
0
0
0
0
0
0
0
0
-4.91865e-09
1.19864e-12
0
-1.66912e-14
0
0
0
0
0
0
0
0
0
0
0
0
2.63781e-15
0
0
0
0
0
0
-1.04913e-16
0
0
0
0
0
0
0
-3.52262e-16
-8.05389e-16
0
0
0
0
0
0
0
0
0
0
-1.62376e-15
3.65441e-08
-1.95958e-16
0
0
0
0
0
-4.87092e-16
-6.91001e-09
0
0
0
-7.81015e-12
0
0
0
0
1.39349e-12
2.61705e-08
0
0
0
0
0
0
0
0
0
0
-1.13198e-16
0
0
0
0
0
0
0
0
0
0
0
0
0
3.22769e-15
0
4.02712e-17
-2.34786e-16
0
1.05013e-16
0
0
0
0
0
-8.05362e-15
-2.53474e-16
0
0
0
0
0
0
0
0
0
0
-4.07229e-13
0
0
0
-8.75443e-16
0
4.18392e-16
0
0
0
0
3.02593e-08
0
0
-1.68436e-08
0
0
0
0
0
0
0
0
0
0
6.97795e-19
0
0
0
0
0
0
0
0
0
0
0
-2.02104e-15
-1.09727e-15
0
0
0
0
0
7.57613e-16
4.6196e-09
0
0
0
0
3.91865e-16
0
0
-4.9372e-13
0
0
0
0
0
3.30994e-13
0
0
0
-3.29417e-17
3.42275e-16
0
0
0
-6.4759e-15
0
0
0
0
4.24448e-16
0
0
0
0
1.74772e-08
0
0
0
0
0
0
0
0
0
0
0
0
0
0
0
0
0
0
0
0
0
5.9624e-16
-8.90899e-16
0
0
0
0
0
0
0
0
0
0
-8.23468e-09
0
1.88988e-13
0
0
0
0
0
0
0
0
0
-2.78928e-08
0
0
0
0
0
0
0
0
1.41454e-15
0
0
0
0
0
6.86484e-18
-7.50431e-08
6.35745e-09
0
0
0
0
0
0
0
0
0
0
-2.21465e-08
0
0
-9.78859e-09
0
0
0
0
0
-2.6232e-13
0
0
0
0
0
0
0
0
0
0
0
0
0
0
0
0
0
0
3.31948e-16
0
0
0
0
4.35151e-08
0
1.09535e-12
-1.27236e-09
0
7.89028e-16
0
0
0
0
0
0
0
0
0
0
0
0
0
0
0
0
0
0
0
0
0
0
0
0
0
0
0
0
0
0
0
0
0
0
0
0
0
0
0
0
0
0
0
-2.94501e-13
0
0
0
0
0
0
0
0
0
0
0
0
0
0
0
0
0
4.77308e-16
0
0
0
0
0
0
0
0
0
0
0
-1.51701e-16
0
0
0
0
0
0
0
0
0
0
3.34679e-08
0
0
0
0
0
0
0
0
-8.19862e-17
0
0
0
0
0
0
3.31906e-16
0
6.09607e-08
0
-3.85303e-13
0
0
0
0
1.13293e-16
-8.69746e-17
-1.63256e-14
6.06304e-08
0
0
0
0
0
0
0
0
0
0
0
0
0
0
0
0
0
0
0
0
0
0
-2.94392e-13
0
0
0
2.95767e-13
0
0
0
0
0
0
0
0
0
0
0
0
-4.40848e-16
0
0
0
0
0
0
0
0
0
0
0
0
0
0
-5.90401e-16
0
7.19831e-17
0
0
0
0
0
0
2.22399e-15
0
0
0
0
0
0
-6.13397e-16
0
0
0
0
0
0
0
0
-9.35342e-16
8.0666e-17
0
0
0
0
0
0
0
0
0
0
0
0
2.66856e-13
0
0
0
0
0
0
0
0
0
0
0
0
0
0
0
0
0
0
0
0
0
-1.10491e-16
2.1874e-16
0
0
0
0
0
0
0
0
-2.00105e-16
0
0
0
0
0
0
0
0
0
0
2.10942e-12
2.79047e-12
0
-2.21523e-30
0
0
5.0108e-13
2.14477e-13
0
0
0
0
0
0
0
0
0
0
0
0
0
0
0
0
0
0
0
0
0
0
0
2.96601e-13
0
0
0
0
0
-4.16469e-17
0
0
0
0
0
0
0
0
0
0
0
0
0
0
2.35416e-13
0
0
0
9.39939e-17
-1.30563e-16
0
-5.90133e-08
0
0
0
0
0
0
0
0
1.0568e-14
0
-8.79555e-17
0
0
0
0
2.13299e-13
0
1.43935e-16
0
0
0
-6.88489e-08
0
0
-6.21724e-16
8.29727e-16
0
0
3.9519e-13
3.06679e-13
0
0
4.34066e-17
0
-2.6646e-16
1.55686e-15
0
0
0
0
0
6.87594e-17
0
0
0
0
0
0
0
0
-2.5712e-13
0
0
0
0
0
0
0
0
0
0
0
0
-3.04314e-13
0
0
3.09458e-16
4.68584e-15
0
0
0
-2.19104e-17
0
0
0
0
0
6.42422e-08
0
0
0
0
0
0
0
0
0
-3.27063e-16
-2.91397e-17
0
0
0
-3.54162e-13
0
0
0
0
0
0
0
0
0
0
0
0
0
0
0
0
0
0
0
0
0
0
0
0
0
0
0
2.09161e-13
0
0
-9.59577e-17
0
0
0
0
3.91384e-13
1.824e-13
0
0
0
0
1.18489e-15
-2.81646e-17
0
0
0
0
0
0
2.92422e-16
-8.54985e-14
2.80874e-13
0
0
0
0
0
0
0
0
0
0
0
0
0
0
0
0
0
0
0
0
1.27298e-17
0
0
0
0
0
-6.01414e-17
0
0
0
0
0
0
0
0
0
0
0
0
-4.386e-13
0
0
0
0
0
0
0
0
0
4.99274e-16
0
0
0
1.2729e-16
0
0
-1.65201e-16
0
0
1.7996e-13
2.44657e-13
0
0
0
0
0
2.50621e-16
0
0
0
0
0
0
0
0
0
0
0
0
0
1.32227e-08
1.08705e-12
0
0
0
0
-2.13648e-15
0
0
0
0
0
0
0
0
0
0
0
0
0
0
0
0
0
0
0
0
0
0
2.49583e-15
0
0
0
0
0
0
0
1.21102e-13
0
0
0
0
0
0
0
0
0
0
0
0
0
0
0
0
0
0
0
0
0
0
1.39594e-15
0
0
0
0
0
0
0
0
0
0
0
0
-2.73208e-13
0
0
0
0
5.57046e-31
8.8416e-17
-1.32165e-16
0
0
0
0
0
0
0
0
0
1.68764e-13
0
3.06028e-15
0
0
0
0
0
0
0
0
0
0
-9.37973e-16
0
0
0
0
-3.43339e-13
0
0
0
0
0
0
0
0
0
0
0
0
0
0
-3.20162e-13
0
0
0
0
0
0
0
0
0
1.0016e-14
-6.44117e-15
0
0
0
0
0
0
0
0
0
0
0
0
0
0
0
1.69802e-17
0
3.70911e-16
0
0
0
0
0
0
0
0
0
0
0
0
0
0
0
0
0
0
0
0
0
0
0
0
0
0
0
0
0
0
2.3227e-13
2.34879e-13
0
0
0
3.49045e-13
0
0
0
0
0
0
0
0
0
0
0
0
0
0
0
0
0
0
0
0
0
0
0
0
0
0
0
0
0
0
0
0
0
0
0
0
0
0
0
0
0
0
2.48991e-13
0
0
0
0
0
0
0
0
0
0
0
0
0
0
0
0
0
0
0
-4.6666e-17
0
0
0
0
0
0
0
0
0
0
0
0
0
0
0
0
6.59803e-16
0
-2.45537e-15
0
0
0
0
0
0
0
0
0
1.34582e-15
0
0
-3.94687e-16
0
0
0
0
0
0
0
0
0
0
0
0
0
0
0
0
0
0
0
0
0
0
0
0
0
2.74434e-15
0
0
0
0
2.46501e-08
2.43494e-14
0
0
0
0
0
0
0
0
0
0
0
0
0
0
0
0
0
0
0
0
0
0
0
0
0
0
0
0
0
0
0
-3.3758e-13
0
0
0
0
0
0
0
0
0
0
0
0
0
0
0
0
0
0
0
-9.08032e-16
0
0
0
0
0
0
0
0
0
0
0
0
9.75447e-17
0
0
0
0
0
0
0
0
0
0
0
0
0
0
-8.13274e-13
0
0
0
0
0
0
0
0
0
1.16268e-08
0
0
0
0
0
0
0
0
0
2.33433e-13
0
0
0
0
0
0
0
-1.72902e-16
0
0
0
0
0
0
0
0
0
0
0
0
0
0
0
0
0
0
0
-3.53457e-13
0
0
0
0
0
-1.52756e-16
-2.33343e-12
0
0
0
0
0
0
0
0
2.17167e-08
0
0
0
0
-2.16982e-13
0
0
0
0
0
0
4.96751e-14
0
0
0
0
-2.19508e-14
0
0
-1.76209e-17
-2.23273e-12
0
0
0
0
0
0
0
-1.2144e-08
4.10482e-15
2.79457e-15
0
0
0
0
-7.78272e-17
0
0
0
0
0
-3.2825e-15
0
0
0
0
0
0
0
0
0
0
0
0
0
0
0
0
0
0
0
0
0
0
0
-3.86235e-13
0
0
0
0
0
0
0
0
0
0
0
4.1019e-09
0
0
0
0
0
0
0
-1.8069e-16
0
0
2.19652e-13
0
3.16191e-13
0
0
0
0
0
0
0
0
0
0
0
0
0
0
-6.42074e-09
0
0
0
0
0
0
0
0
2.92957e-13
0
0
0
0
0
0
0
0
0
0
0
0
0
0
0
0
0
0
0
0
-3.52404e-16
0
0
0
6.29754e-18
0
0
0
0
0
0
0
0
0
0
0
0
0
0
0
2.2808e-15
0
0
0
0
0
0
0
0
1.78635e-17
2.71264e-13
0
0
0
0
0
0
0
2.54641e-13
2.28435e-13
0
0
0
0
0
0
0
0
0
-2.60592e-15
-5.91963e-15
0
-3.67987e-16
2.39956e-16
0
0
0
0
0
0
0
2.22729e-14
0
0
0
0
0
0
0
0
0
0
0
0
0
0
0
0
0
0
-3.23777e-18
0
0
0
0
0
0
0
-1.07926e-16
-2.0125e-13
-2.61229e-17
0
2.79925e-13
0
0
0
0
0
0
-3.3231e-13
0
0
0
0
0
-3.59075e-13
0
0
0
0
0
0
-4.33956e-15
5.439e-13
0
0
0
0
0
0
0
0
0
0
0
0
0
0
0
0
0
0
0
0
0
0
0
0
-1.36521e-14
0
0
0
0
-7.43003e-17
0
0
0
0
0
0
0
0
)
;

boundaryField
{
    frontback
    {
        type            empty;
        value           nonuniform List<scalar> 0();
    }
    topbottom
    {
        type            calculated;
        value           uniform 0;
    }
    outlet
    {
        type            calculated;
        value           nonuniform List<scalar> 0();
    }
    inlet
    {
        type            calculated;
        value           uniform 0;
    }
    walls
    {
        type            calculated;
        value           nonuniform List<scalar> 
151
(
-3.43393e-08
4.45139e-08
-1.23367e-07
5.72321e-08
6.99504e-08
8.26687e-08
1.84415e-07
1.97133e-07
-6.74068e-08
-5.46885e-08
-2.1621e-08
-8.90278e-09
-1.13192e-07
-1.03018e-07
-9.02996e-08
-7.75814e-08
-4.45139e-08
-3.17956e-08
1.27183e-09
1.14464e-08
2.41647e-08
3.43393e-08
4.70575e-08
9.28433e-08
1.03018e-07
1.15736e-07
1.25911e-07
1.38629e-07
1.51347e-07
1.61522e-07
1.7424e-07
8.90278e-09
3.81548e-09
2.1621e-08
-2.41647e-08
3.17956e-08
-4.19702e-08
-5.21448e-08
-6.48631e-08
5.46885e-08
4.96012e-08
-7.50377e-08
6.74068e-08
-1.00474e-07
-1.10649e-07
-1.05562e-07
8.0125e-08
5.97758e-08
9.02996e-08
-1.15736e-07
1.00474e-07
-4.70575e-08
1.13192e-07
-3.81548e-09
-1.33542e-07
1.1828e-07
1.23367e-07
6.35913e-09
1.90774e-08
1.28454e-07
-2.67083e-08
2.9252e-08
-1.65337e-08
-3.94266e-08
3.94266e-08
-4.96012e-08
1.41173e-07
-6.23195e-08
5.21448e-08
-7.24941e-08
-8.52123e-08
1.48804e-07
-9.53869e-08
7.50377e-08
1.90774e-08
1.27183e-09
1.14464e-08
-1.90774e-08
-8.90278e-09
6.48631e-08
-9.79306e-08
-1.08105e-07
7.75814e-08
8.7756e-08
-1.1828e-07
-1.28454e-07
9.79306e-08
1.4626e-07
1.64065e-07
1.10649e-07
-1.30998e-07
1.20823e-07
1.30998e-07
1.43716e-07
1.76784e-07
1.81871e-07
1.94589e-07
1.56435e-07
1.69153e-07
1.39901e-08
1.99677e-07
1.66609e-07
-6.35913e-09
-1.27183e-09
8.90278e-09
-1.14464e-08
1.89502e-07
1.79327e-07
-6.99504e-08
1.92046e-07
-1.25911e-07
1.65337e-08
-3.81548e-09
6.35913e-09
2.0222e-07
1.71696e-07
-1.39901e-08
-6.35913e-09
3.68829e-08
4.19702e-08
-2.41647e-08
1.33542e-07
-2.9252e-08
-8.7756e-08
-9.28433e-08
-1.90774e-08
-1.20823e-07
2.67083e-08
1.08105e-07
6.23195e-08
1.36085e-07
7.24941e-08
1.39901e-08
1.58978e-07
1.86958e-07
-1.27183e-09
8.52123e-08
1.65337e-08
-2.1621e-08
-8.26687e-08
1.05562e-07
9.53869e-08
-1.39901e-08
-5.97758e-08
-8.0125e-08
-3.68829e-08
-1.65337e-08
1.53891e-07
3.81548e-09
-1.14464e-08
-5.72321e-08
)
;
    }
    procBoundary2to0
    {
        type            processor;
        value           nonuniform List<scalar> 
83
(
0
0
-3.53509e-16
0
-2.65137e-16
1.75911e-12
0
0
1.33306e-14
0
-3.84457e-16
0
0
0
0
0
0
1.97646e-15
3.17571e-16
0
0
0
0
3.91312e-15
0
-7.46151e-16
0
-1.08083e-15
0
0
0
0
-7.60735e-16
0
0
0
-1.61237e-15
0
0
0
0
0
0
0
0
0
0
0
0
0
0
0
0
0
0
0
0
-7.74522e-16
-5.97854e-16
-1.69216e-15
2.06611e-15
0
7.17058e-08
-1.05606e-14
0
0
0
0
-2.30901e-16
0
0
0
0
0
3.54018e-16
4.26123e-16
0
0
0
0
-5.23517e-16
0
0
)
;
    }
    procBoundary2to3
    {
        type            processor;
        value           nonuniform List<scalar> 
99
(
0
0
-5.27581e-13
0
0
0
0
0
0
0
0
0
0
0
0
0
0
0
0
0
0
0
0
0
0
0
0
0
0
0
0
0
0
0
-2.38066e-16
0
0
3.85804e-16
0
0
0
0
0
0
0
0
0
0
0
0
0
0
0
0
0
0
0
-6.53962e-17
0
0
0
0
0
0
0
0
0
0
0
2.08412e-08
0
0
0
0
0
0
0
0
0
0
0
0
0
0
0
0
0
0
0
0
0
0
0
0
0
0
0
0
0
)
;
    }
}


// ************************************************************************* //
