/*--------------------------------*- C++ -*----------------------------------*\
| =========                 |                                                 |
| \\      /  F ield         | OpenFOAM: The Open Source CFD Toolbox           |
|  \\    /   O peration     | Version:  v2012                                 |
|   \\  /    A nd           | Website:  www.openfoam.com                      |
|    \\/     M anipulation  |                                                 |
\*---------------------------------------------------------------------------*/
FoamFile
{
    version     2.0;
    format      ascii;
    class       surfaceScalarField;
    location    "500";
    object      meshPhi;
}
// * * * * * * * * * * * * * * * * * * * * * * * * * * * * * * * * * * * * * //

dimensions      [0 3 -1 0 0 0 0];
oriented        oriented;


internalField   nonuniform List<scalar> 
20537
(
0
0
0
6.37225e-15
-1.44585e-14
0
0
0
0
0
0
0
0
0
0
0
0
0
0
0
0
0
0
0
0
0
0
0
0
0
0
0
0
0
-8.36825e-15
8.85595e-16
0
0
0
0
0
0
0
0
0
0
0
0
0
0
0
0
0
0
0
0
0
0
0
0
0
0
0
0
0
0
0
0
0
0
0
0
0
0
0
0
1.5324e-07
6.88145e-12
0
0
0
0
0
0
0
0
0
0
0
0
0
0
0
0
0
0
0
0
0
0
0
0
0
0
0
0
0
0
0
0
0
0
0
-7.32624e-12
0
-5.76991e-12
0
0
0
0
0
0
0
0
0
0
0
0
0
0
0
0
0
0
0
0
0
0
0
0
0
-5.63045e-17
-3.02135e-12
-8.9983e-12
0
0
0
0
0
0
0
0
0
0
0
5.99349e-17
3.42894e-17
-1.29992e-16
0
0
-2.44016e-15
0
-6.73882e-15
0
0
0
0
0
0
0
0
0
0
0
0
0
0
0
0
0
0
0
-2.23186e-17
-8.66147e-14
0
0
0
0
0
1.6389e-12
1.32227e-14
-2.88084e-12
0
0
0
-7.31413e-17
1.21141e-14
0
0
0
0
0
0
0
0
0
0
-2.16566e-12
3.22489e-16
-1.09301e-12
0
0
0
-1.66855e-14
-1.26475e-12
0
0
0
0
0
0
0
0
0
0
0
0
6.20541e-15
1.27348e-16
0
0
0
0
0
0
0
0
0
0
0
0
0
0
0
0
0
0
0
8.56708e-17
0
0
0
0
0
0
0
0
0
0
0
0
0
0
0
0
0
-1.46641e-15
-1.19489e-16
-1.79849e-15
-2.23122e-15
0
1.81514e-15
0
0
0
0
-1.43748e-16
0
0
0
0
0
0
0
0
0
0
0
0
0
0
0
0
0
0
0
0
0
0
0
0
0
0
0
5.19533e-17
1.39675e-16
0
0
0
0
0
0
0
0
0
0
0
3.64143e-12
-2.18885e-11
0
0
0
0
7.47132e-17
0
0
0
0
0
2.55276e-14
1.66189e-15
0
0
0
0
0
0
0
0
0
0
0
0
0
-7.24244e-14
-1.08194e-16
0
0
-6.21463e-17
0
0
0
0
0
0
0
0
1.70473e-16
1.72493e-15
0
0
0
0
1.90479e-15
-7.98008e-16
0
0
0
0
0
0
0
0
0
0
0
0
0
0
0
0
0
0
0
0
0
0
0
0
0
0
0
0
0
0
0
0
0
0
0
0
0
0
0
0
0
0
0
0
0
0
0
0
0
0
0
0
-1.05895e-15
7.85669e-17
0
0
0
0
0
0
0
0
0
0
0
0
0
0
0
0
0
-4.75409e-12
3.10898e-13
0
0
0
0
0
0
0
0
0
0
0
0
0
0
0
0
0
0
0
0
0
0
0
0
0
0
0
0
0
0
0
0
0
0
0
0
0
0
0
0
0
0
0
0
0
0
9.40021e-17
-2.15338e-16
-1.0934e-17
0
0
0
0
0
0
0
0
0
0
0
0
0
0
0
0
0
0
0
0
0
0
0
0
0
0
0
0
0
0
0
0
0
0
0
0
-3.99606e-16
-1.10018e-15
7.63186e-15
0
0
0
0
0
0
0
0
0
0
0
0
0
0
0
0
0
0
0
0
0
0
0
0
0
0
-1.83117e-14
4.14098e-15
0
-5.18645e-17
-5.59741e-17
0
0
0
0
0
0
0
0
0
0
0
0
0
0
0
7.8533e-16
0
-3.28883e-16
0
0
0
0
0
0
0
0
-2.20396e-17
-3.34291e-17
5.69473e-17
0
0
0
0
0
1.04671e-14
-2.79321e-15
0
0
0
0
0
0
0
0
0
3.12765e-16
-8.68411e-17
0
0
0
0
0
0
0
0
0
0
0
0
0
0
0
0
0
0
0
0
0
9.19566e-16
0
-5.01462e-17
-1.04285e-16
4.63293e-16
0
0
0
7.52792e-15
2.25238e-15
-8.42262e-15
5.38897e-14
0
-2.9561e-14
0
0
0
0
0
0
0
0
0
0
0
0
0
0
0
0
9.92584e-12
-6.88569e-08
-1.89592e-07
0
0
0
0
0
0
0
0
0
0
0
0
0
0
0
0
0
0
0
0
0
0
0
0
0
0
0
0
0
0
0
0
0
0
0
0
0
0
0
0
0
0
0
0
0
0
0
0
0
0
0
0
0
0
0
0
0
0
0
0
0
0
0
0
0
0
0
0
0
0
0
0
0
0
0
0
0
0
0
1.96e-14
0
0
0
0
0
0
0
0
0
0
0
0
0
0
0
0
0
0
0
0
0
0
7.862e-16
3.3717e-16
-3.20936e-16
0
0
0
0
0
0
0
0
0
0
0
0
0
0
0
0
0
0
-2.384e-15
0
0
0
0
0
0
0
0
0
0
0
5.76928e-15
-2.16449e-16
0
0
0
0
0
0
0
0
0
0
0
0
0
0
0
0
9.17118e-13
7.75726e-12
0
0
0
0
0
0
0
0
0
0
0
0
0
0
0
0
0
0
0
0
0
0
0
0
3.1724e-17
0
0
0
0
0
0
-1.1298e-16
0
0
0
0
0
0
0
0
0
0
0
0
0
0
0
0
0
0
0
0
0
0
0
0
0
0
0
0
0
0
0
0
0
0
0
0
0
0
0
0
0
0
-1.11854e-30
1.0459e-17
0
0
7.37635e-16
3.34117e-14
0
0
0
0
0
0
0
0
0
0
0
0
0
0
0
0
0
0
0
0
0
0
0
0
0
0
0
0
0
0
4.71181e-17
0
0
0
0
0
-6.88119e-15
0
0
0
0
0
0
0
0
0
0
0
0
0
5.44815e-18
3.96779e-17
-1.53233e-15
0
0
0
0
0
0
0
0
0
0
0
0
0
0
0
0
0
0
0
0
0
0
0
0
0
0
-3.01841e-17
1.0291e-16
0
0
0
-6.86973e-17
0
0
0
0
0
0
0
0
0
0
6.80594e-15
4.9536e-14
0
0
0
0
0
0
0
0
0
0
0
0
0
0
0
0
0
0
0
0
0
0
0
0
0
0
0
0
0
0
0
0
0
0
-1.11854e-30
-1.66575e-17
0
0
0
0
0
9.66825e-15
-4.69471e-15
0
0
3.75659e-15
-2.02061e-14
0
-3.92865e-15
0
0
0
0
0
0
0
0
0
0
0
0
0
0
0
0
0
0
0
0
0
0
-1.1334e-12
0
0
0
0
0
0
0
0
-7.56284e-14
1.05184e-14
0
0
0
-3.99029e-16
-5.64223e-16
0
0
0
0
0
0
0
0
0
0
0
0
0
0
0
0
0
0
0
0
0
0
0
0
0
0
0
0
0
0
0
0
0
1.68659e-15
0
0
0
0
0
8.18695e-15
-3.32425e-17
4.32771e-16
0
0
0
0
3.24666e-17
0
3.0991e-16
0
0
0
0
0
0
0
0
0
0
0
0
0
0
0
0
0
0
0
0
0
0
0
0
0
0
0
0
0
0
0
0
0
0
0
0
0
0
0
0
0
0
0
0
0
0
0
0
0
0
0
0
0
0
0
0
1.08833e-16
-1.55788e-15
1.73704e-15
0
0
0
0
0
0
0
-5.42159e-15
0
0
0
0
0
0
0
0
0
0
0
0
0
0
0
0
0
0
-1.32426e-16
1.89524e-15
0
0
0
6.79787e-12
-1.94821e-11
0
0
0
0
0
0
0
0
0
0
0
0
0
2.19984e-17
-1.50224e-16
0
0
0
0
0
0
0
0
0
0
0
0
0
0
0
0
0
0
0
0
0
0
0
0
0
0
0
0
0
0
0
0
0
0
0
0
0
0
0
0
0
1.51907e-16
0
0
0
0
0
0
0
0
0
0
0
0
0
0
2.62494e-16
-2.06036e-16
0
0
0
0
0
0
4.02578e-16
-8.24622e-16
0
0
0
4.19623e-15
0
0
0
0
0
0
0
0
0
0
0
0
0
0
0
0
0
0
0
0
0
0
0
0
0
0
0
0
2.33345e-16
-9.78378e-16
0
0
0
0
2.46278e-16
-1.62876e-16
-9.09801e-16
0
0
0
0
0
0
0
0
0
0
0
0
0
0
0
0
0
0
0
0
0
1.3916e-15
0
-4.5056e-16
0
0
-1.50888e-14
3.40096e-14
0
-1.78397e-15
0
2.74109e-14
-2.56591e-16
6.57915e-15
0
0
0
0
0
0
0
0
0
0
0
0
0
0
0
0
-2.36443e-15
5.66273e-16
0
0
0
0
0
0
0
0
-4.2832e-16
0
0
0
0
0
0
0
0
0
0
0
0
0
0
0
0
0
0
0
0
0
0
0
0
0
0
0
0
0
4.52056e-17
-1.12241e-15
1.01931e-16
0
3.24315e-16
0
0
-2.67548e-17
7.48658e-17
0
0
0
-1.14559e-12
-7.67405e-13
0
0
0
0
0
0
0
0
0
0
0
0
0
0
0
0
0
0
0
0
0
0
0
0
0
0
0
0
0
0
0
0
0
0
0
0
0
0
0
0
0
0
0
0
0
0
0
0
0
0
0
0
0
0
0
0
0
0
0
0
0
0
0
0
0
0
0
0
0
0
0
0
0
0
0
0
0
0
0
0
0
0
0
0
0
0
0
0
0
2.10642e-16
-1.35005e-15
1.27851e-15
0
0
0
0
0
0
0
0
0
0
0
0
0
0
0
0
0
0
0
-1.09641e-14
-1.8997e-15
0
0
0
0
0
0
0
0
0
0
0
0
0
0
0
0
0
0
0
0
0
0
0
0
0
0
0
0
0
0
0
0
0
0
0
0
0
0
0
-1.08209e-16
-9.32099e-17
1.0071e-16
0
0
0
0
0
0
0
0
0
0
0
2.07902e-17
-1.70351e-17
0
0
0
0
0
0
0
0
0
0
0
-2.32353e-18
0
-4.5748e-15
0
0
0
0
0
0
0
0
0
-1.52574e-16
0
0
0
0
0
0
0
0
0
3.66587e-14
0
1.118e-14
0
0
0
0
0
0
0
4.11041e-17
0
2.14197e-15
0
0
0
0
0
0
0
0
0
1.8582e-15
0
2.15e-17
0
0
0
0
0
0
0
0
0
0
0
0
4.9911e-17
0
0
0
0
0
0
0
0
0
0
0
0
0
0
0
0
0
0
0
0
0
0
0
0
0
0
0
0
0
7.97442e-14
8.28947e-14
7.04214e-12
-2.04438e-11
3.32493e-12
0
0
0
0
0
0
0
0
0
0
0
0
0
0
0
0
0
0
0
0
0
0
0
0
0
0
0
0
0
0
0
0
0
0
0
0
0
0
0
0
0
0
0
0
0
0
0
0
0
0
0
0
0
0
0
0
0
0
0
0
0
0
0
0
0
0
0
0
0
0
0
0
0
0
0
0
0
0
0
0
0
0
0
0
0
0
0
0
0
0
0
0
0
0
0
0
0
0
0
0
0
0
0
0
0
0
0
0
0
0
0
0
0
0
0
0
0
0
0
0
0
0
0
0
0
0
0
0
0
0
0
0
0
0
0
0
0
0
0
0
0
0
0
0
0
0
0
0
0
0
0
6.67751e-16
2.19512e-16
0
0
0
0
0
0
4.18974e-16
-8.53816e-17
0
0
0
0
0
0
0
0
0
0
0
0
1.24631e-16
-2.33713e-15
-1.01939e-15
0
0
0
0
0
0
0
0
0
0
0
0
0
0
-8.02664e-16
-9.05399e-12
6.10368e-13
0
0
0
0
0
0
1.07703e-12
0
5.78453e-13
0
0
0
0
0
0
7.2283e-18
-4.13616e-12
-8.10482e-16
1.59674e-17
-2.28413e-15
0
0
0
0
0
0
3.94585e-15
0
0
0
0
0
0
0
0
0
0
-3.04789e-16
1.39414e-17
0
0
0
0
3.55706e-14
0
0
0
0
0
0
0
5.10127e-16
-1.61292e-16
0
0
0
0
0
0
0
0
0
0
1.9766e-15
0
0
0
0
0
0
0
0
0
0
0
0
0
0
0
0
-1.37479e-15
-6.14285e-16
0
0
0
0
0
0
0
0
0
0
0
0
0
3.14189e-14
0
4.26872e-15
0
0
0
1.6764e-12
-6.96372e-14
0
0
0
0
0
0
0
0
0
-1.2476e-15
0
0
0
0
0
0
0
0
0
0
0
0
0
-1.09509e-16
2.23083e-18
0
0
0
0
0
0
0
0
0
0
0
0
3.17407e-15
1.74059e-16
0
0
0
0
0
0
-1.63337e-16
6.02229e-17
1.84616e-16
0
0
0
0
0
0
0
0
0
0
0
0
0
0
0
0
0
0
0
0
0
0
0
0
0
0
0
0
0
3.3962e-15
8.89198e-16
2.25015e-30
7.3895e-14
0
0
0
0
0
0
4.81592e-13
1.47962e-12
0
0
0
0
0
1.31859e-16
-1.99948e-16
0
0
0
0
0
0
0
0
0
0
0
0
0
0
0
0
0
0
0
0
0
0
-9.35443e-15
0
-6.50829e-12
-1.77226e-17
-4.23334e-12
0
0
0
0
0
0
0
0
0
0
0
0
0
0
-1.11238e-12
0
0
0
0
5.55732e-15
0
0
0
-1.84165e-17
-8.4398e-12
2.15459e-13
0
0
0
0
0
0
0
0
0
2.4826e-16
0
0
0
0
0
0
0
0
0
1.95658e-15
0
0
0
0
0
2.45028e-15
0
0
0
0
0
0
0
0
0
0
0
0
0
0
0
1.43372e-15
-9.98318e-16
-8.45063e-17
0
0
0
0
0
0
0
0
0
0
0
0
0
0
0
0
0
0
0
2.22375e-14
4.42787e-14
0
0
0
0
0
0
0
-1.55564e-16
0
0
0
0
0
0
0
0
0
0
0
0
0
0
0
6.62258e-16
1.30703e-13
0
0
0
0
0
0
0
0
0
0
0
0
-1.22348e-15
4.26841e-17
0
0
0
0
0
0
0
0
0
0
0
0
0
0
0
4.15795e-15
-3.22851e-16
0
0
0
0
0
0
0
0
0
0
3.69183e-14
0
0
3.97551e-15
0
0
0
-4.25644e-16
2.52574e-16
0
0
0
0
0
0
0
0
0
0
0
0
0
0
0
0
0
0
0
0
0
0
0
0
0
0
-5.65956e-17
4.09898e-17
0
2.63224e-14
0
0
1.00828e-15
0
0
0
0
-2.81822e-14
-2.95507e-15
-6.2227e-16
0
0
0
0
0
0
0
0
0
0
0
0
0
0
0
0
0
0
0
0
0
0
0
0
0
0
0
0
0
0
0
0
0
0
0
0
0
0
0
0
0
0
0
0
0
0
0
1.10596e-15
0
0
0
0
0
0
0
0
0
0
0
0
0
0
0
0
0
-8.19171e-13
-7.04301e-13
0
0
0
0
0
0
0
0
0
0
0
0
0
0
0
0
0
0
0
0
0
0
0
0
0
0
0
2.2393e-16
-1.85254e-16
0
0
6.75695e-16
-1.30823e-32
0
0
0
-6.79838e-17
1.98929e-15
8.46717e-16
0
0
0
-1.22788e-15
0
2.67108e-15
0
0
0
0
0
0
5.48601e-17
-1.27965e-15
0
0
0
0
0
0
0
0
0
0
0
0
0
0
0
0
0
0
0
0
0
0
0
0
0
5.23803e-16
0
1.54317e-15
0
0
0
0
0
0
0
0
0
0
0
0
0
0
-9.19085e-15
0
2.12945e-17
-7.70516e-16
0
8.59918e-15
0
0
0
0
0
0
0
-4.02839e-16
0
0
0
0
0
0
0
0
0
0
0
0
0
0
0
0
0
0
0
0
0
0
0
0
0
0
0
0
0
0
0
1.66683e-15
0
8.13448e-16
0
0
0
0
0
0
0
0
0
0
0
0
0
0
8.69733e-16
-8.08964e-12
2.4601e-13
0
0
0
0
0
0
0
0
0
0
0
0
0
1.36747e-15
0
0
0
0
0
0
0
0
0
0
0
0
0
0
0
0
0
0
0
0
0
-8.34706e-13
1.3428e-16
-7.54025e-13
-6.17592e-16
5.33902e-15
0
0
0
0
0
0
0
0
0
-5.75656e-16
5.28802e-16
0
0
0
0
0
0
0
0
3.34906e-30
0
-2.2188e-16
0
-9.02851e-16
1.7244e-16
0
0
0
0
0
0
0
0
0
0
0
0
0
0
0
0
0
0
0
-1.37167e-11
7.84664e-13
9.9648e-16
0
0
0
0
0
0
0
0
0
0
0
0
0
0
0
0
0
0
0
0
-9.10541e-17
0
0
0
0
1.21312e-16
0
-4.03704e-16
0
3.6728e-14
1.12326e-15
-1.53663e-15
-2.34985e-15
0
0
-2.01736e-15
0
0
0
0
0
0
0
0
0
0
0
0
0
0
0
0
0
0
0
0
0
-9.83425e-13
0
0
0
2.4946e-15
0
0
0
0
0
0
0
0
0
0
0
9.07253e-18
-2.51115e-16
0
0
0
0
0
0
0
0
0
0
0
1.71232e-16
2.94828e-16
0
0
0
0
0
0
0
0
0
0
0
0
0
0
0
0
0
0
0
0
0
0
0
0
0
0
0
0
0
-5.10028e-17
1.37557e-16
-2.48509e-16
0
0
0
0
0
3.84112e-17
-1.193e-16
0
0
0
0
0
0
0
0
0
0
0
0
0
0
0
0
0
0
0
0
0
0
0
0
0
1.41385e-15
-9.63389e-16
2.23961e-16
0
0
0
0
0
0
0
0
0
0
0
0
0
0
0
0
0
0
0
0
0
0
0
0
0
0
0
0
0
0
0
-2.99858e-16
1.76901e-15
0
-4.76672e-16
0
0
0
0
0
0
0
0
0
0
0
0
0
0
1.03115e-17
1.03419e-15
0
0
0
0
-7.09167e-17
-2.82904e-17
0
0
1.61355e-15
0
0
0
0
0
0
0
0
0
0
0
0
0
0
0
0
0
0
0
0
0
0
0
0
0
0
0
0
0
0
7.03647e-13
4.12619e-13
0
0
0
0
1.30922e-15
-2.46612e-15
0
0
0
0
0
0
0
-6.1729e-16
5.82726e-16
0
0
0
0
0
0
0
0
0
0
0
0
0
0
0
0
0
0
0
0
0
0
0
0
0
0
0
0
0
0
2.6788e-15
0
0
0
0
0
0
0
0
0
0
0
0
0
0
0
0
0
0
0
0
0
0
0
0
0
0
0
0
0
0
0
0
0
0
0
0
0
0
0
0
0
0
0
0
0
0
0
0
0
0
0
0
0
0
0
0
1.541e-15
0
0
0
0
0
0
0
0
0
0
0
0
0
0
0
0
0
-1.47753e-17
0
0
0
0
0
0
0
0
0
0
0
0
0
0
0
0
0
0
0
1.09942e-15
-7.96607e-14
0
0
0
0
0
0
0
0
0
0
0
0
0
1.11277e-16
-7.32005e-17
4.53812e-17
0
0
0
0
0
0
0
0
0
0
0
0
2.7111e-14
-1.59788e-14
0
0
-1.87264e-15
0
-1.81231e-16
-8.82176e-16
0
0
0
6.2504e-15
6.47197e-14
0
0
0
0
0
0
0
0
0
0
0
0
0
0
0
0
0
0
0
0
0
0
0
0
0
0
0
0
0
0
0
0
0
0
0
0
0
0
1.78255e-16
-6.31983e-17
0
0
0
0
5.02583e-16
9.4488e-16
0
0
0
0
0
0
0
0
0
0
0
0
0
0
0
0
0
0
0
0
0
5.08296e-13
-2.80274e-12
0
0
0
0
0
-2.23882e-15
0
2.2464e-16
-1.25776e-15
-9.45236e-17
0
-2.91049e-15
5.14775e-16
0
0
0
0
0
0
0
0
0
0
2.13336e-16
0
-8.54946e-18
-1.94917e-15
1.46086e-16
0
0
0
0
0
0
0
0
0
0
0
0
0
0
0
0
0
0
0
0
0
0
0
0
0
0
0
0
0
0
-3.90265e-16
0
0
0
0
0
0
0
0
0
0
0
0
0
0
0
0
0
0
0
0
0
0
0
-2.26202e-15
0
0
0
0
0
0
0
0
-2.1372e-12
0
-1.09107e-12
0
0
0
0
0
0
0
0
0
0
-5.39427e-16
0
0
0
0
0
0
0
0
0
0
0
0
0
0
0
0
0
0
0
0
3.91318e-15
-1.22947e-15
-2.08003e-17
-1.39817e-31
0
0
0
0
0
0
0
0
0
0
1.66915e-16
2.21829e-17
0
0
0
0
0
0
0
0
0
0
-3.49281e-16
0
-2.83306e-16
0
0
0
0
0
0
0
-1.57062e-14
0
0
0
0
0
0
0
6.02786e-16
0
0
0
0
-1.79988e-15
-8.53596e-17
0
0
0
0
0
0
0
0
0
0
0
0
0
0
0
0
0
0
0
0
0
0
0
0
0
8.59591e-16
0
0
0
0
0
0
4.76505e-14
-3.01135e-12
0
0
0
0
0
2.45473e-17
0
0
0
-4.6823e-16
-6.55834e-14
0
0
0
0
0
0
0
0
0
0
0
0
0
0
0
0
0
0
0
0
0
0
0
0
0
0
0
0
0
0
0
0
0
0
0
0
0
0
0
0
0
0
0
0
0
0
0
0
0
-8.6775e-13
-1.83492e-11
0
0
0
0
0
0
0
0
0
0
0
0
0
0
0
0
0
0
0
0
0
0
0
0
0
0
0
0
0
0
0
-7.75741e-17
1.02791e-15
0
0
0
0
0
0
0
0
0
0
0
0
0
-1.00617e-12
-6.32551e-12
-4.22886e-17
0
0
-2.59727e-12
2.17266e-17
0
0
0
0
0
0
0
0
0
0
0
0
0
1.06588e-15
0
0
0
0
0
0
0
0
0
0
0
0
0
0
0
0
3.62541e-16
0
0
0
0
-1.29067e-13
0
0
0
0
0
0
0
0
0
0
7.82975e-17
-2.74754e-15
0
0
0
0
0
0
0
0
9.77539e-15
0
0
0
0
0
0
0
0
0
0
0
0
0
0
0
2.4785e-17
3.80179e-17
2.20351e-17
0
0
0
0
0
0
0
0
0
0
5.05903e-17
9.96621e-16
0
0
0
0
0
0
0
0
0
0
0
0
5.26522e-17
1.35325e-17
0
0
0
0
0
0
0
0
0
0
0
0
0
1.10342e-14
0
0
0
0
0
0
4.31809e-17
-4.74365e-12
2.02455e-15
0
0
0
0
0
0
0
0
0
0
0
0
0
0
0
0
0
0
0
0
0
0
0
-1.38749e-14
0
0
0
0
0
0
0
0
0
1.34832e-16
3.17545e-16
0
0
1.73739e-15
-4.29262e-16
-1.35824e-15
0
0
0
0
0
0
0
0
0
2.65052e-12
0
0
0
0
0
0
0
0
0
0
0
0
0
0
0
0
0
0
0
0
0
0
2.78816e-31
-5.97917e-17
0
0
0
0
0
0
0
0
0
0
-1.25866e-14
0
-9.70226e-16
0
0
0
0
0
0
0
0
0
0
0
0
0
0
0
0
0
0
0
0
0
0
0
0
0
0
0
-9.90355e-17
2.42985e-14
3.86498e-16
1.86129e-16
0
0
0
0
0
0
0
0
0
0
0
0
0
0
0
0
0
0
0
0
0
0
0
0
0
0
0
0
0
0
0
0
0
0
0
0
5.65069e-15
0
-2.36209e-14
0
0
0
0
0
0
0
0
0
0
0
0
0
0
0
0
0
0
0
-9.01536e-18
1.62932e-17
1.4186e-16
0
0
0
0
0
0
0
0
0
0
0
0
0
0
0
0
0
0
0
0
0
0
0
0
0
0
2.62455e-15
-1.37045e-15
2.08121e-16
0
0
0
0
0
0
0
0
0
0
0
0
0
0
0
0
-1.30994e-16
0
0
0
0
0
0
0
0
0
0
0
0
0
1.14029e-15
-1.0212e-16
2.97556e-16
-2.00171e-17
-1.877e-17
0
0
0
0
0
0
0
0
0
0
0
0
0
0
0
0
0
0
0
0
0
0
0
-1.0205e-15
9.79483e-16
0
0
0
0
0
0
0
5.65081e-16
0
-1.06307e-15
0
0
0
0
0
0
0
0
0
0
0
0
0
5.98782e-15
1.32417e-16
-1.361e-16
-1.7976e-17
-1.91542e-16
0
0
0
0
0
-1.01323e-16
0
0
0
0
0
0
0
0
0
0
0
0
0
0
0
0
0
-1.02647e-17
0
0
0
0
0
0
0
0
2.35093e-17
0
0
0
0
0
0
0
0
-1.11526e-30
0
0
0
0
0
0
0
0
0
0
0
0
0
-2.2797e-15
4.27331e-17
1.92419e-17
0
0
0
0
0
0
0
0
0
0
0
0
0
0
0
0
0
0
0
0
8.38402e-17
0
0
0
0
0
1.43303e-15
0
0
0
0
0
0
0
0
0
0
0
0
0
0
0
0
0
0
0
0
0
0
-3.67233e-15
0
0
5.38835e-17
0
0
0
0
0
0
0
0
0
0
0
0
0
1.13713e-15
4.65889e-15
0
0
0
0
0
0
0
0
0
0
0
0
0
0
0
0
0
0
8.0714e-17
-1.30954e-16
0
0
0
0
0
0
0
0
-2.91943e-16
-2.88601e-16
0
0
0
0
0
0
0
0
0
0
0
0
0
0
0
0
0
1.2203e-15
0
0
0
0
0
0
0
0
0
0
0
0
0
0
0
0
0
0
0
0
0
0
0
0
0
0
0
0
0
0
-4.08231e-14
0
1.50398e-14
7.52188e-16
-1.12567e-15
-1.29072e-15
0
0
0
0
0
0
0
0
-1.85005e-16
4.13551e-16
-1.07125e-15
0
0
-7.08714e-17
0
0
0
0
0
0
0
0
0
0
-1.48236e-15
-1.37908e-16
0
0
0
-9.29723e-16
0
0
0
0
0
6.67174e-13
0
0
0
0
-1.0603e-15
0
0
0
0
0
0
1.10283e-16
4.6568e-16
0
0
0
0
0
0
0
0
5.75881e-17
9.48184e-16
-1.28568e-15
0
0
0
0
0
0
0
0
0
0
0
0
0
0
0
0
0
0
0
0
0
0
0
0
0
0
0
0
-1.05452e-15
-7.79751e-17
0
0
0
0
0
0
0
0
0
0
0
0
0
0
0
0
-1.26902e-15
0
-2.90157e-14
0
0
0
0
0
0
0
0
0
2.08255e-16
1.47558e-14
0
-2.51213e-16
0
0
0
0
1.19898e-15
-3.60931e-16
3.74439e-14
0
0
0
0
0
0
0
0
0
0
0
0
0
0
0
0
0
-1.66799e-30
0
0
0
0
0
0
0
0
0
0
0
5.55997e-31
0
0
0
0
1.16002e-15
-4.61085e-16
0
0
0
0
0
0
0
0
0
0
0
0
0
0
0
0
0
0
0
0
1.43751e-15
0
-2.07378e-15
0
0
0
0
0
0
0
0
0
0
0
0
0
0
0
0
0
0
0
0
-3.86564e-12
0
0
0
0
0
0
0
0
0
0
0
0
0
0
0
0
0
0
0
0
0
0
0
0
0
0
0
0
0
0
0
0
0
0
-8.34105e-17
0
0
0
1.11014e-15
3.65676e-16
0
0
0
0
0
0
0
0
0
0
0
0
-1.3692e-16
-4.53723e-15
0
0
0
0
0
2.4877e-16
0
0
0
0
-3.15397e-15
7.4028e-15
0
0
0
0
0
0
0
0
0
0
0
0
0
0
0
0
0
0
-1.41972e-17
0
0
2.92661e-17
4.15682e-15
0
0
0
0
0
0
0
0
1.04916e-16
1.86728e-15
0
0
0
0
0
0
0
0
0
3.65978e-16
0
0
0
0
0
0
0
0
0
0
0
0
0
0
0
0
0
0
0
0
0
0
0
0
0
0
0
0
0
0
0
0
0
0
0
0
0
0
0
0
2.49372e-15
-1.31307e-16
2.51963e-14
0
0
0
0
-9.45311e-17
0
-2.13239e-15
0
0
0
0
0
0
0
0
0
0
0
0
0
0
0
0
-6.67579e-16
1.58054e-16
0
0
0
0
0
0
0
0
0
0
0
0
0
0
0
0
0
0
0
0
0
0
0
0
0
0
0
0
0
0
0
0
-3.44443e-17
0
-8.55243e-16
0
0
0
-9.00434e-16
0
0
0
0
0
0
0
0
0
0
0
1.05573e-16
9.839e-16
-1.10802e-15
0
0
0
0
0
0
0
0
0
0
0
0
0
0
0
0
0
0
0
0
0
0
4.29312e-17
-1.23498e-16
0
0
0
0
0
0
0
0
0
1.6753e-15
1.7933e-14
0
0
0
0
0
0
0
0
0
0
0
0
0
2.2513e-17
4.46958e-17
0
0
0
0
0
0
0
0
0
0
0
0
0
0
0
0
9.25294e-17
-8.28741e-17
0
0
0
0
0
0
0
0
0
0
0
0
0
0
0
0
0
0
0
0
0
0
0
0
0
0
0
0
0
0
0
3.16147e-17
-2.52253e-15
0
0
0
0
0
0
0
0
1.23688e-15
0
0
0
0
0
0
0
0
0
-9.25526e-13
0
0
0
0
0
0
-2.53245e-16
0
0
0
-1.37653e-15
-3.36752e-16
0
0
0
0
0
0
0
5.59268e-31
3.13901e-16
0
0
0
0
0
0
0
0
0
0
0
0
0
0
0
0
0
0
-2.90053e-14
0
-1.00083e-14
0
9.2301e-15
0
0
0
0
1.46138e-15
0
0
0
0
0
0
0
0
0
0
0
0
0
0
0
0
0
0
0
0
0
0
0
0
0
0
0
0
0
0
0
0
0
0
0
0
0
0
0
2.27569e-15
4.50031e-30
0
0
0
4.10365e-17
0
0
0
0
0
0
0
0
0
0
0
0
4.534e-16
-4.30596e-16
0
0
0
0
0
0
0
0
0
0
-1.35566e-16
-9.03871e-15
0
0
0
0
0
0
0
0
0
0
0
0
0
0
0
0
0
0
0
0
0
0
0
0
0
1.27411e-15
1.10619e-15
0
0
0
0
0
0
0
0
-8.36332e-14
-5.78128e-14
0
0
0
0
0
0
0
0
0
0
0
0
0
-4.54419e-17
0
0
0
0
0
0
0
0
0
0
9.48026e-16
3.07673e-15
0
0
0
0
-1.44123e-16
-3.51899e-17
0
0
0
0
0
0
0
0
7.43471e-17
0
0
0
0
-1.07554e-12
-1.40336e-12
0
0
0
0
0
0
-4.22388e-15
0
0
0
0
0
0
0
0
0
0
0
0
0
0
0
0
1.01299e-15
0
0
-4.84128e-17
4.16039e-17
0
0
0
0
0
0
0
0
0
0
-8.1082e-17
0
0
0
0
0
0
0
0
0
0
3.79629e-15
0
0
0
0
-1.03874e-15
0
0
0
0
0
0
0
0
0
0
0
0
0
0
0
0
0
0
0
0
0
0
0
0
0
0
0
0
0
0
-1.9605e-17
0
0
0
0
0
0
0
0
0
0
0
0
0
0
0
0
0
0
0
0
0
0
0
0
0
0
0
0
0
0
0
0
0
0
0
0
0
0
0
0
0
0
0
0
0
0
0
0
0
0
0
0
0
0
0
0
0
0
0
0
0
0
0
0
0
0
0
0
0
0
0
0
0
0
1.50711e-12
-2.92694e-17
0
0
0
0
0
0
0
0
0
0
0
0
0
0
0
0
0
0
0
0
0
0
0
0
0
0
0
0
0
0
0
0
0
0
0
0
0
0
0
0
-7.58915e-12
0
0
-1.21266e-16
0
0
0
0
0
0
0
0
0
0
0
0
0
-8.82949e-16
0
0
0
0
-7.80728e-17
-4.93985e-15
-1.69402e-16
0
0
0
0
0
0
0
0
0
0
0
0
0
0
0
0
0
0
-1.25022e-16
1.51563e-17
0
0
0
0
0
0
0
0
0
0
0
0
0
0
0
0
0
0
0
0
0
0
0
0
0
0
0
0
0
0
0
0
0
-6.36776e-17
0
0
0
0
0
0
1.167e-15
0
-1.13109e-16
-6.57127e-15
0
0
-1.52372e-16
0
0
0
0
0
0
0
0
0
0
0
0
0
0
0
0
0
0
0
0
0
0
0
0
0
0
0
0
0
-1.52795e-14
5.94917e-15
0
0
4.49727e-17
4.47693e-17
1.64124e-15
0
0
0
0
0
0
2.68301e-15
0
0
0
0
0
0
0
0
0
0
0
0
0
0
0
0
0
0
4.50261e-15
0
0
0
0
0
0
0
0
0
0
-8.90678e-15
0
0
0
0
0
0
0
0
0
0
0
0
0
0
0
0
0
0
0
0
0
-1.26485e-16
0
0
0
0
0
0
0
0
0
0
0
0
0
0
0
0
0
0
0
0
0
0
0
0
0
0
0
0
0
0
0
0
0
0
0
0
1.45856e-16
6.84311e-15
7.66168e-16
0
0
0
0
0
0
0
0
0
0
0
0
0
0
0
0
0
0
0
0
0
0
0
0
0
0
0
0
0
-7.67358e-16
6.17925e-14
0
0
0
-8.14101e-15
6.41948e-16
-1.11199e-30
0
0
0
0
0
0
0
0
0
0
0
0
0
0
0
0
0
0
0
0
0
0
0
0
0
0
0
0
0
0
0
0
0
0
0
0
0
0
0
0
0
0
0
0
0
0
0
0
0
0
0
0
0
0
0
0
0
0
0
0
-1.31526e-16
0
0
0
0
0
0
0
5.38142e-16
-5.37044e-16
0
0
0
0
0
0
0
0
0
0
0
0
0
0
0
0
0
0
0
0
0
0
0
0
0
-1.62658e-15
0
0
0
0
0
0
0
0
0
0
0
0
0
0
0
0
0
-2.79634e-31
0
0
0
0
0
0
0
0
0
0
0
0
0
1.4528e-15
-1.11635e-15
0
0
0
0
2.16733e-16
-7.23819e-15
0
0
0
0
0
0
0
0
0
5.20649e-15
0
0
0
0
0
0
0
0
0
0
0
0
0
0
0
0
0
0
0
0
0
0
0
0
0
-5.7562e-31
0
0
0
0
0
0
0
0
0
0
0
0
0
0
-2.63039e-17
1.98735e-15
-3.67263e-17
1.52057e-15
0
0
0
0
1.37802e-14
-1.66912e-14
0
0
0
0
0
0
0
0
0
-3.11751e-17
0
0
0
0
0
0
0
0
0
0
0
0
0
0
0
0
0
0
0
4.18539e-15
5.49456e-31
0
0
0
0
0
0
0
0
0
0
0
0
0
0
0
0
0
0
0
0
0
0
0
0
0
0
0
0
-6.77566e-17
0
0
0
0
0
0
0
0
0
0
0
0
0
0
0
0
0
0
0
0
0
0
0
0
0
0
0
0
0
0
0
0
0
0
0
0
0
0
0
0
0
0
0
0
0
0
0
0
0
0
0
0
0
0
0
0
0
0
0
0
0
0
0
0
2.2623e-16
-1.04204e-16
0
0
0
0
0
0
0
0
0
0
0
0
0
0
0
0
0
0
0
0
0
0
0
0
0
0
0
0
0
0
0
0
0
0
0
0
0
0
0
0
0
0
0
0
0
0
0
0
0
0
0
0
0
0
0
0
0
1.78442e-29
0
0
0
0
0
0
0
0
0
0
0
0
0
0
0
0
0
0
0
0
0
0
0
0
0
0
0
0
0
0
0
0
0
0
0
0
0
0
0
0
0
0
0
0
0
0
0
0
0
1.7676e-17
-9.3682e-17
0
0
0
0
0
0
0
0
0
0
0
0
0
0
0
-8.36745e-17
0
0
0
0
0
0
5.00756e-17
0
0
0
0
0
0
0
0
0
0
0
0
0
0
0
0
0
0
0
0
0
0
0
0
0
0
0
0
0
0
0
0
0
0
0
0
-3.9167e-17
0
0
0
0
0
0
0
0
0
0
0
0
0
0
0
0
0
0
0
0
0
0
0
0
0
0
0
0
0
0
0
0
0
0
0
0
0
0
0
0
0
0
0
0
0
0
0
0
0
2.28704e-15
0
0
0
0
0
0
0
0
0
0
0
0
1.46733e-16
3.89565e-15
0
0
0
0
0
0
0
0
0
0
0
0
0
0
0
0
0
0
0
0
0
0
0
0
0
0
0
0
0
0
0
0
0
0
0
0
0
0
0
0
0
0
0
0
0
0
0
5.50269e-16
-3.2852e-15
-1.38132e-15
0
0
0
0
0
0
0
0
0
0
0
0
0
0
0
0
0
0
0
0
0
0
0
0
0
0
0
0
0
0
0
0
0
0
0
0
0
0
0
0
0
0
0
0
0
0
0
0
-9.77008e-16
9.68524e-16
0
0
0
0
0
0
0
2.82635e-17
1.93453e-17
-4.85235e-16
0
0
0
0
0
0
0
0
0
0
0
0
0
0
0
-7.11972e-17
0
0
0
0
0
0
0
0
0
0
0
0
0
0
0
0
0
0
0
0
0
0
0
0
0
0
0
0
0
0
0
0
0
0
0
0
0
0
0
0
0
3.42806e-16
-3.02266e-17
-6.7718e-17
0
0
0
0
0
0
0
0
0
0
0
0
0
0
0
0
0
0
0
0
0
0
0
-1.40045e-14
-4.22737e-14
0
0
0
0
0
0
0
0
0
0
0
0
0
0
0
0
0
0
0
0
0
0
0
0
0
0
0
0
0
0
0
0
0
0
0
0
0
0
0
0
0
0
0
0
9.15631e-16
0
-5.22243e-15
0
0
0
0
0
0
0
0
0
0
0
1.80443e-17
2.56712e-16
0
0
0
0
0
0
0
0
0
0
0
0
0
0
0
0
0
0
0
0
0
0
0
0
0
0
0
0
0
0
0
0
0
0
0
0
0
0
0
0
0
0
0
0
0
0
0
0
0
0
0
0
0
0
0
0
0
0
0
0
0
0
0
0
0
0
0
0
0
0
0
0
0
0
-1.41217e-15
3.39439e-16
0
0
0
0
0
0
0
0
0
0
0
0
0
0
0
0
0
-2.73455e-15
0
0
0
0
0
0
0
0
0
0
0
0
3.8942e-14
-2.54174e-14
0
-8.45912e-17
7.19129e-17
-4.06696e-14
0
0
0
0
0
0
0
0
0
0
0
0
0
0
0
0
0
-1.00755e-14
0
0
0
0
0
0
0
0
0
0
0
0
0
0
0
0
0
0
0
0
0
0
0
0
0
0
0
0
0
0
0
0
0
1.32594e-14
0
0
0
0
0
0
0
0
-3.83555e-17
0
0
0
5.24361e-15
0
0
0
0
3.19703e-15
0
0
0
0
0
0
0
0
0
0
0
0
0
0
0
1.56581e-16
0
0
0
0
0
0
0
0
0
0
0
0
0
0
0
0
0
0
0
0
0
0
0
0
0
0
0
0
0
0
0
0
0
0
0
0
0
0
0
0
0
0
-1.21128e-16
0
0
0
0
0
0
0
0
0
0
0
0
0
0
0
0
0
0
0
4.00849e-16
-1.41755e-15
-9.18698e-16
-3.83185e-16
0
0
0
0
0
0
0
0
0
0
0
0
0
0
0
0
0
0
0
0
0
0
0
0
0
0
0
0
0
0
0
0
0
0
0
0
0
0
0
0
0
0
0
0
0
0
-1.04829e-16
0
0
0
0
0
0
0
0
0
0
0
0
0
0
0
0
0
0
0
0
0
0
0
0
0
0
2.732e-16
7.33836e-17
0
0
0
0
0
0
0
0
0
0
0
0
0
0
0
0
0
0
0
0
0
0
0
0
0
0
0
0
0
0
0
0
0
2.802e-14
0
0
0
0
0
0
0
0
0
0
0
0
0
0
0
0
0
0
0
0
0
0
0
0
0
0
0
0
0
0
0
0
0
0
0
0
0
0
0
0
0
0
0
0
0
0
0
0
0
0
0
0
0
0
0
0
0
1.9636e-14
-1.8684e-11
0
0
0
0
0
0
0
0
0
0
0
0
0
0
0
0
0
0
0
0
0
0
0
0
0
0
0
0
0
0
0
0
0
0
0
0
0
0
0
0
2.19707e-18
3.48554e-16
0
0
0
0
0
0
0
0
0
0
0
0
0
0
0
0
-9.58882e-16
0
0
0
0
0
0
0
0
0
0
0
0
0
0
0
0
-9.54823e-17
0
0
0
0
0
0
0
0
0
-1.21285e-15
0
0
0
0
0
-6.24672e-17
4.17166e-18
0
0
0
0
0
0
0
0
0
0
0
0
0
0
0
0
0
0
0
0
0
0
0
0
0
0
0
0
0
0
0
0
0
0
0
0
0
0
0
0
0
0
0
0
0
0
0
0
0
0
0
0
0
0
8.01355e-17
0
0
0
0
0
0
0
0
0
0
0
0
0
0
0
0
0
0
0
0
0
0
0
0
-8.01668e-16
1.3652e-16
1.20756e-15
0
0
0
0
0
0
0
0
0
0
0
0
0
0
0
0
0
0
0
0
0
0
0
0
0
0
0
0
0
0
0
8.28309e-16
-7.11676e-29
0
0
0
0
0
0
0
0
0
0
0
0
0
0
0
0
0
0
0
0
0
0
0
0
0
0
0
0
0
0
0
0
0
0
0
0
0
2.78345e-17
0
0
0
0
0
8.94828e-30
1.68497e-15
0
0
0
0
0
0
0
0
0
0
0
0
0
0
0
0
0
0
0
0
0
0
0
0
0
0
0
0
0
0
0
0
0
0
0
0
0
0
0
0
0
0
0
0
0
0
0
0
0
0
0
0
0
0
0
0
0
0
0
0
0
0
0
0
0
0
0
0
0
0
0
0
0
0
-1.63529e-33
0
0
0
0
0
0
0
2.36048e-14
0
0
0
0
0
0
0
0
0
0
0
0
0
0
0
0
0
0
0
0
0
0
0
0
0
0
0
0
0
0
0
0
0
0
0
0
0
0
0
0
0
0
0
0
0
0
0
0
0
0
0
0
0
0
0
0
0
0
0
0
0
0
0
0
0
0
0
0
0
0
0
0
0
0
0
0
0
0
0
0
0
0
0
0
0
0
2.16579e-16
-2.71306e-14
0
0
0
0
0
0
0
1.19294e-16
-4.31401e-17
9.26604e-17
0
0
0
0
0
0
0
0
0
0
0
0
0
0
0
0
0
0
1.56454e-17
0
0
0
0
0
0
0
0
0
0
0
0
0
0
0
0
0
0
3.51394e-15
0
0
0
0
0
0
0
0
0
0
0
0
0
0
0
0
0
0
0
0
0
0
0
0
0
0
0
0
0
0
0
0
0
0
0
0
0
0
0
0
0
0
0
0
0
0
0
0
0
0
0
0
0
0
0
0
0
0
0
0
0
0
0
0
0
0
0
0
0
0
0
0
0
0
0
0
0
0
0
0
0
0
0
0
0
0
0
0
0
0
0
0
0
0
0
0
0
-4.7358e-17
0
0
0
0
0
0
0
0
0
0
0
0
0
0
0
0
0
0
0
0
0
0
0
0
0
0
0
0
0
0
0
0
0
0
0
0
0
0
0
0
-3.27657e-16
0
0
0
0
0
0
0
0
0
0
0
0
0
0
0
0
0
0
0
0
0
0
0
0
0
0
0
0
2.40021e-16
-1.01732e-15
0
0
0
0
0
0
0
3.08213e-17
3.34906e-30
-1.02898e-16
-2.16557e-15
-1.38527e-16
0
0
0
0
0
0
-2.57738e-16
-3.48264e-16
-4.70675e-15
0
0
0
0
0
0
0
0
0
0
0
0
0
0
0
0
0
0
0
-1.82126e-15
0
0
0
0
0
0
0
0
0
0
2.03062e-14
0
0
0
0
0
0
0
0
0
0
0
0
0
0
0
0
0
0
0
0
0
0
0
2.10857e-15
1.78704e-29
0
0
0
0
0
0
0
0
0
0
0
0
0
0
0
0
0
0
0
0
0
0
0
0
0
0
0
0
0
0
0
0
0
0
0
0
0
0
0
0
-2.77039e-15
-4.91305e-17
0
0
0
0
0
0
0
0
0
0
0
0
0
0
0
0
0
0
0
0
0
0
0
0
0
0
0
0
0
0
0
0
0
0
0
0
0
0
0
-9.79588e-17
8.38895e-17
0
0
0
0
0
0
0
0
0
0
0
0
0
0
0
0
0
0
0
0
0
0
0
0
0
0
0
-1.06171e-15
-7.06062e-16
1.827e-16
0
0
0
0
0
0
0
-1.1855e-15
0
0
0
0
0
0
0
0
0
0
0
0
3.43189e-14
0
0
0
0
0
0
0
0
0
-9.94132e-15
-1.25987e-14
0
0
0
0
0
0
0
0
0
0
0
0
0
0
0
0
0
0
0
0
0
0
0
0
0
0
0
0
0
0
0
0
0
0
0
0
0
0
0
0
0
0
0
0
0
0
-1.09287e-15
-1.17428e-15
0
0
0
0
0
0
0
0
0
0
0
0
0
0
0
0
0
0
0
0
0
0
0
0
0
0
0
0
0
0
0
0
0
1.30823e-32
6.32045e-16
0
0
0
0
0
0
0
0
0
0
0
0
0
0
0
0
0
0
0
0
0
0
0
0
0
0
0
0
0
0
0
0
0
0
0
0
0
0
0
0
0
0
0
0
0
0
0
0
0
0
0
0
0
0
0
0
0
0
0
0
0
0
4.52899e-17
-1.10814e-16
0
0
0
0
0
0
0
0
0
0
0
0
0
0
0
0
0
0
0
0
0
0
0
0
0
0
0
0
0
0
0
0
0
0
0
0
0
0
0
-1.85556e-14
-5.83323e-15
0
0
0
0
0
0
0
0
0
0
0
0
0
0
0
0
0
0
0
0
0
0
0
0
0
0
0
0
0
0
0
-3.02871e-14
0
0
0
0
0
0
0
0
0
-1.29432e-15
0
0
0
0
0
0
0
1.43604e-16
-4.07601e-17
0
0
0
0
0
0
0
0
0
0
0
0
0
0
0
0
0
0
0
0
0
0
2.47128e-14
0
0
1.70158e-16
-5.83764e-16
0
0
0
0
0
0
0
0
0
5.40765e-14
-1.92368e-14
0
-1.78909e-16
0
0
0
0
0
0
0
0
0
0
0
0
0
0
0
0
0
0
0
0
0
0
0
0
0
0
0
0
0
0
0
0
0
0
0
0
0
0
0
0
0
0
0
0
0
0
0
0
0
0
0
0
0
0
0
0
0
0
0
0
0
0
0
0
0
0
0
0
0
0
0
0
0
0
0
0
0
0
0
0
0
0
0
0
0
0
0
0
0
-3.01207e-14
0
0
0
0
0
0
0
0
0
0
0
0
0
0
0
0
0
0
0
0
0
0
0
0
0
0
0
0
-1.13965e-14
0
0
0
0
0
0
0
0
0
0
0
0
0
0
0
0
-2.82064e-15
0
0
0
0
0
0
0
0
0
0
0
0
0
0
0
0
0
0
0
0
0
0
0
0
0
0
0
0
0
0
0
0
0
0
0
0
0
0
0
0
0
0
0
0
0
0
0
0
0
0
0
0
0
0
0
0
0
0
0
0
0
0
0
0
0
0
0
0
0
0
0
0
0
0
0
0
0
0
0
0
0
0
0
0
0
0
0
0
0
0
0
0
0
0
0
0
0
0
0
0
0
0
0
0
0
0
0
0
0
0
0
0
0
0
0
-7.75949e-16
-3.42685e-14
0
0
0
0
0
0
0
0
0
0
0
0
0
0
0
0
0
0
0
0
0
0
0
0
0
0
0
0
0
1.54777e-15
0
0
0
0
0
0
0
0
0
0
0
0
0
0
0
0
0
0
0
0
0
0
0
0
0
0
0
0
0
0
0
0
0
0
0
0
0
0
0
0
0
0
0
0
-2.23707e-30
-6.35355e-15
0
0
0
0
0
0
0
0
0
0
0
0
0
0
0
0
0
0
0
0
0
1.31453e-15
-8.01967e-16
0
0
0
0
0
0
0
0
0
0
0
0
0
0
0
0
0
0
0
0
0
0
0
0
0
0
0
0
0
0
0
0
0
0
0
0
0
0
0
0
0
0
0
0
0
0
0
0
0
0
0
0
0
0
0
0
0
0
0
0
0
0
0
0
0
0
0
0
0
0
0
0
0
0
0
0
0
0
0
0
0
0
0
0
0
0
0
0
0
0
0
0
0
0
0
0
0
0
0
0
0
0
0
0
0
0
0
0
0
0
0
0
-2.84164e-14
0
0
0
0
0
0
0
0
0
0
0
0
0
0
0
0
0
0
0
0
0
0
0
0
0
0
0
0
0
0
0
0
0
0
0
0
0
0
0
0
0
0
0
0
0
0
0
0
0
0
0
0
0
0
0
0
0
0
0
0
0
0
0
1.20268e-14
0
-3.15543e-16
0
0
0
0
0
0
0
0
0
0
0
0
0
0
0
0
0
0
0
0
0
0
0
0
0
0
0
0
0
0
0
0
0
0
0
0
0
0
0
0
0
0
0
0
0
0
0
0
0
0
0
0
0
0
0
0
0
0
0
0
-6.35764e-17
-5.84988e-16
0
0
0
0
0
0
0
0
0
0
0
0
0
0
0
0
0
0
0
0
0
0
0
0
0
0
0
0
0
0
1.63497e-15
2.28828e-15
0
0
0
0
0
0
0
0
0
0
0
-1.721e-16
6.13358e-16
0
0
0
0
0
0
0
0
0
0
0
-1.0269e-16
0
0
0
0
0
0
0
0
0
0
0
0
0
0
0
0
0
0
0
0
0
0
0
0
0
0
0
0
0
0
0
0
0
0
0
0
0
0
0
0
-7.62344e-17
0
0
0
0
0
0
0
0
0
0
0
0
0
0
0
0
0
0
0
0
0
0
0
0
0
0
0
0
0
0
0
0
0
0
0
0
0
0
0
-3.36266e-16
0
0
0
0
0
0
0
0
0
0
0
0
0
0
0
0
0
0
0
0
0
0
0
-1.79618e-15
-7.05999e-16
0
0
0
0
0
0
0
-3.38822e-14
-1.46413e-14
0
0
0
0
0
0
0
0
0
0
0
0
0
0
0
0
0
0
0
0
0
0
0
0
0
0
0
0
0
0
0
0
0
0
0
0
0
0
0
0
0
0
0
0
0
0
0
-3.42273e-16
0
0
0
0
0
0
0
0
0
0
0
0
0
0
0
-5.00501e-15
0
-8.09247e-15
0
0
0
0
0
0
0
0
0
0
0
0
0
0
0
0
0
0
0
0
0
0
0
0
0
0
0
-7.2095e-14
0
-8.37266e-31
0
0
0
0
0
0
0
0
0
0
0
0
0
0
0
0
0
0
0
0
0
0
0
0
0
0
0
0
0
0
0
0
0
0
0
0
0
0
0
0
0
0
0
0
0
0
0
0
0
0
0
0
0
0
0
0
0
0
0
0
0
0
0
0
0
0
0
0
0
0
0
0
0
-3.66885e-17
0
0
0
0
0
0
0
0
0
0
0
0
0
0
0
0
0
0
0
0
0
0
0
0
0
0
0
0
0
0
0
0
0
0
0
0
0
0
0
0
0
0
0
0
0
0
0
0
0
0
0
0
0
0
0
0
0
0
0
0
0
0
0
0
0
0
0
0
0
0
0
0
0
0
0
0
0
0
0
0
0
0
0
0
0
0
0
0
0
0
0
0
0
0
0
3.13108e-14
0
0
0
0
0
0
1.62836e-15
0
0
0
0
0
0
0
0
0
0
0
0
0
0
0
0
0
0
0
0
0
1.01267e-14
0
0
0
0
0
3.78839e-14
-1.60732e-14
0
0
0
0
0
-1.83905e-15
0
0
0
0
0
0
-5.85025e-14
4.07307e-14
0
0
0
0
0
0
0
0
0
0
0
0
0
0
0
0
0
0
0
0
0
0
0
0
0
0
0
0
0
0
0
0
0
0
0
0
0
0
0
0
0
0
0
0
0
0
0
0
0
0
0
0
0
0
0
0
0
0
0
0
0
0
0
0
0
0
0
0
0
0
0
0
0
-1.25599e-15
0
0
0
0
0
0
0
0
0
0
0
-8.90298e-15
0
0
0
0
0
0
0
0
0
0
0
0
0
0
0
0
0
0
0
0
0
0
0
0
0
0
0
0
0
0
-2.79717e-16
-9.45099e-15
0
0
0
0
0
0
0
0
0
0
0
0
5.82838e-14
0
0
0
0
0
0
0
0
0
-2.85219e-14
0
0
0
0
0
-4.27128e-15
0
0
0
0
0
0
0
0
0
0
0
0
0
0
0
0
0
0
0
0
0
0
0
0
0
0
0
0
0
0
0
0
0
0
0
0
0
0
0
0
0
0
0
0
4.49473e-17
0
0
0
0
0
0
0
0
0
0
0
0
0
0
0
0
0
0
0
0
0
0
0
0
0
0
0
0
0
0
0
0
0
0
0
0
0
0
0
0
0
0
0
0
0
0
0
2.91056e-16
-5.40382e-16
0
0
0
0
0
0
0
0
0
0
0
0
0
0
0
0
0
0
0
0
0
0
0
0
0
0
0
0
0
0
0
0
0
0
0
0
0
0
0
0
0
0
0
0
0
0
0
0
0
0
0
0
0
0
0
0
0
0
0
0
0
0
0
0
0
0
0
0
0
0
0
0
0
0
0
0
0
0
0
0
3.00267e-14
8.40809e-14
0
0
-1.78766e-15
0
0
1.78763e-15
0
0
0
0
0
0
0
0
0
0
0
0
0
0
6.09791e-16
-3.52052e-17
0
0
0
0
0
0
0
0
0
0
0
-6.45567e-17
-1.35074e-16
0
0
0
0
0
2.59585e-14
0
0
0
0
0
0
0
0
0
0
0
0
0
0
0
0
0
0
0
0
0
0
0
0
0
0
0
0
0
0
0
0
0
0
0
0
0
0
0
0
0
9.79951e-15
-3.54291e-14
0
0
0
0
0
0
0
0
0
0
0
0
0
0
0
0
0
0
0
0
0
0
0
0
0
0
0
0
0
0
0
0
0
0
0
0
0
0
0
0
0
0
0
0
0
0
0
0
0
0
0
0
0
0
0
0
-7.82151e-14
0
0
0
0
0
0
0
0
0
0
0
0
0
0
0
0
0
0
0
0
0
0
0
0
-9.1648e-15
0
0
0
0
0
0
0
0
0
0
0
0
0
0
0
0
0
0
0
0
0
7.85723e-17
0
0
0
0
0
0
0
0
0
-8.67327e-17
0
0
0
0
0
0
0
0
0
0
0
0
0
0
0
0
0
9.32195e-16
3.97736e-14
0
0
0
0
0
0
0
0
0
0
0
0
0
0
0
0
0
0
0
0
0
0
2.20558e-16
0
0
0
0
0
0
0
0
0
0
0
0
0
0
0
0
0
0
0
0
0
0
0
0
0
0
0
0
0
0
0
0
0
0
0
0
0
0
-1.40843e-16
-1.36722e-15
0
0
0
0
0
0
0
0
0
0
0
0
0
0
0
0
0
0
0
0
0
0
0
0
0
0
0
0
0
0
0
0
0
0
0
0
0
0
0
7.22535e-15
0
-7.19454e-15
0
0
0
0
0
0
0
0
0
0
0
0
0
0
0
0
0
0
0
2.12505e-16
6.39374e-17
0
0
0
0
0
0
0
0
0
0
0
0
0
0
0
0
0
0
-3.44505e-16
-2.88457e-16
0
0
0
0
0
0
0
0
0
0
0
0
0
0
0
0
0
0
0
0
0
0
0
0
0
0
0
0
0
0
0
0
0
0
0
0
0
0
0
0
0
0
0
0
0
0
0
0
0
0
0
0
0
0
0
0
0
0
0
0
0
0
0
0
0
0
0
0
0
0
0
0
0
0
0
0
0
0
0
0
0
0
0
0
0
0
0
0
0
0
0
0
0
0
0
0
0
0
0
0
0
0
0
0
0
0
0
0
0
0
0
0
0
0
0
0
0
0
0
0
0
0
0
0
0
0
0
0
0
0
0
0
0
0
0
0
0
0
0
0
0
0
0
0
0
0
0
0
0
0
0
0
0
0
0
0
0
0
0
0
-4.01362e-14
2.20855e-14
-1.1599e-15
0
0
0
0
0
0
0
0
0
0
0
0
0
0
0
0
0
0
0
0
0
0
0
0
0
0
0
0
0
0
0
0
0
0
0
0
0
0
0
0
0
0
0
0
0
0
0
0
0
0
0
0
0
0
0
0
0
0
0
0
0
0
0
0
0
-1.21016e-14
0
0
0
0
0
0
0
0
0
0
0
0
0
0
0
0
0
0
0
0
0
0
0
0
0
0
0
0
0
0
0
0
0
0
0
0
0
0
0
0
0
0
0
0
0
0
0
0
0
0
0
0
0
0
0
0
0
0
0
0
0
0
0
0
0
0
0
0
0
0
0
0
0
0
0
2.53239e-16
0
0
0
0
0
0
0
0
0
0
0
0
0
0
0
0
0
0
0
0
0
0
0
0
0
0
0
0
0
0
0
0
0
0
0
0
0
0
0
0
0
0
0
0
0
0
0
0
0
0
0
0
0
0
0
0
0
0
0
0
0
0
0
0
0
0
0
0
0
0
0
0
0
0
0
0
0
0
0
0
0
0
0
0
0
0
0
0
0
0
0
0
0
0
0
0
0
0
0
0
0
0
0
0
0
0
0
0
1.45726e-16
1.68296e-15
0
0
0
0
0
0
0
0
0
0
0
0
0
0
0
0
0
0
0
0
0
0
0
0
0
0
0
0
0
0
0
0
0
0
0
0
0
0
0
0
0
0
0
0
0
0
0
0
0
0
0
0
0
0
0
0
0
0
0
0
0
0
0
0
0
0
0
0
0
0
0
0
0
0
0
0
0
0
0
0
0
0
0
0
0
0
0
0
0
0
0
0
0
0
0
0
0
0
0
0
0
0
0
0
0
0
0
0
0
0
0
0
0
-2.37401e-16
0
0
0
0
0
0
0
0
0
0
0
0
0
0
0
0
0
0
0
0
0
0
0
0
0
0
0
0
0
0
0
0
0
0
0
0
0
0
0
0
0
0
0
0
0
0
0
0
0
0
0
0
0
0
0
0
0
0
0
0
0
0
0
0
0
0
0
0
0
0
0
0
0
0
0
0
0
0
0
0
0
-3.10888e-16
0
0
0
0
0
0
0
0
0
0
0
-1.03483e-14
0
0
0
0
0
-1.23893e-15
0
0
0
0
0
0
0
0
0
0
0
0
0
0
0
0
0
0
0
0
0
0
0
0
0
0
0
0
0
0
0
0
0
0
0
0
0
0
0
0
0
0
0
0
0
0
0
0
0
0
0
0
0
0
0
0
0
0
0
0
0
0
0
0
0
0
0
0
0
0
0
0
0
0
0
0
0
0
0
0
0
0
0
0
1.88443e-15
0
0
0
0
0
0
0
0
0
0
0
0
0
0
0
0
0
0
0
0
0
0
0
0
0
0
0
0
0
0
0
0
8.53359e-17
0
0
0
0
0
0
0
0
0
0
0
0
0
0
0
0
0
0
0
0
0
0
0
0
0
0
0
0
0
0
0
0
0
0
0
0
0
0
-1.87811e-16
0
0
0
0
0
0
0
0
0
0
0
0
0
0
0
0
0
0
0
0
0
0
0
0
0
0
0
0
0
0
0
0
0
0
0
0
0
0
0
0
0
0
0
0
0
0
0
0
0
0
0
0
0
0
0
0
0
0
0
0
0
0
0
0
0
0
0
0
0
0
0
0
0
0
0
0
0
0
0
0
0
0
0
0
0
0
0
0
0
0
0
0
0
0
0
0
0
0
0
0
0
0
0
0
0
0
0
0
0
0
0
0
0
0
0
0
0
0
0
0
0
0
0
0
0
0
0
0
0
0
0
0
0
0
0
0
0
0
0
0
0
0
0
0
0
0
0
0
0
0
0
0
0
0
0
0
0
0
0
0
0
0
0
0
0
0
0
0
0
0
0
0
0
0
0
0
0
0
0
0
0
0
0
0
0
0
0
0
0
0
0
0
0
0
0
0
0
0
0
0
0
0
0
0
0
0
0
0
0
0
0
0
0
0
0
0
0
0
0
0
0
0
0
0
0
0
0
0
0
0
0
0
0
0
0
0
0
0
0
0
0
0
0
0
0
0
0
0
0
0
0
0
0
0
0
0
0
0
0
0
0
0
0
0
0
0
0
0
0
0
0
0
0
0
0
0
0
0
0
0
0
0
0
0
0
0
-3.03056e-16
9.59968e-14
0
0
0
0
0
0
0
0
0
0
0
0
0
0
0
0
0
0
0
0
0
0
0
0
0
0
0
0
0
0
0
0
0
0
0
0
0
0
0
0
0
0
0
0
0
0
0
0
0
0
0
0
0
0
0
0
0
0
0
0
0
0
0
0
0
0
0
0
0
0
0
0
0
0
0
0
0
3.75095e-14
0
0
0
1.64454e-16
-1.13239e-16
0
0
0
0
0
0
0
0
0
0
0
0
0
0
0
0
0
0
0
0
0
0
0
0
0
0
0
0
0
0
0
0
0
0
0
0
0
0
0
0
0
0
0
0
-7.11307e-14
0
0
0
5.56901e-16
-9.10568e-16
0
0
0
0
0
0
0
0
0
0
0
0
0
0
0
0
0
0
0
0
0
0
0
0
0
0
0
6.74643e-17
1.48159e-17
0
0
0
0
0
0
0
0
0
0
0
0
0
0
0
0
0
0
8.87724e-17
0
0
0
0
0
0
0
0
0
0
0
0
0
0
0
0
0
0
0
0
0
0
0
0
0
0
0
0
0
0
0
0
0
0
0
0
0
0
0
0
0
0
0
0
-2.75061e-16
-9.36528e-16
0
0
0
0
0
0
0
0
0
0
0
0
0
0
0
0
0
0
0
0
0
0
0
0
0
0
0
0
-5.48603e-17
-6.18339e-17
0
0
0
0
0
0
0
0
0
0
0
0
0
0
0
0
0
0
0
0
0
0
0
0
0
0
0
0
0
0
0
0
0
0
0
0
0
0
0
0
0
0
0
0
0
0
0
0
0
0
0
0
0
0
0
0
0
0
0
0
0
0
0
0
0
0
0
0
0
0
0
0
0
0
0
0
0
0
0
0
0
0
0
0
0
0
0
-9.38887e-16
0
-5.66873e-16
0
0
0
0
0
0
0
0
0
0
0
0
0
0
0
0
0
0
0
0
0
0
0
0
0
0
0
0
0
0
0
0
0
0
0
0
0
0
0
0
0
0
0
0
0
0
0
0
0
0
0
0
0
0
0
0
0
0
0
0
0
0
0
0
0
0
0
0
0
0
0
0
0
0
0
0
0
0
0
0
0
0
0
0
0
0
0
0
0
0
0
0
0
0
0
0
0
0
0
0
0
0
0
0
0
0
0
0
0
0
0
0
0
0
0
0
0
0
0
0
0
0
0
0
0
0
0
0
0
0
0
0
0
0
0
0
0
0
-4.87699e-16
1.72401e-16
0
0
0
0
0
0
0
0
0
0
0
0
-3.07372e-14
0
0
0
0
0
0
0
0
0
0
0
0
0
0
0
0
0
0
0
0
0
0
0
0
0
0
0
0
0
0
0
0
0
0
0
0
0
0
0
0
0
0
0
0
0
0
0
0
0
0
0
0
0
0
0
0
0
0
0
0
0
0
0
0
0
0
0
0
0
0
0
0
0
0
0
0
0
0
0
0
0
0
0
0
0
0
0
0
0
0
0
0
0
0
0
0
0
0
0
0
0
0
0
0
0
0
0
0
0
0
0
0
0
0
0
0
0
0
0
0
0
0
0
0
0
0
0
0
0
0
0
0
0
0
0
0
0
0
0
0
0
0
0
0
0
0
0
0
0
0
0
0
0
0
0
0
0
0
0
0
0
0
0
0
0
0
0
0
0
0
0
0
0
0
0
0
0
0
0
0
0
0
0
0
0
0
0
0
0
0
0
0
0
0
0
0
0
0
0
0
0
0
0
0
0
0
0
2.60854e-16
0
0
0
0
0
0
0
0
0
0
0
0
0
0
0
0
0
0
0
0
0
0
0
0
0
0
0
-1.39495e-16
3.80474e-14
0
0
0
-3.53203e-14
0
0
0
0
8.37236e-15
4.78768e-16
0
0
0
0
0
0
0
0
0
0
0
0
0
0
0
0
0
0
0
-3.5048e-14
0
0
0
0
0
0
0
0
0
0
0
0
0
0
0
0
0
0
0
0
0
0
0
0
0
0
0
0
0
0
0
0
0
0
0
0
0
0
0
0
0
0
0
0
0
0
0
0
0
0
0
0
0
0
0
0
0
0
0
0
0
0
0
0
0
0
0
0
0
0
0
0
0
0
0
0
0
0
0
0
0
0
0
0
0
0
0
0
0
0
0
0
0
0
0
0
0
0
0
0
0
0
0
0
0
0
0
0
0
0
0
0
0
0
0
0
0
0
0
0
0
0
0
0
0
0
0
0
0
0
0
0
0
0
0
0
0
0
0
0
0
0
0
0
7.88253e-17
0
0
0
0
0
0
0
0
0
0
0
0
0
0
0
0
0
0
0
0
0
0
0
0
0
0
0
0
0
0
0
0
0
0
0
0
0
0
0
0
0
0
0
0
0
0
0
0
0
0
0
0
0
0
0
0
0
0
0
0
0
0
0
0
0
0
0
0
0
0
0
0
0
0
0
0
0
0
0
0
0
0
0
0
0
0
0
0
0
0
0
0
0
0
0
0
0
0
0
0
0
0
0
0
0
0
0
0
0
0
0
0
-1.07074e-14
0
0
0
0
0
0
0
0
0
0
0
0
0
0
0
0
0
0
0
0
0
0
0
0
0
0
0
0
0
0
0
0
0
0
0
0
0
0
0
0
0
0
0
0
0
0
0
0
0
0
0
0
0
0
0
0
0
0
0
0
0
0
0
0
0
0
0
0
0
0
0
0
0
0
0
0
0
0
0
0
0
0
0
0
0
0
0
0
0
0
0
0
0
0
0
0
0
0
0
0
0
0
0
0
0
0
0
0
0
0
0
0
0
0
0
0
0
0
0
0
0
0
0
0
0
0
0
0
0
0
0
0
0
0
0
0
0
0
0
0
0
0
0
0
0
0
0
0
0
0
0
0
0
0
0
0
0
0
0
0
0
0
0
0
0
0
0
0
0
0
0
0
0
0
0
0
0
0
0
0
0
0
0
0
0
0
0
0
0
0
0
0
0
0
0
0
0
0
0
0
0
0
0
0
0
0
0
0
0
0
0
0
0
0
0
0
0
0
0
0
0
0
0
0
0
0
0
0
0
0
0
0
0
0
0
0
0
0
0
0
0
0
0
0
0
0
0
0
0
0
0
0
0
0
0
0
0
0
0
0
0
0
0
0
0
0
0
0
0
0
0
0
0
0
0
0
0
0
0
0
0
0
0
0
0
0
0
0
0
0
0
0
0
0
0
0
0
0
0
0
0
0
0
0
0
0
0
0
0
0
0
0
0
0
0
0
0
0
0
0
0
0
0
0
0
0
0
0
0
0
0
0
0
0
0
0
0
0
0
0
0
0
0
0
0
0
0
0
0
0
0
0
0
0
0
0
0
0
0
0
0
0
0
0
0
0
0
0
0
0
0
0
0
0
0
0
0
0
0
0
0
0
0
0
0
0
0
0
0
0
0
0
0
0
0
0
0
0
0
0
0
0
0
0
0
0
0
0
0
0
0
0
0
0
0
0
0
0
0
0
0
0
0
0
0
0
0
0
0
0
0
0
0
0
0
0
0
0
0
0
0
0
1.96126e-14
3.57931e-29
0
0
0
0
0
0
0
0
0
0
0
0
0
0
0
0
0
0
0
0
0
0
0
0
0
0
0
0
0
0
0
0
0
0
0
0
0
0
0
0
0
0
0
0
0
0
0
0
0
0
0
0
0
0
0
0
0
0
0
0
0
0
0
0
0
0
0
0
0
0
0
0
0
0
0
0
0
0
0
0
0
0
0
0
0
0
0
0
0
0
0
0
0
0
0
0
0
0
0
0
0
0
0
0
0
0
0
0
0
0
0
0
0
0
0
0
0
0
0
0
0
0
0
0
0
0
0
0
0
0
0
0
0
0
0
0
0
0
0
0
0
0
0
0
0
0
0
0
0
0
0
0
0
0
0
0
0
0
0
0
0
0
0
0
0
0
0
0
0
0
0
0
0
0
0
0
0
0
0
0
0
0
0
0
0
0
4.24413e-14
0
0
0
0
0
0
0
0
0
0
0
0
0
0
-8.48825e-14
0
0
0
0
0
0
0
0
0
0
0
0
0
0
0
0
0
0
0
0
0
0
0
0
0
0
0
0
-9.61352e-17
0
0
0
0
0
0
0
0
0
0
0
0
0
0
0
0
0
0
0
0
0
0
0
0
0
0
0
0
0
0
0
0
0
0
0
0
1.9058e-13
0
0
-3.44454e-14
0
0
0
0
0
0
0
0
0
0
0
0
0
-3.2316e-14
0
0
0
0
0
0
0
0
0
0
0
0
0
0
0
0
0
0
0
-8.94828e-30
0
0
2.95085e-14
3.89055e-15
0
0
0
0
0
0
0
0
0
0
0
0
0
0
0
0
0
0
0
0
0
0
0
0
0
0
0
0
0
0
0
0
0
0
0
0
0
0
0
0
0
0
0
0
0
0
0
0
0
0
0
0
0
0
0
0
0
0
0
0
0
0
0
0
0
0
0
0
0
0
0
0
0
0
0
4.83914e-17
0
0
0
0
0
0
0
0
0
0
0
0
0
0
0
0
0
0
0
0
0
0
0
0
0
0
0
0
0
0
0
0
0
0
0
0
0
0
0
0
0
0
0
0
0
0
0
0
0
0
0
0
0
0
0
0
0
0
0
0
0
0
0
0
0
0
0
0
0
0
0
0
0
0
0
0
0
0
0
0
0
0
0
0
0
0
0
0
0
0
0
0
0
0
0
0
0
0
0
0
0
0
0
0
0
0
0
0
0
0
0
0
0
0
0
0
0
0
0
0
0
0
0
0
0
0
0
0
0
0
0
0
0
0
0
0
0
0
0
0
0
0
0
0
0
0
0
0
0
0
0
0
-6.63703e-14
5.47434e-14
0
0
0
0
0
0
0
0
0
0
0
0
0
0
0
0
0
0
0
0
0
0
3.06721e-16
0
0
0
0
0
0
0
0
0
0
0
0
0
0
0
0
0
0
0
0
0
0
0
0
0
0
0
0
0
0
0
0
0
0
0
0
0
0
0
0
0
0
0
0
0
0
0
0
0
0
0
0
0
0
0
0
0
0
0
0
0
0
0
0
0
0
0
0
0
0
0
0
0
0
0
0
0
0
0
0
0
0
0
0
0
0
0
0
0
0
0
0
0
0
0
0
0
0
0
0
0
0
0
0
0
0
0
3.87714e-17
-2.95726e-16
0
0
0
0
0
0
0
0
0
0
0
0
0
0
0
0
0
0
0
0
0
0
-5.04168e-16
0
0
0
0
0
0
0
0
0
0
0
0
0
0
0
0
0
0
0
0
0
0
0
0
0
0
0
0
0
0
0
0
0
0
0
0
0
0
0
0
0
0
0
0
0
0
0
0
0
0
0
0
0
0
0
0
0
0
0
0
0
0
0
0
0
0
0
0
0
0
0
0
0
0
0
0
0
0
0
0
0
0
0
0
0
0
0
0
0
0
0
0
0
0
0
0
-9.6232e-16
-3.24901e-15
0
0
0
0
0
0
0
0
0
0
0
0
0
0
0
0
0
0
0
0
0
0
0
0
0
0
0
0
0
0
0
0
0
0
0
0
0
0
0
0
0
0
0
0
0
0
0
0
0
0
0
0
0
0
0
0
0
0
0
0
0
0
0
0
0
0
0
0
0
0
0
0
0
0
0
0
0
0
0
0
0
0
0
0
0
0
0
0
0
0
0
0
0
0
0
0
0
0
0
0
0
0
0
0
0
0
0
0
0
0
0
0
0
0
0
0
0
0
0
0
0
0
0
0
0
0
0
0
0
-3.81747e-17
0
0
0
0
0
0
0
0
0
0
0
0
0
0
0
0
0
0
0
0
0
0
0
0
0
0
0
0
0
0
0
0
0
0
-3.27335e-16
0
0
0
0
0
0
0
0
0
0
0
0
0
0
0
0
0
0
0
0
0
0
0
0
0
0
-1.73171e-13
0
0
0
0
0
-2.20906e-14
0
1.77919e-29
0
0
0
0
0
0
0
0
0
0
0
0
0
0
0
0
0
0
0
0
0
0
0
0
0
0
0
0
0
0
0
0
0
0
0
0
0
0
0
0
0
0
0
0
0
-3.57548e-16
1.99056e-14
0
0
0
0
0
0
0
0
0
0
0
0
0
0
0
0
0
0
0
0
0
0
0
0
0
0
0
0
0
0
0
0
0
0
0
0
0
0
0
0
0
0
-8.19609e-16
0
0
0
1.37327e-15
0
0
0
0
0
0
0
0
0
0
0
0
0
0
0
0
0
0
0
0
0
0
0
0
0
0
0
0
0
0
0
0
0
0
0
0
0
0
0
0
0
0
0
0
0
0
0
0
0
0
0
0
0
0
0
0
0
0
0
0
0
0
0
0
0
0
0
0
0
0
0
0
0
0
0
0
0
0
0
0
0
0
0
0
0
0
0
0
0
0
0
0
0
0
3.18649e-15
0
0
0
0
0
0
0
0
0
0
0
0
0
0
0
0
0
0
0
0
0
0
0
0
0
0
0
0
0
0
0
0
0
0
0
7.10509e-14
0
0
0
0
0
0
0
0
0
0
0
0
0
0
0
0
0
0
0
0
0
0
0
0
0
0
0
0
0
0
0
0
0
0
0
0
0
0
0
0
0
0
0
0
0
0
0
0
0
0
0
0
0
0
0
0
0
0
0
0
0
0
0
0
0
0
0
0
0
0
0
0
0
0
0
0
0
0
0
0
0
0
0
0
0
0
0
0
0
0
0
0
0
0
0
0
0
0
0
0
0
0
0
0
0
0
0
0
0
0
0
0
0
0
0
0
0
0
0
0
0
0
0
0
0
0
0
0
0
0
0
0
0
0
0
0
0
0
0
0
0
0
0
0
0
0
-2.65099e-16
0
-6.16513e-16
0
0
0
0
0
0
0
0
0
0
0
0
0
0
0
0
0
0
0
0
0
0
0
0
1.01212e-14
1.7263e-16
-1.37115e-15
0
0
0
0
0
0
0
0
0
0
0
0
0
0
0
0
0
0
0
0
0
0
0
0
0
0
0
0
0
0
0
0
0
0
0
0
0
0
0
0
0
0
0
0
0
0
0
0
0
0
0
0
0
2.38874e-16
0
0
0
0
0
0
0
0
0
0
0
0
0
0
0
0
0
0
0
0
0
0
0
0
0
0
0
0
0
0
0
0
0
0
0
0
-1.78966e-29
0
0
0
0
0
0
0
0
0
0
0
0
0
0
0
0
0
-1.80012e-29
-5.7086e-14
0
0
0
0
0
0
0
0
-1.08883e-16
0
0
0
0
0
0
0
0
0
0
0
0
0
0
0
0
0
0
0
3.92972e-15
0
0
0
0
0
0
0
0
0
0
0
0
0
0
0
0
0
0
1.76127e-16
0
0
0
0
0
0
0
0
0
0
0
0
0
0
0
0
0
0
0
0
0
0
0
0
0
0
0
0
0
0
0
0
0
0
0
0
0
0
0
0
0
0
0
0
0
0
0
0
0
0
0
0
0
0
0
0
0
0
0
0
0
0
0
0
0
0
0
0
0
0
0
0
0
0
0
0
0
0
0
0
0
0
0
0
0
0
0
0
0
0
0
0
0
0
0
0
0
0
0
0
0
0
0
0
0
0
0
0
0
0
0
0
0
0
0
0
0
0
0
0
0
0
0
0
0
0
0
0
0
0
0
0
0
0
0
0
0
0
0
0
0
0
0
0
0
0
0
0
0
0
0
0
0
0
0
0
0
0
0
0
0
0
0
0
0
0
0
0
0
0
0
0
0
0
0
0
0
0
0
0
0
0
0
0
0
0
0
0
0
0
0
0
0
0
0
0
0
0
0
0
0
0
0
0
0
0
0
0
0
0
0
0
0
0
0
0
0
0
0
0
0
0
0
0
0
0
0
0
0
0
0
0
0
0
0
0
0
0
0
0
0
0
0
0
0
0
0
0
0
0
0
0
0
0
0
0
0
0
0
0
0
0
0
0
0
0
0
0
0
0
0
0
0
0
0
0
0
0
0
0
0
0
0
0
0
0
0
0
0
0
0
0
0
0
0
0
0
0
0
0
-2.85864e-16
0
0
0
0
0
0
0
0
0
0
0
0
0
-5.722e-15
0
0
0
0
0
0
0
0
0
0
0
0
0
0
0
0
0
0
0
0
0
0
0
0
0
0
0
0
0
0
0
0
0
0
0
0
0
0
0
0
0
0
0
0
0
0
0
0
0
0
0
-3.06281e-15
-1.80645e-14
0
0
0
0
0
0
0
0
0
0
0
0
0
0
0
0
0
0
0
0
0
0
0
0
0
0
0
0
0
0
0
0
0
0
0
0
0
0
0
0
0
0
0
0
0
0
0
0
0
0
0
0
0
0
0
0
0
0
0
0
0
0
0
0
0
0
0
0
0
0
0
0
0
0
0
0
0
0
0
0
0
0
0
0
0
0
0
0
0
0
0
0
0
0
0
0
0
0
0
0
0
0
0
0
0
0
0
0
0
0
0
0
0
0
0
0
0
0
0
0
0
1.68968e-15
0
0
0
0
0
0
0
0
0
0
0
0
0
0
0
0
0
0
0
0
0
0
0
0
0
0
0
0
0
0
0
0
0
0
0
0
0
0
0
0
0
0
0
0
0
0
0
0
0
0
0
0
0
0
0
0
0
0
0
0
0
0
0
0
0
0
0
0
0
0
0
0
0
0
0
-7.14816e-29
0
0
0
0
0
0
0
0
0
0
0
0
0
0
0
0
0
0
0
0
0
0
0
-1.90616e-11
2.90658e-12
0
0
0
0
0
0
0
0
0
0
0
0
0
0
0
0
0
-3.66612e-14
0
0
0
0
0
0
0
0
0
0
0
-4.17557e-16
-1.071e-12
-2.98182e-15
0
0
0
0
0
0
0
0
0
0
0
0
0
0
0
0
0
0
0
0
0
-3.88249e-12
0
0
0
7.74994e-17
0
0
0
0
0
0
0
0
0
0
0
0
0
0
0
0
0
0
0
0
0
-3.93378e-14
0
0
0
0
0
0
0
0
0
0
0
0
0
0
0
0
0
0
0
0
0
0
0
0
0
0
0
0
0
0
0
0
0
0
0
0
0
0
0
0
0
0
0
0
0
0
0
0
0
0
1.97737e-15
0
0
0
0
0
0
0
0
0
0
0
0
0
0
0
0
0
0
0
0
0
0
0
0
0
0
0
0
0
0
0
0
0
0
0
0
0
0
0
0
0
0
0
0
0
0
0
0
0
0
0
0
0
0
0
0
0
0
0
0
0
0
0
0
0
0
0
0
0
0
0
0
0
0
0
0
0
0
0
0
0
0
0
0
0
0
0
-1.25393e-14
0
0
0
0
0
0
0
0
0
0
0
0
0
0
0
0
0
0
0
0
0
0
0
0
0
0
0
0
0
0
0
0
0
0
0
0
0
0
0
0
0
0
0
0
0
0
0
0
0
0
0
0
0
0
0
0
0
0
0
0
0
0
0
0
0
0
0
0
5.10196e-15
0
0
0
0
0
0
0
0
0
0
0
0
0
0
0
0
0
0
0
0
0
0
0
0
0
0
0
-2.5396e-14
0
0
0
0
0
0
0
0
0
0
0
0
0
0
0
0
0
0
0
0
0
0
0
0
0
0
0
0
0
0
0
0
2.00073e-14
0
0
0
0
0
0
0
0
0
0
0
0
0
0
0
0
0
0
0
0
0
0
0
0
0
0
0
0
0
0
0
0
0
0
0
0
0
-2.56622e-15
0
0
0
0
0
0
0
0
0
0
0
0
0
0
0
0
0
0
4.50592e-15
-9.01109e-17
5.15989e-16
0
0
0
0
0
0
0
0
0
4.30142e-16
0
0
0
-9.17128e-16
3.29657e-16
4.52783e-16
0
0
0
0
0
0
0
0
0
0
0
0
0
0
0
0
0
0
0
0
0
0
0
0
0
0
0
0
0
0
0
0
0
0
0
0
0
0
0
0
0
0
0
0
0
0
0
0
0
0
0
0
0
0
0
0
0
0
0
0
0
0
0
0
0
0
0
0
0
0
0
0
0
0
0
0
0
0
0
0
0
0
0
0
0
0
0
0
0
0
0
0
0
0
0
0
0
0
0
0
0
0
0
0
0
0
0
0
0
0
0
0
0
0
0
0
0
-2.97874e-15
0
4.04225e-15
0
0
0
0
0
0
0
0
0
0
0
0
0
0
0
0
0
0
0
0
0
0
0
0
0
0
0
0
0
0
0
0
0
0
0
0
0
0
0
0
0
0
0
0
0
0
0
0
0
0
0
0
0
0
0
0
-1.03882e-17
1.18082e-15
0
0
0
0
0
0
0
0
0
0
0
0
0
0
0
0
0
0
0
0
0
0
0
0
0
0
0
0
0
0
0
0
0
0
0
0
0
0
0
0
0
0
0
0
0
0
0
0
0
0
0
0
0
0
0
0
0
0
0
0
0
0
0
0
1.842e-15
-1.04083e-15
0
0
0
0
0
0
0
0
0
0
0
0
0
0
0
0
0
0
0
0
0
0
0
0
0
0
0
0
0
0
0
0
0
0
0
0
0
0
0
0
0
0
0
0
0
0
0
0
0
0
0
0
0
-2.35879e-16
0
0
0
0
0
0
0
0
0
0
0
0
0
0
0
0
0
0
0
0
0
0
-5.39133e-15
3.60595e-15
0
0
0
0
0
0
0
0
0
0
5.95629e-17
0
0
0
0
0
0
7.5979e-17
-7.42345e-17
0
0
0
0
0
0
0
0
-1.37877e-17
-8.84712e-17
0
0
0
0
0
0
0
0
0
-3.32048e-17
0
0
0
0
0
0
0
0
0
0
0
0
0
0
0
0
0
0
0
0
0
0
0
0
0
0
0
0
0
0
0
0
0
0
0
-1.51898e-16
-9.51709e-18
0
0
0
0
0
0
0
0
0
0
0
0
0
0
0
0
0
0
0
0
0
0
0
0
0
0
0
0
0
0
0
0
0
0
0
0
0
0
6.82264e-17
0
0
0
0
0
0
0
0
0
0
0
0
0
0
0
0
0
0
0
0
0
0
0
0
0
0
0
0
0
0
0
0
0
0
0
0
0
0
0
0
0
0
0
0
0
0
0
0
0
0
0
0
0
0
0
0
0
0
0
0
0
0
0
0
0
0
0
0
0
0
0
0
0
0
0
0
0
0
0
0
0
0
0
0
0
0
0
-2.32992e-16
0
0
0
0
0
0
0
5.39236e-16
0
0
-2.41563e-14
0
0
0
0
0
0
0
0
0
0
0
0
1.49929e-16
0
0
0
0
0
0
0
0
0
0
0
0
0
0
0
0
0
0
0
0
0
0
0
0
0
0
0
0
-2.87784e-16
0
0
0
0
0
0
0
0
0
0
0
0
0
0
0
0
0
0
0
0
0
-4.16905e-17
0
0
0
0
0
0
0
0
0
0
0
0
0
0
0
0
0
0
0
0
0
0
0
0
0
0
0
0
0
0
0
0
0
0
0
0
0
0
0
0
0
0
0
0
0
-7.15728e-17
0
0
0
0
-2.81976e-16
0
0
0
0
0
0
0
0
0
-6.55509e-16
0
0
0
0
0
0
0
0
0
-3.32593e-15
0
0
0
0
0
0
0
0
0
0
0
0
2.27195e-16
-7.67734e-17
8.29004e-15
0
0
0
0
0
0
0
0
0
0
0
0
0
0
0
0
0
0
0
0
0
0
0
0
0
0
0
0
0
0
0
0
0
0
0
0
0
0
0
0
0
0
0
0
0
0
0
0
0
0
0
0
0
0
0
0
0
0
0
0
0
0
0
0
0
0
0
0
0
0
0
0
0
0
0
0
0
0
0
0
0
0
0
0
0
0
0
0
0
0
0
0
-4.90077e-16
0
0
0
0
0
0
0
0
0
0
0
0
2.50084e-15
0
0
0
0
0
0
0
0
0
0
0
0
0
0
2.90104e-14
-2.28663e-16
0
0
0
0
0
0
0
0
0
0
-2.99089e-14
-1.67529e-16
0
0
0
0
0
0
0
0
0
0
0
0
0
0
0
0
0
0
0
0
0
0
0
0
0
0
0
0
0
0
0
0
0
0
0
0
0
0
0
0
0
0
0
0
0
0
0
0
0
0
0
0
0
0
0
0
0
0
0
0
0
-4.53732e-15
0
0
0
0
0
0
0
0
0
0
0
0
0
0
0
0
0
0
0
0
0
0
0
0
0
1.09489e-16
0
0
0
0
0
0
0
0
0
0
-1.09692e-14
0
0
0
0
0
0
0
0
0
0
0
0
5.49547e-17
1.54084e-15
1.52114e-15
0
0
0
0
0
0
0
0
0
0
0
0
0
0
0
0
0
0
0
0
0
0
0
0
0
0
0
0
0
0
0
4.80089e-15
0
0
0
0
0
0
0
0
0
0
0
0
-3.18748e-17
-1.00311e-16
0
0
0
0
0
0
0
0
0
0
0
0
0
0
0
0
2.11555e-15
0
0
0
0
0
1.72219e-07
-1.90693e-07
1.89444e-07
-1.83103e-07
1.9197e-07
0
0
0
0
0
0
-9.31442e-15
3.14662e-16
0
0
0
4.06463e-17
-2.31634e-16
-1.82826e-16
0
0
0
0
0
0
0
0
0
0
0
0
0
0
-1.68019e-07
1.59064e-07
0
0
0
0
0
0
0
0
0
0
0
0
0
0
-1.86134e-07
1.67125e-07
0
0
0
0
0
0
0
0
0
0
0
0
0
9.40725e-08
3.96496e-08
4.63051e-08
9.99299e-08
1.31819e-07
6.18865e-08
1.27233e-07
2.86351e-08
6.37031e-08
1.22555e-07
1.06865e-07
6.19554e-08
1.26143e-07
5.25026e-08
0
0
0
0
0
1.63665e-15
8.62464e-14
-7.15334e-17
0
0
0
0
0
0
0
0
0
0
0
0
0
0
0
0
-9.4268e-17
9.52969e-16
0
0
-1.1284e-14
0
0
0
0
0
0
9.63155e-17
0
0
0
0
0
0
0
0
0
0
0
0
0
0
0
0
0
0
1.72619e-14
0
0
0
0
0
0
0
0
0
0
0
0
0
0
0
0
0
0
1.37156e-15
0
0
0
0
0
0
0
0
0
0
0
0
0
0
0
0
0
0
0
0
0
0
0
0
0
0
0
0
0
0
0
0
0
0
0
0
0
0
0
0
0
0
0
0
0
0
0
0
0
0
0
0
0
0
0
0
0
0
0
0
-1.47893e-15
0
0
0
0
4.24818e-15
0
0
0
0
0
0
0
0
0
0
0
0
0
0
0
0
0
0
0
0
0
0
0
0
0
0
-7.27853e-12
8.83654e-16
0
0
0
0
0
0
0
0
0
0
0
0
0
0
0
0
0
0
0
0
0
0
0
0
0
0
0
0
0
0
0
0
0
0
0
0
0
0
0
0
4.79378e-16
-3.62798e-15
0
0
0
0
0
0
0
0
-2.829e-16
1.70925e-17
0
0
3.40374e-16
0
0
-4.63386e-15
0
4.81224e-16
-5.56652e-17
0
0
0
0
0
0
0
0
0
0
0
0
0
1.89721e-14
0
0
0
0
0
0
0
0
0
0
0
0
0
0
0
0
0
0
0
0
0
9.53235e-08
4.09013e-08
0
0
0
0
0
0
0
0
0
0
0
0
0
0
0
0
0
0
0
0
0
0
0
0
0
0
0
0
0
0
2.99929e-14
-4.1285e-16
0
0
0
0
0
0
0
3.04552e-08
1.22972e-07
1.01097e-07
4.7632e-08
0
0
0
0
0
0
0
0
0
0
0
0
0
-1.11854e-30
0
0
0
0
0
0
0
0
0
0
0
0
0
0
0
0
0
0
0
0
0
0
0
0
0
5.06991e-08
9.31843e-08
0
0
0
0
0
0
0
0
0
6.49996e-08
1.01394e-07
0
0
0
-1.61441e-16
0
0
0
0
0
0
0
0
0
0
0
0
0
0
0
0
0
0
0
0
0
0
0
0
0
0
0
0
0
0
0
0
0
1.23902e-07
6.48578e-08
0
0
0
0
0
0
0
1.13281e-14
0
0
0
0
0
5.96057e-08
1.1665e-07
0
0
-1.30073e-15
-1.7135e-17
-3.98673e-17
0
0
0
0
0
0
0
0
0
0
4.94711e-08
9.18209e-08
0
0
0
0
0
0
0
0
0
0
3.69466e-14
0
0
0
-2.23707e-30
-2.61592e-16
-4.2807e-15
8.19885e-15
-2.17327e-15
0
0
0
0
0
0
0
0
0
0
0
0
0
0
0
0
0
0
0
0
0
0
0
0
0
0
0
0
0
0
0
0
0
0
0
0
0
0
0
0
0
0
0
0
0
0
0
0
0
0
0
0
0
0
0
0
0
0
0
0
0
0
0
0
1.10728e-07
2.7816e-08
0
0
1.76915e-07
-1.7585e-07
0
0
0
0
0
0
0
0
0
0
0
0
0
0
0
0
0
0
1.80671e-07
-1.87255e-07
0
0
0
0
0
0
0
0
0
0
0
0
0
0
0
0
0
0
0
0
0
0
0
0
0
0
0
0
0
0
0
0
0
0
0
0
0
0
0
-8.52252e-15
0
2.13308e-14
0
0
0
0
0
0
0
0
0
0
4.38036e-08
1.0735e-07
0
0
0
0
0
0
0
0
0
0
0
0
0
0
0
0
0
0
0
0
0
0
0
0
0
0
0
0
0
0
1.46601e-14
2.36507e-15
0
0
0
0
0
0
0
0
0
0
0
0
0
1.19924e-17
1.11903e-16
0
0
0
0
0
0
0
0
0
0
0
0
0
0
0
0
0
0
0
0
0
0
0
1.11279e-15
0
0
0
0
0
0
0
0
0
0
0
0
-9.8808e-17
0
0
0
0
0
0
0
0
0
0
-1.2122e-16
0
0
0
0
1.85614e-07
-1.74623e-07
-1.64078e-07
1.80124e-07
0
0
0
0
0
0
-1.52365e-15
-3.60519e-16
0
0
0
0
0
0
0
0
0
0
0
0
0
0
0
0
0
0
-2.02378e-07
1.90933e-07
0
0
0
0
0
0
0
7.16383e-08
9.23609e-08
0
1.70879e-07
-1.87464e-07
0
0
0
0
0
0
0
0
0
0
0
0
0
0
0
-2.38989e-16
0
0
0
0
0
0
0
0
0
0
0
0
0
0
0
0
0
0
0
0
0
0
0
0
0
0
0
8.58324e-17
0
5.90997e-15
-2.52389e-15
1.79033e-15
0
0
0
0
0
0
0
0
0
0
0
0
0
0
0
-2.41517e-14
0
0
0
0
0
0
0
0
0
0
0
0
0
0
0
0
0
0
0
0
0
0
0
0
0
0
0
0
0
0
0
6.70905e-08
1.24203e-07
0
0
0
0
0
0
0
0
0
0
0
0
0
0
0
0
0
0
0
0
0
0
0
0
8.0177e-16
-1.78336e-16
0
0
0
0
0
-4.31421e-15
0
0
0
0
0
6.91573e-08
1.04735e-07
0
0
0
0
0
0
0
0
0
0
0
0
0
0
0
0
0
0
0
0
0
0
0
0
0
0
0
0
0
0
0
0
0
0
0
0
0
0
0
0
0
0
-8.52755e-15
0
0
0
0
0
0
0
1.11854e-30
0
0
0
0
0
0
0
0
0
0
0
0
0
5.57632e-31
0
0
0
0
0
0
0
0
0
0
0
0
0
0
0
0
0
0
-8.2585e-16
0
0
0
0
0
0
0
0
0
0
0
5.47306e-16
0
0
0
0
0
0
0
0
0
0
0
0
0
0
0
0
0
0
0
0
0
0
0
0
0
0
0
0
0
0
0
0
0
0
0
0
0
1.23517e-16
0
0
0
0
2.44729e-15
-5.62985e-15
0
0
0
0
0
0
4.66899e-14
-1.71866e-15
1.91172e-16
-1.98583e-15
0
-1.43855e-14
0
0
0
0
0
0
0
0
0
0
0
0
0
0
0
0
1.94935e-16
2.30877e-16
0
0
0
0
0
0
0
0
0
0
0
0
0
0
0
0
0
0
0
0
0
0
0
0
0
-1.6784e-16
0
0
2.00546e-15
1.48038e-16
0
1.75479e-07
-1.71831e-07
0
0
0
0
0
0
0
0
0
0
0
0
2.22022e-16
0
0
0
0
0
0
0
0
0
0
9.85419e-17
0
0
0
0
0
0
0
0
0
5.62538e-31
0
0
0
0
0
0
0
0
0
0
0
0
0
-1.43358e-16
0
0
0
0
0
0
0
0
0
0
0
0
0
0
0
0
0
0
0
0
0
0
0
0
0
0
2.43111e-16
-1.88407e-14
2.66554e-14
0
0
0
0
-1.16486e-16
0
2.33728e-15
0
0
0
0
0
0
0
0
0
0
0
0
0
1.85113e-16
0
0
0
0
0
0
0
0
0
0
0
0
0
0
0
-1.84602e-07
1.63177e-07
0
0
-3.24124e-16
5.67126e-15
0
0
0
0
0
-5.45215e-15
0
0
0
0
0
0
0
0
0
0
0
5.6409e-17
0
0
0
0
0
0
-1.83387e-16
-2.72242e-15
0
0
0
0
0
0
0
0
0
0
0
0
0
0
0
0
0
0
0
0
0
0
0
0
0
0
0
0
0
-2.50774e-16
2.38047e-16
-5.23022e-15
0
0
0
0
0
0
0
0
0
0
0
0
0
0
0
0
0
0
0
0
0
0
0
0
0
0
0
0
0
0
0
0
0
0
0
0
0
0
0
0
0
0
0
0
0
0
0
0
0
0
0
0
0
0
0
0
1.82316e-07
-1.68805e-07
0
0
0
0
0
0
0
0
0
0
1.2568e-16
0
0
0
0
0
0
0
0
0
0
0
0
0
0
0
6.34747e-17
0
1.24719e-16
0
0
0
0
0
0
0
0
0
0
-1.74246e-07
1.60338e-07
0
0
0
0
0
0
0
0
0
0
0
0
0
0
0
0
0
0
0
-7.58174e-16
0
0
0
0
0
0
0
0
0
0
0
0
0
0
0
0
0
0
0
0
2.70257e-15
0
-1.04154e-16
0
0
0
0
0
0
0
0
0
0
0
0
0
0
0
0
0
0
0
2.33588e-15
-2.89904e-16
0
0
0
0
0
0
0
0
0
0
0
0
0
0
0
0
0
0
0
0
0
0
0
0
0
0
0
3.70092e-16
1.3488e-16
1.47902e-15
0
0
0
-1.05762e-15
1.27036e-14
0
0
0
0
0
2.67568e-15
0
0
0
0
-1.87999e-11
2.02099e-12
0
0
0
0
0
0
0
0
0
0
0
0
0
0
0
0
0
0
0
2.90282e-16
0
0
5.57632e-31
4.86688e-16
0
0
0
0
0
0
0
0
6.97245e-13
0
0
0
0
0
0
0
0
0
0
-5.22431e-16
8.04171e-15
0
0
0
0
0
0
0
0
0
0
0
0
1.81081e-12
3.84914e-15
0
0
0
0
0
0
0
0
0
0
0
0
0
0
0
0
0
0
0
0
0
0
0
0
0
0
0
0
0
0
0
0
0
0
0
0
0
2.92432e-12
0
2.81286e-12
0
0
0
0
0
0
0
0
0
0
0
0
0
0
0
0
0
0
0
0
0
-6.69325e-12
-2.85612e-12
0
5.98985e-17
-3.18511e-15
0
0
0
0
0
0
0
0
0
0
0
0
0
0
0
0
4.12296e-13
0
0
0
0
0
0
0
0
0
0
0
0
0
0
0
8.90663e-17
0
0
0
0
-4.32231e-16
-2.34746e-15
0
0
0
0
0
0
0
0
0
0
0
0
0
0
0
0
0
2.05987e-11
0
0
-2.34285e-16
-1.57491e-16
0
0
0
0
0
0
0
0
0
0
0
-4.74081e-16
1.14552e-16
0
0
0
0
0
0
0
0
1.99426e-11
0
0
0
0
0
0
0
0
0
0
0
0
0
0
-3.45936e-16
0
0
0
0
0
0
0
-5.49195e-16
0
-7.80447e-16
4.96447e-15
0
0
0
0
0
0
0
0
0
0
0
0
0
0
1.39109e-14
0
0
1.44377e-14
0
0
5.16654e-15
-6.48901e-15
0
0
0
0
0
0
0
3.44946e-14
2.28834e-11
0
0
0
0
0
0
0
0
0
0
0
0
0
0
0
0
0
0
1.88117e-16
0
0
0
0
0
0
-2.86467e-15
0
0
0
0
0
0
0
0
0
0
0
0
0
0
0
0
0
0
0
-1.95653e-15
-1.95684e-15
0
0
0
0
0
0
0
0
0
0
0
0
0
0
0
0
0
0
0
-1.5184e-15
-3.79098e-16
0
0
0
0
0
0
0
0
0
0
0
0
7.84073e-13
0
-1.95561e-17
0
0
0
0
0
0
0
0
0
0
0
0
0
0
0
0
0
0
0
0
0
0
0
0
0
0
0
0
-8.57207e-17
0
0
0
0
0
0
0
0
0
0
4.78552e-17
0
0
0
0
0
0
0
0
0
0
0
0
0
0
-9.16229e-13
9.31499e-13
0
0
0
0
0
0
0
-1.01853e-15
0
0
0
0
0
0
0
0
0
0
0
0
0
-1.78088e-14
-3.36761e-16
0
0
0
0
0
0
1.27857e-07
6.84072e-08
0
0
-1.62508e-15
0
0
0
0
0
0
0
-1.06143e-15
0
0
0
-1.90977e-07
1.67062e-07
0
0
0
0
0
0
0
0
0
0
0
0
0
0
0
0
0
0
0
0
0
0
0
0
0
0
0
0
0
0
-1.78268e-15
0
0
0
0
0
0
0
0
0
0
0
0
0
0
0
0
0
0
0
0
0
0
0
0
0
0
0
0
0
2.59326e-16
2.03773e-15
0
0
0
0
0
0
0
0
0
0
0
0
0
0
0
0
0
0
0
0
0
1.28011e-15
-7.22098e-17
0
0
0
0
0
-1.27257e-14
0
0
0
2.19422e-11
0
0
0
0
0
0
0
0
0
0
0
2.17054e-15
0
0
0
0
0
0
0
0
6.90408e-17
-1.95905e-16
0
2.33062e-12
0
0
0
0
0
0
0
5.01238e-16
0
0
0
0
0
0
0
0
0
0
0
0
-8.46079e-16
-1.04565e-14
0
0
0
0
0
0
7.7898e-17
0
7.01841e-15
0
0
0
0
0
0
0
0
0
0
0
0
0
0
0
0
0
0
0
0
0
0
0
0
0
0
0
0
0
0
-1.73938e-15
0
0
0
0
-3.2813e-17
-6.18911e-17
0
0
0
0
0
0
0
0
0
0
0
1.4167e-16
1.5039e-16
0
-1.24562e-15
0
0
0
0
0
0
0
0
0
0
0
0
0
0
-6.32444e-17
0
0
0
0
0
2.03516e-16
0
0
0
0
0
0
0
0
0
0
0
2.20967e-15
-2.68015e-16
0
0
0
0
0
2.25179e-15
1.90673e-15
0
0
0
0
0
0
0
0
0
0
-2.22584e-15
1.95583e-17
0
0
0
0
0
0
0
0
0
0
0
0
0
0
0
0
0
0
0
0
5.162e-14
0
0
0
0
0
0
0
6.06609e-08
1.23059e-07
0
0
0
1.76538e-15
-9.83355e-17
-1.20689e-16
-1.8282e-18
0
0
0
0
0
1.29904e-07
1.80865e-17
-6.76604e-17
0
0
0
0
2.31759e-15
0
0
0
0
0
0
0
0
0
-3.88542e-16
0
0
0
0
0
0
0
4.63253e-14
0
0
1.24173e-15
0
0
-2.94545e-16
7.15994e-15
0
-8.12904e-15
0
0
9.56324e-16
-1.07676e-15
0
0
0
0
0
0
0
0
0
0
0
0
0
0
0
0
-4.24558e-15
0
0
0
0
0
0
0
0
0
-1.77556e-11
0
0
0
0
0
0
0
0
0
0
0
0
0
0
0
0
0
1.2292e-16
0
0
0
0
-1.26838e-14
0
0
0
0
0
0
0
0
0
1.75457e-12
0
0
0
0
0
0
0
0
0
0
0
0
-1.8251e-16
0
0
0
0
0
0
0
0
0
0
-1.0091e-14
0
-6.54843e-15
0
0
0
0
-1.2156e-15
0
0
0
0
0
0
0
0
0
-5.32152e-16
0
0
3.28e-12
0
0
0
0
0
0
0
0
0
0
0
0
0
0
0
0
0
0
0
0
-5.96578e-17
0
0
0
0
0
0
0
0
7.02734e-17
0
0
0
0
0
-2.04086e-16
3.734e-16
0
0
-7.27476e-17
0
0
0
0
0
0
0
0
1.85959e-11
0
0
0
0
0
0
0
0
0
0
0
0
2.9814e-13
-3.06614e-12
1.1512e-12
4.59975e-13
0
0
0
0
0
0
1.86268e-11
0
0
0
0
0
0
0
0
0
0
0
0
0
0
0
0
0
0
-1.31431e-07
0
0
0
0
0
0
-1.3806e-15
0
0
0
0
0
0
9.195e-16
0
0
0
0
0
0
0
0
0
0
0
0
0
0
0
0
0
0
0
0
0
0
0
0
0
0
0
0
0
0
0
0
0
0
0
-1.59815e-17
-3.03174e-17
-5.39757e-17
3.79501e-16
0
0
0
0
0
0
0
-2.93155e-17
6.9837e-17
0
0
0
0
0
0
0
0
0
0
0
0
0
0
0
0
0
0
0
0
0
0
0
0
1.06785e-16
0
0
0
0
0
7.41054e-16
-3.08754e-16
0
0
0
0
0
0
0
0
0
0
0
4.96621e-08
0
0
0
0
0
0
0
0
0
0
0
0
0
0
0
0
0
0
0
0
0
0
0
0
1.14857e-16
0
0
0
0
0
4.30454e-13
0
0
0
0
0
0
4.33428e-16
0
0
0
0
0
0
-3.24435e-14
0
1.00732e-15
0
0
0
0
0
0
0
0
0
0
0
0
0
0
0
0
0
0
0
0
0
0
0
0
0
0
7.66759e-16
0
0
0
2.21735e-16
0
0
0
0
0
0
0
1.71239e-16
0
0
0
0
0
0
0
0
0
2.62678e-16
0
0
0
0
0
0
0
0
0
0
-1.67302e-15
1.62789e-15
0
0
0
0
6.1049e-17
0
0
0
0
0
0
0
0
0
0
0
0
0
0
0
0
9.80226e-17
-3.27855e-17
0
0
0
0
0
0
0
0
0
0
0
0
0
0
0
0
0
0
0
0
0
0
0
0
0
0
0
0
0
0
0
0
0
0
0
0
0
0
0
0
0
0
0
0
0
0
0
0
0
0
0
0
-8.30678e-12
1.66519e-12
0
0
0
0
0
0
0
0
0
0
-1.54671e-15
0
0
0
0
0
0
0
0
0
0
0
0
0
0
0
0
0
0
0
0
0
0
0
0
0
0
0
-1.71877e-16
0
1.42172e-15
0
0
0
0
0
0
0
0
1.83214e-16
0
0
0
0
0
0
0
0
0
0
-1.57902e-15
0
0
0
0
0
-3.50954e-12
5.68394e-13
0
0
0
0
0
0
0
0
0
2.36755e-16
0
0
0
0
0
0
0
0
0
-1.03298e-17
-6.10153e-17
0
0
0
0
0
0
0
0
0
0
0
0
0
0
0
0
0
1.85669e-11
0
0
0
-1.89822e-16
7.28361e-16
0
0
0
0
0
-4.81493e-16
0
0
0
0
0
0
0
0
-5.76728e-12
0
0
0
0
0
0
0
0
0
0
0
0
0
0
0
0
0
0
0
0
0
0
0
0
0
0
0
3.20341e-12
0
0
0
0
-4.86177e-17
0
-5.80644e-16
0
0
0
0
0
0
0
0
0
0
0
0
0
0
0
0
0
7.30497e-17
-7.7981e-15
0
0
-1.89866e-16
0
-5.08268e-12
2.09358e-15
0
0
0
0
0
0
0
0
0
0
0
0
0
0
0
0
-2.39811e-15
0
0
0
0
0
0
0
0
-4.20681e-15
0
0
0
0
0
0
0
0
0
0
0
0
0
0
0
-3.45033e-15
0
0
0
0
0
0
0
0
0
0
0
0
0
0
0
0
0
0
0
-2.1749e-16
0
0
0
0
0
0
0
0
0
0
0
0
2.22399e-30
3.02595e-15
0
0
0
0
0
-2.45158e-14
0
0
0
0
0
0
0
0
0
0
0
0
0
0
0
0
0
0
2.74782e-15
0
0
0
0
0
0
0
1.23808e-15
0
0
1.06076e-15
0
0
0
0
0
0
0
0
0
0
0
0
0
0
0
-7.85317e-17
0
0
0
0
0
0
0
0
0
0
0
0
-5.17859e-14
-1.34447e-14
0
0
0
0
0
0
5.58345e-16
0
0
0
0
0
0
0
0
0
0
0
0
0
0
0
0
0
0
0
0
0
0
0
0
0
0
0
0
0
0
0
0
0
0
0
0
0
0
0
0
0
0
0
0
0
0
0
0
0
0
0
0
0
8.72295e-12
0
0
0
0
0
0
0
0
2.83668e-16
-8.39379e-16
2.93615e-16
0
0
0
0
6.36947e-16
0
0
0
0
0
0
0
0
0
0
0
0
0
0
0
0
0
0
0
0
0
0
0
0
0
0
0
0
0
0
0
0
0
0
0
0
0
0
0
0
0
2.02099e-15
-4.27677e-17
0
0
0
0
0
0
0
0
0
0
0
0
0
0
0
0
0
0
0
0
0
0
0
0
0
0
-5.70547e-16
0
0
0
0
0
0
0
0
0
0
0
0
0
0
0
0
0
0
0
0
0
0
0
0
0
1.01382e-14
0
0
0
0
0
0
0
0
-3.79126e-16
-1.627e-12
0
0
0
3.47905e-16
0
0
0
0
0
0
0
0
0
0
0
0
0
0
0
0
0
0
0
0
0
0
0
0
0
0
0
0
0
0
0
0
0
0
0
0
0
0
0
0
0
0
0
0
0
0
0
0
0
0
0
0
0
0
0
0
0
0
0
0
3.93977e-16
3.92901e-16
0
0
0
0
-7.80604e-15
0
0
0
0
0
0
0
0
0
0
0
0
0
0
0
0
0
0
0
0
0
0
0
0
0
0
0
0
0
0
0
0
0
0
0
0
0
0
0
0
0
0
0
0
0
0
0
0
0
0
0
0
0
0
0
0
0
0
-1.84735e-15
0
0
0
0
0
0
0
0
0
-1.33423e-15
0
-1.25728e-17
1.26659e-15
-6.98786e-12
-8.42092e-16
0
0
0
0
0
0
0
0
0
0
0
0
0
0
0
0
0
0
0
0
0
0
0
0
0
0
0
0
0
0
0
0
0
0
-1.03827e-07
0
0
0
0
0
0
0
0
0
0
0
-1.53027e-17
-1.08177e-15
0
0
0
0
0
0
-8.7724e-16
0
0
0
0
0
0
0
0
0
0
0
0
0
0
-1.58787e-16
2.0871e-15
0
0
0
0
0
0
0
0
0
0
0
-5.28947e-16
-9.62674e-16
0
0
0
0
0
0
0
1.46377e-15
0
0
0
0
0
0
3.17772e-13
0
0
0
0
0
0
0
0
0
0
0
6.6645e-15
6.0044e-16
0
0
0
0
0
0
0
-1.13786e-15
0
0
-9.85217e-16
0
0
0
0
0
0
0
0
0
0
0
0
0
-5.62538e-31
0
0
0
0
0
0
0
0
0
0
0
0
0
0
-2.15377e-16
-2.99491e-15
0
0
0
0
0
0
0
0
0
0
1.5066e-17
-8.16559e-16
0
0
0
0
0
0
0
0
-6.7542e-08
-1.79941e-15
-2.42787e-15
0
0
0
3.1506e-15
6.92462e-16
0
6.22345e-16
0
0
0
0
0
0
0
0
0
0
0
0
0
0
0
0
0
0
0
0
0
0
0
0
0
0
0
0
0
0
0
0
0
0
2.96811e-14
0
0
0
0
0
0
0
0
0
0
0
0
0
0
0
0
0
0
-1.01124e-07
0
0
0
0
0
0
0
0
0
0
-2.06298e-11
0
0
0
0
-6.38027e-17
0
0
0
0
-3.03434e-15
-4.15279e-16
0
0
-7.7256e-08
0
0
0
0
0
0
0
0
0
-2.98305e-17
0
0
0
0
0
0
0
0
0
0
0
0
0
0
0
0
0
0
0
0
-2.90719e-17
-7.98982e-16
0
0
0
0
0
0
0
0
2.34006e-15
0
0
0
0
0
0
0
0
0
0
0
0
0
0
0
0
0
0
0
0
1.3333e-07
0
0
3.96507e-17
1.2549e-07
0
0
0
0
0
0
0
0
8.63896e-17
0
0
2.23746e-16
0
2.08899e-16
0
0
0
0
0
0
0
0
1.62906e-16
0
0
0
-6.60326e-16
-2.36263e-17
-3.22209e-17
0
0
2.02265e-16
3.55812e-15
0
0
0
0
0
0
0
0
0
0
0
0
-2.27416e-17
0
0
0
0
0
0
0
0
0
0
0
0
0
0
0
-1.29498e-07
0
0
0
0
0
0
0
0
0
0
0
0
0
0
0
0
0
0
0
-2.13669e-15
0
0
0
0
0
0
-1.86654e-16
0
-1.8881e-16
0
0
0
0
0
0
0
0
0
0
0
0
0
-8.48371e-16
0
0
0
0
0
0
0
0
0
0
0
1.11854e-30
5.37938e-17
0
0
0
0
0
0
0
0
0
2.54448e-16
0
0
0
0
0
-1.3167e-07
0
0
0
0
0
0
7.33658e-17
0
0
0
0
0
0
0
0
0
0
0
0
0
0
0
0
0
0
0
-9.84917e-17
0
0
0
0
-9.57256e-16
0
-3.53649e-17
0
0
0
0
0
0
0
0
0
0
0
-1.83697e-14
0
0
0
-1.80829e-15
-3.19404e-15
0
0
0
0
0
-5.41114e-15
0
0
6.48995e-13
0
1.22758e-15
0
0
0
0
0
0
0
0
0
0
0
0
0
0
0
0
0
0
0
0
0
0
0
0
0
0
0
0
0
0
1.11854e-30
0
0
0
0
0
0
0
0
0
0
0
0
0
0
0
0
0
0
0
0
0
0
0
0
0
0
0
0
0
0
0
0
0
0
0
0
0
0
0
-2.67232e-15
0
-1.89136e-15
-1.30539e-16
0
0
0
0
0
0
2.98106e-15
0
0
0
0
0
0
0
0
0
0
0
0
0
-6.05018e-17
0
0
0
0
0
0
1.07934e-16
0
0
0
0
0
0
0
0
0
0
0
0
0
0
0
0
0
0
0
0
0
0
0
0
1.60806e-17
0
0
0
0
0
0
0
-1.14107e-16
-6.2101e-15
0
-3.58544e-16
0
0
0
0
0
0
0
0
0
0
0
0
0
0
0
0
3.45509e-15
0
0
-2.51029e-15
0
0
0
0
0
0
-3.3313e-15
0
0
0
0
0
0
0
-2.00618e-15
0
0
0
0
0
0
0
0
0
0
0
0
0
0
0
0
0
0
0
0
0
0
0
0
0
0
0
0
0
0
0
0
0
1.67934e-16
0
0
0
0
0
0
0
0
0
0
0
0
0
0
0
0
0
0
0
0
0
0
0
0
0
0
0
0
0
0
0
0
0
0
0
0
0
0
0
0
0
0
0
-1.91555e-15
0
0
0
0
0
0
0
0
-4.82335e-16
0
0
0
0
0
0
0
-1.21608e-15
0
0
0
0
0
0
0
0
0
0
0
0
0
9.60275e-16
3.74854e-15
3.36706e-16
0
0
0
0
0
0
0
0
0
0
0
0
0
0
0
0
0
0
-2.38863e-16
0
0
0
0
0
0
0
0
0
0
0
0
0
0
0
2.26157e-14
0
0
1.00605e-17
0
-6.77203e-15
-1.00589e-16
-6.09086e-16
0
0
0
0
0
0
0
0
0
0
0
0
0
0
0
0
0
0
0
0
0
8.12683e-15
0
0
0
-5.49595e-17
0
0
0
0
0
0
0
0
6.10637e-16
0
0
0
0
0
0
0
0
0
0
0
0
0
0
0
0
0
0
0
0
0
0
0
0
0
0
0
0
0
0
0
0
0
0
0
0
0
0
0
0
0
0
0
0
0
-5.90291e-16
0
0
9.03689e-17
0
0
0
0
7.20128e-14
0
0
0
0
0
0
0
0
0
0
0
0
0
0
0
0
0
-5.22346e-16
0
0
0
0
0
0
0
0
8.43334e-08
0
0
-1.07972e-12
0
0
0
0
0
0
0
0
0
0
0
0
0
0
0
0
0
0
0
0
0
0
0
0
0
0
0
0
0
0
0
0
0
0
-6.58171e-14
8.28463e-15
0
0
0
0
0
0
0
2.51839e-16
1.65934e-15
0
0
0
0
0
0
0
0
0
0
0
0
0
0
0
0
0
0
0
0
0
0
0
0
0
0
0
0
0
0
0
0
0
0
0
0
3.13574e-17
0
0
0
-5.08841e-12
0
0
0
0
0
0
0
0
0
0
0
0
0
0
0
0
0
0
0
0
0
0
0
0
0
0
0
0
0
0
0
0
0
0
0
0
0
0
5.76167e-08
0
0
0
0
0
0
0
0
0
-1.43506e-15
0
0
0
0
0
0
0
0
0
0
0
0
0
0
0
-9.59247e-15
0
1.13184e-14
0
0
0
0
0
0
0
0
0
0
0
0
0
0
0
0
0
0
8.86546e-16
0
2.78816e-31
-2.10526e-16
0
0
0
0
0
0
0
0
0
0
0
0
0
0
0
0
0
0
0
0
0
0
0
0
0
0
0
0
0
0
0
0
0
5.19766e-12
0
0
0
0
0
0
0
0
0
0
0
0
0
0
0
0
0
0
0
0
0
0
0
0
0
0
0
0
0
0
2.01736e-17
0
0
0
0
0
0
0
0
0
0
0
0
0
0
0
0
0
-1.37951e-14
0
0
0
0
0
0
0
0
0
0
0
0
0
0
0
0
0
0
0
0
0
0
0
0
0
2.78301e-14
0
0
0
0
0
0
0
0
0
0
0
0
0
0
0
0
0
0
0
3.84381e-13
5.2301e-13
0
0
0
0
0
0
0
0
0
0
0
0
0
0
0
0
4.4293e-13
0
0
-2.4985e-16
6.96186e-16
-5.35684e-16
0
0
0
0
0
0
0
0
0
0
-2.03013e-16
0
0
0
0
0
0
0
0
0
0
0
0
0
0
0
0
0
0
0
0
0
0
0
0
0
0
0
0
0
-6.89995e-14
0
0
0
0
0
0
0
0
0
0
0
0
0
0
0
0
0
0
0
0
0
0
0
0
0
0
0
0
0
0
0
0
8.75004e-16
0
0
0
0
0
0
0
0
0
0
0
0
0
0
0
0
0
0
0
0
0
0
0
0
0
0
0
0
0
0
0
0
3.45979e-13
0
2.88015e-15
-4.53104e-13
0
0
0
0
0
0
0
0
-1.32358e-14
-5.61178e-15
0
0
0
0
0
0
3.82158e-13
0
0
0
0
0
4.05456e-12
0
0
0
0
0
0
0
5.16503e-17
-8.23474e-17
0
0
0
0
0
-2.05786e-13
0
0
0
0
4.53948e-12
-3.38552e-16
0
0
0
0
0
0
0
0
0
0
0
0
0
0
0
0
)
;

boundaryField
{
    frontback
    {
        type            empty;
        value           nonuniform List<scalar> 0();
    }
    topbottom
    {
        type            calculated;
        value           uniform 0;
    }
    outlet
    {
        type            calculated;
        value           uniform 0;
    }
    inlet
    {
        type            calculated;
        value           nonuniform List<scalar> 0();
    }
    walls
    {
        type            calculated;
        value           nonuniform List<scalar> 
45
(
-3.75241e-08
2.5016e-09
-1.75112e-08
1.75112e-08
3.75241e-08
-2.67672e-07
-2.92688e-07
-3.87749e-07
-3.12701e-07
-3.72739e-07
-3.37717e-07
-3.5773e-07
-2.72675e-07
-3.07698e-07
-2.97691e-07
-2.87685e-07
-3.32714e-07
-3.77743e-07
-3.52726e-07
-2.82681e-07
-2.77678e-07
-2.50161e-09
1.2508e-08
-3.02694e-07
-2.25145e-08
-3.25209e-08
2.25145e-08
-3.2771e-07
3.25209e-08
-3.82746e-07
-3.47723e-07
-7.50482e-09
4.25273e-08
-2.75177e-08
2.75177e-08
-3.92752e-07
4.75305e-08
-3.67736e-07
-3.97755e-07
-3.62733e-07
-3.4272e-07
-3.22707e-07
-3.17704e-07
7.50482e-09
-1.2508e-08
)
;
    }
    procBoundary3to1
    {
        type            processor;
        value           nonuniform List<scalar> 
205
(
-2.49216e-07
0
0
-1.19573e-16
-2.27261e-17
0
0
0
0
-9.78134e-16
-6.41978e-17
-2.09877e-16
-2.45623e-16
8.20057e-16
-9.35703e-17
4.10071e-17
0
-4.13505e-14
-4.40399e-16
0
-2.22723e-15
0
0
-2.13257e-16
-3.24083e-15
-5.08858e-16
-4.87105e-16
3.84851e-14
0
6.82361e-17
2.6777e-15
8.43559e-17
-1.67714e-15
-2.04612e-16
2.73672e-17
0
-7.24988e-17
0
-2.23429e-16
3.80802e-17
-2.02624e-15
7.08306e-14
-1.25903e-15
1.85554e-16
0
0
0
-9.8817e-16
-1.30847e-17
5.71202e-15
1.24764e-15
0
0
-1.15665e-16
0
0
0
-1.16738e-16
3.86132e-15
0
-9.06834e-15
0
6.05359e-14
0
8.17317e-17
2.97873e-16
0
-2.12409e-17
0
0
1.14931e-14
-1.03642e-16
-6.16191e-16
-4.52213e-17
0
0
0
2.01754e-15
-4.26601e-17
7.85084e-17
1.44239e-15
2.69643e-16
0
-2.57785e-16
0
0
0
0
-1.43743e-16
-6.47442e-17
-6.48991e-15
0
7.85383e-17
0
0
0
0
-7.30232e-15
1.73506e-16
-6.30985e-16
0
0
0
0
0
0
0
0
0
0
0
0
0
0
0
0
-1.27912e-15
0
0
0
-6.5456e-16
0
0
0
0
6.89692e-16
0
0
0
0
-6.65055e-16
0
0
0
-9.77144e-15
0
0
0
0
0
1.07559e-16
0
3.04483e-17
0
5.13696e-17
0
-1.20596e-16
0
0
0
0
0
0
0
4.26629e-17
0
0
0
-2.42624e-16
0
0
0
-2.81223e-16
2.31873e-16
2.79473e-17
0
0
1.61521e-15
8.21708e-17
0
-1.88146e-16
-1.60455e-16
0
0
-8.50907e-15
0
-4.4227e-16
-3.18118e-15
8.80329e-15
-1.61276e-16
-2.07169e-16
7.0714e-15
7.80359e-15
0
0
0
-4.48306e-16
-1.47675e-16
-5.34149e-15
-1.41707e-16
-4.10514e-17
-2.04949e-14
1.48903e-16
0
-4.44565e-14
0
0
2.40304e-12
2.75343e-15
0
0
-3.82015e-15
-2.31803e-16
0
5.90308e-16
)
;
    }
    procBoundary3to2
    {
        type            processor;
        value           nonuniform List<scalar> 
99
(
-2.36451e-15
0
1.1297e-12
0
0
0
0
0
-1.36621e-15
0
0
0
0
0
-5.0199e-16
0
0
0
0
0
0
0
0
0
0
0
0
0
0
0
0
0
0
0
0
0
0
-1.11962e-15
6.53859e-16
0
0
0
0
0
0
0
0
0
0
0
0
0
0
0
0
0
0
0
0
0
0
0
0
0
0
0
0
0
0
-4.09935e-08
0
0
0
7.47617e-16
0
0
0
0
0
0
0
0
0
0
0
0
0
0
0
0
0
0
0
0
0
0
0
0
0
)
;
    }
}


// ************************************************************************* //
